0.000000000000000000e+00 6.613609453124999330e-05
1.000000000000000000e+00 6.612477031249999076e-05
2.000000000000000000e+00 6.610225781249998460e-05
3.000000000000000000e+00 6.606884453124999153e-05
4.000000000000000000e+00 6.602392968749999983e-05
5.000000000000000000e+00 6.596783281249999308e-05
6.000000000000000000e+00 6.590103046875001860e-05
7.000000000000000000e+00 6.582270781249998487e-05
8.000000000000000000e+00 6.573343749999998892e-05
9.000000000000000000e+00 6.563340781250001025e-05
1.000000000000000000e+01 6.552252265625002625e-05
1.100000000000000000e+01 6.540066093750003290e-05
1.200000000000000000e+01 6.526816484375001814e-05
1.300000000000000000e+01 6.512529374999998909e-05
1.400000000000000000e+01 6.497128593750000789e-05
1.500000000000000000e+01 6.480747734375002188e-05
1.600000000000000000e+01 6.463330234375001435e-05
1.700000000000000000e+01 6.444890078125000928e-05
1.800000000000000000e+01 6.425405078124998522e-05
1.900000000000000000e+01 6.404980468750001981e-05
2.000000000000000000e+01 6.383557578125000445e-05
2.100000000000000000e+01 6.361206015624997661e-05
2.200000000000000000e+01 6.337874296875002839e-05
2.300000000000000000e+01 6.313592343749998062e-05
2.400000000000000000e+01 6.288442343749997803e-05
2.500000000000000000e+01 6.262393671875001106e-05
2.600000000000000000e+01 6.235500390625000656e-05
2.700000000000000000e+01 6.207718203124998628e-05
2.800000000000000000e+01 6.179121796874997451e-05
2.900000000000000000e+01 6.149712968750000786e-05
3.000000000000000000e+01 6.119524375000001475e-05
3.100000000000000000e+01 6.088542734374998377e-05
3.200000000000000000e+01 6.056828281250002205e-05
3.300000000000000000e+01 6.024402421875000609e-05
3.400000000000000000e+01 5.991281039062499919e-05
3.500000000000000000e+01 5.957488273437501253e-05
3.600000000000000000e+01 5.923050249999999831e-05
3.700000000000000000e+01 5.888026273437499240e-05
3.800000000000000000e+01 5.852398015624998856e-05
3.900000000000000000e+01 5.816192421874999429e-05
4.000000000000000000e+01 5.779510984375001994e-05
4.100000000000000000e+01 5.742284570312500221e-05
4.200000000000000000e+01 5.704591570312502071e-05
4.300000000000000000e+01 5.666480750000001744e-05
4.400000000000000000e+01 5.627967976562502246e-05
4.500000000000000000e+01 5.588999695312500053e-05
4.600000000000000000e+01 5.549792757812499418e-05
4.700000000000000000e+01 5.510224093750000826e-05
4.800000000000000000e+01 5.470387976562500275e-05
4.900000000000000000e+01 5.430327953125000621e-05
5.000000000000000000e+01 5.390034976562498031e-05
5.100000000000000000e+01 5.349579062500000053e-05
5.200000000000000000e+01 5.309001828124998277e-05
5.300000000000000000e+01 5.268331421874998814e-05
5.400000000000000000e+01 5.227611406249999714e-05
5.500000000000000000e+01 5.186813382812501964e-05
5.600000000000000000e+01 5.146095695312500337e-05
5.700000000000000000e+01 5.105413960937498028e-05
5.800000000000000000e+01 5.064851914062500619e-05
5.900000000000000000e+01 5.024407148437500783e-05
6.000000000000000000e+01 4.984164921874999373e-05
6.100000000000000000e+01 4.944123531249999804e-05
6.200000000000000000e+01 4.904340124999998694e-05
6.300000000000000000e+01 4.864898945312500276e-05
6.400000000000000000e+01 4.825767546875000700e-05
6.500000000000000000e+01 4.787049812499999580e-05
6.600000000000000000e+01 4.748783562500001647e-05
6.700000000000000000e+01 4.710962914062500592e-05
6.800000000000000000e+01 4.673700187500000260e-05
6.900000000000000000e+01 4.636975140624998186e-05
7.000000000000000000e+01 4.600910023437498517e-05
7.100000000000000000e+01 4.565500484374999669e-05
7.200000000000000000e+01 4.530784984375000425e-05
7.300000000000000000e+01 4.496848000000000690e-05
7.400000000000000000e+01 4.463719382812497737e-05
7.500000000000000000e+01 4.431460968750002656e-05
7.600000000000000000e+01 4.400098429687500959e-05
7.700000000000000000e+01 4.369683085937499676e-05
7.800000000000000000e+01 4.340276468749999599e-05
7.900000000000000000e+01 4.311960203124999829e-05
8.000000000000000000e+01 4.284683882812500525e-05
8.100000000000000000e+01 4.258645789062500184e-05
8.200000000000000000e+01 4.233755492187497616e-05
8.300000000000000000e+01 4.210153851562499857e-05
8.400000000000000000e+01 4.187856351562499924e-05
8.500000000000000000e+01 4.166956476562501030e-05
8.600000000000000000e+01 4.147444330468750369e-05
8.700000000000000000e+01 4.129408399218749442e-05
8.800000000000000000e+01 4.112917288281249572e-05
8.900000000000000000e+01 4.097993760156248572e-05
9.000000000000000000e+01 4.084730140624999884e-05
9.100000000000000000e+01 4.073137409375000970e-05
9.200000000000000000e+01 4.063315828124999986e-05
9.300000000000000000e+01 4.055299633593749381e-05
9.400000000000000000e+01 4.049117039062501280e-05
9.500000000000000000e+01 4.044891820312500682e-05
9.600000000000000000e+01 4.042630023437500196e-05
9.700000000000000000e+01 4.042375023437500654e-05
9.800000000000000000e+01 4.044246218750000655e-05
9.900000000000000000e+01 4.048239679687500996e-05
1.000000000000000000e+02 4.054459648437499852e-05
1.010000000000000000e+02 4.062960406249999876e-05
1.020000000000000000e+02 4.073779390625000555e-05
1.030000000000000000e+02 4.086965820312500375e-05
1.040000000000000000e+02 4.102609429687500595e-05
1.050000000000000000e+02 4.120770859375000143e-05
1.060000000000000000e+02 4.141510218750000068e-05
1.070000000000000000e+02 4.164856171874998999e-05
1.080000000000000000e+02 4.190910656249998898e-05
1.090000000000000000e+02 4.219711859375000997e-05
1.100000000000000000e+02 4.251331031250001134e-05
1.110000000000000000e+02 4.285830390625000060e-05
1.120000000000000000e+02 4.323271328125001160e-05
1.130000000000000000e+02 4.363720156249999670e-05
1.140000000000000000e+02 4.407243515625000358e-05
1.150000000000000000e+02 4.453896171875000554e-05
1.160000000000000000e+02 4.503751484375001220e-05
1.170000000000000000e+02 4.556872343750000421e-05
1.180000000000000000e+02 4.613320156250000126e-05
1.190000000000000000e+02 4.673166328124997578e-05
1.200000000000000000e+02 4.736482031249998414e-05
1.210000000000000000e+02 4.803321796874998866e-05
1.220000000000000000e+02 4.873766093749999271e-05
1.230000000000000000e+02 4.947874687500001373e-05
1.240000000000000000e+02 5.025715624999999579e-05
1.250000000000000000e+02 5.107365624999996332e-05
1.260000000000000000e+02 5.192884374999999790e-05
1.270000000000000000e+02 5.282341406250000459e-05
1.280000000000000000e+02 5.375822656250001217e-05
1.290000000000000000e+02 5.473376562500000962e-05
1.300000000000000000e+02 5.575092968750001196e-05
1.310000000000000000e+02 5.681035937500000045e-05
1.320000000000000000e+02 5.791278906249998159e-05
1.330000000000000000e+02 5.905886718750001386e-05
1.340000000000000000e+02 6.024953125000001038e-05
1.350000000000000000e+02 6.148542968749998899e-05
1.360000000000000000e+02 6.276721093749998784e-05
1.370000000000000000e+02 6.409573437500003571e-05
1.380000000000000000e+02 6.547175781249999122e-05
1.390000000000000000e+02 6.689600781250002761e-05
1.400000000000000000e+02 6.836925781249998169e-05
1.410000000000000000e+02 6.989233593750000036e-05
1.420000000000000000e+02 7.146605468749998120e-05
1.430000000000000000e+02 7.309112500000002435e-05
1.440000000000000000e+02 7.476843749999999983e-05
1.450000000000000000e+02 7.649876562500000198e-05
1.460000000000000000e+02 7.828298437500000393e-05
1.470000000000000000e+02 8.012181250000002038e-05
1.480000000000000000e+02 8.201621093750003342e-05
1.490000000000000000e+02 8.396692968750002776e-05
1.500000000000000000e+02 8.597486718749999129e-05
1.510000000000000000e+02 8.804097656249999153e-05
1.520000000000000000e+02 9.016596093750001075e-05
1.530000000000000000e+02 9.235096093749999068e-05
1.540000000000000000e+02 9.459646093749998806e-05
1.550000000000000000e+02 9.690410156250006094e-05
1.560000000000000000e+02 9.927435937500001266e-05
1.570000000000000000e+02 1.017076562499999735e-04
1.580000000000000000e+02 1.042053125000000618e-04
1.590000000000000000e+02 1.067687734375000181e-04
1.600000000000000000e+02 1.093987109375000444e-04
1.610000000000000000e+02 1.120957734374999757e-04
1.620000000000000000e+02 1.148613749999999892e-04
1.630000000000000000e+02 1.176962421874999600e-04
1.640000000000000000e+02 1.206020078125000315e-04
1.650000000000000000e+02 1.235786875000000464e-04
1.660000000000000000e+02 1.266277812499999470e-04
1.670000000000000000e+02 1.297511953124999497e-04
1.680000000000000000e+02 1.329489765625000027e-04
1.690000000000000000e+02 1.362223671874999401e-04
1.700000000000000000e+02 1.395726953125000114e-04
1.710000000000000000e+02 1.430013281249999579e-04
1.720000000000000000e+02 1.465086718749999994e-04
1.730000000000000000e+02 1.500967343749999734e-04
1.740000000000000000e+02 1.537666953124999911e-04
1.750000000000000000e+02 1.575188749999999107e-04
1.760000000000000000e+02 1.613561640624999727e-04
1.770000000000000000e+02 1.652777578125001127e-04
1.780000000000000000e+02 1.692856718750000830e-04
1.790000000000000000e+02 1.733818515624999438e-04
1.800000000000000000e+02 1.775682499999999139e-04
1.810000000000000000e+02 1.818440390624999955e-04
1.820000000000000000e+02 1.862118749999999831e-04
1.830000000000000000e+02 1.906737343749999205e-04
1.840000000000000000e+02 1.952296718750001314e-04
1.850000000000000000e+02 1.998817500000000180e-04
1.860000000000000000e+02 2.046323515625001149e-04
1.870000000000000000e+02 2.094805546874999047e-04
1.880000000000000000e+02 2.144306015625000816e-04
1.890000000000000000e+02 2.194826406250000527e-04
1.900000000000000000e+02 2.246391328125000675e-04
1.910000000000000000e+02 2.299009374999999447e-04
1.920000000000000000e+02 2.352692187500000204e-04
1.930000000000000000e+02 2.407469531249999746e-04
1.940000000000000000e+02 2.463350078125000286e-04
1.950000000000000000e+02 2.520358593750000984e-04
1.960000000000000000e+02 2.578500156250000523e-04
1.970000000000000000e+02 2.637809140624998157e-04
1.980000000000000000e+02 2.698290859375000305e-04
1.990000000000000000e+02 2.759971015624999944e-04
2.000000000000000000e+02 2.822869609375000099e-04
2.010000000000000000e+02 2.887003906250000898e-04
2.020000000000000000e+02 2.952397343749999761e-04
2.030000000000000000e+02 3.019062578125000329e-04
2.040000000000000000e+02 3.087028749999999730e-04
2.050000000000000000e+02 3.156319062499999845e-04
2.060000000000000000e+02 3.226944843750000676e-04
2.070000000000000000e+02 3.298937578124998661e-04
2.080000000000000000e+02 3.372317421874998370e-04
2.090000000000000000e+02 3.447109921875002076e-04
2.100000000000000000e+02 3.523332812500000986e-04
2.110000000000000000e+02 3.601018124999999384e-04
2.120000000000000000e+02 3.680180000000000669e-04
2.130000000000000000e+02 3.760863906250001506e-04
2.140000000000000000e+02 3.843069453124997766e-04
2.150000000000000000e+02 3.926848437500001215e-04
2.160000000000000000e+02 4.012206562500000720e-04
2.170000000000000000e+02 4.099184453124999836e-04
2.180000000000000000e+02 4.187810234375000020e-04
2.190000000000000000e+02 4.278107265624999820e-04
2.200000000000000000e+02 4.370102578124998561e-04
2.210000000000000000e+02 4.463841093749999159e-04
2.220000000000000000e+02 4.559332421875001979e-04
2.230000000000000000e+02 4.656620937499998843e-04
2.240000000000000000e+02 4.755741484374997972e-04
2.250000000000000000e+02 4.856731953124998396e-04
2.260000000000000000e+02 4.959584921875000770e-04
2.270000000000000000e+02 5.064384843750000757e-04
2.280000000000000000e+02 5.171155390624997822e-04
2.290000000000000000e+02 5.279901249999998172e-04
2.300000000000000000e+02 5.390684453124996263e-04
2.310000000000000000e+02 5.503565625000003550e-04
2.320000000000000000e+02 5.618537500000002176e-04
2.330000000000000000e+02 5.735641406250001828e-04
2.340000000000000000e+02 5.854960937499998621e-04
2.350000000000000000e+02 5.976513281250001941e-04
2.360000000000000000e+02 6.100261718750000757e-04
2.370000000000000000e+02 6.226416406249997209e-04
2.380000000000000000e+02 6.354852343749999629e-04
2.390000000000000000e+02 6.485715624999998340e-04
2.400000000000000000e+02 6.619022656249999885e-04
2.410000000000000000e+02 6.754802343750002059e-04
2.420000000000000000e+02 6.893125781249997801e-04
2.430000000000000000e+02 7.034001562500003185e-04
2.440000000000000000e+02 7.177536718750004161e-04
2.450000000000000000e+02 7.323744531249999157e-04
2.460000000000000000e+02 7.472692968750000104e-04
2.470000000000000000e+02 7.624339062500003596e-04
2.480000000000000000e+02 7.778926562500003850e-04
2.490000000000000000e+02 7.936334375000002805e-04
2.500000000000000000e+02 8.096647656249994669e-04
2.510000000000000000e+02 8.260024218750001545e-04
2.520000000000000000e+02 8.426403906250000886e-04
2.530000000000000000e+02 8.595898437500002192e-04
2.540000000000000000e+02 8.768549218749994512e-04
2.550000000000000000e+02 8.944393749999994970e-04
2.560000000000000000e+02 9.123589062499997890e-04
2.570000000000000000e+02 9.306056250000002521e-04
2.580000000000000000e+02 9.491961718749997168e-04
2.590000000000000000e+02 9.681322656250004226e-04
2.600000000000000000e+02 9.874223437499999884e-04
2.610000000000000000e+02 1.007071562500000145e-03
2.620000000000000000e+02 1.027089140624999836e-03
2.630000000000000000e+02 1.047477656249999655e-03
2.640000000000000000e+02 1.068249296874999909e-03
2.650000000000000000e+02 1.089399531249999080e-03
2.660000000000000000e+02 1.110954921874999666e-03
2.670000000000000000e+02 1.132902656249999522e-03
2.680000000000000000e+02 1.155262421874999777e-03
2.690000000000000000e+02 1.178038828125000607e-03
2.700000000000000000e+02 1.201236640625001021e-03
2.710000000000000000e+02 1.224863750000000336e-03
2.720000000000000000e+02 1.248933281249999666e-03
2.730000000000000000e+02 1.273448984375000290e-03
2.740000000000000000e+02 1.298417578124999756e-03
2.750000000000000000e+02 1.323849218750000742e-03
2.760000000000000000e+02 1.349749453125000543e-03
2.770000000000000000e+02 1.376134062499999311e-03
2.780000000000000000e+02 1.403004296875000291e-03
2.790000000000000000e+02 1.430364609375001138e-03
2.800000000000000000e+02 1.458233749999999791e-03
2.810000000000000000e+02 1.486614921874999983e-03
2.820000000000000000e+02 1.515518828125001069e-03
2.830000000000000000e+02 1.544951250000000222e-03
2.840000000000000000e+02 1.574925859374998703e-03
2.850000000000000000e+02 1.605442968749999384e-03
2.860000000000000000e+02 1.636519765625001240e-03
2.870000000000000000e+02 1.668164609374999654e-03
2.880000000000000000e+02 1.700381796874999739e-03
2.890000000000000000e+02 1.733185703125001515e-03
2.900000000000000000e+02 1.766581796874999071e-03
2.910000000000000000e+02 1.800580703124999606e-03
2.920000000000000000e+02 1.835193984375000937e-03
2.930000000000000000e+02 1.870428281250000220e-03
2.940000000000000000e+02 1.906292265624999179e-03
2.950000000000000000e+02 1.942794999999999765e-03
2.960000000000000000e+02 1.979952343749999920e-03
2.970000000000000000e+02 2.017767734374999785e-03
2.980000000000000000e+02 2.056252890625000131e-03
2.990000000000000000e+02 2.095409921874998548e-03
3.000000000000000000e+02 2.135261328125000538e-03
3.010000000000000000e+02 2.175807578125000218e-03
3.020000000000000000e+02 2.217059687499998728e-03
3.030000000000000000e+02 2.259027421875000902e-03
3.040000000000000000e+02 2.301722421874999747e-03
3.050000000000000000e+02 2.345146562500000347e-03
3.060000000000000000e+02 2.389319140624998616e-03
3.070000000000000000e+02 2.434240078124998933e-03
3.080000000000000000e+02 2.479920937500000415e-03
3.090000000000000000e+02 2.526373593749999848e-03
3.100000000000000000e+02 2.573604218750001355e-03
3.110000000000000000e+02 2.621614062499999943e-03
3.120000000000000000e+02 2.670421484374999824e-03
3.130000000000000000e+02 2.720033124999999240e-03
3.140000000000000000e+02 2.770451562499999867e-03
3.150000000000000000e+02 2.821688281249998698e-03
3.160000000000000000e+02 2.873753124999998791e-03
3.170000000000000000e+02 2.926649218750000236e-03
3.180000000000000000e+02 2.980374218750000363e-03
3.190000000000000000e+02 3.034955468750000392e-03
3.200000000000000000e+02 3.090378906250000786e-03
3.210000000000000000e+02 3.146651562500001314e-03
3.220000000000000000e+02 3.203796093749998724e-03
3.230000000000000000e+02 3.261803125000000986e-03
3.240000000000000000e+02 3.320673437499999017e-03
3.250000000000000000e+02 3.380416406249999589e-03
3.260000000000000000e+02 3.441041406249997336e-03
3.270000000000000000e+02 3.502537500000001049e-03
3.280000000000000000e+02 3.564919531250001182e-03
3.290000000000000000e+02 3.628178906249999655e-03
3.300000000000000000e+02 3.692317968750000005e-03
3.310000000000000000e+02 3.757341406250001067e-03
3.320000000000000000e+02 3.823250000000000693e-03
3.330000000000000000e+02 3.890029687500001082e-03
3.340000000000000000e+02 3.957686718749998944e-03
3.350000000000000000e+02 4.026217187499998504e-03
3.360000000000000000e+02 4.095620312500001040e-03
3.370000000000000000e+02 4.165884374999997107e-03
3.380000000000000000e+02 4.236996874999999357e-03
3.390000000000000000e+02 4.308958593749997838e-03
3.400000000000000000e+02 4.381770312499999077e-03
3.410000000000000000e+02 4.455405468750001444e-03
3.420000000000000000e+02 4.529863281249998409e-03
3.430000000000000000e+02 4.605119531250000987e-03
3.440000000000000000e+02 4.681173437499997446e-03
3.450000000000000000e+02 4.758007812500001169e-03
3.460000000000000000e+02 4.835602343750000295e-03
3.470000000000000000e+02 4.913934374999999813e-03
3.480000000000000000e+02 4.993000000000000042e-03
3.490000000000000000e+02 5.072756250000000182e-03
3.500000000000000000e+02 5.153196093749999596e-03
3.510000000000000000e+02 5.234284375000001176e-03
3.520000000000000000e+02 5.316002343749999179e-03
3.530000000000000000e+02 5.398316406249998277e-03
3.540000000000000000e+02 5.481197656249999807e-03
3.550000000000000000e+02 5.564605468749996529e-03
3.560000000000000000e+02 5.648523437499997947e-03
3.570000000000000000e+02 5.732891406249998427e-03
3.580000000000000000e+02 5.817683593750002866e-03
3.590000000000000000e+02 5.902857812500000509e-03
3.600000000000000000e+02 5.988361718749996357e-03
3.610000000000000000e+02 6.074151562499998692e-03
3.620000000000000000e+02 6.160179687500000507e-03
3.630000000000000000e+02 6.246405468750001501e-03
3.640000000000000000e+02 6.332734375000001990e-03
3.650000000000000000e+02 6.419129687499998752e-03
3.660000000000000000e+02 6.505584374999997220e-03
3.670000000000000000e+02 6.591940625000001532e-03
3.680000000000000000e+02 6.678166406249998188e-03
3.690000000000000000e+02 6.764224218749997387e-03
3.700000000000000000e+02 6.850002343749997218e-03
3.710000000000000000e+02 6.935421093749997122e-03
3.720000000000000000e+02 7.020408593750001973e-03
3.730000000000000000e+02 7.104934374999999185e-03
3.740000000000000000e+02 7.188821875000005364e-03
3.750000000000000000e+02 7.272007031249999587e-03
3.760000000000000000e+02 7.354410156250001246e-03
3.770000000000000000e+02 7.435936718749997648e-03
3.780000000000000000e+02 7.516492187499997785e-03
3.790000000000000000e+02 7.595891406249995897e-03
3.800000000000000000e+02 7.674136718749994222e-03
3.810000000000000000e+02 7.751051562499998090e-03
3.820000000000000000e+02 7.826480468750002598e-03
3.830000000000000000e+02 7.900373437499995030e-03
3.840000000000000000e+02 7.972563281249997469e-03
3.850000000000000000e+02 8.042898437500004688e-03
3.860000000000000000e+02 8.111289062500000660e-03
3.870000000000000000e+02 8.177587499999999787e-03
3.880000000000000000e+02 8.241614843750003430e-03
3.890000000000000000e+02 8.303251562499999044e-03
3.900000000000000000e+02 8.362346875000000943e-03
3.910000000000000000e+02 8.418695312500000180e-03
3.920000000000000000e+02 8.472204687500000178e-03
3.930000000000000000e+02 8.522668750000000210e-03
3.940000000000000000e+02 8.569928906250006556e-03
3.950000000000000000e+02 8.613810937499997294e-03
3.960000000000000000e+02 8.654146093749993593e-03
3.970000000000000000e+02 8.690766406249996259e-03
3.980000000000000000e+02 8.723459374999997448e-03
3.990000000000000000e+02 8.752076562500002432e-03
4.000000000000000000e+02 8.776403906250000719e-03
4.010000000000000000e+02 8.796253906249997326e-03
4.020000000000000000e+02 8.811434374999999736e-03
4.030000000000000000e+02 8.821746093749993980e-03
4.040000000000000000e+02 8.827017968749999860e-03
4.050000000000000000e+02 8.827087499999998824e-03
4.060000000000000000e+02 8.821648437499997678e-03
4.070000000000000000e+02 8.810621093749998467e-03
4.080000000000000000e+02 8.793753125000001308e-03
4.090000000000000000e+02 8.770842187500000817e-03
4.100000000000000000e+02 8.741770312499999238e-03
4.110000000000000000e+02 8.706303125000001975e-03
4.120000000000000000e+02 8.664248437499995695e-03
4.130000000000000000e+02 8.615464062499997994e-03
4.140000000000000000e+02 8.559745312499998648e-03
4.150000000000000000e+02 8.496952343749997541e-03
4.160000000000000000e+02 8.426922656250000407e-03
4.170000000000000000e+02 8.349527343749997901e-03
4.180000000000000000e+02 8.264621875000004517e-03
4.190000000000000000e+02 8.172098437500002407e-03
4.200000000000000000e+02 8.071841406249995188e-03
4.210000000000000000e+02 7.963759375000000612e-03
4.220000000000000000e+02 7.847803124999996882e-03
4.230000000000000000e+02 7.723908593749997768e-03
4.240000000000000000e+02 7.592057031250001864e-03
4.250000000000000000e+02 7.452252343750001909e-03
4.260000000000000000e+02 7.304511718749997530e-03
4.270000000000000000e+02 7.148901562499998877e-03
4.280000000000000000e+02 6.985521093750001430e-03
4.290000000000000000e+02 6.814494531249995317e-03
4.300000000000000000e+02 6.635991406250004929e-03
4.310000000000000000e+02 6.450232812499998893e-03
4.320000000000000000e+02 6.257477343749999824e-03
4.330000000000000000e+02 6.058036718749996302e-03
4.340000000000000000e+02 5.852300781249998238e-03
4.350000000000000000e+02 5.640690624999999958e-03
4.360000000000000000e+02 5.423719531250000177e-03
4.370000000000000000e+02 5.201953906249997400e-03
4.380000000000000000e+02 4.976048437500000046e-03
4.390000000000000000e+02 4.746754687500000236e-03
4.400000000000000000e+02 4.514880468750002117e-03
4.410000000000000000e+02 4.281377343750000959e-03
4.420000000000000000e+02 4.047271875000000262e-03
4.430000000000000000e+02 3.813711718750001367e-03
4.440000000000000000e+02 3.581984375000000533e-03
4.450000000000000000e+02 3.353487500000001086e-03
4.460000000000000000e+02 3.129760937499999167e-03
4.470000000000000000e+02 2.912521093749999030e-03
4.480000000000000000e+02 2.703626562499999910e-03
4.490000000000000000e+02 2.505117187500000616e-03
4.500000000000000000e+02 2.319221796874999363e-03
4.510000000000000000e+02 2.148372343750000642e-03
4.520000000000000000e+02 1.995216015624999735e-03
4.530000000000000000e+02 1.862628671875001017e-03
4.540000000000000000e+02 1.753721093750000137e-03
4.550000000000000000e+02 1.671898828124999785e-03
4.560000000000000000e+02 1.620808835937500268e-03
4.570000000000000000e+02 1.604434867187500263e-03
4.580000000000000000e+02 1.627063214843749986e-03
4.590000000000000000e+02 1.693315230468750779e-03
4.600000000000000000e+02 1.808182093749999709e-03
4.610000000000000000e+02 1.977061874999998681e-03
4.620000000000000000e+02 2.205736718749999863e-03
4.630000000000000000e+02 2.500462031249999720e-03
4.640000000000000000e+02 2.867926562499998645e-03
4.650000000000000000e+02 3.315347812499999745e-03
4.660000000000000000e+02 3.850461718750001691e-03
4.670000000000000000e+02 4.481588281250000610e-03
4.680000000000000000e+02 5.217609375000002193e-03
4.690000000000000000e+02 6.068079687499994095e-03
4.700000000000000000e+02 7.043248437500003456e-03
4.710000000000000000e+02 8.154075000000001947e-03
4.720000000000000000e+02 9.412218750000001313e-03
4.730000000000000000e+02 1.083025781250000243e-02
4.740000000000000000e+02 1.242159999999999966e-02
4.750000000000000000e+02 1.420060156249999817e-02
4.760000000000000000e+02 1.618251796874999732e-02
4.770000000000000000e+02 1.838361718749999957e-02
4.780000000000000000e+02 2.082149999999999279e-02
4.790000000000000000e+02 2.351456249999999554e-02
4.800000000000000000e+02 2.648281249999998380e-02
4.810000000000000000e+02 2.974732812499999296e-02
4.820000000000000000e+02 3.333062500000000261e-02
4.830000000000000000e+02 3.725676562499999345e-02
4.840000000000000000e+02 4.155130468749998474e-02
4.850000000000000000e+02 4.624143750000001690e-02
4.860000000000000000e+02 5.135618750000003896e-02
4.870000000000000000e+02 5.692629687499998342e-02
4.880000000000000000e+02 6.298467968749998924e-02
4.890000000000000000e+02 6.956601562500003277e-02
4.900000000000000000e+02 7.670765625000001975e-02
4.910000000000000000e+02 8.444850000000000967e-02
4.920000000000000000e+02 9.283124218749998213e-02
4.930000000000000000e+02 1.019000859375000234e-01
4.940000000000000000e+02 1.117014140625000318e-01
4.950000000000000000e+02 1.222862265624999611e-01
4.960000000000000000e+02 1.337078437499999994e-01
4.970000000000000000e+02 1.460225781249999966e-01
4.980000000000000000e+02 1.592898437499999931e-01
4.990000000000000000e+02 1.735743750000000030e-01
5.000000000000000000e+02 1.889424218750000717e-01
5.010000000000000000e+02 2.054664843749999803e-01
5.020000000000000000e+02 2.232223437499999963e-01
5.030000000000000000e+02 2.422896874999999339e-01
5.040000000000000000e+02 2.627540624999999408e-01
5.050000000000000000e+02 2.847063281250000188e-01
5.060000000000000000e+02 3.082413281250000470e-01
5.070000000000000000e+02 3.334611718749999065e-01
5.080000000000000000e+02 3.604731250000000053e-01
5.090000000000000000e+02 3.893903906249999713e-01
5.100000000000000000e+02 4.203333593750002151e-01
5.110000000000000000e+02 4.534303125000000434e-01
