0.000000000000000000e+00 6.980489062500000333e-05
1.000000000000000000e+00 6.979964843750002498e-05
2.000000000000000000e+00 6.978972656250002969e-05
3.000000000000000000e+00 6.977490624999999709e-05
4.000000000000000000e+00 6.975539843750001943e-05
5.000000000000000000e+00 6.973039843749997816e-05
6.000000000000000000e+00 6.970057812499996688e-05
7.000000000000000000e+00 6.966628906249994961e-05
8.000000000000000000e+00 6.962688281250001016e-05
9.000000000000000000e+00 6.958251562499999853e-05
1.000000000000000000e+01 6.953348437500000241e-05
1.100000000000000000e+01 6.947939843750002410e-05
1.200000000000000000e+01 6.942099218749998879e-05
1.300000000000000000e+01 6.935774218750000934e-05
1.400000000000000000e+01 6.928956250000002258e-05
1.500000000000000000e+01 6.921695312499999571e-05
1.600000000000000000e+01 6.913939843750002397e-05
1.700000000000000000e+01 6.905739062500002446e-05
1.800000000000000000e+01 6.897115624999997281e-05
1.900000000000000000e+01 6.888035937500003227e-05
2.000000000000000000e+01 6.878501562499999135e-05
2.100000000000000000e+01 6.868529687499997640e-05
2.200000000000000000e+01 6.858157031250001101e-05
2.300000000000000000e+01 6.847314062500002747e-05
2.400000000000000000e+01 6.836114062499999873e-05
2.500000000000000000e+01 6.824480468750000251e-05
2.600000000000000000e+01 6.812437499999999266e-05
2.700000000000000000e+01 6.800018750000002274e-05
2.800000000000000000e+01 6.787209375000002182e-05
2.900000000000000000e+01 6.774053124999998999e-05
3.000000000000000000e+01 6.760478906249998976e-05
3.100000000000000000e+01 6.746557031250000340e-05
3.200000000000000000e+01 6.732332031250002691e-05
3.300000000000000000e+01 6.717684374999998472e-05
3.400000000000000000e+01 6.702765625000001420e-05
3.500000000000000000e+01 6.687507031249997577e-05
3.600000000000000000e+01 6.671935937500002366e-05
3.700000000000000000e+01 6.656061718749998655e-05
3.800000000000000000e+01 6.639950781249998925e-05
3.900000000000000000e+01 6.623515625000001798e-05
4.000000000000000000e+01 6.606816406250000005e-05
4.100000000000000000e+01 6.589865625000000519e-05
4.200000000000000000e+01 6.572683593750003491e-05
4.300000000000000000e+01 6.555267187500002433e-05
4.400000000000000000e+01 6.537628906249998899e-05
4.500000000000000000e+01 6.519812499999998320e-05
4.600000000000000000e+01 6.501785156249998993e-05
4.700000000000000000e+01 6.483586718750001632e-05
4.800000000000000000e+01 6.465258593750000703e-05
4.900000000000000000e+01 6.446753125000000964e-05
5.000000000000000000e+01 6.428103125000001405e-05
5.100000000000000000e+01 6.409372656249998123e-05
5.200000000000000000e+01 6.390539843749998565e-05
5.300000000000000000e+01 6.371622656250000051e-05
5.400000000000000000e+01 6.352607812500002794e-05
5.500000000000000000e+01 6.333578125000001154e-05
5.600000000000000000e+01 6.314501562499999791e-05
5.700000000000000000e+01 6.295416406249998886e-05
5.800000000000000000e+01 6.276332031250000281e-05
5.900000000000000000e+01 6.257257031249999451e-05
6.000000000000000000e+01 6.238208593750003614e-05
6.100000000000000000e+01 6.219258593749999332e-05
6.200000000000000000e+01 6.200370312500001866e-05
6.300000000000000000e+01 6.181585937499997142e-05
6.400000000000000000e+01 6.162881250000000618e-05
6.500000000000000000e+01 6.144359374999997317e-05
6.600000000000000000e+01 6.125959375000000339e-05
6.700000000000000000e+01 6.107774218750000052e-05
6.800000000000000000e+01 6.089757812499997679e-05
6.900000000000000000e+01 6.071978906250001079e-05
7.000000000000000000e+01 6.054446874999999217e-05
7.100000000000000000e+01 6.037155468749998773e-05
7.200000000000000000e+01 6.020182812499998604e-05
7.300000000000000000e+01 6.003539062499998108e-05
7.400000000000000000e+01 5.987208593749999410e-05
7.500000000000000000e+01 5.971226562499997559e-05
7.600000000000000000e+01 5.955642968749997408e-05
7.700000000000000000e+01 5.940473437500000219e-05
7.800000000000000000e+01 5.925774218750000101e-05
7.900000000000000000e+01 5.911508593749997408e-05
8.000000000000000000e+01 5.897731249999999946e-05
8.100000000000000000e+01 5.884489062500000662e-05
8.200000000000000000e+01 5.871790625000000453e-05
8.300000000000000000e+01 5.859675781249997997e-05
8.400000000000000000e+01 5.848123437499997622e-05
8.500000000000000000e+01 5.837240624999999911e-05
8.600000000000000000e+01 5.826996874999999218e-05
8.700000000000000000e+01 5.817457031250000715e-05
8.800000000000000000e+01 5.808641406250001163e-05
8.900000000000000000e+01 5.800591406250001130e-05
9.000000000000000000e+01 5.793327343750000766e-05
9.100000000000000000e+01 5.786849218749998716e-05
9.200000000000000000e+01 5.781240624999999769e-05
9.300000000000000000e+01 5.776512499999998846e-05
9.400000000000000000e+01 5.772703124999998837e-05
9.500000000000000000e+01 5.769863281250001472e-05
9.600000000000000000e+01 5.767982031249998956e-05
9.700000000000000000e+01 5.767137500000001668e-05
9.800000000000000000e+01 5.767345312500000027e-05
9.900000000000000000e+01 5.768671875000001094e-05
1.000000000000000000e+02 5.771096874999997941e-05
1.010000000000000000e+02 5.774707031250002521e-05
1.020000000000000000e+02 5.779534374999999332e-05
1.030000000000000000e+02 5.785600781249997863e-05
1.040000000000000000e+02 5.792982812499997798e-05
1.050000000000000000e+02 5.801649999999996198e-05
1.060000000000000000e+02 5.811717968749998612e-05
1.070000000000000000e+02 5.823205468749997882e-05
1.080000000000000000e+02 5.836139062500001032e-05
1.090000000000000000e+02 5.850593750000001111e-05
1.100000000000000000e+02 5.866576562499999840e-05
1.110000000000000000e+02 5.884149218749999970e-05
1.120000000000000000e+02 5.903376562499997184e-05
1.130000000000000000e+02 5.924278125000001532e-05
1.140000000000000000e+02 5.946899218750000004e-05
1.150000000000000000e+02 5.971310937499999227e-05
1.160000000000000000e+02 5.997549218750002645e-05
1.170000000000000000e+02 6.025673437500002046e-05
1.180000000000000000e+02 6.055732031249999716e-05
1.190000000000000000e+02 6.087772656249998356e-05
1.200000000000000000e+02 6.121845312500000106e-05
1.210000000000000000e+02 6.158014843750002007e-05
1.220000000000000000e+02 6.196325781250000271e-05
1.230000000000000000e+02 6.236843750000001013e-05
1.240000000000000000e+02 6.279616406249999478e-05
1.250000000000000000e+02 6.324710937500000959e-05
1.260000000000000000e+02 6.372178906249997290e-05
1.270000000000000000e+02 6.422084375000000828e-05
1.280000000000000000e+02 6.474486718750000651e-05
1.290000000000000000e+02 6.529441406250000089e-05
1.300000000000000000e+02 6.587030468750000687e-05
1.310000000000000000e+02 6.647306250000001998e-05
1.320000000000000000e+02 6.710340625000000073e-05
1.330000000000000000e+02 6.776183593749998408e-05
1.340000000000000000e+02 6.844929687500001458e-05
1.350000000000000000e+02 6.916628124999999578e-05
1.360000000000000000e+02 6.991362499999998913e-05
1.370000000000000000e+02 7.069185156250003081e-05
1.380000000000000000e+02 7.150203125000003182e-05
1.390000000000000000e+02 7.234465624999996346e-05
1.400000000000000000e+02 7.322054687500004449e-05
1.410000000000000000e+02 7.413059374999999586e-05
1.420000000000000000e+02 7.507538281249999705e-05
1.430000000000000000e+02 7.605591406250003668e-05
1.440000000000000000e+02 7.707310156249999958e-05
1.450000000000000000e+02 7.812746874999996257e-05
1.460000000000000000e+02 7.922000781249999974e-05
1.470000000000000000e+02 8.035139843750002436e-05
1.480000000000000000e+02 8.152332031249995194e-05
1.490000000000000000e+02 8.273564062499996080e-05
1.500000000000000000e+02 8.398970312499993995e-05
1.510000000000000000e+02 8.528696093749997835e-05
1.520000000000000000e+02 8.662789843750006498e-05
1.530000000000000000e+02 8.801310156249997276e-05
1.540000000000000000e+02 8.944457812500001366e-05
1.550000000000000000e+02 9.092256250000001010e-05
1.560000000000000000e+02 9.244807031249999672e-05
1.570000000000000000e+02 9.402282812500005406e-05
1.580000000000000000e+02 9.564718749999999708e-05
1.590000000000000000e+02 9.732235156250007341e-05
1.600000000000000000e+02 9.905018750000001853e-05
1.610000000000000000e+02 1.008309453124999584e-04
1.620000000000000000e+02 1.026664062499999989e-04
1.630000000000000000e+02 1.045575234374999772e-04
1.640000000000000000e+02 1.065055468749999943e-04
1.650000000000000000e+02 1.085118671874999824e-04
1.660000000000000000e+02 1.105773671874999645e-04
1.670000000000000000e+02 1.127038359374999478e-04
1.680000000000000000e+02 1.148918750000000086e-04
1.690000000000000000e+02 1.171436562499999525e-04
1.700000000000000000e+02 1.194601796875000525e-04
1.710000000000000000e+02 1.218427656250000205e-04
1.720000000000000000e+02 1.242931875000000206e-04
1.730000000000000000e+02 1.268132578124999798e-04
1.740000000000000000e+02 1.294024843749999945e-04
1.750000000000000000e+02 1.320650781250000438e-04
1.760000000000000000e+02 1.348005234375000195e-04
1.770000000000000000e+02 1.376115703124999921e-04
1.780000000000000000e+02 1.404995859374999739e-04
1.790000000000000000e+02 1.434664453125000078e-04
1.800000000000000000e+02 1.465125156249999277e-04
1.810000000000000000e+02 1.496415546874999242e-04
1.820000000000000000e+02 1.528532187499999611e-04
1.830000000000000000e+02 1.561514296874999801e-04
1.840000000000000000e+02 1.595359531250000774e-04
1.850000000000000000e+02 1.630103671874999689e-04
1.860000000000000000e+02 1.665753593749999702e-04
1.870000000000000000e+02 1.702343437500000462e-04
1.880000000000000000e+02 1.739873750000000326e-04
1.890000000000000000e+02 1.778383437499999416e-04
1.900000000000000000e+02 1.817873671874999282e-04
1.910000000000000000e+02 1.858386171874999921e-04
1.920000000000000000e+02 1.899923046874999681e-04
1.930000000000000000e+02 1.942525703125000077e-04
1.940000000000000000e+02 1.986196640624999252e-04
1.950000000000000000e+02 2.030966484374998704e-04
1.960000000000000000e+02 2.076872031249999394e-04
1.970000000000000000e+02 2.123919140624999863e-04
1.980000000000000000e+02 2.172142968750000039e-04
1.990000000000000000e+02 2.221559375000000248e-04
2.000000000000000000e+02 2.272199999999999014e-04
2.010000000000000000e+02 2.324085156250000554e-04
2.020000000000000000e+02 2.377246093749999802e-04
2.030000000000000000e+02 2.431710937499999845e-04
2.040000000000000000e+02 2.487502343750000954e-04
2.050000000000000000e+02 2.544652343749999280e-04
2.060000000000000000e+02 2.603186718749998601e-04
2.070000000000000000e+02 2.663134375000001048e-04
2.080000000000000000e+02 2.724528125000000192e-04
2.090000000000000000e+02 2.787390625000000371e-04
2.100000000000000000e+02 2.851757812500000560e-04
2.110000000000000000e+02 2.917660156249999356e-04
2.120000000000000000e+02 2.985142968749999472e-04
2.130000000000000000e+02 3.054215624999999227e-04
2.140000000000000000e+02 3.124923437499998622e-04
2.150000000000000000e+02 3.197297656249999641e-04
2.160000000000000000e+02 3.271378124999999742e-04
2.170000000000000000e+02 3.347195312499998067e-04
2.180000000000000000e+02 3.424783593749999833e-04
2.190000000000000000e+02 3.504186718749999901e-04
2.200000000000000000e+02 3.585429687500000292e-04
2.210000000000000000e+02 3.668567968749998913e-04
2.220000000000000000e+02 3.753621875000000252e-04
2.230000000000000000e+02 3.840646093750000462e-04
2.240000000000000000e+02 3.929675000000000420e-04
2.250000000000000000e+02 4.020748437499999757e-04
2.260000000000000000e+02 4.113902343749999070e-04
2.270000000000000000e+02 4.209192187499996812e-04
2.280000000000000000e+02 4.306652343750000367e-04
2.290000000000000000e+02 4.406331249999999962e-04
2.300000000000000000e+02 4.508270312499998737e-04
2.310000000000000000e+02 4.612514062499999275e-04
2.320000000000000000e+02 4.719112499999999653e-04
2.330000000000000000e+02 4.828116406249999704e-04
2.340000000000000000e+02 4.939562499999997991e-04
2.350000000000000000e+02 5.053514062499996984e-04
2.360000000000000000e+02 5.170019531250000461e-04
2.370000000000000000e+02 5.289111718749998740e-04
2.380000000000000000e+02 5.410864062499999788e-04
2.390000000000000000e+02 5.535327343749999645e-04
2.400000000000000000e+02 5.662516406250000254e-04
2.410000000000000000e+02 5.792555468750002368e-04
2.420000000000000000e+02 5.925444531249999484e-04
2.430000000000000000e+02 6.061248437499995416e-04
2.440000000000000000e+02 6.200040625000001384e-04
2.450000000000000000e+02 6.341857031250002809e-04
2.460000000000000000e+02 6.486785156250003508e-04
2.470000000000000000e+02 6.634852343750003182e-04
2.480000000000000000e+02 6.786160937499996753e-04
2.490000000000000000e+02 6.940746874999997830e-04
2.500000000000000000e+02 7.098652343750002638e-04
2.510000000000000000e+02 7.259982812500000117e-04
2.520000000000000000e+02 7.424792187500000923e-04
2.530000000000000000e+02 7.593120312499997094e-04
2.540000000000000000e+02 7.765033593749999215e-04
2.550000000000000000e+02 7.940657031250006543e-04
2.560000000000000000e+02 8.119985156249998103e-04
2.570000000000000000e+02 8.303163281250001493e-04
2.580000000000000000e+02 8.490165624999998842e-04
2.590000000000000000e+02 8.681159374999999727e-04
2.600000000000000000e+02 8.876160937499995513e-04
2.610000000000000000e+02 9.075234374999999101e-04
2.620000000000000000e+02 9.278524218749999468e-04
2.630000000000000000e+02 9.486023437500004651e-04
2.640000000000000000e+02 9.697882031250004004e-04
2.650000000000000000e+02 9.914099218750001188e-04
2.660000000000000000e+02 1.013481171875000447e-03
2.670000000000000000e+02 1.036007890625000646e-03
2.680000000000000000e+02 1.058994843749999724e-03
2.690000000000000000e+02 1.082454140624999547e-03
2.700000000000000000e+02 1.106389921874999889e-03
2.710000000000000000e+02 1.130821406249999522e-03
2.720000000000000000e+02 1.155746171874999940e-03
2.730000000000000000e+02 1.181172343749999900e-03
2.740000000000000000e+02 1.207112812500000425e-03
2.750000000000000000e+02 1.233574843750000509e-03
2.760000000000000000e+02 1.260562187499999695e-03
2.770000000000000000e+02 1.288094062500000662e-03
2.780000000000000000e+02 1.316175156249999641e-03
2.790000000000000000e+02 1.344804687500000947e-03
2.800000000000000000e+02 1.374004453124999612e-03
2.810000000000000000e+02 1.403770546875000511e-03
2.820000000000000000e+02 1.434122109374999640e-03
2.830000000000000000e+02 1.465067578124999931e-03
2.840000000000000000e+02 1.496614999999999534e-03
2.850000000000000000e+02 1.528767265625000180e-03
2.860000000000000000e+02 1.561538749999999073e-03
2.870000000000000000e+02 1.594939296875000573e-03
2.880000000000000000e+02 1.628972109375000825e-03
2.890000000000000000e+02 1.663654609374998899e-03
2.900000000000000000e+02 1.698991093750000124e-03
2.910000000000000000e+02 1.734987187500000669e-03
2.920000000000000000e+02 1.771659375000000751e-03
2.930000000000000000e+02 1.809013281249999576e-03
2.940000000000000000e+02 1.847054687499999738e-03
2.950000000000000000e+02 1.885793750000000013e-03
2.960000000000000000e+02 1.925241406249999848e-03
2.970000000000000000e+02 1.965410937499999840e-03
2.980000000000000000e+02 2.006303906249999169e-03
2.990000000000000000e+02 2.047931249999999231e-03
3.000000000000000000e+02 2.090296093750000986e-03
3.010000000000000000e+02 2.133417187500000201e-03
3.020000000000000000e+02 2.177296093749999956e-03
3.030000000000000000e+02 2.221939062499999999e-03
3.040000000000000000e+02 2.267357812499999799e-03
3.050000000000000000e+02 2.313570312500000305e-03
3.060000000000000000e+02 2.360564843750001182e-03
3.070000000000000000e+02 2.408353124999999297e-03
3.080000000000000000e+02 2.456948437500000668e-03
3.090000000000000000e+02 2.506361718750001709e-03
3.100000000000000000e+02 2.556585156250001760e-03
3.110000000000000000e+02 2.607639062499999671e-03
3.120000000000000000e+02 2.659521875000000601e-03
3.130000000000000000e+02 2.712240624999998680e-03
3.140000000000000000e+02 2.765810937499999997e-03
3.150000000000000000e+02 2.820223437499999510e-03
3.160000000000000000e+02 2.875482031249999935e-03
3.170000000000000000e+02 2.931600781249999940e-03
3.180000000000000000e+02 2.988579687500000394e-03
3.190000000000000000e+02 3.046420312500003075e-03
3.200000000000000000e+02 3.105138281249999761e-03
3.210000000000000000e+02 3.164703906249998269e-03
3.220000000000000000e+02 3.225158593749997190e-03
3.230000000000000000e+02 3.286474999999999206e-03
3.240000000000000000e+02 3.348661718750001095e-03
3.250000000000000000e+02 3.411726562499999178e-03
3.260000000000000000e+02 3.475658593750001382e-03
3.270000000000000000e+02 3.540464843750000101e-03
3.280000000000000000e+02 3.606141406249999126e-03
3.290000000000000000e+02 3.672674218749999789e-03
3.300000000000000000e+02 3.740075781250002448e-03
3.310000000000000000e+02 3.808328906249999670e-03
3.320000000000000000e+02 3.877428906249998260e-03
3.330000000000000000e+02 3.947375781250001686e-03
3.340000000000000000e+02 4.018159374999999249e-03
3.350000000000000000e+02 4.089768749999999307e-03
3.360000000000000000e+02 4.162200781249999169e-03
3.370000000000000000e+02 4.235433593749997339e-03
3.380000000000000000e+02 4.309464062500000664e-03
3.390000000000000000e+02 4.384282812499999335e-03
3.400000000000000000e+02 4.459857812499998068e-03
3.410000000000000000e+02 4.536189843749997321e-03
3.420000000000000000e+02 4.613255468749997285e-03
3.430000000000000000e+02 4.691036718749999612e-03
3.440000000000000000e+02 4.769507031249998336e-03
3.450000000000000000e+02 4.848654687500000490e-03
3.460000000000000000e+02 4.928450781250001342e-03
3.470000000000000000e+02 5.008877343750000807e-03
3.480000000000000000e+02 5.089892968749998130e-03
3.490000000000000000e+02 5.171480468750000621e-03
3.500000000000000000e+02 5.253606250000004280e-03
3.510000000000000000e+02 5.336232812500000221e-03
3.520000000000000000e+02 5.419334374999997678e-03
3.530000000000000000e+02 5.502869531250000230e-03
3.540000000000000000e+02 5.586796093749997992e-03
3.550000000000000000e+02 5.671079687499999515e-03
3.560000000000000000e+02 5.755670312499999025e-03
3.570000000000000000e+02 5.840529687499999324e-03
3.580000000000000000e+02 5.925600000000001352e-03
3.590000000000000000e+02 6.010842187500000516e-03
3.600000000000000000e+02 6.096191406250000590e-03
3.610000000000000000e+02 6.181600781249997623e-03
3.620000000000000000e+02 6.267006250000001048e-03
3.630000000000000000e+02 6.352342968749997293e-03
3.640000000000000000e+02 6.437557812499998706e-03
3.650000000000000000e+02 6.522576562499997517e-03
3.660000000000000000e+02 6.607325781249999419e-03
3.670000000000000000e+02 6.691732031249999699e-03
3.680000000000000000e+02 6.775723437500003228e-03
3.690000000000000000e+02 6.859218749999998130e-03
3.700000000000000000e+02 6.942129687499998779e-03
3.710000000000000000e+02 7.024380468749999093e-03
3.720000000000000000e+02 7.105865624999999942e-03
3.730000000000000000e+02 7.186499218750002325e-03
3.740000000000000000e+02 7.266197656249996466e-03
3.750000000000000000e+02 7.344833593749999952e-03
3.760000000000000000e+02 7.422321874999997758e-03
3.770000000000000000e+02 7.498546093750003451e-03
3.780000000000000000e+02 7.573392968750002063e-03
3.790000000000000000e+02 7.646755468749996155e-03
3.800000000000000000e+02 7.718507031249998568e-03
3.810000000000000000e+02 7.788519531249996943e-03
3.820000000000000000e+02 7.856676562499996172e-03
3.830000000000000000e+02 7.922841406249998830e-03
3.840000000000000000e+02 7.986873437500000006e-03
3.850000000000000000e+02 8.048646093750000396e-03
3.860000000000000000e+02 8.108005468749998612e-03
3.870000000000000000e+02 8.164816406250000741e-03
3.880000000000000000e+02 8.218912499999998095e-03
3.890000000000000000e+02 8.270149218750001696e-03
3.900000000000000000e+02 8.318375000000001115e-03
3.910000000000000000e+02 8.363413281250000816e-03
3.920000000000000000e+02 8.405110156250002879e-03
3.930000000000000000e+02 8.443296093750000259e-03
3.940000000000000000e+02 8.477809375000000883e-03
3.950000000000000000e+02 8.508458593749997079e-03
3.960000000000000000e+02 8.535078125000003166e-03
3.970000000000000000e+02 8.557489062500003157e-03
3.980000000000000000e+02 8.575498437499998877e-03
3.990000000000000000e+02 8.588939843750002454e-03
4.000000000000000000e+02 8.597617187499998273e-03
4.010000000000000000e+02 8.601354687500001664e-03
4.020000000000000000e+02 8.599953125000000392e-03
4.030000000000000000e+02 8.593238281250000291e-03
4.040000000000000000e+02 8.581013281249999167e-03
4.050000000000000000e+02 8.563096874999998748e-03
4.060000000000000000e+02 8.539303906250001949e-03
4.070000000000000000e+02 8.509442968750001099e-03
4.080000000000000000e+02 8.473346874999997461e-03
4.090000000000000000e+02 8.430831249999996141e-03
4.100000000000000000e+02 8.381721093750000781e-03
4.110000000000000000e+02 8.325852343750004061e-03
4.120000000000000000e+02 8.263064062499997017e-03
4.130000000000000000e+02 8.193195312499998439e-03
4.140000000000000000e+02 8.116100781249998078e-03
4.150000000000000000e+02 8.031642968750002387e-03
4.160000000000000000e+02 7.939705468749998912e-03
4.170000000000000000e+02 7.840157031250001227e-03
4.180000000000000000e+02 7.732908593750001565e-03
4.190000000000000000e+02 7.617871093749998233e-03
4.200000000000000000e+02 7.494978125000000165e-03
4.210000000000000000e+02 7.364183593750000395e-03
4.220000000000000000e+02 7.225453906249996658e-03
4.230000000000000000e+02 7.078790625000000274e-03
4.240000000000000000e+02 6.924216406249999317e-03
4.250000000000000000e+02 6.761776562500001163e-03
4.260000000000000000e+02 6.591561718750001478e-03
4.270000000000000000e+02 6.413678906250002039e-03
4.280000000000000000e+02 6.228278906250002411e-03
4.290000000000000000e+02 6.035567187500001131e-03
4.300000000000000000e+02 5.835774999999998776e-03
4.310000000000000000e+02 5.629187499999997908e-03
4.320000000000000000e+02 5.416148437500000606e-03
4.330000000000000000e+02 5.197043749999998886e-03
4.340000000000000000e+02 4.972339843750001390e-03
4.350000000000000000e+02 4.742553906249999569e-03
4.360000000000000000e+02 4.508274218749998632e-03
4.370000000000000000e+02 4.270178125000000276e-03
4.380000000000000000e+02 4.029030468749998303e-03
4.390000000000000000e+02 3.785655468749999936e-03
4.400000000000000000e+02 3.541005468750000034e-03
4.410000000000000000e+02 3.296125781249998731e-03
4.420000000000000000e+02 3.052169531249999696e-03
4.430000000000000000e+02 2.810413281249999739e-03
4.440000000000000000e+02 2.572260156249998875e-03
4.450000000000000000e+02 2.339253125000000273e-03
4.460000000000000000e+02 2.113098437500000090e-03
4.470000000000000000e+02 1.895624218749999935e-03
4.480000000000000000e+02 1.688860937499999434e-03
4.490000000000000000e+02 1.495004218750000616e-03
4.500000000000000000e+02 1.316458046875000143e-03
4.510000000000000000e+02 1.155816171874999741e-03
4.520000000000000000e+02 1.015912656250000197e-03
4.530000000000000000e+02 8.997978124999999293e-04
4.540000000000000000e+02 8.107989843749998597e-04
4.550000000000000000e+02 7.525002734374997698e-04
4.560000000000000000e+02 7.287691218749997720e-04
4.570000000000000000e+02 7.437940624999996291e-04
4.580000000000000000e+02 8.020790156250001300e-04
4.590000000000000000e+02 9.084899453124992402e-04
4.600000000000000000e+02 1.068250781250000211e-03
4.610000000000000000e+02 1.286984609375000027e-03
4.620000000000000000e+02 1.570755781250000090e-03
4.630000000000000000e+02 1.926051718750000294e-03
4.640000000000000000e+02 2.359835937500001039e-03
4.650000000000000000e+02 2.879614843750000815e-03
4.660000000000000000e+02 3.493399218750000215e-03
4.670000000000000000e+02 4.209783593750000483e-03
4.680000000000000000e+02 5.037979687500000227e-03
4.690000000000000000e+02 5.987846874999998466e-03
4.700000000000000000e+02 7.069942968749998689e-03
4.710000000000000000e+02 8.295510156249998046e-03
4.720000000000000000e+02 9.676625000000002932e-03
4.730000000000000000e+02 1.122614687499999542e-02
4.740000000000000000e+02 1.295783828125000176e-02
4.750000000000000000e+02 1.488641406249999882e-02
4.760000000000000000e+02 1.702740624999999827e-02
4.770000000000000000e+02 1.939775781249999595e-02
4.780000000000000000e+02 2.201509374999998866e-02
4.790000000000000000e+02 2.489849999999999702e-02
4.800000000000000000e+02 2.806814843749999219e-02
4.810000000000000000e+02 3.154564843750000402e-02
4.820000000000000000e+02 3.535387499999999295e-02
4.830000000000000000e+02 3.951734375000001687e-02
4.840000000000000000e+02 4.406206249999998492e-02
4.850000000000000000e+02 4.901561718749999907e-02
4.860000000000000000e+02 5.440746093749997819e-02
4.870000000000000000e+02 6.026893750000000133e-02
4.880000000000000000e+02 6.663321093750002033e-02
4.890000000000000000e+02 7.353575781249996335e-02
4.900000000000000000e+02 8.101397656249999246e-02
4.910000000000000000e+02 8.910801562500000883e-02
4.920000000000000000e+02 9.785977343749993618e-02
4.930000000000000000e+02 1.073148749999999901e-01
4.940000000000000000e+02 1.175201484374999855e-01
4.950000000000000000e+02 1.285274218750001030e-01
4.960000000000000000e+02 1.403893750000000384e-01
4.970000000000000000e+02 1.531638281249999567e-01
4.980000000000000000e+02 1.669106250000000624e-01
4.990000000000000000e+02 1.816947656249999210e-01
5.000000000000000000e+02 1.975831249999999706e-01
5.010000000000000000e+02 2.146488281250000796e-01
5.020000000000000000e+02 2.329681249999999704e-01
5.030000000000000000e+02 2.526216406250000324e-01
5.040000000000000000e+02 2.736953124999999543e-01
5.050000000000000000e+02 2.962798437499999382e-01
5.060000000000000000e+02 3.204718749999999061e-01
5.070000000000000000e+02 3.463737500000000358e-01
5.080000000000000000e+02 3.740920312500000122e-01
5.090000000000000000e+02 4.037421093749999357e-01
5.100000000000000000e+02 4.354447656250001186e-01
5.110000000000000000e+02 4.693277343749999164e-01
