0.000000000000000000e+00 7.465611273437500162e-05
1.000000000000000000e+00 7.463995132812496097e-05
2.000000000000000000e+00 7.460727570312494772e-05
3.000000000000000000e+00 7.455834234374994669e-05
4.000000000000000000e+00 7.449353718749998784e-05
5.000000000000000000e+00 7.441233265625001763e-05
6.000000000000000000e+00 7.431468468750003595e-05
7.000000000000000000e+00 7.420169984374998511e-05
8.000000000000000000e+00 7.407260765624996220e-05
9.000000000000000000e+00 7.392797539062498412e-05
1.000000000000000000e+01 7.376733679687498947e-05
1.100000000000000000e+01 7.359172890624998155e-05
1.200000000000000000e+01 7.340069226562497343e-05
1.300000000000000000e+01 7.319493492187504290e-05
1.400000000000000000e+01 7.297386828124998045e-05
1.500000000000000000e+01 7.273835484375001242e-05
1.600000000000000000e+01 7.248842664062501084e-05
1.700000000000000000e+01 7.222434570312502643e-05
1.800000000000000000e+01 7.194651140624999479e-05
1.900000000000000000e+01 7.165488000000000944e-05
2.000000000000000000e+01 7.134975328125000963e-05
2.100000000000000000e+01 7.103216742187500889e-05
2.200000000000000000e+01 7.070209640624998241e-05
2.300000000000000000e+01 7.035906703124997111e-05
2.400000000000000000e+01 7.000445429687496952e-05
2.500000000000000000e+01 6.963826171875001103e-05
2.600000000000000000e+01 6.926045320312502302e-05
2.700000000000000000e+01 6.887250101562499764e-05
2.800000000000000000e+01 6.847361859375002851e-05
2.900000000000000000e+01 6.806500054687499750e-05
3.000000000000000000e+01 6.764681710937501722e-05
3.100000000000000000e+01 6.721949007812499466e-05
3.200000000000000000e+01 6.678358687499997323e-05
3.300000000000000000e+01 6.633965734375001913e-05
3.400000000000000000e+01 6.588767039062501266e-05
3.500000000000000000e+01 6.542881140624999450e-05
3.600000000000000000e+01 6.496335492187499253e-05
3.700000000000000000e+01 6.449168117187503919e-05
3.800000000000000000e+01 6.401430687500003487e-05
3.900000000000000000e+01 6.353196953124998713e-05
4.000000000000000000e+01 6.304519679687498306e-05
4.100000000000000000e+01 6.255451445312500884e-05
4.200000000000000000e+01 6.206037507812499755e-05
4.300000000000000000e+01 6.156359195312500630e-05
4.400000000000000000e+01 6.106459101562495943e-05
4.500000000000000000e+01 6.056417273437499234e-05
4.600000000000000000e+01 6.006263468750000018e-05
4.700000000000000000e+01 5.956114820312501882e-05
4.800000000000000000e+01 5.905962679687498727e-05
4.900000000000000000e+01 5.855927625000000703e-05
5.000000000000000000e+01 5.806058929687499980e-05
5.100000000000000000e+01 5.756415296875001873e-05
5.200000000000000000e+01 5.707053687500000360e-05
5.300000000000000000e+01 5.658080429687500868e-05
5.400000000000000000e+01 5.609528320312500419e-05
5.500000000000000000e+01 5.561509164062500852e-05
5.600000000000000000e+01 5.514016625000000378e-05
5.700000000000000000e+01 5.467210757812500485e-05
5.800000000000000000e+01 5.421071874999999882e-05
5.900000000000000000e+01 5.375759343750000769e-05
6.000000000000000000e+01 5.331273742187498803e-05
6.100000000000000000e+01 5.287770492187499755e-05
6.200000000000000000e+01 5.245246349218749308e-05
6.300000000000000000e+01 5.203811532031250218e-05
6.400000000000000000e+01 5.163517110156248661e-05
6.500000000000000000e+01 5.124470951562498314e-05
6.600000000000000000e+01 5.086714817187499682e-05
6.700000000000000000e+01 5.050354518750000429e-05
6.800000000000000000e+01 5.015410652109373864e-05
6.900000000000000000e+01 4.982041142812500880e-05
7.000000000000000000e+01 4.950285370312499186e-05
7.100000000000000000e+01 4.920201592968746773e-05
7.200000000000000000e+01 4.891878160156251925e-05
7.300000000000000000e+01 4.865437503906251459e-05
7.400000000000000000e+01 4.840896605468752740e-05
7.500000000000000000e+01 4.818304128906251049e-05
7.600000000000000000e+01 4.797857469531250458e-05
7.700000000000000000e+01 4.779546828124999803e-05
7.800000000000000000e+01 4.763443578124999171e-05
7.900000000000000000e+01 4.749691929687500680e-05
8.000000000000000000e+01 4.738330664062499802e-05
8.100000000000000000e+01 4.729398562499997427e-05
8.200000000000000000e+01 4.723065960937500719e-05
8.300000000000000000e+01 4.719324023437500260e-05
8.400000000000000000e+01 4.718301171875000609e-05
8.500000000000000000e+01 4.720074898437501119e-05
8.600000000000000000e+01 4.724671718750000872e-05
8.700000000000000000e+01 4.732257578125000856e-05
8.800000000000000000e+01 4.742837734375000391e-05
8.900000000000000000e+01 4.756518828124998912e-05
9.000000000000000000e+01 4.773369531250000523e-05
9.100000000000000000e+01 4.793503750000000023e-05
9.200000000000000000e+01 4.816910156249999984e-05
9.300000000000000000e+01 4.843782500000000070e-05
9.400000000000000000e+01 4.874125546874999535e-05
9.500000000000000000e+01 4.908020156250001895e-05
9.600000000000000000e+01 4.945555156249999834e-05
9.700000000000000000e+01 4.986800546875000959e-05
9.800000000000000000e+01 5.031856640624999497e-05
9.900000000000000000e+01 5.080763359374998559e-05
1.000000000000000000e+02 5.133612343750002628e-05
1.010000000000000000e+02 5.190496953124998478e-05
1.020000000000000000e+02 5.251469687499999946e-05
1.030000000000000000e+02 5.316612265624999663e-05
1.040000000000000000e+02 5.385957578124999696e-05
1.050000000000000000e+02 5.459684375000002724e-05
1.060000000000000000e+02 5.537762578125000863e-05
1.070000000000000000e+02 5.620305468749999537e-05
1.080000000000000000e+02 5.707362499999999686e-05
1.090000000000000000e+02 5.799075000000000377e-05
1.100000000000000000e+02 5.895451562500002507e-05
1.110000000000000000e+02 5.996572656250000991e-05
1.120000000000000000e+02 6.102493750000000512e-05
1.130000000000000000e+02 6.213345312499998806e-05
1.140000000000000000e+02 6.329143750000000112e-05
1.150000000000000000e+02 6.449965625000001401e-05
1.160000000000000000e+02 6.575875000000000123e-05
1.170000000000000000e+02 6.706988281250001415e-05
1.180000000000000000e+02 6.843324218750000828e-05
1.190000000000000000e+02 6.984968750000001918e-05
1.200000000000000000e+02 7.131964062500000098e-05
1.210000000000000000e+02 7.284442187500001767e-05
1.220000000000000000e+02 7.442405468750001624e-05
1.230000000000000000e+02 7.605940625000000104e-05
1.240000000000000000e+02 7.775127343749999986e-05
1.250000000000000000e+02 7.949985156249997765e-05
1.260000000000000000e+02 8.130646874999999431e-05
1.270000000000000000e+02 8.317108593750004327e-05
1.280000000000000000e+02 8.509525000000001506e-05
1.290000000000000000e+02 8.707872656249997885e-05
1.300000000000000000e+02 8.912236718750001494e-05
1.310000000000000000e+02 9.122689843750006618e-05
1.320000000000000000e+02 9.339303124999997520e-05
1.330000000000000000e+02 9.562163281249999027e-05
1.340000000000000000e+02 9.791232031249998764e-05
1.350000000000000000e+02 1.002670078125000034e-04
1.360000000000000000e+02 1.026851093750000071e-04
1.370000000000000000e+02 1.051683281249999967e-04
1.380000000000000000e+02 1.077162109374999940e-04
1.390000000000000000e+02 1.103308046874999787e-04
1.400000000000000000e+02 1.130110468749999408e-04
1.410000000000000000e+02 1.157587109374999903e-04
1.420000000000000000e+02 1.185740390625000270e-04
1.430000000000000000e+02 1.214574609375000143e-04
1.440000000000000000e+02 1.244095312500000127e-04
1.450000000000000000e+02 1.274310937500000389e-04
1.460000000000000000e+02 1.305227343749999877e-04
1.470000000000000000e+02 1.336844531250000218e-04
1.480000000000000000e+02 1.369178124999999963e-04
1.490000000000000000e+02 1.402225781250000347e-04
1.500000000000000000e+02 1.436003906250000052e-04
1.510000000000000000e+02 1.470507812499999918e-04
1.520000000000000000e+02 1.505746874999999620e-04
1.530000000000000000e+02 1.541732031249999635e-04
1.540000000000000000e+02 1.578455468750000008e-04
1.550000000000000000e+02 1.615934374999999554e-04
1.560000000000000000e+02 1.654178124999999844e-04
1.570000000000000000e+02 1.693182031250000091e-04
1.580000000000000000e+02 1.732959374999998997e-04
1.590000000000000000e+02 1.773514062499999928e-04
1.600000000000000000e+02 1.814846874999999761e-04
1.610000000000000000e+02 1.856966406250001021e-04
1.620000000000000000e+02 1.899889062499999408e-04
1.630000000000000000e+02 1.943612500000000223e-04
1.640000000000000000e+02 1.988141406250000997e-04
1.650000000000000000e+02 2.033487499999999900e-04
1.660000000000000000e+02 2.079646874999999259e-04
1.670000000000000000e+02 2.126632812500000485e-04
1.680000000000000000e+02 2.174457031249999849e-04
1.690000000000000000e+02 2.223110156249999035e-04
1.700000000000000000e+02 2.272614843749999397e-04
1.710000000000000000e+02 2.322978906250000347e-04
1.720000000000000000e+02 2.374189062499999932e-04
1.730000000000000000e+02 2.426277343750001350e-04
1.740000000000000000e+02 2.479221093749997551e-04
1.750000000000000000e+02 2.533052343749999866e-04
1.760000000000000000e+02 2.587770312500000031e-04
1.770000000000000000e+02 2.643380468750000049e-04
1.780000000000000000e+02 2.699889062499999880e-04
1.790000000000000000e+02 2.757303125000001246e-04
1.800000000000000000e+02 2.815634374999999062e-04
1.810000000000000000e+02 2.874887500000000620e-04
1.820000000000000000e+02 2.935075000000000964e-04
1.830000000000000000e+02 2.996188281249999742e-04
1.840000000000000000e+02 3.058257812499999887e-04
1.850000000000000000e+02 3.121274999999999961e-04
1.860000000000000000e+02 3.185258593750000394e-04
1.870000000000000000e+02 3.250208593750000103e-04
1.880000000000000000e+02 3.316128906249999199e-04
1.890000000000000000e+02 3.383045312500001459e-04
1.900000000000000000e+02 3.450953906250000809e-04
1.910000000000000000e+02 3.519867187500000426e-04
1.920000000000000000e+02 3.589790625000000143e-04
1.930000000000000000e+02 3.660744531250000652e-04
1.940000000000000000e+02 3.732724218749997915e-04
1.950000000000000000e+02 3.805741406249997690e-04
1.960000000000000000e+02 3.879819531249997398e-04
1.970000000000000000e+02 3.954959374999998797e-04
1.980000000000000000e+02 4.031173437499997476e-04
1.990000000000000000e+02 4.108471093750000426e-04
2.000000000000000000e+02 4.186857031249999759e-04
2.010000000000000000e+02 4.266346093750001756e-04
2.020000000000000000e+02 4.346950781249999838e-04
2.030000000000000000e+02 4.428686718750000418e-04
2.040000000000000000e+02 4.511561718749999383e-04
2.050000000000000000e+02 4.595585937499998977e-04
2.060000000000000000e+02 4.680777343750003295e-04
2.070000000000000000e+02 4.767145312499999270e-04
2.080000000000000000e+02 4.854703125000000511e-04
2.090000000000000000e+02 4.943460156249999916e-04
2.100000000000000000e+02 5.033443749999999897e-04
2.110000000000000000e+02 5.124651562500000604e-04
2.120000000000000000e+02 5.217102343749999756e-04
2.130000000000000000e+02 5.310819531250001281e-04
2.140000000000000000e+02 5.405804687500002188e-04
2.150000000000000000e+02 5.502089062500000122e-04
2.160000000000000000e+02 5.599681250000000318e-04
2.170000000000000000e+02 5.698591406250001767e-04
2.180000000000000000e+02 5.798838281249996769e-04
2.190000000000000000e+02 5.900436718749997025e-04
2.200000000000000000e+02 6.003420312500000033e-04
2.210000000000000000e+02 6.107782031249998651e-04
2.220000000000000000e+02 6.213575000000000695e-04
2.230000000000000000e+02 6.320781250000000445e-04
2.240000000000000000e+02 6.429432031250000967e-04
2.250000000000000000e+02 6.539585156249998936e-04
2.260000000000000000e+02 6.651207812499997530e-04
2.270000000000000000e+02 6.764315624999998281e-04
2.280000000000000000e+02 6.878970312500005567e-04
2.290000000000000000e+02 6.995192968749995273e-04
2.300000000000000000e+02 7.112995312500004601e-04
2.310000000000000000e+02 7.232353125000000760e-04
2.320000000000000000e+02 7.353400781250001928e-04
2.330000000000000000e+02 7.476067187499999987e-04
2.340000000000000000e+02 7.600379687500002229e-04
2.350000000000000000e+02 7.726411718750003611e-04
2.360000000000000000e+02 7.854188281250000731e-04
2.370000000000000000e+02 7.983703125000002300e-04
2.380000000000000000e+02 8.114990625000002150e-04
2.390000000000000000e+02 8.248085156250002789e-04
2.400000000000000000e+02 8.383042187499997787e-04
2.410000000000000000e+02 8.519821875000000528e-04
2.420000000000000000e+02 8.658560937499999765e-04
2.430000000000000000e+02 8.799178125000001400e-04
2.440000000000000000e+02 8.941790624999997961e-04
2.450000000000000000e+02 9.086385156249997524e-04
2.460000000000000000e+02 9.233008593750002520e-04
2.470000000000000000e+02 9.381662500000002370e-04
2.480000000000000000e+02 9.532475781250000779e-04
2.490000000000000000e+02 9.685411718750000813e-04
2.500000000000000000e+02 9.840523437499996192e-04
2.510000000000000000e+02 9.997842968749997162e-04
2.520000000000000000e+02 1.015740234374999662e-03
2.530000000000000000e+02 1.031928671874999745e-03
2.540000000000000000e+02 1.048349374999999221e-03
2.550000000000000000e+02 1.065008125000000468e-03
2.560000000000000000e+02 1.081905390625000204e-03
2.570000000000000000e+02 1.099055312500000743e-03
2.580000000000000000e+02 1.116453750000000146e-03
2.590000000000000000e+02 1.134106249999999394e-03
2.600000000000000000e+02 1.152021875000001092e-03
2.610000000000000000e+02 1.170202578125000307e-03
2.620000000000000000e+02 1.188656796874999538e-03
2.630000000000000000e+02 1.207385312500001409e-03
2.640000000000000000e+02 1.226389921874999553e-03
2.650000000000000000e+02 1.245688750000000910e-03
2.660000000000000000e+02 1.265279765624999827e-03
2.670000000000000000e+02 1.285165703125000719e-03
2.680000000000000000e+02 1.305357656249999916e-03
2.690000000000000000e+02 1.325858046874999179e-03
2.700000000000000000e+02 1.346672421874999274e-03
2.710000000000000000e+02 1.367812265624999577e-03
2.720000000000000000e+02 1.389279531249999712e-03
2.730000000000000000e+02 1.411082812499999924e-03
2.740000000000000000e+02 1.433223593750000083e-03
2.750000000000000000e+02 1.455717187499999069e-03
2.760000000000000000e+02 1.478565312500000097e-03
2.770000000000000000e+02 1.501774296875000268e-03
2.780000000000000000e+02 1.525356093750000232e-03
2.790000000000000000e+02 1.549315390624999471e-03
2.800000000000000000e+02 1.573659374999998757e-03
2.810000000000000000e+02 1.598396718749999813e-03
2.820000000000000000e+02 1.623528671875000247e-03
2.830000000000000000e+02 1.649074609375000052e-03
2.840000000000000000e+02 1.675033984374999299e-03
2.850000000000000000e+02 1.701422734375000224e-03
2.860000000000000000e+02 1.728241874999999475e-03
2.870000000000000000e+02 1.755502812500000587e-03
2.880000000000000000e+02 1.783214140625000556e-03
2.890000000000000000e+02 1.811386328124999509e-03
2.900000000000000000e+02 1.840032343750000812e-03
2.910000000000000000e+02 1.869153437500000120e-03
2.920000000000000000e+02 1.898760234375000949e-03
2.930000000000000000e+02 1.928871953124998819e-03
2.940000000000000000e+02 1.959486953125000232e-03
2.950000000000000000e+02 1.990619999999999803e-03
2.960000000000000000e+02 2.022278437499999519e-03
2.970000000000000000e+02 2.054474921875001393e-03
2.980000000000000000e+02 2.087221640624999444e-03
2.990000000000000000e+02 2.120527500000000259e-03
3.000000000000000000e+02 2.154400390625000120e-03
3.010000000000000000e+02 2.188857343750000902e-03
3.020000000000000000e+02 2.223908593750000690e-03
3.030000000000000000e+02 2.259554921874999938e-03
3.040000000000000000e+02 2.295818124999999751e-03
3.050000000000000000e+02 2.332708046875000153e-03
3.060000000000000000e+02 2.370236250000001561e-03
3.070000000000000000e+02 2.408410781250001475e-03
3.080000000000000000e+02 2.447245624999999040e-03
3.090000000000000000e+02 2.486750937500000619e-03
3.100000000000000000e+02 2.526939296875000025e-03
3.110000000000000000e+02 2.567826875000000023e-03
3.120000000000000000e+02 2.609414531250001026e-03
3.130000000000000000e+02 2.651731875000000894e-03
3.140000000000000000e+02 2.694773593749998954e-03
3.150000000000000000e+02 2.738565234375000840e-03
3.160000000000000000e+02 2.783108515625001746e-03
3.170000000000000000e+02 2.828424296874998065e-03
3.180000000000000000e+02 2.874518124999999452e-03
3.190000000000000000e+02 2.921406953125001323e-03
3.200000000000000000e+02 2.969099609374999029e-03
3.210000000000000000e+02 3.017611875000000745e-03
3.220000000000000000e+02 3.066946249999999517e-03
3.230000000000000000e+02 3.117121484375000220e-03
3.240000000000000000e+02 3.168158515625000508e-03
3.250000000000000000e+02 3.220049062499998234e-03
3.260000000000000000e+02 3.272818906249998477e-03
3.270000000000000000e+02 3.326479531249999962e-03
3.280000000000000000e+02 3.381030781249999301e-03
3.290000000000000000e+02 3.436498437500001141e-03
3.300000000000000000e+02 3.492879374999999318e-03
3.310000000000000000e+02 3.550189999999999076e-03
3.320000000000000000e+02 3.608443749999998978e-03
3.330000000000000000e+02 3.667650078124999689e-03
3.340000000000000000e+02 3.727810156249999288e-03
3.350000000000000000e+02 3.788933593750000960e-03
3.360000000000000000e+02 3.851034375000000377e-03
3.370000000000000000e+02 3.914116406249998521e-03
3.380000000000000000e+02 3.978186718749999497e-03
3.390000000000000000e+02 4.043258593749999782e-03
3.400000000000000000e+02 4.109339843750003073e-03
3.410000000000000000e+02 4.176404687499999518e-03
3.420000000000000000e+02 4.244495312500000742e-03
3.430000000000000000e+02 4.313619531250000895e-03
3.440000000000000000e+02 4.383717187500002152e-03
3.450000000000000000e+02 4.454873437500001324e-03
3.460000000000000000e+02 4.527040624999997473e-03
3.470000000000000000e+02 4.600214843750000462e-03
3.480000000000000000e+02 4.674427343749999048e-03
3.490000000000000000e+02 4.749650000000001961e-03
3.500000000000000000e+02 4.825869531250001447e-03
3.510000000000000000e+02 4.903141406250001270e-03
3.520000000000000000e+02 4.981355468750001299e-03
3.530000000000000000e+02 5.060587500000000676e-03
3.540000000000000000e+02 5.140837500000000268e-03
3.550000000000000000e+02 5.222011718750000850e-03
3.560000000000000000e+02 5.304170312500001115e-03
3.570000000000000000e+02 5.387275781250000853e-03
3.580000000000000000e+02 5.471307031250000757e-03
3.590000000000000000e+02 5.556274218750001555e-03
3.600000000000000000e+02 5.642107812499999077e-03
3.610000000000000000e+02 5.728808593749998984e-03
3.620000000000000000e+02 5.816373437499999452e-03
3.630000000000000000e+02 5.904735937500006811e-03
3.640000000000000000e+02 5.993908593749999736e-03
3.650000000000000000e+02 6.083825781250005831e-03
3.660000000000000000e+02 6.174448437500003155e-03
3.670000000000000000e+02 6.265780468750005265e-03
3.680000000000000000e+02 6.357782812500001497e-03
3.690000000000000000e+02 6.450342968749997290e-03
3.700000000000000000e+02 6.543484375000002858e-03
3.710000000000000000e+02 6.637145312500000380e-03
3.720000000000000000e+02 6.731232812499999760e-03
3.730000000000000000e+02 6.825714062500001789e-03
3.740000000000000000e+02 6.920555468749995526e-03
3.750000000000000000e+02 7.015675781249998584e-03
3.760000000000000000e+02 7.110990624999999864e-03
3.770000000000000000e+02 7.206450000000003998e-03
3.780000000000000000e+02 7.301935937499999356e-03
3.790000000000000000e+02 7.397460937500000173e-03
3.800000000000000000e+02 7.492871093750000724e-03
3.810000000000000000e+02 7.588089062500004423e-03
3.820000000000000000e+02 7.683038281249998658e-03
3.830000000000000000e+02 7.777625781250001140e-03
3.840000000000000000e+02 7.871707812499998194e-03
3.850000000000000000e+02 7.965190625000001870e-03
3.860000000000000000e+02 8.058039843750003373e-03
3.870000000000000000e+02 8.150025781250002169e-03
3.880000000000000000e+02 8.241111718749995901e-03
3.890000000000000000e+02 8.331150000000002442e-03
3.900000000000000000e+02 8.419982812499997304e-03
3.910000000000000000e+02 8.507530468750001615e-03
3.920000000000000000e+02 8.593604687499997383e-03
3.930000000000000000e+02 8.678073437499997725e-03
3.940000000000000000e+02 8.760815624999997858e-03
3.950000000000000000e+02 8.841603125000001631e-03
3.960000000000000000e+02 8.920301562500001710e-03
3.970000000000000000e+02 8.996799999999995773e-03
3.980000000000000000e+02 9.070844531250003839e-03
3.990000000000000000e+02 9.142350781249997463e-03
4.000000000000000000e+02 9.211092968749999207e-03
4.010000000000000000e+02 9.276865624999998394e-03
4.020000000000000000e+02 9.339446874999995582e-03
4.030000000000000000e+02 9.398707031250000052e-03
4.040000000000000000e+02 9.454428906249997752e-03
4.050000000000000000e+02 9.506442968749997252e-03
4.060000000000000000e+02 9.554482031249996940e-03
4.070000000000000000e+02 9.598342187500000927e-03
4.080000000000000000e+02 9.637841406249994872e-03
4.090000000000000000e+02 9.672776562500004158e-03
4.100000000000000000e+02 9.702882812499995582e-03
4.110000000000000000e+02 9.728003906250002816e-03
4.120000000000000000e+02 9.747853125000000701e-03
4.130000000000000000e+02 9.762300000000001532e-03
4.140000000000000000e+02 9.771049218750002888e-03
4.150000000000000000e+02 9.773945312500000732e-03
4.160000000000000000e+02 9.770694531250003964e-03
4.170000000000000000e+02 9.761171093749999861e-03
4.180000000000000000e+02 9.745157812500002126e-03
4.190000000000000000e+02 9.722447656250000902e-03
4.200000000000000000e+02 9.692841406250003039e-03
4.210000000000000000e+02 9.656187499999998106e-03
4.220000000000000000e+02 9.612295312499997968e-03
4.230000000000000000e+02 9.561006250000003703e-03
4.240000000000000000e+02 9.502206249999993817e-03
4.250000000000000000e+02 9.435770312499997675e-03
4.260000000000000000e+02 9.361539843749999007e-03
4.270000000000000000e+02 9.279520312499999271e-03
4.280000000000000000e+02 9.189633593750001425e-03
4.290000000000000000e+02 9.091771874999998032e-03
4.300000000000000000e+02 8.986000781250001387e-03
4.310000000000000000e+02 8.872323437499999438e-03
4.320000000000000000e+02 8.750883593750004991e-03
4.330000000000000000e+02 8.621720312499999220e-03
4.340000000000000000e+02 8.484998437500002044e-03
4.350000000000000000e+02 8.340868750000000886e-03
4.360000000000000000e+02 8.189729687499999397e-03
4.370000000000000000e+02 8.031811718750000301e-03
4.380000000000000000e+02 7.867507031250001864e-03
4.390000000000000000e+02 7.697284374999998485e-03
4.400000000000000000e+02 7.521660937499997229e-03
4.410000000000000000e+02 7.341279687499997070e-03
4.420000000000000000e+02 7.156796093749997340e-03
4.430000000000000000e+02 6.969050781250003129e-03
4.440000000000000000e+02 6.778946875000000510e-03
4.450000000000000000e+02 6.587528124999998680e-03
4.460000000000000000e+02 6.395936718749998390e-03
4.470000000000000000e+02 6.205450000000000375e-03
4.480000000000000000e+02 6.017507031250000048e-03
4.490000000000000000e+02 5.833702343750000324e-03
4.500000000000000000e+02 5.655778906249998850e-03
4.510000000000000000e+02 5.485701562500000517e-03
4.520000000000000000e+02 5.325583593749998873e-03
4.530000000000000000e+02 5.177774218750000323e-03
4.540000000000000000e+02 5.044850937500000403e-03
4.550000000000000000e+02 4.929617421875000932e-03
4.560000000000000000e+02 4.835150156250000650e-03
4.570000000000000000e+02 4.764790234374999094e-03
4.580000000000000000e+02 4.722198046875002511e-03
4.590000000000000000e+02 4.711313851562501896e-03
4.600000000000000000e+02 4.736455820312501612e-03
4.610000000000000000e+02 4.802333072656250583e-03
4.620000000000000000e+02 4.913953608593748731e-03
4.630000000000000000e+02 5.076783093749999594e-03
4.640000000000000000e+02 5.296791718750001703e-03
4.650000000000000000e+02 5.580347656249999913e-03
4.660000000000000000e+02 5.934366015625000372e-03
4.670000000000000000e+02 6.366276484375003354e-03
4.680000000000000000e+02 6.884075078124996840e-03
4.690000000000000000e+02 7.496447656250002957e-03
4.700000000000000000e+02 8.212621093749995424e-03
4.710000000000000000e+02 9.042653125000002859e-03
4.720000000000000000e+02 9.997169531250004251e-03
4.730000000000000000e+02 1.108772812499998935e-02
4.740000000000000000e+02 1.232668984375000047e-02
4.750000000000000000e+02 1.372729062500000277e-02
4.760000000000000000e+02 1.530368828124999830e-02
4.770000000000000000e+02 1.707110234375000535e-02
4.780000000000000000e+02 1.904585312500000488e-02
4.790000000000000000e+02 2.124525937499999531e-02
4.800000000000000000e+02 2.368799765625002191e-02
4.810000000000000000e+02 2.639402343750000754e-02
4.820000000000000000e+02 2.938441406250000276e-02
4.830000000000000000e+02 3.268208593750001473e-02
4.840000000000000000e+02 3.631124218750000215e-02
4.850000000000000000e+02 4.029768750000000538e-02
4.860000000000000000e+02 4.466903125000000474e-02
4.870000000000000000e+02 4.945481249999999357e-02
4.880000000000000000e+02 5.468624999999999875e-02
4.890000000000000000e+02 6.039687499999998876e-02
4.900000000000000000e+02 6.662266406249998940e-02
4.910000000000000000e+02 7.340059374999993724e-02
4.920000000000000000e+02 8.077110937499998311e-02
4.930000000000000000e+02 8.877896093749999828e-02
4.940000000000000000e+02 9.746766406249998682e-02
4.950000000000000000e+02 1.068870937500000923e-01
4.960000000000000000e+02 1.170884140625000069e-01
4.970000000000000000e+02 1.281267500000000115e-01
4.980000000000000000e+02 1.400598749999999726e-01
4.990000000000000000e+02 1.529504843750000009e-01
5.000000000000000000e+02 1.668648906250000952e-01
5.010000000000000000e+02 1.818723437500000539e-01
5.020000000000000000e+02 1.980463281250000873e-01
5.030000000000000000e+02 2.154682031249999796e-01
5.040000000000000000e+02 2.342191406250000996e-01
5.050000000000000000e+02 2.543892968750000594e-01
5.060000000000000000e+02 2.760721874999999548e-01
5.070000000000000000e+02 2.993676562500000582e-01
5.080000000000000000e+02 3.243816406250000783e-01
5.090000000000000000e+02 3.512277343750002667e-01
5.100000000000000000e+02 3.800237499999999380e-01
5.110000000000000000e+02 4.108951562500001709e-01
