0.000000000000000000e+00 5.569154750000000027e-05
1.000000000000000000e+00 5.567853601562500410e-05
2.000000000000000000e+00 5.565306726562501305e-05
3.000000000000000000e+00 5.561463867187500245e-05
4.000000000000000000e+00 5.556328718750000759e-05
5.000000000000000000e+00 5.549944812500001701e-05
6.000000000000000000e+00 5.542291031250000713e-05
7.000000000000000000e+00 5.533402304687499849e-05
8.000000000000000000e+00 5.523247562500001285e-05
9.000000000000000000e+00 5.511864070312500450e-05
1.000000000000000000e+01 5.499259914062499594e-05
1.100000000000000000e+01 5.485459062500001875e-05
1.200000000000000000e+01 5.470433953124997488e-05
1.300000000000000000e+01 5.454297429687499706e-05
1.400000000000000000e+01 5.436932859374997521e-05
1.500000000000000000e+01 5.418491406249999486e-05
1.600000000000000000e+01 5.398889820312500793e-05
1.700000000000000000e+01 5.378189187500000623e-05
1.800000000000000000e+01 5.356431914062498935e-05
1.900000000000000000e+01 5.333622187500003392e-05
2.000000000000000000e+01 5.309794265624998401e-05
2.100000000000000000e+01 5.284985507812499345e-05
2.200000000000000000e+01 5.259155390624999419e-05
2.300000000000000000e+01 5.232436718749999219e-05
2.400000000000000000e+01 5.204785617187497880e-05
2.500000000000000000e+01 5.176252984374998020e-05
2.600000000000000000e+01 5.146885687500000068e-05
2.700000000000000000e+01 5.116737523437499805e-05
2.800000000000000000e+01 5.085796343749999018e-05
2.900000000000000000e+01 5.054108164062496797e-05
3.000000000000000000e+01 5.021730210937500966e-05
3.100000000000000000e+01 4.988715109375001824e-05
3.200000000000000000e+01 4.955062054687501232e-05
3.300000000000000000e+01 4.920829937500002398e-05
3.400000000000000000e+01 4.886024125000001494e-05
3.500000000000000000e+01 4.850806249999999124e-05
3.600000000000000000e+01 4.815073320312500247e-05
3.700000000000000000e+01 4.778964781250000612e-05
3.800000000000000000e+01 4.742505156249999805e-05
3.900000000000000000e+01 4.705734976562501212e-05
4.000000000000000000e+01 4.668703437500000704e-05
4.100000000000000000e+01 4.631456085937501956e-05
4.200000000000000000e+01 4.594049781249999351e-05
4.300000000000000000e+01 4.556560992187499721e-05
4.400000000000000000e+01 4.518981445312500212e-05
4.500000000000000000e+01 4.481400703124999380e-05
4.600000000000000000e+01 4.443897109375001309e-05
4.700000000000000000e+01 4.406460007812499112e-05
4.800000000000000000e+01 4.369228468750000198e-05
4.900000000000000000e+01 4.332209296875002451e-05
5.000000000000000000e+01 4.295464515625000627e-05
5.100000000000000000e+01 4.259027890625000751e-05
5.200000000000000000e+01 4.222978664062499929e-05
5.300000000000000000e+01 4.187410539062499823e-05
5.400000000000000000e+01 4.152322648437499155e-05
5.500000000000000000e+01 4.117839164062499138e-05
5.600000000000000000e+01 4.083979742187499832e-05
5.700000000000000000e+01 4.050811605468751308e-05
5.800000000000000000e+01 4.018395862499999607e-05
5.900000000000000000e+01 3.986816299999999087e-05
6.000000000000000000e+01 3.956111727343750525e-05
6.100000000000000000e+01 3.926351048437499308e-05
6.200000000000000000e+01 3.897625492187498515e-05
6.300000000000000000e+01 3.869978409374999414e-05
6.400000000000000000e+01 3.843473639062501025e-05
6.500000000000000000e+01 3.818168036718750801e-05
6.600000000000000000e+01 3.794173321406251869e-05
6.700000000000000000e+01 3.771476790624999286e-05
6.800000000000000000e+01 3.750226923437500272e-05
6.900000000000000000e+01 3.730439267265624588e-05
7.000000000000000000e+01 3.712230739140624856e-05
7.100000000000000000e+01 3.695613402343750646e-05
7.200000000000000000e+01 3.680691803437500002e-05
7.300000000000000000e+01 3.667504585937498993e-05
7.400000000000000000e+01 3.656201993750000836e-05
7.500000000000000000e+01 3.646749953906248091e-05
7.600000000000000000e+01 3.639278931250001045e-05
7.700000000000000000e+01 3.633829906250000106e-05
7.800000000000000000e+01 3.630477578125000708e-05
7.900000000000000000e+01 3.629328765624998185e-05
8.000000000000000000e+01 3.630399101562499866e-05
8.100000000000000000e+01 3.633793335937498512e-05
8.200000000000000000e+01 3.639562718750000077e-05
8.300000000000000000e+01 3.647822234375001828e-05
8.400000000000000000e+01 3.658588437500000636e-05
8.500000000000000000e+01 3.671930679687501276e-05
8.600000000000000000e+01 3.687966148437501020e-05
8.700000000000000000e+01 3.706740312499999111e-05
8.800000000000000000e+01 3.728319999999998212e-05
8.900000000000000000e+01 3.752777500000000171e-05
9.000000000000000000e+01 3.780202265625001273e-05
9.100000000000000000e+01 3.810635078124998483e-05
9.200000000000000000e+01 3.844171328124999597e-05
9.300000000000000000e+01 3.880857812500001938e-05
9.400000000000000000e+01 3.920769921874999706e-05
9.500000000000000000e+01 3.964009062499999019e-05
9.600000000000000000e+01 4.010607421874997979e-05
9.700000000000000000e+01 4.060648671875001742e-05
9.800000000000000000e+01 4.114208515624999868e-05
9.900000000000000000e+01 4.171359062500001023e-05
1.000000000000000000e+02 4.232136484374999586e-05
1.010000000000000000e+02 4.296650156249998972e-05
1.020000000000000000e+02 4.364937890625000556e-05
1.030000000000000000e+02 4.437100078125001641e-05
1.040000000000000000e+02 4.513192500000000242e-05
1.050000000000000000e+02 4.593272421874999286e-05
1.060000000000000000e+02 4.677393749999999537e-05
1.070000000000000000e+02 4.765671093749999758e-05
1.080000000000000000e+02 4.858158593750000454e-05
1.090000000000000000e+02 4.954874218750000299e-05
1.100000000000000000e+02 5.055949218750000005e-05
1.110000000000000000e+02 5.161420312499998540e-05
1.120000000000000000e+02 5.271342968750001266e-05
1.130000000000000000e+02 5.385797656249997678e-05
1.140000000000000000e+02 5.504872656249998905e-05
1.150000000000000000e+02 5.628580468750000402e-05
1.160000000000000000e+02 5.757060937500000389e-05
1.170000000000000000e+02 5.890267187499998466e-05
1.180000000000000000e+02 6.028385937500001387e-05
1.190000000000000000e+02 6.171392968750000891e-05
1.200000000000000000e+02 6.319413281250000302e-05
1.210000000000000000e+02 6.472473437499999191e-05
1.220000000000000000e+02 6.630646093749998618e-05
1.230000000000000000e+02 6.793977343749998715e-05
1.240000000000000000e+02 6.962571874999998591e-05
1.250000000000000000e+02 7.136457031250000114e-05
1.260000000000000000e+02 7.315703125000002868e-05
1.270000000000000000e+02 7.500381250000000602e-05
1.280000000000000000e+02 7.690521093750000731e-05
1.290000000000000000e+02 7.886254687500000166e-05
1.300000000000000000e+02 8.087593749999998159e-05
1.310000000000000000e+02 8.294569531250001301e-05
1.320000000000000000e+02 8.507294531249995101e-05
1.330000000000000000e+02 8.725832812500000050e-05
1.340000000000000000e+02 8.950221874999999118e-05
1.350000000000000000e+02 9.180525781250003310e-05
1.360000000000000000e+02 9.416810156250002479e-05
1.370000000000000000e+02 9.659125781249999711e-05
1.380000000000000000e+02 9.907507031250002661e-05
1.390000000000000000e+02 1.016208203124999810e-04
1.400000000000000000e+02 1.042283593750000062e-04
1.410000000000000000e+02 1.068990312499999777e-04
1.420000000000000000e+02 1.096332031250000545e-04
1.430000000000000000e+02 1.124310156249999323e-04
1.440000000000000000e+02 1.152932031249999969e-04
1.450000000000000000e+02 1.182206249999999588e-04
1.460000000000000000e+02 1.212135937499999786e-04
1.470000000000000000e+02 1.242734374999999536e-04
1.480000000000000000e+02 1.273998437500000348e-04
1.490000000000000000e+02 1.305935156249999739e-04
1.500000000000000000e+02 1.338552343750000376e-04
1.510000000000000000e+02 1.371867187499999172e-04
1.520000000000000000e+02 1.405864843750000419e-04
1.530000000000000000e+02 1.440563281250000893e-04
1.540000000000000000e+02 1.475973437500000527e-04
1.550000000000000000e+02 1.512089843749999220e-04
1.560000000000000000e+02 1.548921093749999495e-04
1.570000000000000000e+02 1.586478906249999250e-04
1.580000000000000000e+02 1.624766406250000364e-04
1.590000000000000000e+02 1.663789843750000089e-04
1.600000000000000000e+02 1.703552343750000032e-04
1.610000000000000000e+02 1.744067968749999297e-04
1.620000000000000000e+02 1.785337500000000455e-04
1.630000000000000000e+02 1.827364843750000365e-04
1.640000000000000000e+02 1.870160937500000859e-04
1.650000000000000000e+02 1.913726562500000442e-04
1.660000000000000000e+02 1.958082031250000892e-04
1.670000000000000000e+02 2.003225781249999777e-04
1.680000000000000000e+02 2.049157812500000892e-04
1.690000000000000000e+02 2.095887500000000116e-04
1.700000000000000000e+02 2.143432031250001142e-04
1.710000000000000000e+02 2.191779687500000108e-04
1.720000000000000000e+02 2.240956249999999708e-04
1.730000000000000000e+02 2.290965624999998971e-04
1.740000000000000000e+02 2.341803124999999278e-04
1.750000000000000000e+02 2.393489843749999557e-04
1.760000000000000000e+02 2.446023437499999956e-04
1.770000000000000000e+02 2.499417187499999990e-04
1.780000000000000000e+02 2.553671875000000061e-04
1.790000000000000000e+02 2.608801562499999814e-04
1.800000000000000000e+02 2.664816406250000952e-04
1.810000000000000000e+02 2.721719531250000202e-04
1.820000000000000000e+02 2.779521875000000482e-04
1.830000000000000000e+02 2.838225781250001099e-04
1.840000000000000000e+02 2.897848437500001682e-04
1.850000000000000000e+02 2.958387499999999668e-04
1.860000000000000000e+02 3.019860937499999152e-04
1.870000000000000000e+02 3.082280468749998303e-04
1.880000000000000000e+02 3.145644531249999027e-04
1.890000000000000000e+02 3.209970312499999868e-04
1.900000000000000000e+02 3.275265625000001049e-04
1.910000000000000000e+02 3.341541406250000067e-04
1.920000000000000000e+02 3.408809374999999427e-04
1.930000000000000000e+02 3.477067968750001035e-04
1.940000000000000000e+02 3.546333593749998966e-04
1.950000000000000000e+02 3.616625781250000287e-04
1.960000000000000000e+02 3.687949218750000905e-04
1.970000000000000000e+02 3.760305468749999456e-04
1.980000000000000000e+02 3.833726562499996967e-04
1.990000000000000000e+02 3.908210156249997927e-04
2.000000000000000000e+02 3.983767187499998204e-04
2.010000000000000000e+02 4.060414062500001088e-04
2.020000000000000000e+02 4.138160156250000562e-04
2.030000000000000000e+02 4.217022656249997878e-04
2.040000000000000000e+02 4.297010937499998401e-04
2.050000000000000000e+02 4.378138281250002189e-04
2.060000000000000000e+02 4.460423437500001540e-04
2.070000000000000000e+02 4.543880468750000436e-04
2.080000000000000000e+02 4.628507031249999028e-04
2.090000000000000000e+02 4.714343749999998158e-04
2.100000000000000000e+02 4.801391406250002294e-04
2.110000000000000000e+02 4.889660156249999584e-04
2.120000000000000000e+02 4.979174999999998012e-04
2.130000000000000000e+02 5.069953906250002215e-04
2.140000000000000000e+02 5.162007031250002509e-04
2.150000000000000000e+02 5.255358593750000243e-04
2.160000000000000000e+02 5.350014062499997957e-04
2.170000000000000000e+02 5.446010156249995841e-04
2.180000000000000000e+02 5.543343749999997709e-04
2.190000000000000000e+02 5.642051562500001579e-04
2.200000000000000000e+02 5.742146874999999378e-04
2.210000000000000000e+02 5.843635937500002995e-04
2.220000000000000000e+02 5.946554687499996765e-04
2.230000000000000000e+02 6.050941406249996319e-04
2.240000000000000000e+02 6.156800781249999188e-04
2.250000000000000000e+02 6.264107031249999428e-04
2.260000000000000000e+02 6.372956249999997417e-04
2.270000000000000000e+02 6.483352343750003023e-04
2.280000000000000000e+02 6.595316406249998641e-04
2.290000000000000000e+02 6.708812499999996680e-04
2.300000000000000000e+02 6.823967968750002753e-04
2.310000000000000000e+02 6.940755468750000896e-04
2.320000000000000000e+02 7.059197656250000867e-04
2.330000000000000000e+02 7.179311718749997956e-04
2.340000000000000000e+02 7.301173437500003234e-04
2.350000000000000000e+02 7.424763281249999874e-04
2.360000000000000000e+02 7.550125781250000218e-04
2.370000000000000000e+02 7.677303906250003331e-04
2.380000000000000000e+02 7.806303124999998747e-04
2.390000000000000000e+02 7.937162500000003850e-04
2.400000000000000000e+02 8.069967968750003766e-04
2.410000000000000000e+02 8.204692968749997296e-04
2.420000000000000000e+02 8.341349218750005378e-04
2.430000000000000000e+02 8.480014843749999901e-04
2.440000000000000000e+02 8.620770312500003561e-04
2.450000000000000000e+02 8.763552343749999793e-04
2.460000000000000000e+02 8.908430468750001873e-04
2.470000000000000000e+02 9.055456249999997839e-04
2.480000000000000000e+02 9.204712500000002649e-04
2.490000000000000000e+02 9.356188281249999293e-04
2.500000000000000000e+02 9.509914062499998837e-04
2.510000000000000000e+02 9.665977343750000762e-04
2.520000000000000000e+02 9.824367968749997404e-04
2.530000000000000000e+02 9.985189843750004544e-04
2.540000000000000000e+02 1.014840703124999556e-03
2.550000000000000000e+02 1.031421093750000415e-03
2.560000000000000000e+02 1.048247187499999665e-03
2.570000000000000000e+02 1.065332265625000292e-03
2.580000000000000000e+02 1.082682890624999490e-03
2.590000000000000000e+02 1.100303046875001018e-03
2.600000000000000000e+02 1.118197968750000385e-03
2.610000000000000000e+02 1.136370859375000460e-03
2.620000000000000000e+02 1.154830625000000241e-03
2.630000000000000000e+02 1.173580234375000333e-03
2.640000000000000000e+02 1.192624999999999892e-03
2.650000000000000000e+02 1.211971093750000656e-03
2.660000000000000000e+02 1.231626718750000044e-03
2.670000000000000000e+02 1.251602890625000495e-03
2.680000000000000000e+02 1.271889843749999345e-03
2.690000000000000000e+02 1.292508515625000534e-03
2.700000000000000000e+02 1.313459062500000295e-03
2.710000000000000000e+02 1.334748515624998612e-03
2.720000000000000000e+02 1.356384531250000563e-03
2.730000000000000000e+02 1.378378906249999938e-03
2.740000000000000000e+02 1.400730078125000597e-03
2.750000000000000000e+02 1.423452968750000538e-03
2.760000000000000000e+02 1.446547265625000578e-03
2.770000000000000000e+02 1.470027578124999098e-03
2.780000000000000000e+02 1.493894531249999888e-03
2.790000000000000000e+02 1.518161249999999728e-03
2.800000000000000000e+02 1.542834999999999129e-03
2.810000000000000000e+02 1.567924296874999247e-03
2.820000000000000000e+02 1.593437187499999966e-03
2.830000000000000000e+02 1.619379531249999721e-03
2.840000000000000000e+02 1.645760859374999783e-03
2.850000000000000000e+02 1.672592656249999744e-03
2.860000000000000000e+02 1.699881171875000435e-03
2.870000000000000000e+02 1.727632343750000249e-03
2.880000000000000000e+02 1.755863203125000195e-03
2.890000000000000000e+02 1.784578515625000585e-03
2.900000000000000000e+02 1.813779921875000554e-03
2.910000000000000000e+02 1.843496093750000191e-03
2.920000000000000000e+02 1.873720859374999274e-03
2.930000000000000000e+02 1.904473671875000140e-03
2.940000000000000000e+02 1.935754921874998681e-03
2.950000000000000000e+02 1.967580781250000913e-03
2.960000000000000000e+02 1.999961875000000160e-03
2.970000000000000000e+02 2.032903281250000686e-03
2.980000000000000000e+02 2.066422812499998755e-03
2.990000000000000000e+02 2.100522265625000794e-03
3.000000000000000000e+02 2.135230468749998133e-03
3.010000000000000000e+02 2.170534921874999953e-03
3.020000000000000000e+02 2.206459062500001726e-03
3.030000000000000000e+02 2.243014765625001971e-03
3.040000000000000000e+02 2.280209609375000168e-03
3.050000000000000000e+02 2.318057734374998850e-03
3.060000000000000000e+02 2.356566484374999788e-03
3.070000000000000000e+02 2.395748359374999439e-03
3.080000000000000000e+02 2.435622656250000656e-03
3.090000000000000000e+02 2.476184375000000434e-03
3.100000000000000000e+02 2.517465312499999816e-03
3.110000000000000000e+02 2.559463749999998840e-03
3.120000000000000000e+02 2.602193515625001070e-03
3.130000000000000000e+02 2.645666875000000483e-03
3.140000000000000000e+02 2.689894296875001110e-03
3.150000000000000000e+02 2.734890156249998854e-03
3.160000000000000000e+02 2.780665859375002023e-03
3.170000000000000000e+02 2.827235546874999703e-03
3.180000000000000000e+02 2.874601250000001235e-03
3.190000000000000000e+02 2.922782812499998342e-03
3.200000000000000000e+02 2.971787265624999900e-03
3.210000000000000000e+02 3.021625156250000357e-03
3.220000000000000000e+02 3.072311406249999665e-03
3.230000000000000000e+02 3.123856484374998386e-03
3.240000000000000000e+02 3.176271328124999002e-03
3.250000000000000000e+02 3.229562421874999836e-03
3.260000000000000000e+02 3.283744062500001167e-03
3.270000000000000000e+02 3.338820156250000074e-03
3.280000000000000000e+02 3.394805312500001008e-03
3.290000000000000000e+02 3.451714609375001238e-03
3.300000000000000000e+02 3.509543750000000857e-03
3.310000000000000000e+02 3.568302343750000879e-03
3.320000000000000000e+02 3.628015625000001031e-03
3.330000000000000000e+02 3.688677343750000268e-03
3.340000000000000000e+02 3.750289843749999956e-03
3.350000000000000000e+02 3.812874999999999858e-03
3.360000000000000000e+02 3.876429687500001185e-03
3.370000000000000000e+02 3.940959375000000625e-03
3.380000000000000000e+02 4.006472656250001027e-03
3.390000000000000000e+02 4.072964062499997463e-03
3.400000000000000000e+02 4.140457812500000605e-03
3.410000000000000000e+02 4.208928125000000603e-03
3.420000000000000000e+02 4.278396874999998954e-03
3.430000000000000000e+02 4.348853906249998402e-03
3.440000000000000000e+02 4.420311718750001041e-03
3.450000000000000000e+02 4.492758593749998294e-03
3.460000000000000000e+02 4.566202343749998192e-03
3.470000000000000000e+02 4.640621093750002708e-03
3.480000000000000000e+02 4.716021093749998144e-03
3.490000000000000000e+02 4.792400781249999200e-03
3.500000000000000000e+02 4.869739843750001823e-03
3.510000000000000000e+02 4.948067187500001206e-03
3.520000000000000000e+02 5.027332812499995911e-03
3.530000000000000000e+02 5.107511718749997362e-03
3.540000000000000000e+02 5.188635937499999976e-03
3.550000000000000000e+02 5.270686718749997141e-03
3.560000000000000000e+02 5.353585937499997886e-03
3.570000000000000000e+02 5.437389062500002507e-03
3.580000000000000000e+02 5.522048437499998789e-03
3.590000000000000000e+02 5.607518749999996707e-03
3.600000000000000000e+02 5.693802343749998496e-03
3.610000000000000000e+02 5.780856250000002486e-03
3.620000000000000000e+02 5.868660156249999420e-03
3.630000000000000000e+02 5.957196875000001814e-03
3.640000000000000000e+02 6.046415624999997365e-03
3.650000000000000000e+02 6.136272656249998694e-03
3.660000000000000000e+02 6.226696874999998986e-03
3.670000000000000000e+02 6.317743749999999402e-03
3.680000000000000000e+02 6.409249218750003030e-03
3.690000000000000000e+02 6.501283593750001484e-03
3.700000000000000000e+02 6.593691406250000268e-03
3.710000000000000000e+02 6.686477343750000385e-03
3.720000000000000000e+02 6.779543750000002061e-03
3.730000000000000000e+02 6.872898437500002053e-03
3.740000000000000000e+02 6.966386718749998513e-03
3.750000000000000000e+02 7.059966406249998903e-03
3.760000000000000000e+02 7.153614062499998212e-03
3.770000000000000000e+02 7.247211718750001287e-03
3.780000000000000000e+02 7.340701562500005599e-03
3.790000000000000000e+02 7.433957812500000158e-03
3.800000000000000000e+02 7.526882031249996011e-03
3.810000000000000000e+02 7.619460156249998825e-03
3.820000000000000000e+02 7.711548437500000998e-03
3.830000000000000000e+02 7.803034375000000161e-03
3.840000000000000000e+02 7.893832031250002518e-03
3.850000000000000000e+02 7.983784375000000516e-03
3.860000000000000000e+02 8.072827343750001855e-03
3.870000000000000000e+02 8.160850000000002477e-03
3.880000000000000000e+02 8.247632812500004310e-03
3.890000000000000000e+02 8.333190625000000407e-03
3.900000000000000000e+02 8.417231249999997111e-03
3.910000000000000000e+02 8.499728124999997997e-03
3.920000000000000000e+02 8.580504687499997118e-03
3.930000000000000000e+02 8.659390625000004324e-03
3.940000000000000000e+02 8.736246093749998679e-03
3.950000000000000000e+02 8.810902343750001350e-03
3.960000000000000000e+02 8.883196874999998993e-03
3.970000000000000000e+02 8.952979687499999437e-03
3.980000000000000000e+02 9.020077343750000295e-03
3.990000000000000000e+02 9.084242187499999219e-03
4.000000000000000000e+02 9.145382812499994879e-03
4.010000000000000000e+02 9.203240625000004560e-03
4.020000000000000000e+02 9.257692968750003484e-03
4.030000000000000000e+02 9.308467187499998990e-03
4.040000000000000000e+02 9.355405468750003020e-03
4.050000000000000000e+02 9.398323437500005068e-03
4.060000000000000000e+02 9.436952343749995670e-03
4.070000000000000000e+02 9.471135156249997633e-03
4.080000000000000000e+02 9.500678906250002373e-03
4.090000000000000000e+02 9.525328124999997773e-03
4.100000000000000000e+02 9.544920312499987833e-03
4.110000000000000000e+02 9.559175781250005277e-03
4.120000000000000000e+02 9.567934375000001698e-03
4.130000000000000000e+02 9.570964843749992998e-03
4.140000000000000000e+02 9.568068750000002093e-03
4.150000000000000000e+02 9.559040625000000957e-03
4.160000000000000000e+02 9.543683593750008215e-03
4.170000000000000000e+02 9.521810156250001128e-03
4.180000000000000000e+02 9.493153906249994153e-03
4.190000000000000000e+02 9.457638281249996365e-03
4.200000000000000000e+02 9.415036718749996911e-03
4.210000000000000000e+02 9.365236718750006434e-03
4.220000000000000000e+02 9.308004687499997834e-03
4.230000000000000000e+02 9.243252343749999364e-03
4.240000000000000000e+02 9.170885156249997464e-03
4.250000000000000000e+02 9.090749218750008090e-03
4.260000000000000000e+02 9.002867968749998090e-03
4.270000000000000000e+02 8.907017187500001348e-03
4.280000000000000000e+02 8.803327343750002101e-03
4.290000000000000000e+02 8.691735937500005491e-03
4.300000000000000000e+02 8.572250781250003934e-03
4.310000000000000000e+02 8.444971093749998117e-03
4.320000000000000000e+02 8.309973437499999782e-03
4.330000000000000000e+02 8.167474218750005177e-03
4.340000000000000000e+02 8.017599999999999727e-03
4.350000000000000000e+02 7.860644531250005757e-03
4.360000000000000000e+02 7.696878906250000270e-03
4.370000000000000000e+02 7.526708593750000564e-03
4.380000000000000000e+02 7.350539843750001842e-03
4.390000000000000000e+02 7.168912499999998376e-03
4.400000000000000000e+02 6.982391406250003374e-03
4.410000000000000000e+02 6.791668750000001177e-03
4.420000000000000000e+02 6.597505468750000657e-03
4.430000000000000000e+02 6.400778125000001866e-03
4.440000000000000000e+02 6.202474218749999373e-03
4.450000000000000000e+02 6.003694531250001847e-03
4.460000000000000000e+02 5.805655468750001331e-03
4.470000000000000000e+02 5.609741406250000340e-03
4.480000000000000000e+02 5.417468749999999542e-03
4.490000000000000000e+02 5.230504687500000909e-03
4.500000000000000000e+02 5.050704687500000983e-03
4.510000000000000000e+02 4.880103906249998874e-03
4.520000000000000000e+02 4.720945156249999747e-03
4.530000000000000000e+02 4.575668203124999209e-03
4.540000000000000000e+02 4.446958046875002131e-03
4.550000000000000000e+02 4.337735937499999188e-03
4.560000000000000000e+02 4.251189453125000031e-03
4.570000000000000000e+02 4.190796328125000365e-03
4.580000000000000000e+02 4.160318046875002666e-03
4.590000000000000000e+02 4.163864835937499537e-03
4.600000000000000000e+02 4.205871085937499219e-03
4.610000000000000000e+02 4.291130355937498864e-03
4.620000000000000000e+02 4.424886820312499622e-03
4.630000000000000000e+02 4.612728507812502085e-03
4.640000000000000000e+02 4.860771171874998450e-03
4.650000000000000000e+02 5.175524375000004063e-03
4.660000000000000000e+02 5.564079296875000698e-03
4.670000000000000000e+02 6.034047890624999813e-03
4.680000000000000000e+02 6.593628125000001484e-03
4.690000000000000000e+02 7.251641406249997694e-03
4.700000000000000000e+02 8.017510156250001047e-03
4.710000000000000000e+02 8.901469531250004452e-03
4.720000000000000000e+02 9.914382031249996743e-03
4.730000000000000000e+02 1.106796718750000484e-02
4.740000000000000000e+02 1.237480156250000442e-02
4.750000000000000000e+02 1.384838046875000103e-02
4.760000000000000000e+02 1.550305312499999748e-02
4.770000000000000000e+02 1.735421328125000273e-02
4.780000000000000000e+02 1.941847812500000978e-02
4.790000000000000000e+02 2.171331093750000774e-02
4.800000000000000000e+02 2.425773828124998949e-02
4.810000000000000000e+02 2.707185937499999653e-02
4.820000000000000000e+02 3.017713281250001059e-02
4.830000000000000000e+02 3.359651562500002436e-02
4.840000000000000000e+02 3.735464062500000459e-02
4.850000000000000000e+02 4.147750000000002130e-02
4.860000000000000000e+02 4.599298437499999698e-02
4.870000000000000000e+02 5.093093749999997449e-02
4.880000000000000000e+02 5.632286718749996562e-02
4.890000000000000000e+02 6.220243750000001987e-02
4.900000000000000000e+02 6.860538281249996262e-02
4.910000000000000000e+02 7.557051562499997321e-02
4.920000000000000000e+02 8.313804687500001012e-02
4.930000000000000000e+02 9.135141406250006646e-02
4.940000000000000000e+02 1.002561015624999774e-01
4.950000000000000000e+02 1.099015937500000539e-01
4.960000000000000000e+02 1.203396718749999983e-01
4.970000000000000000e+02 1.316251640624999664e-01
4.980000000000000000e+02 1.438177109374999540e-01
4.990000000000000000e+02 1.569790234374999482e-01
5.000000000000000000e+02 1.711746093750000086e-01
5.010000000000000000e+02 1.864755468750000089e-01
5.020000000000000000e+02 2.029566406250000177e-01
5.030000000000000000e+02 2.206962500000001492e-01
5.040000000000000000e+02 2.397785937499999076e-01
5.050000000000000000e+02 2.602931249999999586e-01
5.060000000000000000e+02 2.823331249999999626e-01
5.070000000000000000e+02 3.059996093749999813e-01
5.080000000000000000e+02 3.313992187499999464e-01
5.090000000000000000e+02 3.586428906250000437e-01
5.100000000000000000e+02 3.878517187499999075e-01
5.110000000000000000e+02 4.191494531250001265e-01
