0.000000000000000000e+00 1.400632234375000598e-04
1.000000000000000000e+00 1.400329742187500547e-04
2.000000000000000000e+00 1.399730914062499428e-04
3.000000000000000000e+00 1.398830343749999055e-04
4.000000000000000000e+00 1.397631007812499869e-04
5.000000000000000000e+00 1.396133304687500413e-04
6.000000000000000000e+00 1.394338367187500361e-04
7.000000000000000000e+00 1.392247515624999723e-04
8.000000000000000000e+00 1.389864054687500337e-04
9.000000000000000000e+00 1.387185031249999910e-04
1.000000000000000000e+01 1.384218843750000525e-04
1.100000000000000000e+01 1.380965429687499722e-04
1.200000000000000000e+01 1.377428281250001030e-04
1.300000000000000000e+01 1.373599992187499619e-04
1.400000000000000000e+01 1.369504273437500356e-04
1.500000000000000000e+01 1.365122304687499703e-04
1.600000000000000000e+01 1.360470820312499910e-04
1.700000000000000000e+01 1.355553937500000113e-04
1.800000000000000000e+01 1.350367078124999900e-04
1.900000000000000000e+01 1.344919968750000658e-04
2.000000000000000000e+01 1.339219218750000101e-04
2.100000000000000000e+01 1.333262320312500796e-04
2.200000000000000000e+01 1.327050828125000189e-04
2.300000000000000000e+01 1.320609492187500215e-04
2.400000000000000000e+01 1.313921218750000060e-04
2.500000000000000000e+01 1.307004804687500238e-04
2.600000000000000000e+01 1.299863999999999859e-04
2.700000000000000000e+01 1.292494328125000141e-04
2.800000000000000000e+01 1.284915593749999605e-04
2.900000000000000000e+01 1.277123328124999844e-04
3.000000000000000000e+01 1.269130335937500244e-04
3.100000000000000000e+01 1.260940671874999646e-04
3.200000000000000000e+01 1.252559171875000004e-04
3.300000000000000000e+01 1.243996078124999288e-04
3.400000000000000000e+01 1.235256828125000166e-04
3.500000000000000000e+01 1.226344453125000284e-04
3.600000000000000000e+01 1.217276015625000309e-04
3.700000000000000000e+01 1.208051992187500506e-04
3.800000000000000000e+01 1.198678828125000057e-04
3.900000000000000000e+01 1.189174484375000242e-04
4.000000000000000000e+01 1.179526242187499841e-04
4.100000000000000000e+01 1.169766265624999895e-04
4.200000000000000000e+01 1.159889429687500147e-04
4.300000000000000000e+01 1.149905835937500620e-04
4.400000000000000000e+01 1.139825820312499857e-04
4.500000000000000000e+01 1.129654578124999868e-04
4.600000000000000000e+01 1.119402562499999677e-04
4.700000000000000000e+01 1.109083054687500154e-04
4.800000000000000000e+01 1.098701984374999966e-04
4.900000000000000000e+01 1.088269664062499784e-04
5.000000000000000000e+01 1.077787124999999961e-04
5.100000000000000000e+01 1.067276820312499681e-04
5.200000000000000000e+01 1.056736914062499913e-04
5.300000000000000000e+01 1.046186304687500085e-04
5.400000000000000000e+01 1.035625341406250498e-04
5.500000000000000000e+01 1.025071673437500085e-04
5.600000000000000000e+01 1.014534074999999633e-04
5.700000000000000000e+01 1.004021353124999932e-04
5.800000000000000000e+01 9.935356898437500562e-05
5.900000000000000000e+01 9.831026726562498133e-05
6.000000000000000000e+01 9.727186468750002543e-05
6.100000000000000000e+01 9.624013257812500570e-05
6.200000000000000000e+01 9.521617148437500370e-05
6.300000000000000000e+01 9.420042328124993429e-05
6.400000000000000000e+01 9.319492289062502146e-05
6.500000000000000000e+01 9.219901624999996491e-05
6.600000000000000000e+01 9.121548609374995498e-05
6.700000000000000000e+01 9.024460156249996656e-05
6.800000000000000000e+01 8.928707773437498157e-05
6.900000000000000000e+01 8.834496257812497538e-05
7.000000000000000000e+01 8.741881749999998153e-05
7.100000000000000000e+01 8.650961710937498847e-05
7.200000000000000000e+01 8.561816539062497527e-05
7.300000000000000000e+01 8.474661039062498494e-05
7.400000000000000000e+01 8.389459421874999063e-05
7.500000000000000000e+01 8.306412429687500096e-05
7.600000000000000000e+01 8.225642409375000610e-05
7.700000000000000000e+01 8.147162376562504162e-05
7.800000000000000000e+01 8.071162737500002092e-05
7.900000000000000000e+01 7.997722502343751580e-05
8.000000000000000000e+01 7.926946070312499836e-05
8.100000000000000000e+01 7.858947837499998847e-05
8.200000000000000000e+01 7.793852689765624106e-05
8.300000000000000000e+01 7.731725645312501733e-05
8.400000000000000000e+01 7.672730378124996431e-05
8.500000000000000000e+01 7.616903265624998677e-05
8.600000000000000000e+01 7.564394171875001211e-05
8.700000000000000000e+01 7.515299749999997299e-05
8.800000000000000000e+01 7.469723828125000322e-05
8.900000000000000000e+01 7.427797054687498488e-05
9.000000000000000000e+01 7.389602492187502774e-05
9.100000000000000000e+01 7.355222242187498861e-05
9.200000000000000000e+01 7.324816148437502631e-05
9.300000000000000000e+01 7.298404062500001845e-05
9.400000000000000000e+01 7.276198835937501834e-05
9.500000000000000000e+01 7.258251999999999976e-05
9.600000000000000000e+01 7.244587578124999890e-05
9.700000000000000000e+01 7.235419062500001634e-05
9.800000000000000000e+01 7.230770781249998801e-05
9.900000000000000000e+01 7.230800625000001524e-05
1.000000000000000000e+02 7.235585312500000051e-05
1.010000000000000000e+02 7.245208828124996255e-05
1.020000000000000000e+02 7.259795546875001378e-05
1.030000000000000000e+02 7.279443515625000404e-05
1.040000000000000000e+02 7.304224687499997202e-05
1.050000000000000000e+02 7.334270859375000462e-05
1.060000000000000000e+02 7.369595937499999342e-05
1.070000000000000000e+02 7.410371874999999284e-05
1.080000000000000000e+02 7.456694687500001520e-05
1.090000000000000000e+02 7.508603046875000605e-05
1.100000000000000000e+02 7.566226484374999372e-05
1.110000000000000000e+02 7.629646796875003015e-05
1.120000000000000000e+02 7.698971171875000651e-05
1.130000000000000000e+02 7.774283671875000619e-05
1.140000000000000000e+02 7.855621874999999129e-05
1.150000000000000000e+02 7.943163671874998229e-05
1.160000000000000000e+02 8.036896875000001895e-05
1.170000000000000000e+02 8.136985937499999460e-05
1.180000000000000000e+02 8.243466406249997964e-05
1.190000000000000000e+02 8.356492968749998655e-05
1.200000000000000000e+02 8.476068749999999890e-05
1.210000000000000000e+02 8.602328125000002768e-05
1.220000000000000000e+02 8.735326562500001131e-05
1.230000000000000000e+02 8.875126562500001385e-05
1.240000000000000000e+02 9.021857031250000731e-05
1.250000000000000000e+02 9.175579687499995144e-05
1.260000000000000000e+02 9.336391406249998685e-05
1.270000000000000000e+02 9.504317187499999550e-05
1.280000000000000000e+02 9.679442968750005360e-05
1.290000000000000000e+02 9.861900781250002186e-05
1.300000000000000000e+02 1.005173984375000342e-04
1.310000000000000000e+02 1.024901093750000267e-04
1.320000000000000000e+02 1.045381718750000257e-04
1.330000000000000000e+02 1.066616718750000537e-04
1.340000000000000000e+02 1.088624453124999847e-04
1.350000000000000000e+02 1.111403437499999781e-04
1.360000000000000000e+02 1.134965468750000092e-04
1.370000000000000000e+02 1.159318906250000311e-04
1.380000000000000000e+02 1.184461796874999840e-04
1.390000000000000000e+02 1.210407656249999696e-04
1.400000000000000000e+02 1.237163203124999730e-04
1.410000000000000000e+02 1.264735859374999561e-04
1.420000000000000000e+02 1.293128203125000269e-04
1.430000000000000000e+02 1.322351640625000460e-04
1.440000000000000000e+02 1.352409687500000181e-04
1.450000000000000000e+02 1.383310937500000057e-04
1.460000000000000000e+02 1.415058281250000194e-04
1.470000000000000000e+02 1.447661093750000536e-04
1.480000000000000000e+02 1.481131328125000484e-04
1.490000000000000000e+02 1.515465625000000449e-04
1.500000000000000000e+02 1.550675312500000163e-04
1.510000000000000000e+02 1.586756249999999094e-04
1.520000000000000000e+02 1.623738281250000778e-04
1.530000000000000000e+02 1.661602343749999527e-04
1.540000000000000000e+02 1.700371874999999811e-04
1.550000000000000000e+02 1.740046093750000143e-04
1.560000000000000000e+02 1.780630468749999813e-04
1.570000000000000000e+02 1.822124999999999364e-04
1.580000000000000000e+02 1.864557812500000796e-04
1.590000000000000000e+02 1.907909374999999753e-04
1.600000000000000000e+02 1.952198437499999648e-04
1.610000000000000000e+02 1.997432812499999350e-04
1.620000000000000000e+02 2.043613281250000345e-04
1.630000000000000000e+02 2.090746093750000970e-04
1.640000000000000000e+02 2.138835156250000252e-04
1.650000000000000000e+02 2.187895312500000137e-04
1.660000000000000000e+02 2.237922656249999699e-04
1.670000000000000000e+02 2.288932031250000883e-04
1.680000000000000000e+02 2.340928906250000269e-04
1.690000000000000000e+02 2.393907031249999789e-04
1.700000000000000000e+02 2.447883593750000970e-04
1.710000000000000000e+02 2.502867187500000101e-04
1.720000000000000000e+02 2.558853124999999648e-04
1.730000000000000000e+02 2.615853124999999949e-04
1.740000000000000000e+02 2.673882812499999285e-04
1.750000000000000000e+02 2.732927343749999506e-04
1.760000000000000000e+02 2.793007031250000220e-04
1.770000000000000000e+02 2.854128906249999895e-04
1.780000000000000000e+02 2.916301562500001597e-04
1.790000000000000000e+02 2.979517187500001305e-04
1.800000000000000000e+02 3.043796874999999303e-04
1.810000000000000000e+02 3.109141406249998972e-04
1.820000000000000000e+02 3.175554687500000426e-04
1.830000000000000000e+02 3.243045312499999683e-04
1.840000000000000000e+02 3.311620312499999005e-04
1.850000000000000000e+02 3.381294531249999253e-04
1.860000000000000000e+02 3.452066406250001249e-04
1.870000000000000000e+02 3.523935156249998358e-04
1.880000000000000000e+02 3.596922656250001833e-04
1.890000000000000000e+02 3.671032812500000402e-04
1.900000000000000000e+02 3.746263281250001263e-04
1.910000000000000000e+02 3.822632031249999294e-04
1.920000000000000000e+02 3.900142968750000029e-04
1.930000000000000000e+02 3.978799999999999785e-04
1.940000000000000000e+02 4.058616406250001329e-04
1.950000000000000000e+02 4.139598437500001914e-04
1.960000000000000000e+02 4.221754687499997558e-04
1.970000000000000000e+02 4.305088281249999627e-04
1.980000000000000000e+02 4.389611718750002084e-04
1.990000000000000000e+02 4.475333593749998779e-04
2.000000000000000000e+02 4.562264062500000629e-04
2.010000000000000000e+02 4.650402343750000998e-04
2.020000000000000000e+02 4.739774218749999869e-04
2.030000000000000000e+02 4.830369531250002586e-04
2.040000000000000000e+02 4.922216406250001395e-04
2.050000000000000000e+02 5.015306250000001360e-04
2.060000000000000000e+02 5.109656250000000483e-04
2.070000000000000000e+02 5.205279687499998276e-04
2.080000000000000000e+02 5.302181250000000947e-04
2.090000000000000000e+02 5.400376562499998104e-04
2.100000000000000000e+02 5.499871093750000961e-04
2.110000000000000000e+02 5.600669531249998379e-04
2.120000000000000000e+02 5.702797656250000640e-04
2.130000000000000000e+02 5.806259374999999182e-04
2.140000000000000000e+02 5.911058593749997370e-04
2.150000000000000000e+02 6.017217187499999953e-04
2.160000000000000000e+02 6.124746874999999679e-04
2.170000000000000000e+02 6.233649218750001147e-04
2.180000000000000000e+02 6.343954687499998076e-04
2.190000000000000000e+02 6.455657812500003104e-04
2.200000000000000000e+02 6.568775000000001089e-04
2.210000000000000000e+02 6.683320312499997640e-04
2.220000000000000000e+02 6.799303906250000421e-04
2.230000000000000000e+02 6.916746874999996162e-04
2.240000000000000000e+02 7.035659375000000116e-04
2.250000000000000000e+02 7.156066406249995872e-04
2.260000000000000000e+02 7.277979687500001115e-04
2.270000000000000000e+02 7.401392187499998944e-04
2.280000000000000000e+02 7.526357812499998934e-04
2.290000000000000000e+02 7.652879687500004861e-04
2.300000000000000000e+02 7.780925781250003226e-04
2.310000000000000000e+02 7.910576562499998295e-04
2.320000000000000000e+02 8.041789843750001433e-04
2.330000000000000000e+02 8.174666406249999706e-04
2.340000000000000000e+02 8.309142968750006910e-04
2.350000000000000000e+02 8.445317187500004166e-04
2.360000000000000000e+02 8.583129687499998876e-04
2.370000000000000000e+02 8.722632031249998594e-04
2.380000000000000000e+02 8.863854687500001377e-04
2.390000000000000000e+02 9.006795312500000868e-04
2.400000000000000000e+02 9.151484375000002716e-04
2.410000000000000000e+02 9.297986718750000977e-04
2.420000000000000000e+02 9.446253124999996623e-04
2.430000000000000000e+02 9.596321093750000272e-04
2.440000000000000000e+02 9.748266406249998057e-04
2.450000000000000000e+02 9.902069531250001343e-04
2.460000000000000000e+02 1.005772968749999753e-03
2.470000000000000000e+02 1.021538359375000031e-03
2.480000000000000000e+02 1.037490234374999947e-03
2.490000000000000000e+02 1.053642109375000193e-03
2.500000000000000000e+02 1.069991015624999512e-03
2.510000000000000000e+02 1.086549140625000381e-03
2.520000000000000000e+02 1.103304999999999737e-03
2.530000000000000000e+02 1.120277734375000299e-03
2.540000000000000000e+02 1.137455390624999467e-03
2.550000000000000000e+02 1.154850781250000473e-03
2.560000000000000000e+02 1.172464843750000221e-03
2.570000000000000000e+02 1.190296406250000412e-03
2.580000000000000000e+02 1.208355312499999985e-03
2.590000000000000000e+02 1.226646640624999519e-03
2.600000000000000000e+02 1.245163593749999340e-03
2.610000000000000000e+02 1.263920156249999892e-03
2.620000000000000000e+02 1.282914296874999426e-03
2.630000000000000000e+02 1.302148593750000055e-03
2.640000000000000000e+02 1.321632187500000220e-03
2.650000000000000000e+02 1.341373046875000063e-03
2.660000000000000000e+02 1.361367031250001114e-03
2.670000000000000000e+02 1.381616953125000156e-03
2.680000000000000000e+02 1.402133281250000137e-03
2.690000000000000000e+02 1.422922812500000299e-03
2.700000000000000000e+02 1.443984296875001081e-03
2.710000000000000000e+02 1.465329296874999651e-03
2.720000000000000000e+02 1.486951328124999855e-03
2.730000000000000000e+02 1.508861093750000614e-03
2.740000000000000000e+02 1.531075703124999861e-03
2.750000000000000000e+02 1.553581328125000103e-03
2.760000000000000000e+02 1.576396640625000404e-03
2.770000000000000000e+02 1.599524921875000553e-03
2.780000000000000000e+02 1.622965937499999808e-03
2.790000000000000000e+02 1.646730546875000041e-03
2.800000000000000000e+02 1.670829843750000834e-03
2.810000000000000000e+02 1.695258437500000472e-03
2.820000000000000000e+02 1.720031484375000299e-03
2.830000000000000000e+02 1.745155859374999735e-03
2.840000000000000000e+02 1.770634296875000591e-03
2.850000000000000000e+02 1.796474609374998973e-03
2.860000000000000000e+02 1.822685625000000208e-03
2.870000000000000000e+02 1.849272500000000282e-03
2.880000000000000000e+02 1.876246875000000223e-03
2.890000000000000000e+02 1.903615937499999935e-03
2.900000000000000000e+02 1.931378749999999693e-03
2.910000000000000000e+02 1.959555312499999379e-03
2.920000000000000000e+02 1.988148593749999166e-03
2.930000000000000000e+02 2.017164609375000223e-03
2.940000000000000000e+02 2.046616953125000599e-03
2.950000000000000000e+02 2.076508046874999888e-03
2.960000000000000000e+02 2.106857421875000819e-03
2.970000000000000000e+02 2.137659843750000510e-03
2.980000000000000000e+02 2.168941015625001044e-03
2.990000000000000000e+02 2.200697031250001875e-03
3.000000000000000000e+02 2.232941328124999833e-03
3.010000000000000000e+02 2.265687031249999286e-03
3.020000000000000000e+02 2.298939218749999729e-03
3.030000000000000000e+02 2.332717109375001020e-03
3.040000000000000000e+02 2.367025624999999269e-03
3.050000000000000000e+02 2.401879375000001964e-03
3.060000000000000000e+02 2.437281249999998910e-03
3.070000000000000000e+02 2.473239687499999978e-03
3.080000000000000000e+02 2.509780078125000476e-03
3.090000000000000000e+02 2.546907421874999942e-03
3.100000000000000000e+02 2.584630703124998850e-03
3.110000000000000000e+02 2.622963984374998472e-03
3.120000000000000000e+02 2.661919374999999373e-03
3.130000000000000000e+02 2.701507421874999038e-03
3.140000000000000000e+02 2.741749140624998547e-03
3.150000000000000000e+02 2.782642031250000519e-03
3.160000000000000000e+02 2.824204843750001154e-03
3.170000000000000000e+02 2.866452109374998010e-03
3.180000000000000000e+02 2.909395703124999580e-03
3.190000000000000000e+02 2.953051718750001296e-03
3.200000000000000000e+02 2.997426484375001997e-03
3.210000000000000000e+02 3.042541718750000658e-03
3.220000000000000000e+02 3.088400625000000364e-03
3.230000000000000000e+02 3.135021796874999135e-03
3.240000000000000000e+02 3.182414062500001865e-03
3.250000000000000000e+02 3.230602421875000164e-03
3.260000000000000000e+02 3.279589218750000174e-03
3.270000000000000000e+02 3.329384062500000737e-03
3.280000000000000000e+02 3.380013046875001131e-03
3.290000000000000000e+02 3.431480156250000125e-03
3.300000000000000000e+02 3.483805156249999025e-03
3.310000000000000000e+02 3.536989531249998351e-03
3.320000000000000000e+02 3.591053046875000709e-03
3.330000000000000000e+02 3.646015624999998216e-03
3.340000000000000000e+02 3.701876640624999441e-03
3.350000000000000000e+02 3.758651406250000226e-03
3.360000000000000000e+02 3.816366015624999414e-03
3.370000000000000000e+02 3.874994999999998701e-03
3.380000000000000000e+02 3.934608750000000502e-03
3.390000000000000000e+02 3.995156562500001146e-03
3.400000000000000000e+02 4.056699218749997699e-03
3.410000000000000000e+02 4.119203046874998775e-03
3.420000000000000000e+02 4.182703046875001565e-03
3.430000000000000000e+02 4.247214062499999991e-03
3.440000000000000000e+02 4.312713281250001723e-03
3.450000000000000000e+02 4.379268750000000002e-03
3.460000000000000000e+02 4.446791406250000071e-03
3.470000000000000000e+02 4.515400781249997997e-03
3.480000000000000000e+02 4.585004687500000668e-03
3.490000000000000000e+02 4.655665625000000342e-03
3.500000000000000000e+02 4.727355468749997076e-03
3.510000000000000000e+02 4.800094531249998395e-03
3.520000000000000000e+02 4.873905468749995841e-03
3.530000000000000000e+02 4.948718750000000860e-03
3.540000000000000000e+02 5.024616406250000632e-03
3.550000000000000000e+02 5.101543749999998788e-03
3.560000000000000000e+02 5.179532812499998418e-03
3.570000000000000000e+02 5.258516406250000191e-03
3.580000000000000000e+02 5.338551562499994040e-03
3.590000000000000000e+02 5.419602343750001480e-03
3.600000000000000000e+02 5.501671093749999596e-03
3.610000000000000000e+02 5.584752343749997336e-03
3.620000000000000000e+02 5.668811718750002386e-03
3.630000000000000000e+02 5.753824999999998871e-03
3.640000000000000000e+02 5.839779687499998574e-03
3.650000000000000000e+02 5.926656250000003970e-03
3.660000000000000000e+02 6.014461718750003551e-03
3.670000000000000000e+02 6.103150781249998616e-03
3.680000000000000000e+02 6.192685156250000642e-03
3.690000000000000000e+02 6.283024218750001520e-03
3.700000000000000000e+02 6.374198437500003429e-03
3.710000000000000000e+02 6.466097656250001900e-03
3.720000000000000000e+02 6.558719531250003371e-03
3.730000000000000000e+02 6.652050781250000086e-03
3.740000000000000000e+02 6.745930468750001296e-03
3.750000000000000000e+02 6.840427343749999438e-03
3.760000000000000000e+02 6.935473437500001663e-03
3.770000000000000000e+02 7.030937500000003330e-03
3.780000000000000000e+02 7.126852343749998445e-03
3.790000000000000000e+02 7.223075000000003278e-03
3.800000000000000000e+02 7.319593750000004048e-03
3.810000000000000000e+02 7.416289062500001222e-03
3.820000000000000000e+02 7.513139062499998508e-03
3.830000000000000000e+02 7.609998437499999532e-03
3.840000000000000000e+02 7.706851562499998642e-03
3.850000000000000000e+02 7.803536718750002030e-03
3.860000000000000000e+02 7.899993749999997122e-03
3.870000000000000000e+02 7.996101562499998219e-03
3.880000000000000000e+02 8.091803906250003703e-03
3.890000000000000000e+02 8.186956250000003779e-03
3.900000000000000000e+02 8.281410156250005455e-03
3.910000000000000000e+02 8.375103906249995248e-03
3.920000000000000000e+02 8.467869531249999984e-03
3.930000000000000000e+02 8.559582031249995254e-03
3.940000000000000000e+02 8.650102343750002212e-03
3.950000000000000000e+02 8.739328906249992784e-03
3.960000000000000000e+02 8.826992968749997406e-03
3.970000000000000000e+02 8.913096093750001378e-03
3.980000000000000000e+02 8.997342968749998809e-03
3.990000000000000000e+02 9.079664843749999867e-03
4.000000000000000000e+02 9.159837499999995067e-03
4.010000000000000000e+02 9.237690625000004666e-03
4.020000000000000000e+02 9.313027343750003920e-03
4.030000000000000000e+02 9.385685937499993817e-03
4.040000000000000000e+02 9.455472656249998276e-03
4.050000000000000000e+02 9.522200781249998483e-03
4.060000000000000000e+02 9.585610156250007341e-03
4.070000000000000000e+02 9.645506249999999740e-03
4.080000000000000000e+02 9.701721093750007713e-03
4.090000000000000000e+02 9.754060156249999211e-03
4.100000000000000000e+02 9.802179687500004249e-03
4.110000000000000000e+02 9.845987500000000225e-03
4.120000000000000000e+02 9.885209374999998772e-03
4.130000000000000000e+02 9.919622656249998255e-03
4.140000000000000000e+02 9.948978124999998882e-03
4.150000000000000000e+02 9.973098437500001190e-03
4.160000000000000000e+02 9.991746093749996616e-03
4.170000000000000000e+02 1.000466718750000171e-02
4.180000000000000000e+02 1.001166796874999876e-02
4.190000000000000000e+02 1.001248437500000185e-02
4.200000000000000000e+02 1.000696249999999746e-02
4.210000000000000000e+02 9.994890624999993797e-03
4.220000000000000000e+02 9.976057031250002566e-03
4.230000000000000000e+02 9.950258593750002309e-03
4.240000000000000000e+02 9.917332031250003510e-03
4.250000000000000000e+02 9.877167968749997820e-03
4.260000000000000000e+02 9.829500000000003165e-03
4.270000000000000000e+02 9.774280468750002129e-03
4.280000000000000000e+02 9.711421093750002148e-03
4.290000000000000000e+02 9.640764843750000007e-03
4.300000000000000000e+02 9.562274218750003302e-03
4.310000000000000000e+02 9.475944531249998887e-03
4.320000000000000000e+02 9.381807031249996334e-03
4.330000000000000000e+02 9.279818750000000047e-03
4.340000000000000000e+02 9.170099218750005221e-03
4.350000000000000000e+02 9.052792968750000835e-03
4.360000000000000000e+02 8.928042187500003987e-03
4.370000000000000000e+02 8.796057031249995134e-03
4.380000000000000000e+02 8.657147656250002710e-03
4.390000000000000000e+02 8.511709374999995581e-03
4.400000000000000000e+02 8.360076562500004180e-03
4.410000000000000000e+02 8.202770312500004893e-03
4.420000000000000000e+02 8.040429687499997882e-03
4.430000000000000000e+02 7.873658593749997478e-03
4.440000000000000000e+02 7.703290625000000329e-03
4.450000000000000000e+02 7.530144531250000488e-03
4.460000000000000000e+02 7.355288281249999609e-03
4.470000000000000000e+02 7.179857031250001277e-03
4.480000000000000000e+02 7.005030468750002119e-03
4.490000000000000000e+02 6.832286718750002139e-03
4.500000000000000000e+02 6.663229687499998451e-03
4.510000000000000000e+02 6.499539843750000781e-03
4.520000000000000000e+02 6.343229687499997611e-03
4.530000000000000000e+02 6.196370312499997757e-03
4.540000000000000000e+02 6.061356328125002378e-03
4.550000000000000000e+02 5.940793203124998360e-03
4.560000000000000000e+02 5.837463906249999723e-03
4.570000000000000000e+02 5.754536093750001885e-03
4.580000000000000000e+02 5.695338203125001504e-03
4.590000000000000000e+02 5.663637187499999046e-03
4.600000000000000000e+02 5.663501812500000045e-03
4.610000000000000000e+02 5.699232031249998505e-03
4.620000000000000000e+02 5.775637844531248018e-03
4.630000000000000000e+02 5.897915622656250446e-03
4.640000000000000000e+02 6.071666968750001094e-03
4.650000000000000000e+02 6.302972734375002217e-03
4.660000000000000000e+02 6.598396874999999835e-03
4.670000000000000000e+02 6.965052812499998927e-03
4.680000000000000000e+02 7.410604999999998062e-03
4.690000000000000000e+02 7.943324843749996825e-03
4.700000000000000000e+02 8.572140624999998598e-03
4.710000000000000000e+02 9.306617187499999569e-03
4.720000000000000000e+02 1.015712734374999912e-02
4.730000000000000000e+02 1.113475390624999763e-02
4.740000000000000000e+02 1.225147734375000089e-02
4.750000000000000000e+02 1.352005468749999627e-02
4.760000000000000000e+02 1.495425156250000491e-02
4.770000000000000000e+02 1.656890546874999898e-02
4.780000000000000000e+02 1.837975781250000482e-02
4.790000000000000000e+02 2.040379140625001031e-02
4.800000000000000000e+02 2.265910937500000694e-02
4.810000000000000000e+02 2.516522734375000597e-02
4.820000000000000000e+02 2.794283593749998310e-02
4.830000000000000000e+02 3.101410937500002213e-02
4.840000000000000000e+02 3.440288281250000746e-02
4.850000000000000000e+02 3.813459374999999402e-02
4.860000000000000000e+02 4.223606250000001144e-02
4.870000000000000000e+02 4.673643750000001929e-02
4.880000000000000000e+02 5.166649218750002381e-02
4.890000000000000000e+02 5.705876562500001442e-02
4.900000000000000000e+02 6.294912500000000855e-02
4.910000000000000000e+02 6.937421874999996629e-02
4.920000000000000000e+02 7.637399218749998941e-02
4.930000000000000000e+02 8.399102343749999255e-02
4.940000000000000000e+02 9.227029687500000465e-02
4.950000000000000000e+02 1.012604218749999785e-01
4.960000000000000000e+02 1.110113046874999509e-01
4.970000000000000000e+02 1.215788437499999292e-01
4.980000000000000000e+02 1.330193437499999354e-01
4.990000000000000000e+02 1.453960390624999821e-01
5.000000000000000000e+02 1.587723750000000766e-01
5.010000000000000000e+02 1.732192890624999759e-01
5.020000000000000000e+02 1.888100781249999471e-01
5.030000000000000000e+02 2.056229687499999681e-01
5.040000000000000000e+02 2.237413281249999997e-01
5.050000000000000000e+02 2.432527343750000015e-01
5.060000000000000000e+02 2.642523437500001737e-01
5.070000000000000000e+02 2.868390625000000749e-01
5.080000000000000000e+02 3.111184375000000113e-01
5.090000000000000000e+02 3.372024218750000468e-01
5.100000000000000000e+02 3.652096875000001019e-01
5.110000000000000000e+02 3.952659374999998865e-01
