0.000000000000000000e+00 1.031877390625000147e-04
1.000000000000000000e+00 1.031656593750000274e-04
2.000000000000000000e+00 1.031212984375000179e-04
3.000000000000000000e+00 1.030555664062500493e-04
4.000000000000000000e+00 1.029677945312499612e-04
5.000000000000000000e+00 1.028580000000000103e-04
6.000000000000000000e+00 1.027272476562499667e-04
7.000000000000000000e+00 1.025743679687500043e-04
8.000000000000000000e+00 1.023997015624999817e-04
9.000000000000000000e+00 1.022046812499999741e-04
1.000000000000000000e+01 1.019873859374999464e-04
1.100000000000000000e+01 1.017501593750000068e-04
1.200000000000000000e+01 1.014913351562500511e-04
1.300000000000000000e+01 1.012125992187499969e-04
1.400000000000000000e+01 1.009132492187499945e-04
1.500000000000000000e+01 1.005945875000000033e-04
1.600000000000000000e+01 1.002555367187500321e-04
1.700000000000000000e+01 9.989712656249999151e-05
1.800000000000000000e+01 9.952000937500002614e-05
1.900000000000000000e+01 9.912380703124995280e-05
2.000000000000000000e+01 9.870931406250001193e-05
2.100000000000000000e+01 9.827648125000002074e-05
2.200000000000000000e+01 9.782635312499996611e-05
2.300000000000000000e+01 9.735897421875003602e-05
2.400000000000000000e+01 9.687480624999995763e-05
2.500000000000000000e+01 9.637404687499998468e-05
2.600000000000000000e+01 9.585717656249997270e-05
2.700000000000000000e+01 9.532509687500003261e-05
2.800000000000000000e+01 9.477788593749998777e-05
2.900000000000000000e+01 9.421657031249997818e-05
3.000000000000000000e+01 9.364106875000003034e-05
3.100000000000000000e+01 9.305238437500001198e-05
3.200000000000000000e+01 9.245051250000002315e-05
3.300000000000000000e+01 9.183602734375000555e-05
3.400000000000000000e+01 9.121051562500002931e-05
3.500000000000000000e+01 9.057352890625004315e-05
3.600000000000000000e+01 8.992598515625006535e-05
3.700000000000000000e+01 8.926883359375000285e-05
3.800000000000000000e+01 8.860198906249995197e-05
3.900000000000000000e+01 8.792697968750001368e-05
4.000000000000000000e+01 8.724365187500001566e-05
4.100000000000000000e+01 8.655287859374999337e-05
4.200000000000000000e+01 8.585560656250001282e-05
4.300000000000000000e+01 8.515237437499996833e-05
4.400000000000000000e+01 8.444399249999998244e-05
4.500000000000000000e+01 8.373118539062498610e-05
4.600000000000000000e+01 8.301429156250002934e-05
4.700000000000000000e+01 8.229490429687499344e-05
4.800000000000000000e+01 8.157293687500000807e-05
4.900000000000000000e+01 8.084958929687500811e-05
5.000000000000000000e+01 8.012555679687501412e-05
5.100000000000000000e+01 7.940132757812496593e-05
5.200000000000000000e+01 7.867807578124997626e-05
5.300000000000000000e+01 7.795638460937498481e-05
5.400000000000000000e+01 7.723686242187504758e-05
5.500000000000000000e+01 7.652112351562496864e-05
5.600000000000000000e+01 7.580912351562500663e-05
5.700000000000000000e+01 7.510201414062497762e-05
5.800000000000000000e+01 7.440063632812499086e-05
5.900000000000000000e+01 7.370598968750001619e-05
6.000000000000000000e+01 7.301882359375002729e-05
6.100000000000000000e+01 7.233997460937500177e-05
6.200000000000000000e+01 7.166971976562499819e-05
6.300000000000000000e+01 7.100987242187498745e-05
6.400000000000000000e+01 7.036080015624999833e-05
6.500000000000000000e+01 6.972362585937496888e-05
6.600000000000000000e+01 6.909912273437497404e-05
6.700000000000000000e+01 6.848797234375001450e-05
6.800000000000000000e+01 6.789118382812502203e-05
6.900000000000000000e+01 6.731023032812498527e-05
7.000000000000000000e+01 6.674476632812501769e-05
7.100000000000000000e+01 6.619682757031251810e-05
7.200000000000000000e+01 6.566683892187502017e-05
7.300000000000000000e+01 6.515557703906249695e-05
7.400000000000000000e+01 6.466444289843749165e-05
7.500000000000000000e+01 6.419376773906250954e-05
7.600000000000000000e+01 6.374441950312497807e-05
7.700000000000000000e+01 6.331798925781249811e-05
7.800000000000000000e+01 6.291481819531248771e-05
7.900000000000000000e+01 6.253634515624998855e-05
8.000000000000000000e+01 6.218283642187500727e-05
8.100000000000000000e+01 6.185537054687499983e-05
8.200000000000000000e+01 6.155498273437498362e-05
8.300000000000000000e+01 6.128288289062500300e-05
8.400000000000000000e+01 6.103915906249999753e-05
8.500000000000000000e+01 6.082570453124999823e-05
8.600000000000000000e+01 6.064279445312499659e-05
8.700000000000000000e+01 6.049109820312500134e-05
8.800000000000000000e+01 6.037223734374997725e-05
8.900000000000000000e+01 6.028685007812499661e-05
9.000000000000000000e+01 6.023543437500000763e-05
9.100000000000000000e+01 6.021905390625000205e-05
9.200000000000000000e+01 6.023882109375000717e-05
9.300000000000000000e+01 6.029588046874998977e-05
9.400000000000000000e+01 6.039033515625001213e-05
9.500000000000000000e+01 6.052353593750000292e-05
9.600000000000000000e+01 6.069631171874999070e-05
9.700000000000000000e+01 6.090972031250001093e-05
9.800000000000000000e+01 6.116398593749997406e-05
9.900000000000000000e+01 6.146051718750001822e-05
1.000000000000000000e+02 6.180043281250000313e-05
1.010000000000000000e+02 6.218385781249998498e-05
1.020000000000000000e+02 6.261182109374997242e-05
1.030000000000000000e+02 6.308571093750000181e-05
1.040000000000000000e+02 6.360570312500002127e-05
1.050000000000000000e+02 6.417277187499998694e-05
1.060000000000000000e+02 6.478812812500000682e-05
1.070000000000000000e+02 6.545229218750000762e-05
1.080000000000000000e+02 6.616588359374999393e-05
1.090000000000000000e+02 6.693011250000002266e-05
1.100000000000000000e+02 6.774569531250002302e-05
1.110000000000000000e+02 6.861309374999999321e-05
1.120000000000000000e+02 6.953346093750000119e-05
1.130000000000000000e+02 7.050722656249996988e-05
1.140000000000000000e+02 7.153553125000000363e-05
1.150000000000000000e+02 7.261924999999999424e-05
1.160000000000000000e+02 7.375853906250004921e-05
1.170000000000000000e+02 7.495471093750001980e-05
1.180000000000000000e+02 7.620825781250002641e-05
1.190000000000000000e+02 7.752016406249999814e-05
1.200000000000000000e+02 7.889089843749998643e-05
1.210000000000000000e+02 8.032144531249996102e-05
1.220000000000000000e+02 8.181225000000002634e-05
1.230000000000000000e+02 8.336399218750001436e-05
1.240000000000000000e+02 8.497799999999999852e-05
1.250000000000000000e+02 8.665446093749998855e-05
1.260000000000000000e+02 8.839399218750001194e-05
1.270000000000000000e+02 9.019753906250000482e-05
1.280000000000000000e+02 9.206574999999997822e-05
1.290000000000000000e+02 9.399926562500002865e-05
1.300000000000000000e+02 9.599899218749996369e-05
1.310000000000000000e+02 9.806497656250004328e-05
1.320000000000000000e+02 1.001985937500000180e-04
1.330000000000000000e+02 1.024004843750000386e-04
1.340000000000000000e+02 1.046710390624999807e-04
1.350000000000000000e+02 1.070106796875000560e-04
1.360000000000000000e+02 1.094202109375000306e-04
1.370000000000000000e+02 1.119010625000000329e-04
1.380000000000000000e+02 1.144523125000000062e-04
1.390000000000000000e+02 1.170763359374999335e-04
1.400000000000000000e+02 1.197728359375000118e-04
1.410000000000000000e+02 1.225418046875000283e-04
1.420000000000000000e+02 1.253853749999999853e-04
1.430000000000000000e+02 1.283029374999999732e-04
1.440000000000000000e+02 1.312956484375000339e-04
1.450000000000000000e+02 1.343641796875000034e-04
1.460000000000000000e+02 1.375090078124999019e-04
1.470000000000000000e+02 1.407305468749999995e-04
1.480000000000000000e+02 1.440297656249999760e-04
1.490000000000000000e+02 1.474064843749999529e-04
1.500000000000000000e+02 1.508626562500000408e-04
1.510000000000000000e+02 1.543980468749999292e-04
1.520000000000000000e+02 1.580136718750000595e-04
1.530000000000000000e+02 1.617092968749999585e-04
1.540000000000000000e+02 1.654861718749999985e-04
1.550000000000000000e+02 1.693445312500001102e-04
1.560000000000000000e+02 1.732855468750000563e-04
1.570000000000000000e+02 1.773097656250000097e-04
1.580000000000000000e+02 1.814165624999999741e-04
1.590000000000000000e+02 1.856080468749999235e-04
1.600000000000000000e+02 1.898841406250000345e-04
1.610000000000000000e+02 1.942452343750000201e-04
1.620000000000000000e+02 1.986925000000000496e-04
1.630000000000000000e+02 2.032268749999997922e-04
1.640000000000000000e+02 2.078475000000000526e-04
1.650000000000000000e+02 2.125560156250000214e-04
1.660000000000000000e+02 2.173528124999999267e-04
1.670000000000000000e+02 2.222389062499999116e-04
1.680000000000000000e+02 2.272141406250000853e-04
1.690000000000000000e+02 2.322798437499998844e-04
1.700000000000000000e+02 2.374364062499999706e-04
1.710000000000000000e+02 2.426837499999998158e-04
1.720000000000000000e+02 2.480238281249999371e-04
1.730000000000000000e+02 2.534571093749999520e-04
1.740000000000000000e+02 2.589825781250000699e-04
1.750000000000000000e+02 2.646021875000000760e-04
1.760000000000000000e+02 2.703170312500000451e-04
1.770000000000000000e+02 2.761265625000000482e-04
1.780000000000000000e+02 2.820324218749998180e-04
1.790000000000000000e+02 2.880355468750001079e-04
1.800000000000000000e+02 2.941351562500000823e-04
1.810000000000000000e+02 3.003335156249999582e-04
1.820000000000000000e+02 3.066302343750002121e-04
1.830000000000000000e+02 3.130263281250000927e-04
1.840000000000000000e+02 3.195222656250000580e-04
1.850000000000000000e+02 3.261200781249999061e-04
1.860000000000000000e+02 3.328190625000002241e-04
1.870000000000000000e+02 3.396208593750001483e-04
1.880000000000000000e+02 3.465260937500001088e-04
1.890000000000000000e+02 3.535349218750001858e-04
1.900000000000000000e+02 3.606487500000000188e-04
1.910000000000000000e+02 3.678682812499999965e-04
1.920000000000000000e+02 3.751949218749999751e-04
1.930000000000000000e+02 3.826274999999999750e-04
1.940000000000000000e+02 3.901689062499999385e-04
1.950000000000000000e+02 3.978196875000001740e-04
1.960000000000000000e+02 4.055803125000001638e-04
1.970000000000000000e+02 4.134526562500001135e-04
1.980000000000000000e+02 4.214357031250000156e-04
1.990000000000000000e+02 4.295313281250001300e-04
2.000000000000000000e+02 4.377421093750002924e-04
2.010000000000000000e+02 4.460664062499999569e-04
2.020000000000000000e+02 4.545068749999997852e-04
2.030000000000000000e+02 4.630643750000000298e-04
2.040000000000000000e+02 4.717398437500000888e-04
2.050000000000000000e+02 4.805333593749999211e-04
2.060000000000000000e+02 4.894478906249999156e-04
2.070000000000000000e+02 4.984833593750000050e-04
2.080000000000000000e+02 5.076407812499998716e-04
2.090000000000000000e+02 5.169222656249998146e-04
2.100000000000000000e+02 5.263282812500000209e-04
2.110000000000000000e+02 5.358607031250000458e-04
2.120000000000000000e+02 5.455193749999998629e-04
2.130000000000000000e+02 5.553075000000004969e-04
2.140000000000000000e+02 5.652252343750003476e-04
2.150000000000000000e+02 5.752742968749999198e-04
2.160000000000000000e+02 5.854556250000001296e-04
2.170000000000000000e+02 5.957701562500000497e-04
2.180000000000000000e+02 6.062235156249997552e-04
2.190000000000000000e+02 6.168101562499993468e-04
2.200000000000000000e+02 6.275379687500004175e-04
2.210000000000000000e+02 6.384059374999997072e-04
2.220000000000000000e+02 6.494143749999996534e-04
2.230000000000000000e+02 6.605642187500000879e-04
2.240000000000000000e+02 6.718635937500003121e-04
2.250000000000000000e+02 6.833086718749999556e-04
2.260000000000000000e+02 6.948996875000000876e-04
2.270000000000000000e+02 7.066444531249994150e-04
2.280000000000000000e+02 7.185393749999996124e-04
2.290000000000000000e+02 7.305893750000002577e-04
2.300000000000000000e+02 7.427932031249994066e-04
2.310000000000000000e+02 7.551576562500002037e-04
2.320000000000000000e+02 7.676848437500000209e-04
2.330000000000000000e+02 7.803707812500000878e-04
2.340000000000000000e+02 7.932249218749997657e-04
2.350000000000000000e+02 8.062402343749996113e-04
2.360000000000000000e+02 8.194322656250000066e-04
2.370000000000000000e+02 8.327930468750003755e-04
2.380000000000000000e+02 8.463241406250000039e-04
2.390000000000000000e+02 8.600354687499993074e-04
2.400000000000000000e+02 8.739238281249998635e-04
2.410000000000000000e+02 8.879937499999999376e-04
2.420000000000000000e+02 9.022489062500000908e-04
2.430000000000000000e+02 9.166984375000002822e-04
2.440000000000000000e+02 9.313297656250004103e-04
2.450000000000000000e+02 9.461508593750000756e-04
2.460000000000000000e+02 9.611766406249997721e-04
2.470000000000000000e+02 9.763950000000000190e-04
2.480000000000000000e+02 9.918196093749995831e-04
2.490000000000000000e+02 1.007448906250000154e-03
2.500000000000000000e+02 1.023283046875000024e-03
2.510000000000000000e+02 1.039333515625000086e-03
2.520000000000000000e+02 1.055598046874999148e-03
2.530000000000000000e+02 1.072082734374999423e-03
2.540000000000000000e+02 1.088790312500000123e-03
2.550000000000000000e+02 1.105722968750000963e-03
2.560000000000000000e+02 1.122888906250000228e-03
2.570000000000000000e+02 1.140285312500000483e-03
2.580000000000000000e+02 1.157924296875000123e-03
2.590000000000000000e+02 1.175804218750000447e-03
2.600000000000000000e+02 1.193930312499999783e-03
2.610000000000000000e+02 1.212310703125001011e-03
2.620000000000000000e+02 1.230946718750000396e-03
2.630000000000000000e+02 1.249835234375000232e-03
2.640000000000000000e+02 1.268996249999999751e-03
2.650000000000000000e+02 1.288431328124999432e-03
2.660000000000000000e+02 1.308135703124999830e-03
2.670000000000000000e+02 1.328125937499999385e-03
2.680000000000000000e+02 1.348399140625000051e-03
2.690000000000000000e+02 1.368956796874999746e-03
2.700000000000000000e+02 1.389816953124998729e-03
2.710000000000000000e+02 1.410977968750000899e-03
2.720000000000000000e+02 1.432451796874999314e-03
2.730000000000000000e+02 1.454236640625000123e-03
2.740000000000000000e+02 1.476338906249999739e-03
2.750000000000000000e+02 1.498770859375000162e-03
2.760000000000000000e+02 1.521534140625000744e-03
2.770000000000000000e+02 1.544634296874998784e-03
2.780000000000000000e+02 1.568080859374999672e-03
2.790000000000000000e+02 1.591881093750000670e-03
2.800000000000000000e+02 1.616042187500000161e-03
2.810000000000000000e+02 1.640567265625000621e-03
2.820000000000000000e+02 1.665467265624999112e-03
2.830000000000000000e+02 1.690753437499999470e-03
2.840000000000000000e+02 1.716422031250000417e-03
2.850000000000000000e+02 1.742491328124999485e-03
2.860000000000000000e+02 1.768967812499999551e-03
2.870000000000000000e+02 1.795852343750000161e-03
2.880000000000000000e+02 1.823157187499999197e-03
2.890000000000000000e+02 1.850896640624999107e-03
2.900000000000000000e+02 1.879074374999999911e-03
2.910000000000000000e+02 1.907694609374999822e-03
2.920000000000000000e+02 1.936776093749999813e-03
2.930000000000000000e+02 1.966321484374999786e-03
2.940000000000000000e+02 1.996343671874999028e-03
2.950000000000000000e+02 2.026849218750000590e-03
2.960000000000000000e+02 2.057851015624999422e-03
2.970000000000000000e+02 2.089352812499998754e-03
2.980000000000000000e+02 2.121365781250000079e-03
2.990000000000000000e+02 2.153907734374998790e-03
3.000000000000000000e+02 2.186985937500001038e-03
3.010000000000000000e+02 2.220606796875000850e-03
3.020000000000000000e+02 2.254783203125000548e-03
3.030000000000000000e+02 2.289525156250000939e-03
3.040000000000000000e+02 2.324852109375002192e-03
3.050000000000000000e+02 2.360763671875000178e-03
3.060000000000000000e+02 2.397274999999998626e-03
3.070000000000000000e+02 2.434400859375001041e-03
3.080000000000000000e+02 2.472147265624999053e-03
3.090000000000000000e+02 2.510526406250000557e-03
3.100000000000000000e+02 2.549559375000000089e-03
3.110000000000000000e+02 2.589252734375001135e-03
3.120000000000000000e+02 2.629610546875000253e-03
3.130000000000000000e+02 2.670656562499999689e-03
3.140000000000000000e+02 2.712396171875000941e-03
3.150000000000000000e+02 2.754848281250001866e-03
3.160000000000000000e+02 2.798017968749999789e-03
3.170000000000000000e+02 2.841917500000000832e-03
3.180000000000000000e+02 2.886568593750000501e-03
3.190000000000000000e+02 2.931981718749997624e-03
3.200000000000000000e+02 2.978160312499999931e-03
3.210000000000000000e+02 3.025127812500000724e-03
3.220000000000000000e+02 3.072889609375000636e-03
3.230000000000000000e+02 3.121457578125000788e-03
3.240000000000000000e+02 3.170854218750000612e-03
3.250000000000000000e+02 3.221081640624998566e-03
3.260000000000000000e+02 3.272155234375001293e-03
3.270000000000000000e+02 3.324093750000002827e-03
3.280000000000000000e+02 3.376896406249997509e-03
3.290000000000000000e+02 3.430587578124999395e-03
3.300000000000000000e+02 3.485171875000001290e-03
3.310000000000000000e+02 3.540666406249999825e-03
3.320000000000000000e+02 3.597081015624999795e-03
3.330000000000000000e+02 3.654418984374999905e-03
3.340000000000000000e+02 3.712704531249999551e-03
3.350000000000000000e+02 3.771935468749998584e-03
3.360000000000000000e+02 3.832138281249997808e-03
3.370000000000000000e+02 3.893299218749999256e-03
3.380000000000000000e+02 3.955456718750000045e-03
3.390000000000000000e+02 4.018596093750001833e-03
3.400000000000000000e+02 4.082720312500000455e-03
3.410000000000000000e+02 4.147859375000000938e-03
3.420000000000000000e+02 4.214003125000001689e-03
3.430000000000000000e+02 4.281176562499999956e-03
3.440000000000000000e+02 4.349367187500002320e-03
3.450000000000000000e+02 4.418599999999998224e-03
3.460000000000000000e+02 4.488856250000000138e-03
3.470000000000000000e+02 4.560137499999999434e-03
3.480000000000000000e+02 4.632472656249999980e-03
3.490000000000000000e+02 4.705850000000001872e-03
3.500000000000000000e+02 4.780245312499997908e-03
3.510000000000000000e+02 4.855703124999999343e-03
3.520000000000000000e+02 4.932161718749997897e-03
3.530000000000000000e+02 5.009662499999998665e-03
3.540000000000000000e+02 5.088232031250001543e-03
3.550000000000000000e+02 5.167793750000001726e-03
3.560000000000000000e+02 5.248356250000005101e-03
3.570000000000000000e+02 5.329916406250001168e-03
3.580000000000000000e+02 5.412478906250000471e-03
3.590000000000000000e+02 5.496009375000002022e-03
3.600000000000000000e+02 5.580542187500001604e-03
3.610000000000000000e+02 5.665976562499995886e-03
3.620000000000000000e+02 5.752345312500005761e-03
3.630000000000000000e+02 5.839599218750003359e-03
3.640000000000000000e+02 5.927743750000002282e-03
3.650000000000000000e+02 6.016767187500003493e-03
3.660000000000000000e+02 6.106593749999995706e-03
3.670000000000000000e+02 6.197239062499998452e-03
3.680000000000000000e+02 6.288592187500001603e-03
3.690000000000000000e+02 6.380720312499998416e-03
3.700000000000000000e+02 6.473512499999996977e-03
3.710000000000000000e+02 6.566944531250002229e-03
3.720000000000000000e+02 6.660952343750001052e-03
3.730000000000000000e+02 6.755507812499997843e-03
3.740000000000000000e+02 6.850594531249996899e-03
3.750000000000000000e+02 6.946036718749994468e-03
3.760000000000000000e+02 7.041899218749997184e-03
3.770000000000000000e+02 7.138060156249998942e-03
3.780000000000000000e+02 7.234495312500001211e-03
3.790000000000000000e+02 7.331077343750002501e-03
3.800000000000000000e+02 7.427722656249998237e-03
3.810000000000000000e+02 7.524411718750001303e-03
3.820000000000000000e+02 7.621024218750003035e-03
3.830000000000000000e+02 7.717489062500003556e-03
3.840000000000000000e+02 7.813684374999999363e-03
3.850000000000000000e+02 7.909524218750001862e-03
3.860000000000000000e+02 8.004898437500003114e-03
3.870000000000000000e+02 8.099675000000002359e-03
3.880000000000000000e+02 8.193842968750003619e-03
3.890000000000000000e+02 8.287177343749998690e-03
3.900000000000000000e+02 8.379559374999998034e-03
3.910000000000000000e+02 8.470907031250000593e-03
3.920000000000000000e+02 8.561091406249998759e-03
3.930000000000000000e+02 8.649910937499999744e-03
3.940000000000000000e+02 8.737259375000002229e-03
3.950000000000000000e+02 8.822985937500003178e-03
3.960000000000000000e+02 8.906927343749999199e-03
3.970000000000000000e+02 8.988920312499999038e-03
3.980000000000000000e+02 9.068817968750001943e-03
3.990000000000000000e+02 9.146414843749997234e-03
4.000000000000000000e+02 9.221548437499997586e-03
4.010000000000000000e+02 9.294040625000006550e-03
4.020000000000000000e+02 9.363689843750005320e-03
4.030000000000000000e+02 9.430346874999996978e-03
4.040000000000000000e+02 9.493807812499997778e-03
4.050000000000000000e+02 9.553771093749999915e-03
4.060000000000000000e+02 9.610134375000004350e-03
4.070000000000000000e+02 9.662635156250001800e-03
4.080000000000000000e+02 9.711120312500001739e-03
4.090000000000000000e+02 9.755317968749998084e-03
4.100000000000000000e+02 9.795028906249999417e-03
4.110000000000000000e+02 9.830028125000001005e-03
4.120000000000000000e+02 9.860145312499998815e-03
4.130000000000000000e+02 9.885064062499993726e-03
4.140000000000000000e+02 9.904601562500000428e-03
4.150000000000000000e+02 9.918594531249999915e-03
4.160000000000000000e+02 9.926746874999999720e-03
4.170000000000000000e+02 9.928875781250000657e-03
4.180000000000000000e+02 9.924785937500001445e-03
4.190000000000000000e+02 9.914196093749990529e-03
4.200000000000000000e+02 9.896985937499998276e-03
4.210000000000000000e+02 9.872925781249996396e-03
4.220000000000000000e+02 9.841815624999999956e-03
4.230000000000000000e+02 9.803592968749995015e-03
4.240000000000000000e+02 9.757914062499995975e-03
4.250000000000000000e+02 9.704777343749998453e-03
4.260000000000000000e+02 9.643990624999997791e-03
4.270000000000000000e+02 9.575492968750005246e-03
4.280000000000000000e+02 9.499165624999998322e-03
4.290000000000000000e+02 9.414950000000005259e-03
4.300000000000000000e+02 9.322820312500002329e-03
4.310000000000000000e+02 9.222796093749999202e-03
4.320000000000000000e+02 9.114884375000001718e-03
4.330000000000000000e+02 8.999150000000000899e-03
4.340000000000000000e+02 8.875775781249995930e-03
4.350000000000000000e+02 8.744835156249996730e-03
4.360000000000000000e+02 8.606656250000002326e-03
4.370000000000000000e+02 8.461317187499997616e-03
4.380000000000000000e+02 8.309363281249997416e-03
4.390000000000000000e+02 8.151080468750002139e-03
4.400000000000000000e+02 7.986944531249999882e-03
4.410000000000000000e+02 7.817561718749999403e-03
4.420000000000000000e+02 7.643565624999998538e-03
4.430000000000000000e+02 7.465656250000000070e-03
4.440000000000000000e+02 7.284718750000001262e-03
4.450000000000000000e+02 7.101671093750000323e-03
4.460000000000000000e+02 6.917577343750000961e-03
4.470000000000000000e+02 6.733714062499999986e-03
4.480000000000000000e+02 6.551371093750002830e-03
4.490000000000000000e+02 6.372082031250001118e-03
4.500000000000000000e+02 6.197479687499998433e-03
4.510000000000000000e+02 6.029454687500002304e-03
4.520000000000000000e+02 5.870007812500002177e-03
4.530000000000000000e+02 5.721383593750002314e-03
4.540000000000000000e+02 5.586045468750001908e-03
4.550000000000000000e+02 5.466690937499999250e-03
4.560000000000000000e+02 5.366298359374999626e-03
4.570000000000000000e+02 5.288047187500000482e-03
4.580000000000000000e+02 5.235522890624998496e-03
4.590000000000000000e+02 5.212484765625001633e-03
4.600000000000000000e+02 5.223159148437501662e-03
4.610000000000000000e+02 5.272043726562500830e-03
4.620000000000000000e+02 5.364089078125001096e-03
4.630000000000000000e+02 5.504589171875001047e-03
4.640000000000000000e+02 5.699362835937500128e-03
4.650000000000000000e+02 5.954556015625001031e-03
4.660000000000000000e+02 6.276972968750002546e-03
4.670000000000000000e+02 6.673865000000002781e-03
4.680000000000000000e+02 7.153077578125004339e-03
4.690000000000000000e+02 7.723067187499999160e-03
4.700000000000000000e+02 8.392890624999998009e-03
4.710000000000000000e+02 9.172433593750001224e-03
4.720000000000000000e+02 1.007214375000000002e-02
4.730000000000000000e+02 1.110332968749999996e-02
4.740000000000000000e+02 1.227814218750000567e-02
4.750000000000000000e+02 1.360967812500000346e-02
4.760000000000000000e+02 1.511177968749999496e-02
4.770000000000000000e+02 1.679956093749999935e-02
4.780000000000000000e+02 1.868895859374998872e-02
4.790000000000000000e+02 2.079727812499997802e-02
4.800000000000000000e+02 2.314272421875001109e-02
4.810000000000000000e+02 2.574516093750000775e-02
4.820000000000000000e+02 2.862543750000002066e-02
4.830000000000000000e+02 3.180612499999999759e-02
4.840000000000000000e+02 3.531114843749999510e-02
4.850000000000000000e+02 3.916614843749999936e-02
4.860000000000000000e+02 4.339852343749998898e-02
4.870000000000000000e+02 4.803726562499999880e-02
4.880000000000000000e+02 5.311374218750002096e-02
4.890000000000000000e+02 5.866073437499998849e-02
4.900000000000000000e+02 6.471413281250000538e-02
4.910000000000000000e+02 7.131114843750005483e-02
4.920000000000000000e+02 7.849196093749997993e-02
4.930000000000000000e+02 8.629921875000000353e-02
4.940000000000000000e+02 9.477849218749999360e-02
4.950000000000000000e+02 1.039779140624999820e-01
4.960000000000000000e+02 1.139489296875000612e-01
4.970000000000000000e+02 1.247463671875000124e-01
4.980000000000000000e+02 1.364277343750000260e-01
4.990000000000000000e+02 1.490560859375000269e-01
5.000000000000000000e+02 1.626963671874999406e-01
5.010000000000000000e+02 1.774172656250000146e-01
5.020000000000000000e+02 1.932936718750000171e-01
5.030000000000000000e+02 2.104046093749999680e-01
5.040000000000000000e+02 2.288339062500000243e-01
5.050000000000000000e+02 2.486682031250000147e-01
5.060000000000000000e+02 2.700027343749999420e-01
5.070000000000000000e+02 2.929372656249999984e-01
5.080000000000000000e+02 3.175772656250002157e-01
5.090000000000000000e+02 3.440343749999997258e-01
5.100000000000000000e+02 3.724285156250001227e-01
5.110000000000000000e+02 4.028846875000000605e-01
