0.000000000000000000e+00 3.428135617187502075e-04
1.000000000000000000e+00 3.427177585937500777e-04
2.000000000000000000e+00 3.425249609375001741e-04
3.000000000000000000e+00 3.422364554687499496e-04
4.000000000000000000e+00 3.418520273437500052e-04
5.000000000000000000e+00 3.413716335937499297e-04
6.000000000000000000e+00 3.407959515624999305e-04
7.000000000000000000e+00 3.401251468750001047e-04
8.000000000000000000e+00 3.393603460937499351e-04
9.000000000000000000e+00 3.385011468750001758e-04
1.000000000000000000e+01 3.375483859374999091e-04
1.100000000000000000e+01 3.365026140624999837e-04
1.200000000000000000e+01 3.353648226562499753e-04
1.300000000000000000e+01 3.341353609374998301e-04
1.400000000000000000e+01 3.328157718749998745e-04
1.500000000000000000e+01 3.314057078124998577e-04
1.600000000000000000e+01 3.299079710937498442e-04
1.700000000000000000e+01 3.283217796875001807e-04
1.800000000000000000e+01 3.266486726562499486e-04
1.900000000000000000e+01 3.248898921875001205e-04
2.000000000000000000e+01 3.230467218749999989e-04
2.100000000000000000e+01 3.211198765625000750e-04
2.200000000000000000e+01 3.191111265625000241e-04
2.300000000000000000e+01 3.170219687500000450e-04
2.400000000000000000e+01 3.148530015625000504e-04
2.500000000000000000e+01 3.126062921874999930e-04
2.600000000000000000e+01 3.102828875000000265e-04
2.700000000000000000e+01 3.078850203125000923e-04
2.800000000000000000e+01 3.054133023437501722e-04
2.900000000000000000e+01 3.028699249999998173e-04
3.000000000000000000e+01 3.002571468749999639e-04
3.100000000000000000e+01 2.975752210937500884e-04
3.200000000000000000e+01 2.948270578124999601e-04
3.300000000000000000e+01 2.920138820312500509e-04
3.400000000000000000e+01 2.891383085937498736e-04
3.500000000000000000e+01 2.862012570312499416e-04
3.600000000000000000e+01 2.832052343749999544e-04
3.700000000000000000e+01 2.801525578124999501e-04
3.800000000000000000e+01 2.770444812499999734e-04
3.900000000000000000e+01 2.738835320312499951e-04
4.000000000000000000e+01 2.706711718750000155e-04
4.100000000000000000e+01 2.674107953124999827e-04
4.200000000000000000e+01 2.641037820312499944e-04
4.300000000000000000e+01 2.607521171874999924e-04
4.400000000000000000e+01 2.573580679687499976e-04
4.500000000000000000e+01 2.539239562500000022e-04
4.600000000000000000e+01 2.504533984375000976e-04
4.700000000000000000e+01 2.469460867187498604e-04
4.800000000000000000e+01 2.434066835937500402e-04
4.900000000000000000e+01 2.398360218749999385e-04
5.000000000000000000e+01 2.362378148437498560e-04
5.100000000000000000e+01 2.326136687500000150e-04
5.200000000000000000e+01 2.289666265624998710e-04
5.300000000000000000e+01 2.252979093749999794e-04
5.400000000000000000e+01 2.216109773437501072e-04
5.500000000000000000e+01 2.179080921874999583e-04
5.600000000000000000e+01 2.141917804687499269e-04
5.700000000000000000e+01 2.104645765624999962e-04
5.800000000000000000e+01 2.067288796875000256e-04
5.900000000000000000e+01 2.029873945312499954e-04
6.000000000000000000e+01 1.992428859375000388e-04
6.100000000000000000e+01 1.954971921874999524e-04
6.200000000000000000e+01 1.917538265624999958e-04
6.300000000000000000e+01 1.880142773437500905e-04
6.400000000000000000e+01 1.842823210937499453e-04
6.500000000000000000e+01 1.805596406249999647e-04
6.600000000000000000e+01 1.768487476562500735e-04
6.700000000000000000e+01 1.731529023437500248e-04
6.800000000000000000e+01 1.694743218749999037e-04
6.900000000000000000e+01 1.658157531249999559e-04
7.000000000000000000e+01 1.621799304687499888e-04
7.100000000000000000e+01 1.585686249999999323e-04
7.200000000000000000e+01 1.549849171875000134e-04
7.300000000000000000e+01 1.514320085937500161e-04
7.400000000000000000e+01 1.479117890624999918e-04
7.500000000000000000e+01 1.444263445312499541e-04
7.600000000000000000e+01 1.409788875000000496e-04
7.700000000000000000e+01 1.375715179687500729e-04
7.800000000000000000e+01 1.342069320312501066e-04
7.900000000000000000e+01 1.308883304687499512e-04
8.000000000000000000e+01 1.276167984374999734e-04
8.100000000000000000e+01 1.243955367187500279e-04
8.200000000000000000e+01 1.212274617187500083e-04
8.300000000000000000e+01 1.181135484375000301e-04
8.400000000000000000e+01 1.150578164062500376e-04
8.500000000000000000e+01 1.120619796874999850e-04
8.600000000000000000e+01 1.091289476562499702e-04
8.700000000000000000e+01 1.062592726562500221e-04
8.800000000000000000e+01 1.034571875000000324e-04
8.900000000000000000e+01 1.007240843750000083e-04
9.000000000000000000e+01 9.806225000000005541e-05
9.100000000000000000e+01 9.547428750000003131e-05
9.200000000000000000e+01 9.296239687500003574e-05
9.300000000000000000e+01 9.052810859374997056e-05
9.400000000000000000e+01 8.817475625000000016e-05
9.500000000000000000e+01 8.590308515624996534e-05
9.600000000000000000e+01 8.371652734374998952e-05
9.700000000000000000e+01 8.161604687499996098e-05
9.800000000000000000e+01 7.960388828124999121e-05
9.900000000000000000e+01 7.768280312500000886e-05
1.000000000000000000e+02 7.585425390624994343e-05
1.010000000000000000e+02 7.411993906250000140e-05
1.020000000000000000e+02 7.248205937500003541e-05
1.030000000000000000e+02 7.094270468749998900e-05
1.040000000000000000e+02 6.950339843750003607e-05
1.050000000000000000e+02 6.816526085937498977e-05
1.060000000000000000e+02 6.693152351562501560e-05
1.070000000000000000e+02 6.580337343749999182e-05
1.080000000000000000e+02 6.478197796874999735e-05
1.090000000000000000e+02 6.386944640624995899e-05
1.100000000000000000e+02 6.306777875000000309e-05
1.110000000000000000e+02 6.237749312499999733e-05
1.120000000000000000e+02 6.180137203125000425e-05
1.130000000000000000e+02 6.133999874999999707e-05
1.140000000000000000e+02 6.099529734374999903e-05
1.150000000000000000e+02 6.076900969531250573e-05
1.160000000000000000e+02 6.066166824999997333e-05
1.170000000000000000e+02 6.067592050781249555e-05
1.180000000000000000e+02 6.081150634921875014e-05
1.190000000000000000e+02 6.107144885273435727e-05
1.200000000000000000e+02 6.145611581328124949e-05
1.210000000000000000e+02 6.196662913281249263e-05
1.220000000000000000e+02 6.260437044531252644e-05
1.230000000000000000e+02 6.337079651562497985e-05
1.240000000000000000e+02 6.426650321250001433e-05
1.250000000000000000e+02 6.529329040625000491e-05
1.260000000000000000e+02 6.645153134375000924e-05
1.270000000000000000e+02 6.774279782031247614e-05
1.280000000000000000e+02 6.916788531250001016e-05
1.290000000000000000e+02 7.072731789062499926e-05
1.300000000000000000e+02 7.242325429687504197e-05
1.310000000000000000e+02 7.425513187500001487e-05
1.320000000000000000e+02 7.622469015625001445e-05
1.330000000000000000e+02 7.833255468750000092e-05
1.340000000000000000e+02 8.057986093750000439e-05
1.350000000000000000e+02 8.296703281249999797e-05
1.360000000000000000e+02 8.549476093750000031e-05
1.370000000000000000e+02 8.816428437500002061e-05
1.380000000000000000e+02 9.097563359374999132e-05
1.390000000000000000e+02 9.392981249999998034e-05
1.400000000000000000e+02 9.702720312499997903e-05
1.410000000000000000e+02 1.002687578125000174e-04
1.420000000000000000e+02 1.036554062499999855e-04
1.430000000000000000e+02 1.071868203125000019e-04
1.440000000000000000e+02 1.108639296874999839e-04
1.450000000000000000e+02 1.146873593749999683e-04
1.460000000000000000e+02 1.186571015625000270e-04
1.470000000000000000e+02 1.227752343750000013e-04
1.480000000000000000e+02 1.270399218750000174e-04
1.490000000000000000e+02 1.314529531249999873e-04
1.500000000000000000e+02 1.360148749999999485e-04
1.510000000000000000e+02 1.407254140624999907e-04
1.520000000000000000e+02 1.455848671874999847e-04
1.530000000000000000e+02 1.505938671874999769e-04
1.540000000000000000e+02 1.557530468750000137e-04
1.550000000000000000e+02 1.610627031250000201e-04
1.560000000000000000e+02 1.665223984374999825e-04
1.570000000000000000e+02 1.721327578125000598e-04
1.580000000000000000e+02 1.778946406249999352e-04
1.590000000000000000e+02 1.838073593749999706e-04
1.600000000000000000e+02 1.898723515625000326e-04
1.610000000000000000e+02 1.960885156250000508e-04
1.620000000000000000e+02 2.024567968750000965e-04
1.630000000000000000e+02 2.089771093749999713e-04
1.640000000000000000e+02 2.156498437500000114e-04
1.650000000000000000e+02 2.224746875000000021e-04
1.660000000000000000e+02 2.294527343750000180e-04
1.670000000000000000e+02 2.365834375000000218e-04
1.680000000000000000e+02 2.438670312500000256e-04
1.690000000000000000e+02 2.513035156249999211e-04
1.700000000000000000e+02 2.588934374999999352e-04
1.710000000000000000e+02 2.666373437499998346e-04
1.720000000000000000e+02 2.745339062499999928e-04
1.730000000000000000e+02 2.825839843750000660e-04
1.740000000000000000e+02 2.907882812500000094e-04
1.750000000000000000e+02 2.991462499999998940e-04
1.760000000000000000e+02 3.076580468750000170e-04
1.770000000000000000e+02 3.163236718750001074e-04
1.780000000000000000e+02 3.251437500000001614e-04
1.790000000000000000e+02 3.341176562499999659e-04
1.800000000000000000e+02 3.432457031249999528e-04
1.810000000000000000e+02 3.525285937500000229e-04
1.820000000000000000e+02 3.619657031250000175e-04
1.830000000000000000e+02 3.715571093749998953e-04
1.840000000000000000e+02 3.813028906249999405e-04
1.850000000000000000e+02 3.912036718749998783e-04
1.860000000000000000e+02 4.012584375000001892e-04
1.870000000000000000e+02 4.114689062500001310e-04
1.880000000000000000e+02 4.218335156250000925e-04
1.890000000000000000e+02 4.323536718749997130e-04
1.900000000000000000e+02 4.430279687500001122e-04
1.910000000000000000e+02 4.538575781249999685e-04
1.920000000000000000e+02 4.648418750000000445e-04
1.930000000000000000e+02 4.759817187499998338e-04
1.940000000000000000e+02 4.872767968749999886e-04
1.950000000000000000e+02 4.987267187499998472e-04
1.960000000000000000e+02 5.103322656249998117e-04
1.970000000000000000e+02 5.220927343749995472e-04
1.980000000000000000e+02 5.340085156249999325e-04
1.990000000000000000e+02 5.460797656250000178e-04
2.000000000000000000e+02 5.583071874999998669e-04
2.010000000000000000e+02 5.706892968750000442e-04
2.020000000000000000e+02 5.832280468750000637e-04
2.030000000000000000e+02 5.959207031249999552e-04
2.040000000000000000e+02 6.087701562500000404e-04
2.050000000000000000e+02 6.217750000000001921e-04
2.060000000000000000e+02 6.349352343749997598e-04
2.070000000000000000e+02 6.482515624999999997e-04
2.080000000000000000e+02 6.617236718749998836e-04
2.090000000000000000e+02 6.753515624999995200e-04
2.100000000000000000e+02 6.891342187500002023e-04
2.110000000000000000e+02 7.030733593750004840e-04
2.120000000000000000e+02 7.171682812499997591e-04
2.130000000000000000e+02 7.314188281249999531e-04
2.140000000000000000e+02 7.458246874999999295e-04
2.150000000000000000e+02 7.603867968749998454e-04
2.160000000000000000e+02 7.751050781249994165e-04
2.170000000000000000e+02 7.899781249999998168e-04
2.180000000000000000e+02 8.050064062500000405e-04
2.190000000000000000e+02 8.201909375000000953e-04
2.200000000000000000e+02 8.355306250000003399e-04
2.210000000000000000e+02 8.510256249999996079e-04
2.220000000000000000e+02 8.666759375000000678e-04
2.230000000000000000e+02 8.824814062499997417e-04
2.240000000000000000e+02 8.984405468749995195e-04
2.250000000000000000e+02 9.145564843750003583e-04
2.260000000000000000e+02 9.308261718750001756e-04
2.270000000000000000e+02 9.472496093749999471e-04
2.280000000000000000e+02 9.638298437500000208e-04
2.290000000000000000e+02 9.805642187500000599e-04
2.300000000000000000e+02 9.974494531250000569e-04
2.310000000000000000e+02 1.014493828124999556e-03
2.320000000000000000e+02 1.031686953124999907e-03
2.330000000000000000e+02 1.049035781250000268e-03
2.340000000000000000e+02 1.066538203124999364e-03
2.350000000000000000e+02 1.084192343750000351e-03
2.360000000000000000e+02 1.101999453125000186e-03
2.370000000000000000e+02 1.119958671875000405e-03
2.380000000000000000e+02 1.138070078125000750e-03
2.390000000000000000e+02 1.156333828124998971e-03
2.400000000000000000e+02 1.174744999999999392e-03
2.410000000000000000e+02 1.193311796875000082e-03
2.420000000000000000e+02 1.212024843750000120e-03
2.430000000000000000e+02 1.230889687500000274e-03
2.440000000000000000e+02 1.249909062500000837e-03
2.450000000000000000e+02 1.269070312500000233e-03
2.460000000000000000e+02 1.288386718749999276e-03
2.470000000000000000e+02 1.307842187499999066e-03
2.480000000000000000e+02 1.327457812499999992e-03
2.490000000000000000e+02 1.347207812499999578e-03
2.500000000000000000e+02 1.367114062499999319e-03
2.510000000000000000e+02 1.387171093750001012e-03
2.520000000000000000e+02 1.407366406249999959e-03
2.530000000000000000e+02 1.427707031250001132e-03
2.540000000000000000e+02 1.448196874999998791e-03
2.550000000000000000e+02 1.468829687500000994e-03
2.560000000000000000e+02 1.489600781250000451e-03
2.570000000000000000e+02 1.510528124999999848e-03
2.580000000000000000e+02 1.531592187499999490e-03
2.590000000000000000e+02 1.552796093749999468e-03
2.600000000000000000e+02 1.574144531249999914e-03
2.610000000000000000e+02 1.595634374999999440e-03
2.620000000000000000e+02 1.617266406249999369e-03
2.630000000000000000e+02 1.639044531250000245e-03
2.640000000000000000e+02 1.660953906250000993e-03
2.650000000000000000e+02 1.683008593750000064e-03
2.660000000000000000e+02 1.705205468749999972e-03
2.670000000000000000e+02 1.727539062500000342e-03
2.680000000000000000e+02 1.750004687500000388e-03
2.690000000000000000e+02 1.772617187500000321e-03
2.700000000000000000e+02 1.795369531250000372e-03
2.710000000000000000e+02 1.818262499999999046e-03
2.720000000000000000e+02 1.841284375000000126e-03
2.730000000000000000e+02 1.864449218749999245e-03
2.740000000000000000e+02 1.887760937499999552e-03
2.750000000000000000e+02 1.911203906249999297e-03
2.760000000000000000e+02 1.934785937499999570e-03
2.770000000000000000e+02 1.958510937499999618e-03
2.780000000000000000e+02 1.982366406249999949e-03
2.790000000000000000e+02 2.006370312500000211e-03
2.800000000000000000e+02 2.030517968750000270e-03
2.810000000000000000e+02 2.054794531250000132e-03
2.820000000000000000e+02 2.079217187499998992e-03
2.830000000000000000e+02 2.103781249999999749e-03
2.840000000000000000e+02 2.128489062500001170e-03
2.850000000000000000e+02 2.153345312499999487e-03
2.860000000000000000e+02 2.178349218749998147e-03
2.870000000000000000e+02 2.203499218750000575e-03
2.880000000000000000e+02 2.228793750000000219e-03
2.890000000000000000e+02 2.254239843749999452e-03
2.900000000000000000e+02 2.279839843750000507e-03
2.910000000000000000e+02 2.305597656249999596e-03
2.920000000000000000e+02 2.331508593749999619e-03
2.930000000000000000e+02 2.357572656250000575e-03
2.940000000000000000e+02 2.383807031249999923e-03
2.950000000000000000e+02 2.410200000000000363e-03
2.960000000000000000e+02 2.436763281250000062e-03
2.970000000000000000e+02 2.463501562499998722e-03
2.980000000000000000e+02 2.490410937499998832e-03
2.990000000000000000e+02 2.517507031250000409e-03
3.000000000000000000e+02 2.544770312499999420e-03
3.010000000000000000e+02 2.572228125000000122e-03
3.020000000000000000e+02 2.599882031249999090e-03
3.030000000000000000e+02 2.627727343750000093e-03
3.040000000000000000e+02 2.655776562500000021e-03
3.050000000000000000e+02 2.684035937500001221e-03
3.060000000000000000e+02 2.712496874999999544e-03
3.070000000000000000e+02 2.741186249999998190e-03
3.080000000000000000e+02 2.770095078124999288e-03
3.090000000000000000e+02 2.799242968750000754e-03
3.100000000000000000e+02 2.828625078124999068e-03
3.110000000000000000e+02 2.858258671875000319e-03
3.120000000000000000e+02 2.888152031250000584e-03
3.130000000000000000e+02 2.918302734375000703e-03
3.140000000000000000e+02 2.948728749999999458e-03
3.150000000000000000e+02 2.979427265624999197e-03
3.160000000000000000e+02 3.010426015624998765e-03
3.170000000000000000e+02 3.041728828124999184e-03
3.180000000000000000e+02 3.073337656250001593e-03
3.190000000000000000e+02 3.105272343750001187e-03
3.200000000000000000e+02 3.137543125000001251e-03
3.210000000000000000e+02 3.170150937499999558e-03
3.220000000000000000e+02 3.203123281249998545e-03
3.230000000000000000e+02 3.236466640625000005e-03
3.240000000000000000e+02 3.270188124999999328e-03
3.250000000000000000e+02 3.304312187500000556e-03
3.260000000000000000e+02 3.338847343750000942e-03
3.270000000000000000e+02 3.373797187499999461e-03
3.280000000000000000e+02 3.409202031249999616e-03
3.290000000000000000e+02 3.445049375000001045e-03
3.300000000000000000e+02 3.481381249999999407e-03
3.310000000000000000e+02 3.518191640625000470e-03
3.320000000000000000e+02 3.555512031250000673e-03
3.330000000000000000e+02 3.593343906249998367e-03
3.340000000000000000e+02 3.631733203124998428e-03
3.350000000000000000e+02 3.670664843749999687e-03
3.360000000000000000e+02 3.710172734375000777e-03
3.370000000000000000e+02 3.750282968750000105e-03
3.380000000000000000e+02 3.791015625000000548e-03
3.390000000000000000e+02 3.832358515624999847e-03
3.400000000000000000e+02 3.874367499999997657e-03
3.410000000000000000e+02 3.917047578125000019e-03
3.420000000000000000e+02 3.960430546874999305e-03
3.430000000000000000e+02 4.004531171874999886e-03
3.440000000000000000e+02 4.049354218750002288e-03
3.450000000000000000e+02 4.094933046875000662e-03
3.460000000000000000e+02 4.141290859374999710e-03
3.470000000000000000e+02 4.188464296875000527e-03
3.480000000000000000e+02 4.236454765624997169e-03
3.490000000000000000e+02 4.285264921875000382e-03
3.500000000000000000e+02 4.334993046874998333e-03
3.510000000000000000e+02 4.385561093750001312e-03
3.520000000000000000e+02 4.437066874999999466e-03
3.530000000000000000e+02 4.489492968749996329e-03
3.540000000000000000e+02 4.542889843750000899e-03
3.550000000000000000e+02 4.597242187500000417e-03
3.560000000000000000e+02 4.652597656250001025e-03
3.570000000000000000e+02 4.708971874999998836e-03
3.580000000000000000e+02 4.766372656249998410e-03
3.590000000000000000e+02 4.824832812499998957e-03
3.600000000000000000e+02 4.884388281250001511e-03
3.610000000000000000e+02 4.945016406250002383e-03
3.620000000000000000e+02 5.006778124999999857e-03
3.630000000000000000e+02 5.069632812500001438e-03
3.640000000000000000e+02 5.133620312500000032e-03
3.650000000000000000e+02 5.198817187500001311e-03
3.660000000000000000e+02 5.265150781249997546e-03
3.670000000000000000e+02 5.332682812499999619e-03
3.680000000000000000e+02 5.401386718749998962e-03
3.690000000000000000e+02 5.471321093750004631e-03
3.700000000000000000e+02 5.542431249999999442e-03
3.710000000000000000e+02 5.614781250000003450e-03
3.720000000000000000e+02 5.688371093749995840e-03
3.730000000000000000e+02 5.763138281249999099e-03
3.740000000000000000e+02 5.839110937500003630e-03
3.750000000000000000e+02 5.916338281250001739e-03
3.760000000000000000e+02 5.994749218749997888e-03
3.770000000000000000e+02 6.074362500000000421e-03
3.780000000000000000e+02 6.155168749999998662e-03
3.790000000000000000e+02 6.237164843750000326e-03
3.800000000000000000e+02 6.320286718749999234e-03
3.810000000000000000e+02 6.404553124999998528e-03
3.820000000000000000e+02 6.489932031250002925e-03
3.830000000000000000e+02 6.576396093749999061e-03
3.840000000000000000e+02 6.663889062500000064e-03
3.850000000000000000e+02 6.752392187499998456e-03
3.860000000000000000e+02 6.841848437500004307e-03
3.870000000000000000e+02 6.932258593749994653e-03
3.880000000000000000e+02 7.023533593750002496e-03
3.890000000000000000e+02 7.115571093749999305e-03
3.900000000000000000e+02 7.208406250000000404e-03
3.910000000000000000e+02 7.301930468749998765e-03
3.920000000000000000e+02 7.396054687500001369e-03
3.930000000000000000e+02 7.490692187499997483e-03
3.940000000000000000e+02 7.585795312500002649e-03
3.950000000000000000e+02 7.681261718750002215e-03
3.960000000000000000e+02 7.777004687500000193e-03
3.970000000000000000e+02 7.872871093749999119e-03
3.980000000000000000e+02 7.968814062500002848e-03
3.990000000000000000e+02 8.064660156250002057e-03
4.000000000000000000e+02 8.160356250000002157e-03
4.010000000000000000e+02 8.255714843749996021e-03
4.020000000000000000e+02 8.350594531249994762e-03
4.030000000000000000e+02 8.444867968749998621e-03
4.040000000000000000e+02 8.538392968750006112e-03
4.050000000000000000e+02 8.631020312499997765e-03
4.060000000000000000e+02 8.722527343750001438e-03
4.070000000000000000e+02 8.812828906250000371e-03
4.080000000000000000e+02 8.901672656249998150e-03
4.090000000000000000e+02 8.988889062500003344e-03
4.100000000000000000e+02 9.074301562500008272e-03
4.110000000000000000e+02 9.157677343750005375e-03
4.120000000000000000e+02 9.238829687499996654e-03
4.130000000000000000e+02 9.317561718749997265e-03
4.140000000000000000e+02 9.393615624999998928e-03
4.150000000000000000e+02 9.466785937499994433e-03
4.160000000000000000e+02 9.536853125000001319e-03
4.170000000000000000e+02 9.603556249999995603e-03
4.180000000000000000e+02 9.666674999999997839e-03
4.190000000000000000e+02 9.726019531250001265e-03
4.200000000000000000e+02 9.781267187500001375e-03
4.210000000000000000e+02 9.832225781249998714e-03
4.220000000000000000e+02 9.878616406250000440e-03
4.230000000000000000e+02 9.920246093749997968e-03
4.240000000000000000e+02 9.956852343750001097e-03
4.250000000000000000e+02 9.988195312499996426e-03
4.260000000000000000e+02 1.001406953125000623e-02
4.270000000000000000e+02 1.003424765625000707e-02
4.280000000000000000e+02 1.004850937499999868e-02
4.290000000000000000e+02 1.005662812500000142e-02
4.300000000000000000e+02 1.005858203124999732e-02
4.310000000000000000e+02 1.005399921875000345e-02
4.320000000000000000e+02 1.004285312499999562e-02
4.330000000000000000e+02 1.002501796874999754e-02
4.340000000000000000e+02 1.000040078124999829e-02
4.350000000000000000e+02 9.968885937500001487e-03
4.360000000000000000e+02 9.930510937499997803e-03
4.370000000000000000e+02 9.885259374999995005e-03
4.380000000000000000e+02 9.833163281250003121e-03
4.390000000000000000e+02 9.774392968750000160e-03
4.400000000000000000e+02 9.709038281250000416e-03
4.410000000000000000e+02 9.637409375000002831e-03
4.420000000000000000e+02 9.559714843749995625e-03
4.430000000000000000e+02 9.476306249999994977e-03
4.440000000000000000e+02 9.387623437500006163e-03
4.450000000000000000e+02 9.294353906250000380e-03
4.460000000000000000e+02 9.196884375000002193e-03
4.470000000000000000e+02 9.096114843750001053e-03
4.480000000000000000e+02 8.992877343749993563e-03
4.490000000000000000e+02 8.888067187499999397e-03
4.500000000000000000e+02 8.782925781250000910e-03
4.510000000000000000e+02 8.678637499999997465e-03
4.520000000000000000e+02 8.576623437499998268e-03
4.530000000000000000e+02 8.478523437500003201e-03
4.540000000000000000e+02 8.386198437500000727e-03
4.550000000000000000e+02 8.301560937500000736e-03
4.560000000000000000e+02 8.226878515624999264e-03
4.570000000000000000e+02 8.164604296874999195e-03
4.580000000000000000e+02 8.117520000000004801e-03
4.590000000000000000e+02 8.088610937499997322e-03
4.600000000000000000e+02 8.081220312499999905e-03
4.610000000000000000e+02 8.098946718750003188e-03
4.620000000000000000e+02 8.145774976562498992e-03
4.630000000000000000e+02 8.226173499999999555e-03
4.640000000000000000e+02 8.344844465625002664e-03
4.650000000000000000e+02 8.507013260156246273e-03
4.660000000000000000e+02 8.718329945312502244e-03
4.670000000000000000e+02 8.984929375000000676e-03
4.680000000000000000e+02 9.313672578124999532e-03
4.690000000000000000e+02 9.711611718749997221e-03
4.700000000000000000e+02 1.018674546874999941e-02
4.710000000000000000e+02 1.074762195312500487e-02
4.720000000000000000e+02 1.140342968750000796e-02
4.730000000000000000e+02 1.216416015624999757e-02
4.740000000000000000e+02 1.304053906249999679e-02
4.750000000000000000e+02 1.404420234375000111e-02
4.760000000000000000e+02 1.518767968749999871e-02
4.770000000000000000e+02 1.648439765625000011e-02
4.780000000000000000e+02 1.794889921875000155e-02
4.790000000000000000e+02 1.959678124999999008e-02
4.800000000000000000e+02 2.144481250000000380e-02
4.810000000000000000e+02 2.351090937499999978e-02
4.820000000000000000e+02 2.581447578125000558e-02
4.830000000000000000e+02 2.837627421875000069e-02
4.840000000000000000e+02 3.121835546875001074e-02
4.850000000000000000e+02 3.436471875000000203e-02
4.860000000000000000e+02 3.784072656250000305e-02
4.870000000000000000e+02 4.167373437500000721e-02
4.880000000000000000e+02 4.589279687499997484e-02
4.890000000000000000e+02 5.052949218749999694e-02
4.900000000000000000e+02 5.561689062499996367e-02
4.910000000000000000e+02 6.119026562500000377e-02
4.920000000000000000e+02 6.728862500000000468e-02
4.930000000000000000e+02 7.395228124999997377e-02
4.940000000000000000e+02 8.122408593749998185e-02
4.950000000000000000e+02 8.915091406249994743e-02
4.960000000000000000e+02 9.778197656249996983e-02
4.970000000000000000e+02 1.071701953125000495e-01
4.980000000000000000e+02 1.173715390624999744e-01
4.990000000000000000e+02 1.284454453125000450e-01
5.000000000000000000e+02 1.404562187500001114e-01
5.010000000000000000e+02 1.534705390624998833e-01
5.020000000000000000e+02 1.675624765625000068e-01
5.030000000000000000e+02 1.828080078125000063e-01
5.040000000000000000e+02 1.992888124999999677e-01
5.050000000000000000e+02 2.170925781250000464e-01
5.060000000000000000e+02 2.363114843749999638e-01
5.070000000000000000e+02 2.570446093749998995e-01
5.080000000000000000e+02 2.793963281250000930e-01
5.090000000000000000e+02 3.034779687499999934e-01
5.100000000000000000e+02 3.294087500000000279e-01
5.110000000000000000e+02 3.573146874999998945e-01
