0.000000000000000000e+00 4.842755390624999814e-04
1.000000000000000000e+00 4.840785468750001823e-04
2.000000000000000000e+00 4.836875312499997804e-04
3.000000000000000000e+00 4.831004062499999821e-04
4.000000000000000000e+00 4.823174062499998509e-04
5.000000000000000000e+00 4.813404296874999595e-04
6.000000000000000000e+00 4.801705937500002079e-04
7.000000000000000000e+00 4.788092578124998264e-04
8.000000000000000000e+00 4.772558671875003536e-04
9.000000000000000000e+00 4.755161250000000347e-04
1.000000000000000000e+01 4.735859062499999566e-04
1.100000000000000000e+01 4.714699296874998581e-04
1.200000000000000000e+01 4.691709375000000307e-04
1.300000000000000000e+01 4.666876953125000940e-04
1.400000000000000000e+01 4.640278593750000297e-04
1.500000000000000000e+01 4.611924296874997994e-04
1.600000000000000000e+01 4.581818359374999357e-04
1.700000000000000000e+01 4.549993125000000916e-04
1.800000000000000000e+01 4.516486718750002119e-04
1.900000000000000000e+01 4.481353437500002032e-04
2.000000000000000000e+01 4.444593203125001240e-04
2.100000000000000000e+01 4.406252812499998964e-04
2.200000000000000000e+01 4.366376015624999821e-04
2.300000000000000000e+01 4.324985859375000898e-04
2.400000000000000000e+01 4.282134765625000079e-04
2.500000000000000000e+01 4.237859062500001555e-04
2.600000000000000000e+01 4.192207890624996807e-04
2.700000000000000000e+01 4.145209687500000140e-04
2.800000000000000000e+01 4.096924999999999742e-04
2.900000000000000000e+01 4.047390859374999433e-04
3.000000000000000000e+01 3.996652031249997876e-04
3.100000000000000000e+01 3.944773203124998426e-04
3.200000000000000000e+01 3.891783437499999883e-04
3.300000000000000000e+01 3.837749999999999365e-04
3.400000000000000000e+01 3.782711015624999032e-04
3.500000000000000000e+01 3.726720703125001245e-04
3.600000000000000000e+01 3.669843437499999768e-04
3.700000000000000000e+01 3.612124296874998520e-04
3.800000000000000000e+01 3.553622109374999605e-04
3.900000000000000000e+01 3.494385859375000549e-04
4.000000000000000000e+01 3.434477812499999480e-04
4.100000000000000000e+01 3.373953046874999390e-04
4.200000000000000000e+01 3.312870000000000419e-04
4.300000000000000000e+01 3.251284374999999270e-04
4.400000000000000000e+01 3.189258281250001198e-04
4.500000000000000000e+01 3.126843671875000541e-04
4.600000000000000000e+01 3.064112968749998752e-04
4.700000000000000000e+01 3.001104999999999246e-04
4.800000000000000000e+01 2.937893593750000028e-04
4.900000000000000000e+01 2.874542812499999902e-04
5.000000000000000000e+01 2.811098359375000292e-04
5.100000000000000000e+01 2.747634062500000285e-04
5.200000000000000000e+01 2.684203906249999112e-04
5.300000000000000000e+01 2.620857500000001021e-04
5.400000000000000000e+01 2.557671015625001694e-04
5.500000000000000000e+01 2.494697109375001065e-04
5.600000000000000000e+01 2.431989609375000345e-04
5.700000000000000000e+01 2.369616171875001055e-04
5.800000000000000000e+01 2.307632343749998626e-04
5.900000000000000000e+01 2.246091484374999393e-04
6.000000000000000000e+01 2.185056484375001154e-04
6.100000000000000000e+01 2.124590937499998896e-04
6.200000000000000000e+01 2.064739609374999685e-04
6.300000000000000000e+01 2.005563828124999701e-04
6.400000000000000000e+01 1.947113906249999297e-04
6.500000000000000000e+01 1.889451859374999493e-04
6.600000000000000000e+01 1.832633296874999263e-04
6.700000000000000000e+01 1.776705960937499066e-04
6.800000000000000000e+01 1.721722562499999561e-04
6.900000000000000000e+01 1.667736726562498979e-04
7.000000000000000000e+01 1.614794554687499725e-04
7.100000000000000000e+01 1.562950218749999468e-04
7.200000000000000000e+01 1.512245757812500041e-04
7.300000000000000000e+01 1.462735984375000079e-04
7.400000000000000000e+01 1.414465117187498533e-04
7.500000000000000000e+01 1.367474960937500612e-04
7.600000000000000000e+01 1.321810062500000432e-04
7.700000000000000000e+01 1.277517125000001113e-04
7.800000000000000000e+01 1.234640093750000124e-04
7.900000000000000000e+01 1.193212156249999565e-04
8.000000000000000000e+01 1.153271906249999995e-04
8.100000000000000000e+01 1.114862210937499800e-04
8.200000000000000000e+01 1.078014445312500737e-04
8.300000000000000000e+01 1.042765000000000646e-04
8.400000000000000000e+01 1.009143023437499335e-04
8.500000000000000000e+01 9.771916406249998551e-05
8.600000000000000000e+01 9.469273906250002236e-05
8.700000000000000000e+01 9.183956796875004740e-05
8.800000000000000000e+01 8.916097031250001933e-05
8.900000000000000000e+01 8.666029218750003903e-05
9.000000000000000000e+01 8.433938828125004099e-05
9.100000000000000000e+01 8.220110546875000670e-05
9.200000000000000000e+01 8.024708203124998997e-05
9.300000000000000000e+01 7.848007718750001083e-05
9.400000000000000000e+01 7.690101226562498602e-05
9.500000000000000000e+01 7.551176742187500578e-05
9.600000000000000000e+01 7.431431789062497694e-05
9.700000000000000000e+01 7.331025515624999803e-05
9.800000000000000000e+01 7.249960406249998331e-05
9.900000000000000000e+01 7.188436703125002916e-05
1.000000000000000000e+02 7.146494148437497734e-05
1.010000000000000000e+02 7.124281546875005507e-05
1.020000000000000000e+02 7.121760067968752842e-05
1.030000000000000000e+02 7.139058337500000595e-05
1.040000000000000000e+02 7.176153707031247787e-05
1.050000000000000000e+02 7.233047321562497702e-05
1.060000000000000000e+02 7.309833290703125752e-05
1.070000000000000000e+02 7.406403515859375658e-05
1.080000000000000000e+02 7.522738871875000858e-05
1.090000000000000000e+02 7.658836915624999461e-05
1.100000000000000000e+02 7.814627253124998868e-05
1.110000000000000000e+02 7.989992570312500961e-05
1.120000000000000000e+02 8.184961710937501615e-05
1.130000000000000000e+02 8.399311968749997609e-05
1.140000000000000000e+02 8.633037124999996174e-05
1.150000000000000000e+02 8.885965007812500873e-05
1.160000000000000000e+02 9.157987054687499620e-05
1.170000000000000000e+02 9.448887632812499556e-05
1.180000000000000000e+02 9.758610351562498324e-05
1.190000000000000000e+02 1.008694882031250069e-04
1.200000000000000000e+02 1.043371996093749553e-04
1.210000000000000000e+02 1.079877168750000439e-04
1.220000000000000000e+02 1.118189718749999713e-04
1.230000000000000000e+02 1.158283587499999925e-04
1.240000000000000000e+02 1.200146970312500268e-04
1.250000000000000000e+02 1.243754364062500597e-04
1.260000000000000000e+02 1.289079825781250287e-04
1.270000000000000000e+02 1.336097395312499869e-04
1.280000000000000000e+02 1.384794439062500017e-04
1.290000000000000000e+02 1.435140738281250592e-04
1.300000000000000000e+02 1.487106904687499694e-04
1.310000000000000000e+02 1.540671906249999978e-04
1.320000000000000000e+02 1.595805290625000681e-04
1.330000000000000000e+02 1.652482693749999815e-04
1.340000000000000000e+02 1.710683649218750217e-04
1.350000000000000000e+02 1.770377001562500137e-04
1.360000000000000000e+02 1.831528160156250639e-04
1.370000000000000000e+02 1.894117205468749123e-04
1.380000000000000000e+02 1.958119399999999838e-04
1.390000000000000000e+02 2.023499652343750633e-04
1.400000000000000000e+02 2.090231391406250413e-04
1.410000000000000000e+02 2.158288062500000252e-04
1.420000000000000000e+02 2.227645999999999847e-04
1.430000000000000000e+02 2.298275296874999912e-04
1.440000000000000000e+02 2.370149679687500127e-04
1.450000000000000000e+02 2.443238585937499829e-04
1.460000000000000000e+02 2.517514460937499750e-04
1.470000000000000000e+02 2.592966445312500459e-04
1.480000000000000000e+02 2.669550617187499918e-04
1.490000000000000000e+02 2.747255242187498668e-04
1.500000000000000000e+02 2.826045937499999518e-04
1.510000000000000000e+02 2.905904203125001038e-04
1.520000000000000000e+02 2.986804617187500456e-04
1.530000000000000000e+02 3.068732664062499122e-04
1.540000000000000000e+02 3.151652710937499421e-04
1.550000000000000000e+02 3.235554171875001505e-04
1.560000000000000000e+02 3.320411804687500119e-04
1.570000000000000000e+02 3.406222812500000747e-04
1.580000000000000000e+02 3.492945703124999100e-04
1.590000000000000000e+02 3.580574140625000573e-04
1.600000000000000000e+02 3.669095468749997732e-04
1.610000000000000000e+02 3.758494140624999845e-04
1.620000000000000000e+02 3.848737968750001086e-04
1.630000000000000000e+02 3.939841171875001018e-04
1.640000000000000000e+02 4.031798593750000187e-04
1.650000000000000000e+02 4.124568437499998908e-04
1.660000000000000000e+02 4.218152265625000155e-04
1.670000000000000000e+02 4.312542578125001368e-04
1.680000000000000000e+02 4.407752109374998015e-04
1.690000000000000000e+02 4.503733749999998628e-04
1.700000000000000000e+02 4.600553046874999606e-04
1.710000000000000000e+02 4.698166484375000543e-04
1.720000000000000000e+02 4.796569140625000236e-04
1.730000000000000000e+02 4.895773046874998856e-04
1.740000000000000000e+02 4.995767578124995492e-04
1.750000000000000000e+02 5.096567734374998510e-04
1.760000000000000000e+02 5.198194374999999100e-04
1.770000000000000000e+02 5.300629140625000421e-04
1.780000000000000000e+02 5.403888671874998049e-04
1.790000000000000000e+02 5.507991328125000753e-04
1.800000000000000000e+02 5.612954531249999364e-04
1.810000000000000000e+02 5.718766640624997838e-04
1.820000000000000000e+02 5.825496640624998898e-04
1.830000000000000000e+02 5.933043906249999130e-04
1.840000000000000000e+02 6.041586640624999061e-04
1.850000000000000000e+02 6.151027812499999890e-04
1.860000000000000000e+02 6.261433828124999190e-04
1.870000000000000000e+02 6.372805234374998842e-04
1.880000000000000000e+02 6.485179687500000709e-04
1.890000000000000000e+02 6.598608593749998334e-04
1.900000000000000000e+02 6.713083593750002621e-04
1.910000000000000000e+02 6.828635156250000785e-04
1.920000000000000000e+02 6.945307812500002998e-04
1.930000000000000000e+02 7.063134375000001746e-04
1.940000000000000000e+02 7.182153125000002901e-04
1.950000000000000000e+02 7.302393750000000594e-04
1.960000000000000000e+02 7.423867968749996247e-04
1.970000000000000000e+02 7.546651562499998760e-04
1.980000000000000000e+02 7.670764843749997442e-04
1.990000000000000000e+02 7.796226562499999771e-04
2.000000000000000000e+02 7.923109375000003283e-04
2.010000000000000000e+02 8.051460156249998484e-04
2.020000000000000000e+02 8.181293749999999244e-04
2.030000000000000000e+02 8.312621093749999806e-04
2.040000000000000000e+02 8.445593749999999542e-04
2.050000000000000000e+02 8.580155468750000954e-04
2.060000000000000000e+02 8.716402343750002252e-04
2.070000000000000000e+02 8.854361718750004221e-04
2.080000000000000000e+02 8.994089062499999350e-04
2.090000000000000000e+02 9.135660156250000876e-04
2.100000000000000000e+02 9.279048437499997845e-04
2.110000000000000000e+02 9.424399999999999011e-04
2.120000000000000000e+02 9.571650781250001230e-04
2.130000000000000000e+02 9.720925000000003088e-04
2.140000000000000000e+02 9.872328125000000027e-04
2.150000000000000000e+02 1.002580624999999765e-03
2.160000000000000000e+02 1.018139140625000079e-03
2.170000000000000000e+02 1.033923593750000298e-03
2.180000000000000000e+02 1.049930703124999981e-03
2.190000000000000000e+02 1.066172343750000032e-03
2.200000000000000000e+02 1.082648281250000576e-03
2.210000000000000000e+02 1.099364843750000233e-03
2.220000000000000000e+02 1.116325078124999351e-03
2.230000000000000000e+02 1.133531953125000271e-03
2.240000000000000000e+02 1.150998671874999728e-03
2.250000000000000000e+02 1.168718203125000774e-03
2.260000000000000000e+02 1.186710390625000120e-03
2.270000000000000000e+02 1.204961718749999675e-03
2.280000000000000000e+02 1.223490156250000172e-03
2.290000000000000000e+02 1.242294531250000495e-03
2.300000000000000000e+02 1.261377187500000059e-03
2.310000000000000000e+02 1.280746328125000185e-03
2.320000000000000000e+02 1.300393359374999976e-03
2.330000000000000000e+02 1.320341015624999607e-03
2.340000000000000000e+02 1.340581562499999898e-03
2.350000000000000000e+02 1.361112968749999966e-03
2.360000000000000000e+02 1.381951406250000623e-03
2.370000000000000000e+02 1.403087187500000462e-03
2.380000000000000000e+02 1.424534531249999156e-03
2.390000000000000000e+02 1.446284453125000350e-03
2.400000000000000000e+02 1.468342812499999657e-03
2.410000000000000000e+02 1.490720312500000118e-03
2.420000000000000000e+02 1.513405078124999744e-03
2.430000000000000000e+02 1.536404374999999697e-03
2.440000000000000000e+02 1.559718359375000113e-03
2.450000000000000000e+02 1.583344531250000355e-03
2.460000000000000000e+02 1.607291406250000061e-03
2.470000000000000000e+02 1.631555468750000648e-03
2.480000000000000000e+02 1.656129921875000490e-03
2.490000000000000000e+02 1.681023437499999575e-03
2.500000000000000000e+02 1.706227890625000012e-03
2.510000000000000000e+02 1.731753281250000007e-03
2.520000000000000000e+02 1.757580546875000269e-03
2.530000000000000000e+02 1.783723437499999632e-03
2.540000000000000000e+02 1.810168984374999285e-03
2.550000000000000000e+02 1.836916718750000559e-03
2.560000000000000000e+02 1.863979374999999569e-03
2.570000000000000000e+02 1.891330624999999765e-03
2.580000000000000000e+02 1.918974218749999825e-03
2.590000000000000000e+02 1.946910156249999748e-03
2.600000000000000000e+02 1.975122656249999817e-03
2.610000000000000000e+02 2.003629687499999465e-03
2.620000000000000000e+02 2.032405468750000336e-03
2.630000000000000000e+02 2.061445312500000127e-03
2.640000000000000000e+02 2.090755468750000318e-03
2.650000000000000000e+02 2.120328124999999383e-03
2.660000000000000000e+02 2.150138281250000942e-03
2.670000000000000000e+02 2.180199218749999304e-03
2.680000000000000000e+02 2.210485937500001989e-03
2.690000000000000000e+02 2.241004687500000505e-03
2.700000000000000000e+02 2.271738281249999995e-03
2.710000000000000000e+02 2.302682031249999890e-03
2.720000000000000000e+02 2.333829687500000877e-03
2.730000000000000000e+02 2.365153906249999570e-03
2.740000000000000000e+02 2.396666406250000207e-03
2.750000000000000000e+02 2.428350781250000149e-03
2.760000000000000000e+02 2.460186718749999678e-03
2.770000000000000000e+02 2.492171093750000007e-03
2.780000000000000000e+02 2.524287500000001096e-03
2.790000000000000000e+02 2.556524218750000008e-03
2.800000000000000000e+02 2.588876562500000509e-03
2.810000000000000000e+02 2.621324999999999003e-03
2.820000000000000000e+02 2.653863281249999647e-03
2.830000000000000000e+02 2.686463281250000331e-03
2.840000000000000000e+02 2.719129687499999889e-03
2.850000000000000000e+02 2.751833593749999658e-03
2.860000000000000000e+02 2.784569531250000347e-03
2.870000000000000000e+02 2.817318750000000118e-03
2.880000000000000000e+02 2.850067968750000756e-03
2.890000000000000000e+02 2.882803124999999255e-03
2.900000000000000000e+02 2.915510937500000004e-03
2.910000000000000000e+02 2.948174218749999905e-03
2.920000000000000000e+02 2.980781250000001225e-03
2.930000000000000000e+02 3.013309374999999842e-03
2.940000000000000000e+02 3.045744531250000123e-03
2.950000000000000000e+02 3.078073437499999950e-03
2.960000000000000000e+02 3.110281250000000199e-03
2.970000000000000000e+02 3.142351562499999529e-03
2.980000000000000000e+02 3.174266406250000894e-03
2.990000000000000000e+02 3.206016406250000988e-03
3.000000000000000000e+02 3.237579687499999182e-03
3.010000000000000000e+02 3.268942187500000277e-03
3.020000000000000000e+02 3.300077343750001339e-03
3.030000000000000000e+02 3.330996093749999647e-03
3.040000000000000000e+02 3.361665625000000331e-03
3.050000000000000000e+02 3.392063281250001002e-03
3.060000000000000000e+02 3.422194531250001386e-03
3.070000000000000000e+02 3.452039843749998317e-03
3.080000000000000000e+02 3.481575781250000230e-03
3.090000000000000000e+02 3.510793750000000372e-03
3.100000000000000000e+02 3.539682031250000142e-03
3.110000000000000000e+02 3.568228906250000068e-03
3.120000000000000000e+02 3.596417187499998790e-03
3.130000000000000000e+02 3.624240625000000465e-03
3.140000000000000000e+02 3.651684375000002064e-03
3.150000000000000000e+02 3.678753906250000275e-03
3.160000000000000000e+02 3.705411718749998789e-03
3.170000000000000000e+02 3.731671093750001025e-03
3.180000000000000000e+02 3.757514843749999549e-03
3.190000000000000000e+02 3.782933593749999730e-03
3.200000000000000000e+02 3.807930468749999488e-03
3.210000000000000000e+02 3.832492187499998443e-03
3.220000000000000000e+02 3.856617187500001754e-03
3.230000000000000000e+02 3.880307812499998645e-03
3.240000000000000000e+02 3.903547656250000355e-03
3.250000000000000000e+02 3.926353906250001739e-03
3.260000000000000000e+02 3.948714062500000704e-03
3.270000000000000000e+02 3.970632812500000421e-03
3.280000000000000000e+02 3.992112499999999654e-03
3.290000000000000000e+02 4.013160937500000365e-03
3.300000000000000000e+02 4.033778906249999539e-03
3.310000000000000000e+02 4.053974218749999137e-03
3.320000000000000000e+02 4.073760937499999561e-03
3.330000000000000000e+02 4.093142968749997890e-03
3.340000000000000000e+02 4.112140624999999911e-03
3.350000000000000000e+02 4.130755468749998729e-03
3.360000000000000000e+02 4.149003906249998722e-03
3.370000000000000000e+02 4.166922656249999642e-03
3.380000000000000000e+02 4.184508593750000532e-03
3.390000000000000000e+02 4.201789062500000012e-03
3.400000000000000000e+02 4.218792187499999756e-03
3.410000000000000000e+02 4.235535937500000715e-03
3.420000000000000000e+02 4.252041406249999593e-03
3.430000000000000000e+02 4.268343750000000436e-03
3.440000000000000000e+02 4.284501562499999291e-03
3.450000000000000000e+02 4.300489843749996308e-03
3.460000000000000000e+02 4.316403906249999430e-03
3.470000000000000000e+02 4.332214062500000865e-03
3.480000000000000000e+02 4.348033124999997612e-03
3.490000000000000000e+02 4.363844531249999256e-03
3.500000000000000000e+02 4.379725859374999225e-03
3.510000000000000000e+02 4.395705000000000619e-03
3.520000000000000000e+02 4.411830859374999379e-03
3.530000000000000000e+02 4.428179843749997791e-03
3.540000000000000000e+02 4.444756406249997412e-03
3.550000000000000000e+02 4.461688984375000028e-03
3.560000000000000000e+02 4.478947890625001316e-03
3.570000000000000000e+02 4.496653046875001038e-03
3.580000000000000000e+02 4.514827656249997823e-03
3.590000000000000000e+02 4.533577265625002468e-03
3.600000000000000000e+02 4.552909296875000227e-03
3.610000000000000000e+02 4.572972343750000487e-03
3.620000000000000000e+02 4.593773828125002380e-03
3.630000000000000000e+02 4.615377734375003017e-03
3.640000000000000000e+02 4.637921015624998401e-03
3.650000000000000000e+02 4.661418828125005707e-03
3.660000000000000000e+02 4.685982187499997294e-03
3.670000000000000000e+02 4.711678828125002126e-03
3.680000000000000000e+02 4.738565859375000987e-03
3.690000000000000000e+02 4.766759296875003500e-03
3.700000000000000000e+02 4.796324296874998790e-03
3.710000000000000000e+02 4.827346093749999671e-03
3.720000000000000000e+02 4.859964765624998767e-03
3.730000000000000000e+02 4.894169218750001049e-03
3.740000000000000000e+02 4.930079218750002025e-03
3.750000000000000000e+02 4.967809140624997871e-03
3.760000000000000000e+02 5.007439374999997882e-03
3.770000000000000000e+02 5.049011640624999180e-03
3.780000000000000000e+02 5.092654687499998181e-03
3.790000000000000000e+02 5.138465624999997115e-03
3.800000000000000000e+02 5.186508671875000344e-03
3.810000000000000000e+02 5.236875468750001698e-03
3.820000000000000000e+02 5.289650312499998876e-03
3.830000000000000000e+02 5.344917265624996201e-03
3.840000000000000000e+02 5.402702265625001707e-03
3.850000000000000000e+02 5.463213203125000077e-03
3.860000000000000000e+02 5.526395078124999444e-03
3.870000000000000000e+02 5.592355546874998654e-03
3.880000000000000000e+02 5.661188281250001744e-03
3.890000000000000000e+02 5.732954296875001320e-03
3.900000000000000000e+02 5.807686640624999501e-03
3.910000000000000000e+02 5.885485234374996169e-03
3.920000000000000000e+02 5.966356953125001583e-03
3.930000000000000000e+02 6.050405937500000393e-03
3.940000000000000000e+02 6.137626015625004088e-03
3.950000000000000000e+02 6.228067968749998080e-03
3.960000000000000000e+02 6.321768515624996872e-03
3.970000000000000000e+02 6.418728125000001949e-03
3.980000000000000000e+02 6.518959375000001055e-03
3.990000000000000000e+02 6.622520312500002233e-03
4.000000000000000000e+02 6.729366406249997698e-03
4.010000000000000000e+02 6.839510937499996938e-03
4.020000000000000000e+02 6.952878124999999944e-03
4.030000000000000000e+02 7.069485937499998991e-03
4.040000000000000000e+02 7.189279687499995977e-03
4.050000000000000000e+02 7.312216406249997039e-03
4.060000000000000000e+02 7.438229687499998098e-03
4.070000000000000000e+02 7.567246093749999646e-03
4.080000000000000000e+02 7.699155468749999814e-03
4.090000000000000000e+02 7.833927343749994693e-03
4.100000000000000000e+02 7.971363281250001126e-03
4.110000000000000000e+02 8.111362499999994966e-03
4.120000000000000000e+02 8.253839062500002363e-03
4.130000000000000000e+02 8.398563281250001969e-03
4.140000000000000000e+02 8.545426562500003237e-03
4.150000000000000000e+02 8.694171093749997886e-03
4.160000000000000000e+02 8.844723437500000285e-03
4.170000000000000000e+02 8.996763281250000355e-03
4.180000000000000000e+02 9.150108593749999367e-03
4.190000000000000000e+02 9.304471874999999462e-03
4.200000000000000000e+02 9.459670312499992781e-03
4.210000000000000000e+02 9.615389062500005399e-03
4.220000000000000000e+02 9.771314843750003587e-03
4.230000000000000000e+02 9.927211718749998776e-03
4.240000000000000000e+02 1.008270312500000009e-02
4.250000000000000000e+02 1.023751250000000217e-02
4.260000000000000000e+02 1.039129921875000563e-02
4.270000000000000000e+02 1.054368750000000271e-02
4.280000000000000000e+02 1.069431562500000252e-02
4.290000000000000000e+02 1.084286562499999981e-02
4.300000000000000000e+02 1.098891484375000283e-02
4.310000000000000000e+02 1.113206718749999713e-02
4.320000000000000000e+02 1.127196875000000507e-02
4.330000000000000000e+02 1.140826250000000035e-02
4.340000000000000000e+02 1.154046718750000033e-02
4.350000000000000000e+02 1.166826953124999559e-02
4.360000000000000000e+02 1.179130937499999962e-02
4.370000000000000000e+02 1.190914140625000048e-02
4.380000000000000000e+02 1.202153046874999964e-02
4.390000000000000000e+02 1.212802578125000107e-02
4.400000000000000000e+02 1.222834843750000150e-02
4.410000000000000000e+02 1.232219609374999615e-02
4.420000000000000000e+02 1.240928984375000779e-02
4.430000000000000000e+02 1.248944765625000473e-02
4.440000000000000000e+02 1.256244687499999228e-02
4.450000000000000000e+02 1.262817890624999551e-02
4.460000000000000000e+02 1.268655781249999892e-02
4.470000000000000000e+02 1.273748984374999636e-02
4.480000000000000000e+02 1.278113046874999881e-02
4.490000000000000000e+02 1.281759296875000127e-02
4.500000000000000000e+02 1.284707890624999828e-02
4.510000000000000000e+02 1.286986328125000988e-02
4.520000000000000000e+02 1.288647031250000213e-02
4.530000000000000000e+02 1.289735703125000250e-02
4.540000000000000000e+02 1.290336249999999955e-02
4.550000000000000000e+02 1.290513515625000239e-02
4.560000000000000000e+02 1.290387812500000571e-02
4.570000000000000000e+02 1.290064374999999944e-02
4.580000000000000000e+02 1.289690625000000125e-02
4.590000000000000000e+02 1.289422109374999646e-02
4.600000000000000000e+02 1.289444609375000640e-02
4.610000000000000000e+02 1.289959273437499970e-02
4.620000000000000000e+02 1.291213429687499380e-02
4.630000000000000000e+02 1.293469742187500042e-02
4.640000000000000000e+02 1.297027390624999436e-02
4.650000000000000000e+02 1.302224453124999938e-02
4.660000000000000000e+02 1.309427960937500392e-02
4.670000000000000000e+02 1.319051964843750285e-02
4.680000000000000000e+02 1.331567299218749945e-02
4.690000000000000000e+02 1.347460942656249910e-02
4.700000000000000000e+02 1.367301017187499967e-02
4.710000000000000000e+02 1.391708607812499991e-02
4.720000000000000000e+02 1.421340860156250149e-02
4.730000000000000000e+02 1.456941312500000148e-02
4.740000000000000000e+02 1.499322609374999921e-02
4.750000000000000000e+02 1.549348281250000417e-02
4.760000000000000000e+02 1.607993304687500152e-02
4.770000000000000000e+02 1.676285390625000676e-02
4.780000000000000000e+02 1.755373359374999553e-02
4.790000000000000000e+02 1.846481562500000215e-02
4.800000000000000000e+02 1.950945859375000785e-02
4.810000000000000000e+02 2.070218046875000120e-02
4.820000000000000000e+02 2.205860312499999948e-02
4.830000000000000000e+02 2.359569062500001951e-02
4.840000000000000000e+02 2.533182890624999933e-02
4.850000000000000000e+02 2.728675234375000508e-02
4.860000000000000000e+02 2.948197031250000127e-02
4.870000000000000000e+02 3.194036171875000441e-02
4.880000000000000000e+02 3.468687656249998252e-02
4.890000000000000000e+02 3.774835703125003356e-02
4.900000000000000000e+02 4.115327265624999648e-02
4.910000000000000000e+02 4.493340703124999030e-02
4.920000000000000000e+02 4.912131718749998543e-02
4.930000000000000000e+02 5.375360937500000408e-02
4.940000000000000000e+02 5.886883593749998173e-02
4.950000000000000000e+02 6.450835937500000450e-02
4.960000000000000000e+02 7.071689062500002843e-02
4.970000000000000000e+02 7.754221093749996685e-02
4.980000000000000000e+02 8.503694531249997302e-02
4.990000000000000000e+02 9.325563281250004444e-02
5.000000000000000000e+02 1.022580390624999724e-01
5.010000000000000000e+02 1.121078124999999454e-01
5.020000000000000000e+02 1.228740781249999664e-01
5.030000000000000000e+02 1.346299374999999632e-01
5.040000000000000000e+02 1.474556484375000032e-01
5.050000000000000000e+02 1.614355624999999905e-01
5.060000000000000000e+02 1.766606875000000243e-01
5.070000000000000000e+02 1.932293750000000088e-01
5.080000000000000000e+02 2.112470781250000151e-01
5.090000000000000000e+02 2.308265624999999432e-01
5.100000000000000000e+02 2.520886718750000033e-01
5.110000000000000000e+02 2.751650000000001040e-01
