0.000000000000000000e+00 5.567866953124998288e-04
1.000000000000000000e+00 5.565647109374994694e-04
2.000000000000000000e+00 5.561259296875000315e-04
3.000000000000000000e+00 5.554674062500001381e-04
4.000000000000000000e+00 5.545931484375000650e-04
5.000000000000000000e+00 5.534973671874997151e-04
6.000000000000000000e+00 5.521858124999998564e-04
7.000000000000000000e+00 5.506609609374999445e-04
8.000000000000000000e+00 5.489206953125002264e-04
9.000000000000000000e+00 5.469678281249998721e-04
1.000000000000000000e+01 5.448066249999998891e-04
1.100000000000000000e+01 5.424353125000002350e-04
1.200000000000000000e+01 5.398592343750001571e-04
1.300000000000000000e+01 5.370803359374996073e-04
1.400000000000000000e+01 5.341008750000003245e-04
1.500000000000000000e+01 5.309205546875002965e-04
1.600000000000000000e+01 5.275460703125001193e-04
1.700000000000000000e+01 5.239813593750002139e-04
1.800000000000000000e+01 5.202294921874997232e-04
1.900000000000000000e+01 5.162890781250001381e-04
2.000000000000000000e+01 5.121693281250004051e-04
2.100000000000000000e+01 5.078731015624999949e-04
2.200000000000000000e+01 5.034032734374997795e-04
2.300000000000000000e+01 4.987629687499999572e-04
2.400000000000000000e+01 4.939597500000000169e-04
2.500000000000000000e+01 4.889978125000000271e-04
2.600000000000000000e+01 4.838806875000000265e-04
2.700000000000000000e+01 4.786119531250000291e-04
2.800000000000000000e+01 4.731973906249999193e-04
2.900000000000000000e+01 4.676440000000002409e-04
3.000000000000000000e+01 4.619540703125000060e-04
3.100000000000000000e+01 4.561358593750001263e-04
3.200000000000000000e+01 4.501957500000002238e-04
3.300000000000000000e+01 4.441344218749997781e-04
3.400000000000000000e+01 4.379604921875003792e-04
3.500000000000000000e+01 4.316801562500001757e-04
3.600000000000000000e+01 4.252995937500000890e-04
3.700000000000000000e+01 4.188234609375001620e-04
3.800000000000000000e+01 4.122588671874999051e-04
3.900000000000000000e+01 4.056121093750002325e-04
4.000000000000000000e+01 3.988878593749999317e-04
4.100000000000000000e+01 3.920935078124999917e-04
4.200000000000000000e+01 3.852364375000001044e-04
4.300000000000000000e+01 3.783214062500000964e-04
4.400000000000000000e+01 3.713553984374997068e-04
4.500000000000000000e+01 3.643459609375000589e-04
4.600000000000000000e+01 3.572977968750000325e-04
4.700000000000000000e+01 3.502187031249999688e-04
4.800000000000000000e+01 3.431151640624998159e-04
4.900000000000000000e+01 3.359933828124997239e-04
5.000000000000000000e+01 3.288604843750000083e-04
5.100000000000000000e+01 3.217228906250002704e-04
5.200000000000000000e+01 3.145872578125000424e-04
5.300000000000000000e+01 3.074591328124998742e-04
5.400000000000000000e+01 3.003469374999998866e-04
5.500000000000000000e+01 2.932559453124999600e-04
5.600000000000000000e+01 2.861931406250001046e-04
5.700000000000000000e+01 2.791650546874999183e-04
5.800000000000000000e+01 2.721779062499999225e-04
5.900000000000000000e+01 2.652385234374998843e-04
6.000000000000000000e+01 2.583528281249999935e-04
6.100000000000000000e+01 2.515270546875000585e-04
6.200000000000000000e+01 2.447683031250000611e-04
6.300000000000000000e+01 2.380814820312500250e-04
6.400000000000000000e+01 2.314737101562499926e-04
6.500000000000000000e+01 2.249500367187499679e-04
6.600000000000000000e+01 2.185167296874998826e-04
6.700000000000000000e+01 2.121806429687498751e-04
6.800000000000000000e+01 2.059460335937500519e-04
6.900000000000000000e+01 1.998190945312499939e-04
7.000000000000000000e+01 1.938057484374999828e-04
7.100000000000000000e+01 1.879102226562499455e-04
7.200000000000000000e+01 1.821389062499999940e-04
7.300000000000000000e+01 1.764965468750000362e-04
7.400000000000000000e+01 1.709882765625000164e-04
7.500000000000000000e+01 1.656187375000000065e-04
7.600000000000000000e+01 1.603928671874999554e-04
7.700000000000000000e+01 1.553155273437500472e-04
7.800000000000000000e+01 1.503906218749999834e-04
7.900000000000000000e+01 1.456232656249999125e-04
8.000000000000000000e+01 1.410166648437500875e-04
8.100000000000000000e+01 1.365753742187500084e-04
8.200000000000000000e+01 1.323038609375000126e-04
8.300000000000000000e+01 1.282052281250000065e-04
8.400000000000000000e+01 1.242819750000000731e-04
8.500000000000000000e+01 1.205390593749999448e-04
8.600000000000000000e+01 1.169793210937499699e-04
8.700000000000000000e+01 1.136056317968750512e-04
8.800000000000000000e+01 1.104212753125000167e-04
8.900000000000000000e+01 1.074282603125000462e-04
9.000000000000000000e+01 1.046295124218749148e-04
9.100000000000000000e+01 1.020278138281250659e-04
9.200000000000000000e+01 9.962472781250005329e-05
9.300000000000000000e+01 9.742266445312502499e-05
9.400000000000000000e+01 9.542352265625000983e-05
9.500000000000000000e+01 9.362856820312499156e-05
9.600000000000000000e+01 9.204001890625005289e-05
9.700000000000000000e+01 9.065792796093753887e-05
9.800000000000000000e+01 8.948509851562503454e-05
9.900000000000000000e+01 8.852124111718748353e-05
1.000000000000000000e+02 8.776811935156249127e-05
1.010000000000000000e+02 8.722580696093750364e-05
1.020000000000000000e+02 8.689533477343750129e-05
1.030000000000000000e+02 8.677574283593747788e-05
1.040000000000000000e+02 8.686879707031249897e-05
1.050000000000000000e+02 8.717341820312498951e-05
1.060000000000000000e+02 8.768993970312501292e-05
1.070000000000000000e+02 8.841788527343750050e-05
1.080000000000000000e+02 8.935632366406248705e-05
1.090000000000000000e+02 9.050525151562499278e-05
1.100000000000000000e+02 9.186396636718753615e-05
1.110000000000000000e+02 9.343091934374999068e-05
1.120000000000000000e+02 9.520551234375000671e-05
1.130000000000000000e+02 9.718566664062498446e-05
1.140000000000000000e+02 9.937162367187501631e-05
1.150000000000000000e+02 1.017603091406249792e-04
1.160000000000000000e+02 1.043509646874999828e-04
1.170000000000000000e+02 1.071416848437499973e-04
1.180000000000000000e+02 1.101301139062500371e-04
1.190000000000000000e+02 1.133151912500000304e-04
1.200000000000000000e+02 1.166942829687500394e-04
1.210000000000000000e+02 1.202650566406250122e-04
1.220000000000000000e+02 1.240251896093749599e-04
1.230000000000000000e+02 1.279726467187499643e-04
1.240000000000000000e+02 1.321048326562500417e-04
1.250000000000000000e+02 1.364198355468750252e-04
1.260000000000000000e+02 1.409136450781250016e-04
1.270000000000000000e+02 1.455845928906250033e-04
1.280000000000000000e+02 1.504294528124999720e-04
1.290000000000000000e+02 1.554449575781250001e-04
1.300000000000000000e+02 1.606291479687499608e-04
1.310000000000000000e+02 1.659783336718750175e-04
1.320000000000000000e+02 1.714902894531250695e-04
1.330000000000000000e+02 1.771612746874999934e-04
1.340000000000000000e+02 1.829886540624999652e-04
1.350000000000000000e+02 1.889693935156248569e-04
1.360000000000000000e+02 1.950991828125000116e-04
1.370000000000000000e+02 2.013766618750000026e-04
1.380000000000000000e+02 2.077978847656250115e-04
1.390000000000000000e+02 2.143596248437499414e-04
1.400000000000000000e+02 2.210595754687500576e-04
1.410000000000000000e+02 2.278935062500000454e-04
1.420000000000000000e+02 2.348585653046873995e-04
1.430000000000000000e+02 2.419521067500000379e-04
1.440000000000000000e+02 2.491711499453125853e-04
1.450000000000000000e+02 2.565130135937499748e-04
1.460000000000000000e+02 2.639729985937500751e-04
1.470000000000000000e+02 2.715508677343749281e-04
1.480000000000000000e+02 2.792418048437501367e-04
1.490000000000000000e+02 2.870436250781250665e-04
1.500000000000000000e+02 2.949538435937499019e-04
1.510000000000000000e+02 3.029704546874999530e-04
1.520000000000000000e+02 3.110900367187499258e-04
1.530000000000000000e+02 3.193100617187500691e-04
1.540000000000000000e+02 3.276275710937500752e-04
1.550000000000000000e+02 3.360425375000000128e-04
1.560000000000000000e+02 3.445500007812501183e-04
1.570000000000000000e+02 3.531502531250001187e-04
1.580000000000000000e+02 3.618409132812499336e-04
1.590000000000000000e+02 3.706206437499998661e-04
1.600000000000000000e+02 3.794851070312500632e-04
1.610000000000000000e+02 3.884326609374999582e-04
1.620000000000000000e+02 3.974679531249998587e-04
1.630000000000000000e+02 4.065840289062500968e-04
1.640000000000000000e+02 4.157816789062500611e-04
1.650000000000000000e+02 4.250605859375000705e-04
1.660000000000000000e+02 4.344157500000001546e-04
1.670000000000000000e+02 4.438516406249997065e-04
1.680000000000000000e+02 4.533656406249999952e-04
1.690000000000000000e+02 4.629580625000002058e-04
1.700000000000000000e+02 4.726298749999998283e-04
1.710000000000000000e+02 4.823751249999999905e-04
1.720000000000000000e+02 4.921992578124999946e-04
1.730000000000000000e+02 5.021029140624996660e-04
1.740000000000000000e+02 5.120838437499998638e-04
1.750000000000000000e+02 5.221449531249999255e-04
1.760000000000000000e+02 5.322875156249999400e-04
1.770000000000000000e+02 5.425075937499997027e-04
1.780000000000000000e+02 5.528126953125001410e-04
1.790000000000000000e+02 5.632018515625000299e-04
1.800000000000000000e+02 5.736745078125000952e-04
1.810000000000000000e+02 5.842334765624999406e-04
1.820000000000000000e+02 5.948797812499996779e-04
1.830000000000000000e+02 6.056201328124998949e-04
1.840000000000000000e+02 6.164527968749998780e-04
1.850000000000000000e+02 6.273802421875001711e-04
1.860000000000000000e+02 6.384057734375000103e-04
1.870000000000000000e+02 6.495336953125001658e-04
1.880000000000000000e+02 6.607632812500001526e-04
1.890000000000000000e+02 6.721011406249998528e-04
1.900000000000000000e+02 6.835468203124999385e-04
1.910000000000000000e+02 6.951096171874999617e-04
1.920000000000000000e+02 7.067874218750001651e-04
1.930000000000000000e+02 7.185862499999999846e-04
1.940000000000000000e+02 7.305089062500001122e-04
1.950000000000000000e+02 7.425664843750002381e-04
1.960000000000000000e+02 7.547499999999999955e-04
1.970000000000000000e+02 7.670735937500002899e-04
1.980000000000000000e+02 7.795361718750001790e-04
1.990000000000000000e+02 7.921492187499999064e-04
2.000000000000000000e+02 8.049109374999999841e-04
2.010000000000000000e+02 8.178280468749999114e-04
2.020000000000000000e+02 8.309080468750000776e-04
2.030000000000000000e+02 8.441529687500001723e-04
2.040000000000000000e+02 8.575661718750001621e-04
2.050000000000000000e+02 8.711587499999999540e-04
2.060000000000000000e+02 8.849311718750000602e-04
2.070000000000000000e+02 8.988894531250000248e-04
2.080000000000000000e+02 9.130398437500001360e-04
2.090000000000000000e+02 9.273900781249999007e-04
2.100000000000000000e+02 9.419427343749999133e-04
2.110000000000000000e+02 9.567024999999996582e-04
2.120000000000000000e+02 9.716771875000002274e-04
2.130000000000000000e+02 9.868703125000002040e-04
2.140000000000000000e+02 1.002291015625000198e-03
2.150000000000000000e+02 1.017940234375000258e-03
2.160000000000000000e+02 1.033826093750000010e-03
2.170000000000000000e+02 1.049958124999999859e-03
2.180000000000000000e+02 1.066335859375000051e-03
2.190000000000000000e+02 1.082965234375000063e-03
2.200000000000000000e+02 1.099855546874999989e-03
2.210000000000000000e+02 1.117006093749999983e-03
2.220000000000000000e+02 1.134427109375000294e-03
2.230000000000000000e+02 1.152126640625000158e-03
2.240000000000000000e+02 1.170104687499999574e-03
2.250000000000000000e+02 1.188366093749999896e-03
2.260000000000000000e+02 1.206914843750000110e-03
2.270000000000000000e+02 1.225764531250000001e-03
2.280000000000000000e+02 1.244911093749999755e-03
2.290000000000000000e+02 1.264359765624999436e-03
2.300000000000000000e+02 1.284117578125000330e-03
2.310000000000000000e+02 1.304190859375000625e-03
2.320000000000000000e+02 1.324575000000000145e-03
2.330000000000000000e+02 1.345283203125000179e-03
2.340000000000000000e+02 1.366313203125000186e-03
2.350000000000000000e+02 1.387675781250000129e-03
2.360000000000000000e+02 1.409361562499999738e-03
2.370000000000000000e+02 1.431384218750000274e-03
2.380000000000000000e+02 1.453739609374999795e-03
2.390000000000000000e+02 1.476437578124999844e-03
2.400000000000000000e+02 1.499478281249999254e-03
2.410000000000000000e+02 1.522855703124999672e-03
2.420000000000000000e+02 1.546575937500000494e-03
2.430000000000000000e+02 1.570643203124999715e-03
2.440000000000000000e+02 1.595062421874999950e-03
2.450000000000000000e+02 1.619821875000000428e-03
2.460000000000000000e+02 1.644925624999999661e-03
2.470000000000000000e+02 1.670379296875000542e-03
2.480000000000000000e+02 1.696183671874999842e-03
2.490000000000000000e+02 1.722331250000000424e-03
2.500000000000000000e+02 1.748816953124999758e-03
2.510000000000000000e+02 1.775647578125000335e-03
2.520000000000000000e+02 1.802819453124999754e-03
2.530000000000000000e+02 1.830335000000000425e-03
2.540000000000000000e+02 1.858178359375000288e-03
2.550000000000000000e+02 1.886355312499998901e-03
2.560000000000000000e+02 1.914858906250000358e-03
2.570000000000000000e+02 1.943693203125000137e-03
2.580000000000000000e+02 1.972841484375000096e-03
2.590000000000000000e+02 2.002303125000000784e-03
2.600000000000000000e+02 2.032078515624999825e-03
2.610000000000000000e+02 2.062157656250000748e-03
2.620000000000000000e+02 2.092528906249999706e-03
2.630000000000000000e+02 2.123192187499999776e-03
2.640000000000000000e+02 2.154140624999998071e-03
2.650000000000000000e+02 2.185370312500000117e-03
2.660000000000000000e+02 2.216848437500000199e-03
2.670000000000000000e+02 2.248600781249999493e-03
2.680000000000000000e+02 2.280603124999999905e-03
2.690000000000000000e+02 2.312837499999999616e-03
2.700000000000000000e+02 2.345304687500001251e-03
2.710000000000000000e+02 2.377997656250000705e-03
2.720000000000000000e+02 2.410884375000001394e-03
2.730000000000000000e+02 2.443984375000000410e-03
2.740000000000000000e+02 2.477263281249999800e-03
2.750000000000000000e+02 2.510709375000000528e-03
2.760000000000000000e+02 2.544322656249999558e-03
2.770000000000000000e+02 2.578082031249999320e-03
2.780000000000000000e+02 2.611971093750001076e-03
2.790000000000000000e+02 2.645983593749999876e-03
2.800000000000000000e+02 2.680103906249999609e-03
2.810000000000000000e+02 2.714307812499997842e-03
2.820000000000000000e+02 2.748594531249999758e-03
2.830000000000000000e+02 2.782927343749998662e-03
2.840000000000000000e+02 2.817316406250000484e-03
2.850000000000000000e+02 2.851730468749999990e-03
2.860000000000000000e+02 2.886149218749999197e-03
2.870000000000000000e+02 2.920573437499999862e-03
2.880000000000000000e+02 2.954967968749998373e-03
2.890000000000000000e+02 2.989320312499999573e-03
2.900000000000000000e+02 3.023620312499999269e-03
2.910000000000000000e+02 3.057841406250000164e-03
2.920000000000000000e+02 3.091968749999999665e-03
2.930000000000000000e+02 3.125987499999999079e-03
2.940000000000000000e+02 3.159872656249999856e-03
2.950000000000000000e+02 3.193610156250000724e-03
2.960000000000000000e+02 3.227177343750001464e-03
2.970000000000000000e+02 3.260564062499998316e-03
2.980000000000000000e+02 3.293739062500001657e-03
2.990000000000000000e+02 3.326692968750000375e-03
3.000000000000000000e+02 3.359410937500000548e-03
3.010000000000000000e+02 3.391857812499998997e-03
3.020000000000000000e+02 3.424037500000000605e-03
3.030000000000000000e+02 3.455909375000001168e-03
3.040000000000000000e+02 3.487471875000001508e-03
3.050000000000000000e+02 3.518695312499998170e-03
3.060000000000000000e+02 3.549571093750000881e-03
3.070000000000000000e+02 3.580074218749998080e-03
3.080000000000000000e+02 3.610189843750001050e-03
3.090000000000000000e+02 3.639913281249998814e-03
3.100000000000000000e+02 3.669207031250000268e-03
3.110000000000000000e+02 3.698071093750001943e-03
3.120000000000000000e+02 3.726478906250000472e-03
3.130000000000000000e+02 3.754427343750000104e-03
3.140000000000000000e+02 3.781897656250001599e-03
3.150000000000000000e+02 3.808866406249999947e-03
3.160000000000000000e+02 3.835332812499999463e-03
3.170000000000000000e+02 3.861284374999999353e-03
3.180000000000000000e+02 3.886710156250000603e-03
3.190000000000000000e+02 3.911585937500000783e-03
3.200000000000000000e+02 3.935920312499998838e-03
3.210000000000000000e+02 3.959699999999999158e-03
3.220000000000000000e+02 3.982911718749999191e-03
3.230000000000000000e+02 4.005553124999997570e-03
3.240000000000000000e+02 4.027620312500000688e-03
3.250000000000000000e+02 4.049101562499999099e-03
3.260000000000000000e+02 4.070002343750001202e-03
3.270000000000000000e+02 4.090325781249999279e-03
3.280000000000000000e+02 4.110056249999998954e-03
3.290000000000000000e+02 4.129210156249998528e-03
3.300000000000000000e+02 4.147784374999999649e-03
3.310000000000000000e+02 4.165779687500001036e-03
3.320000000000000000e+02 4.183211718750001404e-03
3.330000000000000000e+02 4.200082812500001254e-03
3.340000000000000000e+02 4.216400781249998210e-03
3.350000000000000000e+02 4.232180468749998335e-03
3.360000000000000000e+02 4.247430468750003178e-03
3.370000000000000000e+02 4.262178125000000949e-03
3.380000000000000000e+02 4.276415625000000095e-03
3.390000000000000000e+02 4.290191406249997674e-03
3.400000000000000000e+02 4.303507812500003728e-03
3.410000000000000000e+02 4.316392187500000394e-03
3.420000000000000000e+02 4.328878124999995143e-03
3.430000000000000000e+02 4.340978125000000479e-03
3.440000000000000000e+02 4.352740625000002181e-03
3.450000000000000000e+02 4.364191406250000557e-03
3.460000000000000000e+02 4.375344531249997747e-03
3.470000000000000000e+02 4.386257031249997558e-03
3.480000000000000000e+02 4.396971874999999925e-03
3.490000000000000000e+02 4.407533593750001359e-03
3.500000000000000000e+02 4.417952343750001717e-03
3.510000000000000000e+02 4.428306484374997486e-03
3.520000000000000000e+02 4.438639140625000659e-03
3.530000000000000000e+02 4.449005703125000731e-03
3.540000000000000000e+02 4.459447968750000421e-03
3.550000000000000000e+02 4.470040781249999366e-03
3.560000000000000000e+02 4.480821796875001164e-03
3.570000000000000000e+02 4.491865312499998368e-03
3.580000000000000000e+02 4.503232500000001713e-03
3.590000000000000000e+02 4.515009687500003491e-03
3.600000000000000000e+02 4.527223750000000831e-03
3.610000000000000000e+02 4.539975390625001009e-03
3.620000000000000000e+02 4.553312734375002113e-03
3.630000000000000000e+02 4.567342421875003090e-03
3.640000000000000000e+02 4.582155078124999607e-03
3.650000000000000000e+02 4.597773124999999378e-03
3.660000000000000000e+02 4.614336562499999836e-03
3.670000000000000000e+02 4.631883437500001338e-03
3.680000000000000000e+02 4.650557578125002339e-03
3.690000000000000000e+02 4.670356718749996659e-03
3.700000000000000000e+02 4.691452734375000516e-03
3.710000000000000000e+02 4.713921171874996263e-03
3.720000000000000000e+02 4.737808828125000468e-03
3.730000000000000000e+02 4.763262968749998501e-03
3.740000000000000000e+02 4.790363359374998249e-03
3.750000000000000000e+02 4.819191328125002442e-03
3.760000000000000000e+02 4.849851406249999428e-03
3.770000000000000000e+02 4.882451250000000194e-03
3.780000000000000000e+02 4.917049609374998104e-03
3.790000000000000000e+02 4.953784921875001822e-03
3.800000000000000000e+02 4.992710156249999948e-03
3.810000000000000000e+02 5.033974921875002638e-03
3.820000000000000000e+02 5.077631875000001259e-03
3.830000000000000000e+02 5.123811874999998489e-03
3.840000000000000000e+02 5.172571874999997744e-03
3.850000000000000000e+02 5.224021015625001860e-03
3.860000000000000000e+02 5.278228749999997263e-03
3.870000000000000000e+02 5.335308828124993470e-03
3.880000000000000000e+02 5.395318281250001229e-03
3.890000000000000000e+02 5.458317031249998973e-03
3.900000000000000000e+02 5.524469609375001582e-03
3.910000000000000000e+02 5.593786015625001190e-03
3.920000000000000000e+02 5.666304062500003048e-03
3.930000000000000000e+02 5.742123671874997497e-03
3.940000000000000000e+02 5.821328124999997078e-03
3.950000000000000000e+02 5.903921093749997691e-03
3.960000000000000000e+02 5.989971718750001541e-03
3.970000000000000000e+02 6.079507656249996672e-03
3.980000000000000000e+02 6.172565390625005081e-03
3.990000000000000000e+02 6.269180234374996906e-03
4.000000000000000000e+02 6.369332812499999691e-03
4.010000000000000000e+02 6.473059375000002162e-03
4.020000000000000000e+02 6.580347656250003403e-03
4.030000000000000000e+02 6.691167968749996489e-03
4.040000000000000000e+02 6.805537500000000128e-03
4.050000000000000000e+02 6.923400000000001428e-03
4.060000000000000000e+02 7.044692187500000737e-03
4.070000000000000000e+02 7.169356250000000728e-03
4.080000000000000000e+02 7.297368749999995526e-03
4.090000000000000000e+02 7.428605468750002806e-03
4.100000000000000000e+02 7.562970312500002026e-03
4.110000000000000000e+02 7.700352343750004741e-03
4.120000000000000000e+02 7.840644531249999633e-03
4.130000000000000000e+02 7.983675000000000840e-03
4.140000000000000000e+02 8.129374999999999449e-03
4.150000000000000000e+02 8.277450781249999154e-03
4.160000000000000000e+02 8.427800781250004841e-03
4.170000000000000000e+02 8.580211718749997801e-03
4.180000000000000000e+02 8.734484375000002229e-03
4.190000000000000000e+02 8.890378906249999519e-03
4.200000000000000000e+02 9.047585156250002869e-03
4.210000000000000000e+02 9.205923437500002776e-03
4.220000000000000000e+02 9.365094531249999743e-03
4.230000000000000000e+02 9.524802343749999567e-03
4.240000000000000000e+02 9.684723437499997284e-03
4.250000000000000000e+02 9.844528124999998159e-03
4.260000000000000000e+02 1.000392812500000214e-02
4.270000000000000000e+02 1.016257187500000346e-02
4.280000000000000000e+02 1.032006562499999773e-02
4.290000000000000000e+02 1.047607421875000437e-02
4.300000000000000000e+02 1.063020078125000850e-02
4.310000000000000000e+02 1.078206718750000098e-02
4.320000000000000000e+02 1.093127578124999423e-02
4.330000000000000000e+02 1.107743437500000039e-02
4.340000000000000000e+02 1.122012890624999454e-02
4.350000000000000000e+02 1.135899375000000260e-02
4.360000000000000000e+02 1.149364531250000182e-02
4.370000000000000000e+02 1.162366640624999323e-02
4.380000000000000000e+02 1.174872109374999751e-02
4.390000000000000000e+02 1.186836953125000246e-02
4.400000000000000000e+02 1.198240078125000288e-02
4.410000000000000000e+02 1.209035781250000427e-02
4.420000000000000000e+02 1.219203124999999714e-02
4.430000000000000000e+02 1.228716328124999750e-02
4.440000000000000000e+02 1.237543593750000531e-02
4.450000000000000000e+02 1.245680859375000032e-02
4.460000000000000000e+02 1.253110468750000088e-02
4.470000000000000000e+02 1.259814687499999537e-02
4.480000000000000000e+02 1.265817031249999274e-02
4.490000000000000000e+02 1.271101015625001121e-02
4.500000000000000000e+02 1.275697109375000145e-02
4.510000000000000000e+02 1.279627578124999630e-02
4.520000000000000000e+02 1.282930468750000282e-02
4.530000000000000000e+02 1.285654687499999949e-02
4.540000000000000000e+02 1.287861015624999599e-02
4.550000000000000000e+02 1.289624140625000165e-02
4.560000000000000000e+02 1.291036093749999523e-02
4.570000000000000000e+02 1.292203593749999962e-02
4.580000000000000000e+02 1.293260859375000398e-02
4.590000000000000000e+02 1.294355468749999565e-02
4.600000000000000000e+02 1.295649765624999963e-02
4.610000000000000000e+02 1.297358187499999746e-02
4.620000000000000000e+02 1.299687835937499841e-02
4.630000000000000000e+02 1.302901890625000371e-02
4.640000000000000000e+02 1.307276164062500835e-02
4.650000000000000000e+02 1.313140546875000286e-02
4.660000000000000000e+02 1.320840828124999165e-02
4.670000000000000000e+02 1.330775437500000130e-02
4.680000000000000000e+02 1.343382409374999954e-02
4.690000000000000000e+02 1.359156986718750015e-02
4.700000000000000000e+02 1.378619222890624559e-02
4.710000000000000000e+02 1.402373748437499637e-02
4.720000000000000000e+02 1.431054272656249321e-02
4.730000000000000000e+02 1.465389953124999513e-02
4.740000000000000000e+02 1.506142171874999720e-02
4.750000000000000000e+02 1.554165976562500197e-02
4.760000000000000000e+02 1.610379914062500320e-02
4.770000000000000000e+02 1.675814546875000269e-02
4.780000000000000000e+02 1.751557343750000453e-02
4.790000000000000000e+02 1.838800156249999901e-02
4.800000000000000000e+02 1.938842890624999440e-02
4.810000000000000000e+02 2.053095156249998277e-02
4.820000000000000000e+02 2.183078593750000657e-02
4.830000000000000000e+02 2.330444140625000105e-02
4.840000000000000000e+02 2.496978437500000161e-02
4.850000000000000000e+02 2.684609687500000286e-02
4.860000000000000000e+02 2.895424921874999169e-02
4.870000000000000000e+02 3.131674921874998824e-02
4.880000000000000000e+02 3.395779453125001568e-02
4.890000000000000000e+02 3.690379453124997128e-02
4.900000000000000000e+02 4.018293281250001625e-02
4.910000000000000000e+02 4.382534999999999209e-02
4.920000000000000000e+02 4.786416484374999419e-02
4.930000000000000000e+02 5.233450312500000090e-02
4.940000000000000000e+02 5.727488124999999958e-02
4.950000000000000000e+02 6.272560390625001037e-02
4.960000000000000000e+02 6.873103906249997119e-02
4.970000000000000000e+02 7.533825781250004516e-02
4.980000000000000000e+02 8.259865625000001321e-02
4.990000000000000000e+02 9.056646093749998183e-02
5.000000000000000000e+02 9.930160937500000229e-02
5.010000000000000000e+02 1.088663124999999926e-01
5.020000000000000000e+02 1.193300000000000194e-01
5.030000000000000000e+02 1.307651718749999470e-01
5.040000000000000000e+02 1.432509999999999062e-01
5.050000000000000000e+02 1.568713046875000461e-01
5.060000000000000000e+02 1.717190156249999433e-01
5.070000000000000000e+02 1.878909843750000142e-01
5.080000000000000000e+02 2.054929296874999645e-01
5.090000000000000000e+02 2.246376562500000118e-01
5.100000000000000000e+02 2.454478906250000259e-01
5.110000000000000000e+02 2.680539062499998071e-01
