0.000000000000000000e+00 1.031687062500000066e-03
1.000000000000000000e+00 1.031240390624999469e-03
2.000000000000000000e+00 1.030351414062499662e-03
3.000000000000000000e+00 1.029016585937499910e-03
4.000000000000000000e+00 1.027239203124999780e-03
5.000000000000000000e+00 1.025021453125000070e-03
6.000000000000000000e+00 1.022362085937499705e-03
7.000000000000000000e+00 1.019270156249999990e-03
8.000000000000000000e+00 1.015746093750000264e-03
9.000000000000000000e+00 1.011788531249999947e-03
1.000000000000000000e+01 1.007411070312499903e-03
1.100000000000000000e+01 1.002606820312500072e-03
1.200000000000000000e+01 9.973899140624995201e-04
1.300000000000000000e+01 9.917617031250001384e-04
1.400000000000000000e+01 9.857218203124999516e-04
1.500000000000000000e+01 9.792895234375003158e-04
1.600000000000000000e+01 9.724596718750003589e-04
1.700000000000000000e+01 9.652478671875000006e-04
1.800000000000000000e+01 9.576532109375001474e-04
1.900000000000000000e+01 9.496858984375002033e-04
2.000000000000000000e+01 9.413536406250003381e-04
2.100000000000000000e+01 9.326647343750003047e-04
2.200000000000000000e+01 9.236335000000002633e-04
2.300000000000000000e+01 9.142595078125006569e-04
2.400000000000000000e+01 9.045568320312502575e-04
2.500000000000000000e+01 8.945364726562496718e-04
2.600000000000000000e+01 8.842076703125000860e-04
2.700000000000000000e+01 8.735738265625004034e-04
2.800000000000000000e+01 8.626588781250002112e-04
2.900000000000000000e+01 8.514588734375000932e-04
3.000000000000000000e+01 8.399906101562500550e-04
3.100000000000000000e+01 8.282718578124998506e-04
3.200000000000000000e+01 8.163112656249992211e-04
3.300000000000000000e+01 8.041041054687498744e-04
3.400000000000000000e+01 7.916831687500001415e-04
3.500000000000000000e+01 7.790537789062500825e-04
3.600000000000000000e+01 7.662283156250007275e-04
3.700000000000000000e+01 7.532155875000004757e-04
3.800000000000000000e+01 7.400318109375005711e-04
3.900000000000000000e+01 7.266884609374996140e-04
4.000000000000000000e+01 7.132000015625000093e-04
4.100000000000000000e+01 6.995744460937503798e-04
4.200000000000000000e+01 6.858314812499994055e-04
4.300000000000000000e+01 6.719821359375004102e-04
4.400000000000000000e+01 6.580365388281251031e-04
4.500000000000000000e+01 6.440102815624999680e-04
4.600000000000000000e+01 6.299163311718746503e-04
4.700000000000000000e+01 6.157717064843749996e-04
4.800000000000000000e+01 6.015846186718748576e-04
4.900000000000000000e+01 5.873698437578126624e-04
5.000000000000000000e+01 5.731396602656247969e-04
5.100000000000000000e+01 5.589118756171878493e-04
5.200000000000000000e+01 5.446965136953125283e-04
5.300000000000000000e+01 5.305071241406253456e-04
5.400000000000000000e+01 5.163569401562502015e-04
5.500000000000000000e+01 5.022596727343750598e-04
5.600000000000000000e+01 4.882303839843753625e-04
5.700000000000000000e+01 4.742765834375002273e-04
5.800000000000000000e+01 4.604140480468749911e-04
5.900000000000000000e+01 4.466552857578123359e-04
6.000000000000000000e+01 4.330148544296876585e-04
6.100000000000000000e+01 4.195009978906252802e-04
6.200000000000000000e+01 4.061293867499998918e-04
6.300000000000000000e+01 3.929106042968748594e-04
6.400000000000000000e+01 3.798564706249998846e-04
6.500000000000000000e+01 3.669788700781249544e-04
6.600000000000000000e+01 3.542888871093752366e-04
6.700000000000000000e+01 3.417978851562501297e-04
6.800000000000000000e+01 3.295160414062499234e-04
6.900000000000000000e+01 3.174550124999999117e-04
7.000000000000000000e+01 3.056253156250000554e-04
7.100000000000000000e+01 2.940360937499999117e-04
7.200000000000000000e+01 2.826971640625000159e-04
7.300000000000000000e+01 2.716189343750000074e-04
7.400000000000000000e+01 2.608101757812500074e-04
7.500000000000000000e+01 2.502791140624999579e-04
7.600000000000000000e+01 2.400357710937499832e-04
7.700000000000000000e+01 2.300866132812500354e-04
7.800000000000000000e+01 2.204414179687500094e-04
7.900000000000000000e+01 2.111069015624999156e-04
8.000000000000000000e+01 2.020892046875000453e-04
8.100000000000000000e+01 1.933975304687501353e-04
8.200000000000000000e+01 1.850367929687499300e-04
8.300000000000000000e+01 1.770132312500001135e-04
8.400000000000000000e+01 1.693336531250000734e-04
8.500000000000000000e+01 1.620021695312499443e-04
8.600000000000000000e+01 1.550245953124999778e-04
8.700000000000000000e+01 1.484055171875000472e-04
8.800000000000000000e+01 1.421489774218749451e-04
8.900000000000000000e+01 1.362583669531249725e-04
9.000000000000000000e+01 1.307389764843750021e-04
9.100000000000000000e+01 1.255921411718748896e-04
9.200000000000000000e+01 1.208213858906249970e-04
9.300000000000000000e+01 1.164287994531249741e-04
9.400000000000000000e+01 1.124166778125000046e-04
9.500000000000000000e+01 1.087864453125000756e-04
9.600000000000000000e+01 1.055381421875000331e-04
9.700000000000000000e+01 1.026744578124999459e-04
9.800000000000000000e+01 1.001940328125000280e-04
9.900000000000000000e+01 9.809841796875001883e-05
1.000000000000000000e+02 9.638619375000002042e-05
1.010000000000000000e+02 9.505728749999998431e-05
1.020000000000000000e+02 9.410961406249998887e-05
1.030000000000000000e+02 9.354297812500000139e-05
1.040000000000000000e+02 9.335458515625004808e-05
1.050000000000000000e+02 9.354253124999997097e-05
1.060000000000000000e+02 9.410393554687495829e-05
1.070000000000000000e+02 9.503611843750000394e-05
1.080000000000000000e+02 9.633591539062505405e-05
1.090000000000000000e+02 9.800040718749998255e-05
1.100000000000000000e+02 1.000239136718750026e-04
1.110000000000000000e+02 1.024039279687500616e-04
1.120000000000000000e+02 1.051350562499999672e-04
1.130000000000000000e+02 1.082123562499999995e-04
1.140000000000000000e+02 1.116313000000000505e-04
1.150000000000000000e+02 1.153859320312500508e-04
1.160000000000000000e+02 1.194706859375000167e-04
1.170000000000000000e+02 1.238794046874999526e-04
1.180000000000000000e+02 1.286066617187499935e-04
1.190000000000000000e+02 1.336446312499999271e-04
1.200000000000000000e+02 1.389881140624999692e-04
1.210000000000000000e+02 1.446288281249999419e-04
1.220000000000000000e+02 1.505611093750000074e-04
1.230000000000000000e+02 1.567761484375000756e-04
1.240000000000000000e+02 1.632671171874999728e-04
1.250000000000000000e+02 1.700266562500000762e-04
1.260000000000000000e+02 1.770463203124999520e-04
1.270000000000000000e+02 1.843182578125000196e-04
1.280000000000000000e+02 1.918347578125000009e-04
1.290000000000000000e+02 1.995869375000000449e-04
1.300000000000000000e+02 2.075666328125000306e-04
1.310000000000000000e+02 2.157655937499999366e-04
1.320000000000000000e+02 2.241746484375000098e-04
1.330000000000000000e+02 2.327856171874999748e-04
1.340000000000000000e+02 2.415896640625000643e-04
1.350000000000000000e+02 2.505788515624998757e-04
1.360000000000000000e+02 2.597434609374999707e-04
1.370000000000000000e+02 2.690743984375000672e-04
1.380000000000000000e+02 2.785640312499999545e-04
1.390000000000000000e+02 2.882028359374998205e-04
1.400000000000000000e+02 2.979820000000000212e-04
1.410000000000000000e+02 3.078929140625000466e-04
1.420000000000000000e+02 3.179266093750001180e-04
1.430000000000000000e+02 3.280759843749999618e-04
1.440000000000000000e+02 3.383300312499998969e-04
1.450000000000000000e+02 3.486827890625000793e-04
1.460000000000000000e+02 3.591248203125000553e-04
1.470000000000000000e+02 3.696473984375000274e-04
1.480000000000000000e+02 3.802449921875001963e-04
1.490000000000000000e+02 3.909033828124999148e-04
1.500000000000000000e+02 4.016213671874999244e-04
1.510000000000000000e+02 4.123899140624999373e-04
1.520000000000000000e+02 4.232001250000000836e-04
1.530000000000000000e+02 4.340452031249998751e-04
1.540000000000000000e+02 4.449191015625000552e-04
1.550000000000000000e+02 4.558119999999997755e-04
1.560000000000000000e+02 4.667213359375002764e-04
1.570000000000000000e+02 4.776397499999999563e-04
1.580000000000000000e+02 4.885587265625000990e-04
1.590000000000000000e+02 4.994750703124999471e-04
1.600000000000000000e+02 5.103820859374999346e-04
1.610000000000000000e+02 5.212763984375002116e-04
1.620000000000000000e+02 5.321509062500001793e-04
1.630000000000000000e+02 5.429985156249996685e-04
1.640000000000000000e+02 5.538181874999999850e-04
1.650000000000000000e+02 5.646101250000001544e-04
1.660000000000000000e+02 5.753618148437498027e-04
1.670000000000000000e+02 5.860763906249996224e-04
1.680000000000000000e+02 5.967453312500002821e-04
1.690000000000000000e+02 6.073743601562499187e-04
1.700000000000000000e+02 6.179530499999999872e-04
1.710000000000000000e+02 6.284823250000000881e-04
1.720000000000000000e+02 6.389609593750000642e-04
1.730000000000000000e+02 6.493862523437499059e-04
1.740000000000000000e+02 6.597583007812497140e-04
1.750000000000000000e+02 6.700792124999998753e-04
1.760000000000000000e+02 6.803449882812499577e-04
1.770000000000000000e+02 6.905576499999999595e-04
1.780000000000000000e+02 7.007171178906250030e-04
1.790000000000000000e+02 7.108281473437500940e-04
1.800000000000000000e+02 7.208858391853910927e-04
1.810000000000000000e+02 7.308993790625001622e-04
1.820000000000000000e+02 7.408627347656249803e-04
1.830000000000000000e+02 7.507814539062498873e-04
1.840000000000000000e+02 7.606645320312495481e-04
1.850000000000000000e+02 7.705079139062501843e-04
1.860000000000000000e+02 7.803189133593751168e-04
1.870000000000000000e+02 7.901056040624998208e-04
1.880000000000000000e+02 7.998610601562498998e-04
1.890000000000000000e+02 8.096002578125000276e-04
1.900000000000000000e+02 8.193270062499998776e-04
1.910000000000000000e+02 8.290432460937497729e-04
1.920000000000000000e+02 8.387606367187500165e-04
1.930000000000000000e+02 8.484810390624999759e-04
1.940000000000000000e+02 8.582120624999995491e-04
1.950000000000000000e+02 8.679629375000001658e-04
1.960000000000000000e+02 8.777394843750000635e-04
1.970000000000000000e+02 8.875517343750001422e-04
1.980000000000000000e+02 8.974000546875001002e-04
1.990000000000000000e+02 9.073038046874997223e-04
2.000000000000000000e+02 9.172686796875000222e-04
2.010000000000000000e+02 9.272953984374998626e-04
2.020000000000000000e+02 9.374045312500001257e-04
2.030000000000000000e+02 9.476032031250000969e-04
2.040000000000000000e+02 9.578962421874998370e-04
2.050000000000000000e+02 9.682993437500003004e-04
2.060000000000000000e+02 9.788201328124999673e-04
2.070000000000000000e+02 9.894678046874997440e-04
2.080000000000000000e+02 1.000256070312500328e-03
2.090000000000000000e+02 1.011196890624999978e-03
2.100000000000000000e+02 1.022298328124999654e-03
2.110000000000000000e+02 1.033569351562499405e-03
2.120000000000000000e+02 1.045033593749999804e-03
2.130000000000000000e+02 1.056693359375000286e-03
2.140000000000000000e+02 1.068554609375000101e-03
2.150000000000000000e+02 1.080647343749999503e-03
2.160000000000000000e+02 1.092967031250000661e-03
2.170000000000000000e+02 1.105531953124999807e-03
2.180000000000000000e+02 1.118354921875000822e-03
2.190000000000000000e+02 1.131447968750000192e-03
2.200000000000000000e+02 1.144825312500000409e-03
2.210000000000000000e+02 1.158494062500000331e-03
2.220000000000000000e+02 1.172472343749999960e-03
2.230000000000000000e+02 1.186768046875000347e-03
2.240000000000000000e+02 1.201394531250000314e-03
2.250000000000000000e+02 1.216368515625000169e-03
2.260000000000000000e+02 1.231691328125000080e-03
2.270000000000000000e+02 1.247387500000000362e-03
2.280000000000000000e+02 1.263461562500000366e-03
2.290000000000000000e+02 1.279928281250000124e-03
2.300000000000000000e+02 1.296795234374999769e-03
2.310000000000000000e+02 1.314072578125000243e-03
2.320000000000000000e+02 1.331784296874999980e-03
2.330000000000000000e+02 1.349928281250000308e-03
2.340000000000000000e+02 1.368517265625000161e-03
2.350000000000000000e+02 1.387565312499999511e-03
2.360000000000000000e+02 1.407079296874999726e-03
2.370000000000000000e+02 1.427072968750000290e-03
2.380000000000000000e+02 1.447551718750000318e-03
2.390000000000000000e+02 1.468527265624999280e-03
2.400000000000000000e+02 1.490007500000000611e-03
2.410000000000000000e+02 1.511999375000000001e-03
2.420000000000000000e+02 1.534510703125000061e-03
2.430000000000000000e+02 1.557556874999999844e-03
2.440000000000000000e+02 1.581129765624999942e-03
2.450000000000000000e+02 1.605250000000000773e-03
2.460000000000000000e+02 1.629917890624999356e-03
2.470000000000000000e+02 1.655139062499999449e-03
2.480000000000000000e+02 1.680917343749999907e-03
2.490000000000000000e+02 1.707253593750000277e-03
2.500000000000000000e+02 1.734165781249999991e-03
2.510000000000000000e+02 1.761640078125000257e-03
2.520000000000000000e+02 1.789691171874999414e-03
2.530000000000000000e+02 1.818313203124999246e-03
2.540000000000000000e+02 1.847513750000000319e-03
2.550000000000000000e+02 1.877290000000000425e-03
2.560000000000000000e+02 1.907638359374999506e-03
2.570000000000000000e+02 1.938568906250000496e-03
2.580000000000000000e+02 1.970071250000000190e-03
2.590000000000000000e+02 2.002143437500000268e-03
2.600000000000000000e+02 2.034780468750000543e-03
2.610000000000000000e+02 2.067988046874999746e-03
2.620000000000000000e+02 2.101753359374999852e-03
2.630000000000000000e+02 2.136065468750000980e-03
2.640000000000000000e+02 2.170938359375000539e-03
2.650000000000000000e+02 2.206335234374999683e-03
2.660000000000000000e+02 2.242282343750001076e-03
2.670000000000000000e+02 2.278749531249999773e-03
2.680000000000000000e+02 2.315725312499999217e-03
2.690000000000000000e+02 2.353211406250001105e-03
2.700000000000000000e+02 2.391190625000000174e-03
2.710000000000000000e+02 2.429641640625000275e-03
2.720000000000000000e+02 2.468564375000000585e-03
2.730000000000000000e+02 2.507941406250001597e-03
2.740000000000000000e+02 2.547749765625000658e-03
2.750000000000000000e+02 2.587987109375000302e-03
2.760000000000000000e+02 2.628625156249998502e-03
2.770000000000000000e+02 2.669650937499999047e-03
2.780000000000000000e+02 2.711049062499999631e-03
2.790000000000000000e+02 2.752792421874998910e-03
2.800000000000000000e+02 2.794854687500000334e-03
2.810000000000000000e+02 2.837233437499998671e-03
2.820000000000000000e+02 2.879893359374999500e-03
2.830000000000000000e+02 2.922815078125001742e-03
2.840000000000000000e+02 2.965971953124999470e-03
2.850000000000000000e+02 3.009331171874998680e-03
2.860000000000000000e+02 3.052886640624999544e-03
2.870000000000000000e+02 3.096598046875000294e-03
2.880000000000000000e+02 3.140430234374999921e-03
2.890000000000000000e+02 3.184363203125000277e-03
2.900000000000000000e+02 3.228377343750000409e-03
2.910000000000000000e+02 3.272424687500000845e-03
2.920000000000000000e+02 3.316488359374999192e-03
2.930000000000000000e+02 3.360515156249999601e-03
2.940000000000000000e+02 3.404501562499998718e-03
2.950000000000000000e+02 3.448398437499999858e-03
2.960000000000000000e+02 3.492170312499999138e-03
2.970000000000000000e+02 3.535784374999999952e-03
2.980000000000000000e+02 3.579206249999998708e-03
2.990000000000000000e+02 3.622396093749999900e-03
3.000000000000000000e+02 3.665334374999999929e-03
3.010000000000000000e+02 3.707953125000000745e-03
3.020000000000000000e+02 3.750242187499999019e-03
3.030000000000000000e+02 3.792148437499999730e-03
3.040000000000000000e+02 3.833644531250001656e-03
3.050000000000000000e+02 3.874677343750000235e-03
3.060000000000000000e+02 3.915221875000000386e-03
3.070000000000000000e+02 3.955236718750000484e-03
3.080000000000000000e+02 3.994676562499997925e-03
3.090000000000000000e+02 4.033503906250001173e-03
3.100000000000000000e+02 4.071675781250000750e-03
3.110000000000000000e+02 4.109157031250001285e-03
3.120000000000000000e+02 4.145914843750001834e-03
3.130000000000000000e+02 4.181895312500000413e-03
3.140000000000000000e+02 4.217067187500001327e-03
3.150000000000000000e+02 4.251389843750000806e-03
3.160000000000000000e+02 4.284822656249999417e-03
3.170000000000000000e+02 4.317336718750000232e-03
3.180000000000000000e+02 4.348878906249999989e-03
3.190000000000000000e+02 4.379430468749999014e-03
3.200000000000000000e+02 4.408932031250000806e-03
3.210000000000000000e+02 4.437375781250000803e-03
3.220000000000000000e+02 4.464703906249998210e-03
3.230000000000000000e+02 4.490894531249998468e-03
3.240000000000000000e+02 4.515909375000000912e-03
3.250000000000000000e+02 4.539714843750002407e-03
3.260000000000000000e+02 4.562287499999999676e-03
3.270000000000000000e+02 4.583593749999997392e-03
3.280000000000000000e+02 4.603611718749997528e-03
3.290000000000000000e+02 4.622307031249999962e-03
3.300000000000000000e+02 4.639658593750000184e-03
3.310000000000000000e+02 4.655647656250002861e-03
3.320000000000000000e+02 4.670250781249999511e-03
3.330000000000000000e+02 4.683447656250000826e-03
3.340000000000000000e+02 4.695221093750006312e-03
3.350000000000000000e+02 4.705560937500003968e-03
3.360000000000000000e+02 4.714449218749998914e-03
3.370000000000000000e+02 4.721885937499998090e-03
3.380000000000000000e+02 4.727854687499999722e-03
3.390000000000000000e+02 4.732357031250000387e-03
3.400000000000000000e+02 4.735385156249998125e-03
3.410000000000000000e+02 4.736954687499997721e-03
3.420000000000000000e+02 4.737057812500000686e-03
3.430000000000000000e+02 4.735706250000000853e-03
3.440000000000000000e+02 4.732914062499999491e-03
3.450000000000000000e+02 4.728678906249999571e-03
3.460000000000000000e+02 4.723057812500001430e-03
3.470000000000000000e+02 4.716028125000003984e-03
3.480000000000000000e+02 4.707634375000000274e-03
3.490000000000000000e+02 4.697910156249999504e-03
3.500000000000000000e+02 4.686903125000003480e-03
3.510000000000000000e+02 4.674617187499998869e-03
3.520000000000000000e+02 4.661100781250000942e-03
3.530000000000000000e+02 4.646426562499997477e-03
3.540000000000000000e+02 4.630645312499997307e-03
3.550000000000000000e+02 4.613761718749999699e-03
3.560000000000000000e+02 4.595883593749999947e-03
3.570000000000000000e+02 4.577052343750002278e-03
3.580000000000000000e+02 4.557351562499997386e-03
3.590000000000000000e+02 4.536846093750002314e-03
3.600000000000000000e+02 4.515612343749996795e-03
3.610000000000000000e+02 4.493753671874997115e-03
3.620000000000000000e+02 4.471319140625000868e-03
3.630000000000000000e+02 4.448422343750000306e-03
3.640000000000000000e+02 4.425155000000002663e-03
3.650000000000000000e+02 4.401641406249998459e-03
3.660000000000000000e+02 4.377975234375003008e-03
3.670000000000000000e+02 4.354252343749998380e-03
3.680000000000000000e+02 4.330601250000001498e-03
3.690000000000000000e+02 4.307152031249998105e-03
3.700000000000000000e+02 4.284030000000001170e-03
3.710000000000000000e+02 4.261367187500001916e-03
3.720000000000000000e+02 4.239258749999999694e-03
3.730000000000000000e+02 4.217900468749998140e-03
3.740000000000000000e+02 4.197397578124998675e-03
3.750000000000000000e+02 4.177966093749999055e-03
3.760000000000000000e+02 4.159639218750003052e-03
3.770000000000000000e+02 4.142698359375003928e-03
3.780000000000000000e+02 4.127190390624999559e-03
3.790000000000000000e+02 4.113332031249999909e-03
3.800000000000000000e+02 4.101290156249998674e-03
3.810000000000000000e+02 4.091256093750002265e-03
3.820000000000000000e+02 4.083353828124998766e-03
3.830000000000000000e+02 4.077774843749999711e-03
3.840000000000000000e+02 4.074673749999998748e-03
3.850000000000000000e+02 4.074279531249998081e-03
3.860000000000000000e+02 4.076703359374997740e-03
3.870000000000000000e+02 4.082167500000001732e-03
3.880000000000000000e+02 4.090838593750000841e-03
3.890000000000000000e+02 4.102866562500000723e-03
3.900000000000000000e+02 4.118459851562503334e-03
3.910000000000000000e+02 4.137802562500000024e-03
3.920000000000000000e+02 4.161041734374999919e-03
3.930000000000000000e+02 4.188340484374998909e-03
3.940000000000000000e+02 4.219893664062502638e-03
3.950000000000000000e+02 4.255822726562497917e-03
3.960000000000000000e+02 4.296328242187496052e-03
3.970000000000000000e+02 4.341543664062501827e-03
3.980000000000000000e+02 4.391626453124995895e-03
3.990000000000000000e+02 4.446724999999999463e-03
4.000000000000000000e+02 4.506959531250003675e-03
4.010000000000000000e+02 4.572462499999995628e-03
4.020000000000000000e+02 4.643332578125001879e-03
4.030000000000000000e+02 4.719685390624998866e-03
4.040000000000000000e+02 4.801664999999997498e-03
4.050000000000000000e+02 4.889281796875003146e-03
4.060000000000000000e+02 4.982682500000001034e-03
4.070000000000000000e+02 5.081870937500006062e-03
4.080000000000000000e+02 5.186917890625001790e-03
4.090000000000000000e+02 5.297843984375001647e-03
4.100000000000000000e+02 5.414704218750000971e-03
4.110000000000000000e+02 5.537478281250001778e-03
4.120000000000000000e+02 5.666143359374997863e-03
4.130000000000000000e+02 5.800700312499997881e-03
4.140000000000000000e+02 5.941042968750002637e-03
4.150000000000000000e+02 6.087163281249998587e-03
4.160000000000000000e+02 6.238926562500001112e-03
4.170000000000000000e+02 6.396260156249997282e-03
4.180000000000000000e+02 6.558982812500003569e-03
4.190000000000000000e+02 6.726984374999998156e-03
4.200000000000000000e+02 6.900116406250000195e-03
4.210000000000000000e+02 7.078138281250001898e-03
4.220000000000000000e+02 7.260789843749995351e-03
4.230000000000000000e+02 7.447939062500000609e-03
4.240000000000000000e+02 7.639236718749999391e-03
4.250000000000000000e+02 7.834455468749999471e-03
4.260000000000000000e+02 8.033212500000001116e-03
4.270000000000000000e+02 8.235246093749998969e-03
4.280000000000000000e+02 8.440157812500001522e-03
4.290000000000000000e+02 8.647607812500001170e-03
4.300000000000000000e+02 8.857128124999997035e-03
4.310000000000000000e+02 9.068392187499997939e-03
4.320000000000000000e+02 9.280916406249999084e-03
4.330000000000000000e+02 9.494225781250005894e-03
4.340000000000000000e+02 9.707907031250002580e-03
4.350000000000000000e+02 9.921467968749994940e-03
4.360000000000000000e+02 1.013435078125000076e-02
4.370000000000000000e+02 1.034611874999999750e-02
4.380000000000000000e+02 1.055618281249999860e-02
4.390000000000000000e+02 1.076410078125000606e-02
4.400000000000000000e+02 1.096932187499999670e-02
4.410000000000000000e+02 1.117140859374999955e-02
4.420000000000000000e+02 1.136969296874999584e-02
4.430000000000000000e+02 1.156383437500000007e-02
4.440000000000000000e+02 1.175325703124999524e-02
4.450000000000000000e+02 1.193746640624999619e-02
4.460000000000000000e+02 1.211614218750000152e-02
4.470000000000000000e+02 1.228880937499999583e-02
4.480000000000000000e+02 1.245515546874999789e-02
4.490000000000000000e+02 1.261480468749999993e-02
4.500000000000000000e+02 1.276748671874999852e-02
4.510000000000000000e+02 1.291310312500000036e-02
4.520000000000000000e+02 1.305146953124999842e-02
4.530000000000000000e+02 1.318252578124999921e-02
4.540000000000000000e+02 1.330639062499999747e-02
4.550000000000000000e+02 1.342309921874999985e-02
4.560000000000000000e+02 1.353299140624999834e-02
4.570000000000000000e+02 1.363644765625000518e-02
4.580000000000000000e+02 1.373401875000000022e-02
4.590000000000000000e+02 1.382644062499999854e-02
4.600000000000000000e+02 1.391448281250000189e-02
4.610000000000000000e+02 1.399921015624999536e-02
4.620000000000000000e+02 1.408191328125000391e-02
4.630000000000000000e+02 1.416405796875001150e-02
4.640000000000000000e+02 1.424729023437499437e-02
4.650000000000000000e+02 1.433372437500000061e-02
4.660000000000000000e+02 1.442554140624999724e-02
4.670000000000000000e+02 1.452532875000000709e-02
4.680000000000000000e+02 1.463597578124999944e-02
4.690000000000000000e+02 1.476073687500000300e-02
4.700000000000000000e+02 1.490333468750000383e-02
4.710000000000000000e+02 1.506780093749999702e-02
4.720000000000000000e+02 1.525860639843749575e-02
4.730000000000000000e+02 1.548083422656250548e-02
4.740000000000000000e+02 1.574005206250000261e-02
4.750000000000000000e+02 1.604236844843749676e-02
4.760000000000000000e+02 1.639440016406249964e-02
4.770000000000000000e+02 1.680366028906250114e-02
4.780000000000000000e+02 1.727821578125000174e-02
4.790000000000000000e+02 1.782697164062499798e-02
4.800000000000000000e+02 1.845962273437499329e-02
4.810000000000000000e+02 1.918674343749999373e-02
4.820000000000000000e+02 2.002011148437500207e-02
4.830000000000000000e+02 2.097224453124999638e-02
4.840000000000000000e+02 2.205705625000000183e-02
4.850000000000000000e+02 2.328957812499999822e-02
4.860000000000000000e+02 2.468632031249998540e-02
4.870000000000000000e+02 2.626522499999999968e-02
4.880000000000000000e+02 2.804578281250000998e-02
4.890000000000000000e+02 3.004930703124999991e-02
4.900000000000000000e+02 3.229906406249997974e-02
4.910000000000000000e+02 3.482022656250000764e-02
4.920000000000000000e+02 3.764021328125000815e-02
4.930000000000000000e+02 4.078935078124999725e-02
4.940000000000000000e+02 4.429985546875001012e-02
4.950000000000000000e+02 4.820761640625001454e-02
4.960000000000000000e+02 5.255080390625000569e-02
4.970000000000000000e+02 5.737227343750000291e-02
4.980000000000000000e+02 6.271725312499999705e-02
4.990000000000000000e+02 6.863607421874996783e-02
5.000000000000000000e+02 7.518303515624998046e-02
5.010000000000000000e+02 8.241725000000001133e-02
5.020000000000000000e+02 9.040282031250002071e-02
5.030000000000000000e+02 9.921050781250001505e-02
5.040000000000000000e+02 1.089163515625000411e-01
5.050000000000000000e+02 1.196041171874999975e-01
5.060000000000000000e+02 1.313638203125000459e-01
5.070000000000000000e+02 1.442949765625000380e-01
5.080000000000000000e+02 1.585047499999998610e-01
5.090000000000000000e+02 1.741113203124999287e-01
5.100000000000000000e+02 1.912416171875000181e-01
5.110000000000000000e+02 2.100368828124998810e-01
