0.000000000000000000e+00 9.432024453124998467e-04
1.000000000000000000e+00 9.426935312500003524e-04
2.000000000000000000e+00 9.416749062500001568e-04
3.000000000000000000e+00 9.401477343749996230e-04
4.000000000000000000e+00 9.381225859374996926e-04
5.000000000000000000e+00 9.355847656249997521e-04
6.000000000000000000e+00 9.325562109374998555e-04
7.000000000000000000e+00 9.290271015625000761e-04
8.000000000000000000e+00 9.250086484374999340e-04
9.000000000000000000e+00 9.205031874999996091e-04
1.000000000000000000e+01 9.155132499999997205e-04
1.100000000000000000e+01 9.100574531249997932e-04
1.200000000000000000e+01 9.041305781249995384e-04
1.300000000000000000e+01 8.977449843750000399e-04
1.400000000000000000e+01 8.909040703125000512e-04
1.500000000000000000e+01 8.836233046874998869e-04
1.600000000000000000e+01 8.759090468749997777e-04
1.700000000000000000e+01 8.677733437499997792e-04
1.800000000000000000e+01 8.592187031250000896e-04
1.900000000000000000e+01 8.502626484374998335e-04
2.000000000000000000e+01 8.409149531249997212e-04
2.100000000000000000e+01 8.311904296874998710e-04
2.200000000000000000e+01 8.210970312500001081e-04
2.300000000000000000e+01 8.106489609375004375e-04
2.400000000000000000e+01 7.998603124999994042e-04
2.500000000000000000e+01 7.887401640624997108e-04
2.600000000000000000e+01 7.773098359375001098e-04
2.700000000000000000e+01 7.655810156249996537e-04
2.800000000000000000e+01 7.535628046875000570e-04
2.900000000000000000e+01 7.412790546875001494e-04
3.000000000000000000e+01 7.287414921874999386e-04
3.100000000000000000e+01 7.159686093749999909e-04
3.200000000000000000e+01 7.029719374999999831e-04
3.300000000000000000e+01 6.897650703124995905e-04
3.400000000000000000e+01 6.763749062499999423e-04
3.500000000000000000e+01 6.628131093750001031e-04
3.600000000000000000e+01 6.490937265624997267e-04
3.700000000000000000e+01 6.352397890625003513e-04
3.800000000000000000e+01 6.212617890624999237e-04
3.900000000000000000e+01 6.071841562499996799e-04
4.000000000000000000e+01 5.930218203124994593e-04
4.100000000000000000e+01 5.787918437500000389e-04
4.200000000000000000e+01 5.645144375000002131e-04
4.300000000000000000e+01 5.502068984374998764e-04
4.400000000000000000e+01 5.358862968749999100e-04
4.500000000000000000e+01 5.215679531250001647e-04
4.600000000000000000e+01 5.072756874999999202e-04
4.700000000000000000e+01 4.930243437499999288e-04
4.800000000000000000e+01 4.788286835937497388e-04
4.900000000000000000e+01 4.647152437499998782e-04
5.000000000000000000e+01 4.506944625000001222e-04
5.100000000000000000e+01 4.367843851562498410e-04
5.200000000000000000e+01 4.230049492187500874e-04
5.300000000000000000e+01 4.093733023437499561e-04
5.400000000000000000e+01 3.959053039062501527e-04
5.500000000000000000e+01 3.826185781249999006e-04
5.600000000000000000e+01 3.695295760156250687e-04
5.700000000000000000e+01 3.566541397656248862e-04
5.800000000000000000e+01 3.440098624218750631e-04
5.900000000000000000e+01 3.316102831249998764e-04
6.000000000000000000e+01 3.194740979921873738e-04
6.100000000000000000e+01 3.076137802343749221e-04
6.200000000000000000e+01 2.960448671874998418e-04
6.300000000000000000e+01 2.847826655468749615e-04
6.400000000000000000e+01 2.738402735937500525e-04
6.500000000000000000e+01 2.632322229687498170e-04
6.600000000000000000e+01 2.529713848203125524e-04
6.700000000000000000e+01 2.430703981953124323e-04
6.800000000000000000e+01 2.335412494531249102e-04
6.900000000000000000e+01 2.243975522656249547e-04
7.000000000000000000e+01 2.156482792187500966e-04
7.100000000000000000e+01 2.073064589062500063e-04
7.200000000000000000e+01 1.993822209374999401e-04
7.300000000000000000e+01 1.918841376562499187e-04
7.400000000000000000e+01 1.848222424999999933e-04
7.500000000000000000e+01 1.782060034375000754e-04
7.600000000000000000e+01 1.720427387499999386e-04
7.700000000000000000e+01 1.663407268750000329e-04
7.800000000000000000e+01 1.611075532812500670e-04
7.900000000000000000e+01 1.563483820703124823e-04
8.000000000000000000e+01 1.520703894843750625e-04
8.100000000000000000e+01 1.482785481640624601e-04
8.200000000000000000e+01 1.449772484375000284e-04
8.300000000000000000e+01 1.421712958593749406e-04
8.400000000000000000e+01 1.398639545312501287e-04
8.500000000000000000e+01 1.380584804687501116e-04
8.600000000000000000e+01 1.367563906249999602e-04
8.700000000000000000e+01 1.359602351562500964e-04
8.800000000000000000e+01 1.356706117187499617e-04
8.900000000000000000e+01 1.358878812499999026e-04
9.000000000000000000e+01 1.366127687500000038e-04
9.100000000000000000e+01 1.378432195312499645e-04
9.200000000000000000e+01 1.395791374999999111e-04
9.300000000000000000e+01 1.418176359375000620e-04
9.400000000000000000e+01 1.445569624999998434e-04
9.500000000000000000e+01 1.477930109374999692e-04
9.600000000000000000e+01 1.515224699218749760e-04
9.700000000000000000e+01 1.557407386718750737e-04
9.800000000000000000e+01 1.604435353593750176e-04
9.900000000000000000e+01 1.656242165625000683e-04
1.000000000000000000e+02 1.712778069531250419e-04
1.010000000000000000e+02 1.773961304687501092e-04
1.020000000000000000e+02 1.839738945312500800e-04
1.030000000000000000e+02 1.910020874999999606e-04
1.040000000000000000e+02 1.984729820312500670e-04
1.050000000000000000e+02 2.063773382812500369e-04
1.060000000000000000e+02 2.147058398437499223e-04
1.070000000000000000e+02 2.234494843749999294e-04
1.080000000000000000e+02 2.325972578124999956e-04
1.090000000000000000e+02 2.421388281249998401e-04
1.100000000000000000e+02 2.520626171875000546e-04
1.110000000000000000e+02 2.623574687499999791e-04
1.120000000000000000e+02 2.730111953124997131e-04
1.130000000000000000e+02 2.840114218750000238e-04
1.140000000000000000e+02 2.953454609374999459e-04
1.150000000000000000e+02 3.070000859374999360e-04
1.160000000000000000e+02 3.189616562499998013e-04
1.170000000000000000e+02 3.312169531249999402e-04
1.180000000000000000e+02 3.437512812500000646e-04
1.190000000000000000e+02 3.565505234375000157e-04
1.200000000000000000e+02 3.696006640624996896e-04
1.210000000000000000e+02 3.828846328124999943e-04
1.220000000000000000e+02 3.963898281249998647e-04
1.230000000000000000e+02 4.100995078125001443e-04
1.240000000000000000e+02 4.239990937500002122e-04
1.250000000000000000e+02 4.380719296875000535e-04
1.260000000000000000e+02 4.523027578125001099e-04
1.270000000000000000e+02 4.666762578125002595e-04
1.280000000000000000e+02 4.811753046875001921e-04
1.290000000000000000e+02 4.957844218749998680e-04
1.300000000000000000e+02 5.104876796874997574e-04
1.310000000000000000e+02 5.252686796875000348e-04
1.320000000000000000e+02 5.401117734374998296e-04
1.330000000000000000e+02 5.549998046875000406e-04
1.340000000000000000e+02 5.699161718750000820e-04
1.350000000000000000e+02 5.848476562499998642e-04
1.360000000000000000e+02 5.997774218749997921e-04
1.370000000000000000e+02 6.146865624999998425e-04
1.380000000000000000e+02 6.295657812499998130e-04
1.390000000000000000e+02 6.443899218749999346e-04
1.400000000000000000e+02 6.591545312500002741e-04
1.410000000000000000e+02 6.738339843750002249e-04
1.420000000000000000e+02 6.884263281250000560e-04
1.430000000000000000e+02 7.029003125000000615e-04
1.440000000000000000e+02 7.172585937500000359e-04
1.450000000000000000e+02 7.314751562499999032e-04
1.460000000000000000e+02 7.455372656250000779e-04
1.470000000000000000e+02 7.594428124999998272e-04
1.480000000000000000e+02 7.731598437500000320e-04
1.490000000000000000e+02 7.866947656249997055e-04
1.500000000000000000e+02 8.000214843750000056e-04
1.510000000000000000e+02 8.131359374999999265e-04
1.520000000000000000e+02 8.260227343750004133e-04
1.530000000000000000e+02 8.386711718750003777e-04
1.540000000000000000e+02 8.510725781249999389e-04
1.550000000000000000e+02 8.632160937500003677e-04
1.560000000000000000e+02 8.750910937500001006e-04
1.570000000000000000e+02 8.866897656249997806e-04
1.580000000000000000e+02 8.980032031249999755e-04
1.590000000000000000e+02 9.090265624999997653e-04
1.600000000000000000e+02 9.197417187500000167e-04
1.610000000000000000e+02 9.301552343750000944e-04
1.620000000000000000e+02 9.402532031250002706e-04
1.630000000000000000e+02 9.500336718750002725e-04
1.640000000000000000e+02 9.594883593750000135e-04
1.650000000000000000e+02 9.686118749999998376e-04
1.660000000000000000e+02 9.774064843749996363e-04
1.670000000000000000e+02 9.858647265624999757e-04
1.680000000000000000e+02 9.939855234374996885e-04
1.690000000000000000e+02 1.001765562500000085e-03
1.700000000000000000e+02 1.009201679687499577e-03
1.710000000000000000e+02 1.016302820312499529e-03
1.720000000000000000e+02 1.023058062499999834e-03
1.730000000000000000e+02 1.029474734375000321e-03
1.740000000000000000e+02 1.035551999999999914e-03
1.750000000000000000e+02 1.041293468749999746e-03
1.760000000000000000e+02 1.046706132812500259e-03
1.770000000000000000e+02 1.051786421875000078e-03
1.780000000000000000e+02 1.056537007812499750e-03
1.790000000000000000e+02 1.060974539062500268e-03
1.800000000000000000e+02 1.065093367187500270e-03
1.810000000000000000e+02 1.068911374999999449e-03
1.820000000000000000e+02 1.072424593750000328e-03
1.830000000000000000e+02 1.075647351562500137e-03
1.840000000000000000e+02 1.078584828124999834e-03
1.850000000000000000e+02 1.081251257812499735e-03
1.860000000000000000e+02 1.083649453125000309e-03
1.870000000000000000e+02 1.085803585937499677e-03
1.880000000000000000e+02 1.087710976562500549e-03
1.890000000000000000e+02 1.089386179687499819e-03
1.900000000000000000e+02 1.090845445312499992e-03
1.910000000000000000e+02 1.092104812500000214e-03
1.920000000000000000e+02 1.093171453124999965e-03
1.930000000000000000e+02 1.094065804687499978e-03
1.940000000000000000e+02 1.094800593749999627e-03
1.950000000000000000e+02 1.095390218749999790e-03
1.960000000000000000e+02 1.095854179687499310e-03
1.970000000000000000e+02 1.096206492187500135e-03
1.980000000000000000e+02 1.096470249999999431e-03
1.990000000000000000e+02 1.096657250000000533e-03
2.000000000000000000e+02 1.096790463281249782e-03
2.010000000000000000e+02 1.096885148437500273e-03
2.020000000000000000e+02 1.096966648437500092e-03
2.030000000000000000e+02 1.097048962500000047e-03
2.040000000000000000e+02 1.097156893750000396e-03
2.050000000000000000e+02 1.097308253125000308e-03
2.060000000000000000e+02 1.097529968984375243e-03
2.070000000000000000e+02 1.097840379296875042e-03
2.080000000000000000e+02 1.098255706453124970e-03
2.090000000000000000e+02 1.098810232812500159e-03
2.100000000000000000e+02 1.099521017968750408e-03
2.110000000000000000e+02 1.100411532812499774e-03
2.120000000000000000e+02 1.101501618750000194e-03
2.130000000000000000e+02 1.102822560937500272e-03
2.140000000000000000e+02 1.104393301562499752e-03
2.150000000000000000e+02 1.106241407031250496e-03
2.160000000000000000e+02 1.108387403124999919e-03
2.170000000000000000e+02 1.110857563281249802e-03
2.180000000000000000e+02 1.113678484375000286e-03
2.190000000000000000e+02 1.116869710937500428e-03
2.200000000000000000e+02 1.120462835937500231e-03
2.210000000000000000e+02 1.124477499999999982e-03
2.220000000000000000e+02 1.128941390625000070e-03
2.230000000000000000e+02 1.133881164062499908e-03
2.240000000000000000e+02 1.139317101562499880e-03
2.250000000000000000e+02 1.145274000000000162e-03
2.260000000000000000e+02 1.151777906250000486e-03
2.270000000000000000e+02 1.158853140624999979e-03
2.280000000000000000e+02 1.166528414062499791e-03
2.290000000000000000e+02 1.174819703124999970e-03
2.300000000000000000e+02 1.183755054687500065e-03
2.310000000000000000e+02 1.193356210937500123e-03
2.320000000000000000e+02 1.203654789062500634e-03
2.330000000000000000e+02 1.214666265624999957e-03
2.340000000000000000e+02 1.226407578125000017e-03
2.350000000000000000e+02 1.238912789062499367e-03
2.360000000000000000e+02 1.252198343750000409e-03
2.370000000000000000e+02 1.266279867187500557e-03
2.380000000000000000e+02 1.281182445312500050e-03
2.390000000000000000e+02 1.296936906250000009e-03
2.400000000000000000e+02 1.313547429687500403e-03
2.410000000000000000e+02 1.331038101562499612e-03
2.420000000000000000e+02 1.349431406249999897e-03
2.430000000000000000e+02 1.368735822656250243e-03
2.440000000000000000e+02 1.388981501562499936e-03
2.450000000000000000e+02 1.410173583593749089e-03
2.460000000000000000e+02 1.432327742187499775e-03
2.470000000000000000e+02 1.455470212499999742e-03
2.480000000000000000e+02 1.479604486718749754e-03
2.490000000000000000e+02 1.504742954687500380e-03
2.500000000000000000e+02 1.530906037500000131e-03
2.510000000000000000e+02 1.558091459375000225e-03
2.520000000000000000e+02 1.586326561718750389e-03
2.530000000000000000e+02 1.615604163281250151e-03
2.540000000000000000e+02 1.645941987500000115e-03
2.550000000000000000e+02 1.677343734375000023e-03
2.560000000000000000e+02 1.709819335937500049e-03
2.570000000000000000e+02 1.743369960937499533e-03
2.580000000000000000e+02 1.777994843749999528e-03
2.590000000000000000e+02 1.813701898437499772e-03
2.600000000000000000e+02 1.850496000000000519e-03
2.610000000000000000e+02 1.888372960937499852e-03
2.620000000000000000e+02 1.927324375000000461e-03
2.630000000000000000e+02 1.967354156249999202e-03
2.640000000000000000e+02 2.008465226562499741e-03
2.650000000000000000e+02 2.050638906249999550e-03
2.660000000000000000e+02 2.093881484375000740e-03
2.670000000000000000e+02 2.138172109374998891e-03
2.680000000000000000e+02 2.183506796874999569e-03
2.690000000000000000e+02 2.229876718749999615e-03
2.700000000000000000e+02 2.277264062499999731e-03
2.710000000000000000e+02 2.325662656250000564e-03
2.720000000000000000e+02 2.375044609374999446e-03
2.730000000000000000e+02 2.425400859374999846e-03
2.740000000000000000e+02 2.476714531249999806e-03
2.750000000000000000e+02 2.528957031250000497e-03
2.760000000000000000e+02 2.582115312500000547e-03
2.770000000000000000e+02 2.636152343749999065e-03
2.780000000000000000e+02 2.691056093750000214e-03
2.790000000000000000e+02 2.746797656250000129e-03
2.800000000000000000e+02 2.803342734375001248e-03
2.810000000000000000e+02 2.860661718750000509e-03
2.820000000000000000e+02 2.918730937500000396e-03
2.830000000000000000e+02 2.977505390625000310e-03
2.840000000000000000e+02 3.036947890625000743e-03
2.850000000000000000e+02 3.097032421874999341e-03
2.860000000000000000e+02 3.157720703124999775e-03
2.870000000000000000e+02 3.218961640625000748e-03
2.880000000000000000e+02 3.280715546875001467e-03
2.890000000000000000e+02 3.342941796874999896e-03
2.900000000000000000e+02 3.405606093750001076e-03
2.910000000000000000e+02 3.468634843749998642e-03
2.920000000000000000e+02 3.532002343750000918e-03
2.930000000000000000e+02 3.595650000000001015e-03
2.940000000000000000e+02 3.659510156250001152e-03
2.950000000000000000e+02 3.723562500000000310e-03
2.960000000000000000e+02 3.787723437499999554e-03
2.970000000000000000e+02 3.851957812499999176e-03
2.980000000000000000e+02 3.916185156249999896e-03
2.990000000000000000e+02 3.980359375000001691e-03
3.000000000000000000e+02 4.044422656250000296e-03
3.010000000000000000e+02 4.108308593750001174e-03
3.020000000000000000e+02 4.171948437500000613e-03
3.030000000000000000e+02 4.235281249999999463e-03
3.040000000000000000e+02 4.298242187499998895e-03
3.050000000000000000e+02 4.360767968750000993e-03
3.060000000000000000e+02 4.422783593750001865e-03
3.070000000000000000e+02 4.484228124999999759e-03
3.080000000000000000e+02 4.545018749999999233e-03
3.090000000000000000e+02 4.605100781249996111e-03
3.100000000000000000e+02 4.664387499999999610e-03
3.110000000000000000e+02 4.722815624999998803e-03
3.120000000000000000e+02 4.780313281250000296e-03
3.130000000000000000e+02 4.836807031249997640e-03
3.140000000000000000e+02 4.892214843749997585e-03
3.150000000000000000e+02 4.946469531249999933e-03
3.160000000000000000e+02 4.999503906250001885e-03
3.170000000000000000e+02 5.051234374999997133e-03
3.180000000000000000e+02 5.101588281250000502e-03
3.190000000000000000e+02 5.150488281249997191e-03
3.200000000000000000e+02 5.197880468749997360e-03
3.210000000000000000e+02 5.243667187500001235e-03
3.220000000000000000e+02 5.287795312500002086e-03
3.230000000000000000e+02 5.330178125000001321e-03
3.240000000000000000e+02 5.370765625000001840e-03
3.250000000000000000e+02 5.409458593750001223e-03
3.260000000000000000e+02 5.446224218750001997e-03
3.270000000000000000e+02 5.480944531249998600e-03
3.280000000000000000e+02 5.513610156249998569e-03
3.290000000000000000e+02 5.544135156249995963e-03
3.300000000000000000e+02 5.572471875000001122e-03
3.310000000000000000e+02 5.598522656250000396e-03
3.320000000000000000e+02 5.622271093750000684e-03
3.330000000000000000e+02 5.643632812500002163e-03
3.340000000000000000e+02 5.662560937499998281e-03
3.350000000000000000e+02 5.679014843750000013e-03
3.360000000000000000e+02 5.692959375000002445e-03
3.370000000000000000e+02 5.704342968749998889e-03
3.380000000000000000e+02 5.713117187500001831e-03
3.390000000000000000e+02 5.719249999999999508e-03
3.400000000000000000e+02 5.722725000000004024e-03
3.410000000000000000e+02 5.723436718749996301e-03
3.420000000000000000e+02 5.721479687500000307e-03
3.430000000000000000e+02 5.716750000000003079e-03
3.440000000000000000e+02 5.709255468749997037e-03
3.450000000000000000e+02 5.699004687499995871e-03
3.460000000000000000e+02 5.685985937499998810e-03
3.470000000000000000e+02 5.670182812499997144e-03
3.480000000000000000e+02 5.651569531249999237e-03
3.490000000000000000e+02 5.630233593749998065e-03
3.500000000000000000e+02 5.606125781250001321e-03
3.510000000000000000e+02 5.579320312500002030e-03
3.520000000000000000e+02 5.549831249999999730e-03
3.530000000000000000e+02 5.517642187499997852e-03
3.540000000000000000e+02 5.482847656249999549e-03
3.550000000000000000e+02 5.445483593749999782e-03
3.560000000000000000e+02 5.405580390625000335e-03
3.570000000000000000e+02 5.363244062500000485e-03
3.580000000000000000e+02 5.318526328125000764e-03
3.590000000000000000e+02 5.271466015624999384e-03
3.600000000000000000e+02 5.222200703125002424e-03
3.610000000000000000e+02 5.170784765625001216e-03
3.620000000000000000e+02 5.117326953124995761e-03
3.630000000000000000e+02 5.061904609374999996e-03
3.640000000000000000e+02 5.004681874999999946e-03
3.650000000000000000e+02 4.945742812499997337e-03
3.660000000000000000e+02 4.885231718750002519e-03
3.670000000000000000e+02 4.823272734375002625e-03
3.680000000000000000e+02 4.760015234374999696e-03
3.690000000000000000e+02 4.695608125000000355e-03
3.700000000000000000e+02 4.630207656249996952e-03
3.710000000000000000e+02 4.563965312500002126e-03
3.720000000000000000e+02 4.497080078125003516e-03
3.730000000000000000e+02 4.429736562499999794e-03
3.740000000000000000e+02 4.362077890625000627e-03
3.750000000000000000e+02 4.294320390624998401e-03
3.760000000000000000e+02 4.226674609375000689e-03
3.770000000000000000e+02 4.159361953124998505e-03
3.780000000000000000e+02 4.092561796875001517e-03
3.790000000000000000e+02 4.026494921874998467e-03
3.800000000000000000e+02 3.961404296875001112e-03
3.810000000000000000e+02 3.897539453125001274e-03
3.820000000000000000e+02 3.835080390624999187e-03
3.830000000000000000e+02 3.774328906249999060e-03
3.840000000000000000e+02 3.715487812500001263e-03
3.850000000000000000e+02 3.658802578125000191e-03
3.860000000000000000e+02 3.604536328125001760e-03
3.870000000000000000e+02 3.552937890624999467e-03
3.880000000000000000e+02 3.504298593750000863e-03
3.890000000000000000e+02 3.458812093749999428e-03
3.900000000000000000e+02 3.416792203125001287e-03
3.910000000000000000e+02 3.378440164062498745e-03
3.920000000000000000e+02 3.344076718749998834e-03
3.930000000000000000e+02 3.313926203125000785e-03
3.940000000000000000e+02 3.288212635156250504e-03
3.950000000000000000e+02 3.267248338750001081e-03
3.960000000000000000e+02 3.251205872499999833e-03
3.970000000000000000e+02 3.240424264843749357e-03
3.980000000000000000e+02 3.235047195312497521e-03
3.990000000000000000e+02 3.235348889843751938e-03
4.000000000000000000e+02 3.241544166874999345e-03
4.010000000000000000e+02 3.253848232812499904e-03
4.020000000000000000e+02 3.272482578125000732e-03
4.030000000000000000e+02 3.297595749999999125e-03
4.040000000000000000e+02 3.329421320312500425e-03
4.050000000000000000e+02 3.368110375000000784e-03
4.060000000000000000e+02 3.413783226562499325e-03
4.070000000000000000e+02 3.466624768749999603e-03
4.080000000000000000e+02 3.526762766406251089e-03
4.090000000000000000e+02 3.594280812499998316e-03
4.100000000000000000e+02 3.669290718749998285e-03
4.110000000000000000e+02 3.751853859374998119e-03
4.120000000000000000e+02 3.842007656249997634e-03
4.130000000000000000e+02 3.939811796875000542e-03
4.140000000000000000e+02 4.045262734374999170e-03
4.150000000000000000e+02 4.158325859375000891e-03
4.160000000000000000e+02 4.279011015625000525e-03
4.170000000000000000e+02 4.407211875000000695e-03
4.180000000000000000e+02 4.542852734374999181e-03
4.190000000000000000e+02 4.685831328125001673e-03
4.200000000000000000e+02 4.835992031250000746e-03
4.210000000000000000e+02 4.993176718749999833e-03
4.220000000000000000e+02 5.157180703124995651e-03
4.230000000000000000e+02 5.327798515625000939e-03
4.240000000000000000e+02 5.504753125000001052e-03
4.250000000000000000e+02 5.687834375000000789e-03
4.260000000000000000e+02 5.876613281250001736e-03
4.270000000000000000e+02 6.070862499999998656e-03
4.280000000000000000e+02 6.270189062499999764e-03
4.290000000000000000e+02 6.474172656250001649e-03
4.300000000000000000e+02 6.682474999999999353e-03
4.310000000000000000e+02 6.894574218749998686e-03
4.320000000000000000e+02 7.110103125000002966e-03
4.330000000000000000e+02 7.328486718749999129e-03
4.340000000000000000e+02 7.549253125000002229e-03
4.350000000000000000e+02 7.771917968750002674e-03
4.360000000000000000e+02 7.995925781249997935e-03
4.370000000000000000e+02 8.220696093749998642e-03
4.380000000000000000e+02 8.445746093749990913e-03
4.390000000000000000e+02 8.670428906250002982e-03
4.400000000000000000e+02 8.894251562499996822e-03
4.410000000000000000e+02 9.116554687500002044e-03
4.420000000000000000e+02 9.336875000000001423e-03
4.430000000000000000e+02 9.554633593750003900e-03
4.440000000000000000e+02 9.769174999999999734e-03
4.450000000000000000e+02 9.980128906250003429e-03
4.460000000000000000e+02 1.018692500000000119e-02
4.470000000000000000e+02 1.038910625000000025e-02
4.480000000000000000e+02 1.058627265624999952e-02
4.490000000000000000e+02 1.077804140624999581e-02
4.500000000000000000e+02 1.096409296874999856e-02
4.510000000000000000e+02 1.114408437500000355e-02
4.520000000000000000e+02 1.131789453124999907e-02
4.530000000000000000e+02 1.148537343750000161e-02
4.540000000000000000e+02 1.164642031249999918e-02
4.550000000000000000e+02 1.180120156249999872e-02
4.560000000000000000e+02 1.194981093750000466e-02
4.570000000000000000e+02 1.209256874999999933e-02
4.580000000000000000e+02 1.222975937499999437e-02
4.590000000000000000e+02 1.236199570312500155e-02
4.600000000000000000e+02 1.248992437499999927e-02
4.610000000000000000e+02 1.261438171874999965e-02
4.620000000000000000e+02 1.273633765624999914e-02
4.630000000000000000e+02 1.285701632812499308e-02
4.640000000000000000e+02 1.297766164062499721e-02
4.650000000000000000e+02 1.309995359375000154e-02
4.660000000000000000e+02 1.322560429687500219e-02
4.670000000000000000e+02 1.335661984374999708e-02
4.680000000000000000e+02 1.349523148437500007e-02
4.690000000000000000e+02 1.364400632812499611e-02
4.700000000000000000e+02 1.380567945312499885e-02
4.710000000000000000e+02 1.398332742187500567e-02
4.720000000000000000e+02 1.418044515624999717e-02
4.730000000000000000e+02 1.440058320312499404e-02
4.740000000000000000e+02 1.464805172656250508e-02
4.750000000000000000e+02 1.492723134375000330e-02
4.760000000000000000e+02 1.524329761718749669e-02
4.770000000000000000e+02 1.560135642031250033e-02
4.780000000000000000e+02 1.600769029687500178e-02
4.790000000000000000e+02 1.646863978750000637e-02
4.800000000000000000e+02 1.699149693749999607e-02
4.810000000000000000e+02 1.758411546093751124e-02
4.820000000000000000e+02 1.825511890624999592e-02
4.830000000000000000e+02 1.901409398437499398e-02
4.840000000000000000e+02 1.987137460937500252e-02
4.850000000000000000e+02 2.083853874999998593e-02
4.860000000000000000e+02 2.192822140624999666e-02
4.870000000000000000e+02 2.315430468749999846e-02
4.880000000000000000e+02 2.453216874999999617e-02
4.890000000000000000e+02 2.607864218749999727e-02
4.900000000000000000e+02 2.781235703125000888e-02
4.910000000000000000e+02 2.975377343749999529e-02
4.920000000000000000e+02 3.192555546875001232e-02
4.930000000000000000e+02 3.435264375000001563e-02
4.940000000000000000e+02 3.706230390624999649e-02
4.950000000000000000e+02 4.008498203125001463e-02
4.960000000000000000e+02 4.345414296874999110e-02
4.970000000000000000e+02 4.720596406249996657e-02
4.980000000000000000e+02 5.138184843749998842e-02
4.990000000000000000e+02 5.602622578125000113e-02
5.000000000000000000e+02 6.118872578125000850e-02
5.010000000000000000e+02 6.692393515624996125e-02
5.020000000000000000e+02 7.329168203124997172e-02
5.030000000000000000e+02 8.035880468750003502e-02
5.040000000000000000e+02 8.819888281249996242e-02
5.050000000000000000e+02 9.689310156250004191e-02
5.060000000000000000e+02 1.065313984375000217e-01
5.070000000000000000e+02 1.172134375000000450e-01
5.080000000000000000e+02 1.290486796874999453e-01
5.090000000000000000e+02 1.421592890624999994e-01
5.100000000000000000e+02 1.566808750000000527e-01
5.110000000000000000e+02 1.727625390624999702e-01
