0.000000000000000000e+00 1.460371406250000458e-03
1.000000000000000000e+00 1.459604812500000202e-03
2.000000000000000000e+00 1.458061890625000911e-03
3.000000000000000000e+00 1.455763507812500275e-03
4.000000000000000000e+00 1.452700421874999689e-03
5.000000000000000000e+00 1.448872531250000725e-03
6.000000000000000000e+00 1.444296351562500110e-03
7.000000000000000000e+00 1.438971804687499620e-03
8.000000000000000000e+00 1.432907789062499125e-03
9.000000000000000000e+00 1.426104054687499624e-03
1.000000000000000000e+01 1.418582367187499419e-03
1.100000000000000000e+01 1.410337867187499983e-03
1.200000000000000000e+01 1.401389109375000656e-03
1.300000000000000000e+01 1.391752281249999858e-03
1.400000000000000000e+01 1.381431984374998853e-03
1.500000000000000000e+01 1.370442632812500462e-03
1.600000000000000000e+01 1.358799148437500083e-03
1.700000000000000000e+01 1.346519109374999957e-03
1.800000000000000000e+01 1.333611976562499657e-03
1.900000000000000000e+01 1.320097640624999773e-03
2.000000000000000000e+01 1.305992507812499910e-03
2.100000000000000000e+01 1.291312757812500440e-03
2.200000000000000000e+01 1.276081203124999766e-03
2.300000000000000000e+01 1.260318515624999367e-03
2.400000000000000000e+01 1.244039851562499721e-03
2.500000000000000000e+01 1.227261039062500520e-03
2.600000000000000000e+01 1.210011226562500517e-03
2.700000000000000000e+01 1.192310828124999592e-03
2.800000000000000000e+01 1.174178031250000098e-03
2.900000000000000000e+01 1.155636796875000047e-03
3.000000000000000000e+01 1.136717640624999859e-03
3.100000000000000000e+01 1.117432718750000289e-03
3.200000000000000000e+01 1.097812343750000129e-03
3.300000000000000000e+01 1.077885281250000283e-03
3.400000000000000000e+01 1.057664564843750158e-03
3.500000000000000000e+01 1.037183093750000933e-03
3.600000000000000000e+01 1.016467997656250863e-03
3.700000000000000000e+01 9.955417593750003416e-04
3.800000000000000000e+01 9.744272179687497523e-04
3.900000000000000000e+01 9.531531499999999291e-04
4.000000000000000000e+01 9.317481242187500160e-04
4.100000000000000000e+01 9.102309773437494873e-04
4.200000000000000000e+01 8.886380148437498985e-04
4.300000000000000000e+01 8.669886804687495585e-04
4.400000000000000000e+01 8.453126967187499403e-04
4.500000000000000000e+01 8.236334585937495024e-04
4.600000000000000000e+01 8.019761864843749600e-04
4.700000000000000000e+01 7.803716430703129016e-04
4.800000000000000000e+01 7.588440831875006712e-04
4.900000000000000000e+01 7.374182117187499464e-04
5.000000000000000000e+01 7.161164674999999065e-04
5.100000000000000000e+01 6.949711234374997618e-04
5.200000000000000000e+01 6.740043492187502375e-04
5.300000000000000000e+01 6.532390109375000491e-04
5.400000000000000000e+01 6.327024093750003306e-04
5.500000000000000000e+01 6.124137195312501399e-04
5.600000000000000000e+01 5.924011523437501319e-04
5.700000000000000000e+01 5.726892882812502491e-04
5.800000000000000000e+01 5.532972281250002388e-04
5.900000000000000000e+01 5.342456031250000618e-04
6.000000000000000000e+01 5.155628203125000100e-04
6.100000000000000000e+01 4.972662500000000910e-04
6.200000000000000000e+01 4.793755703124999543e-04
6.300000000000000000e+01 4.619120625000001077e-04
6.400000000000000000e+01 4.448983203124998263e-04
6.500000000000000000e+01 4.283480312499999285e-04
6.600000000000000000e+01 4.122813359375001132e-04
6.700000000000000000e+01 3.967169062500002560e-04
6.800000000000000000e+01 3.816707343750001791e-04
6.900000000000000000e+01 3.671593281250001384e-04
7.000000000000000000e+01 3.531981484374999646e-04
7.100000000000000000e+01 3.398016718750001696e-04
7.200000000000000000e+01 3.269839531250002401e-04
7.300000000000000000e+01 3.147582734374999619e-04
7.400000000000000000e+01 3.031365078125000776e-04
7.500000000000000000e+01 2.921305390624999161e-04
7.600000000000000000e+01 2.817512734374999711e-04
7.700000000000000000e+01 2.720087421875000584e-04
7.800000000000000000e+01 2.629112812499999102e-04
7.900000000000000000e+01 2.544680156249999820e-04
8.000000000000000000e+01 2.466849687500000847e-04
8.100000000000000000e+01 2.395705312500000033e-04
8.200000000000000000e+01 2.331290468749999721e-04
8.300000000000000000e+01 2.273657265625000673e-04
8.400000000000000000e+01 2.222847187500000027e-04
8.500000000000000000e+01 2.178893773437500783e-04
8.600000000000000000e+01 2.141803390625000674e-04
8.700000000000000000e+01 2.111609804687499762e-04
8.800000000000000000e+01 2.088302796874999848e-04
8.900000000000000000e+01 2.071885260156250148e-04
9.000000000000000000e+01 2.062355054687499249e-04
9.100000000000000000e+01 2.059670978749999495e-04
9.200000000000000000e+01 2.063816401562500321e-04
9.300000000000000000e+01 2.074754499999999788e-04
9.400000000000000000e+01 2.092434359374999544e-04
9.500000000000000000e+01 2.116803742187500694e-04
9.600000000000000000e+01 2.147802421874999812e-04
9.700000000000000000e+01 2.185357109375001211e-04
9.800000000000000000e+01 2.229395624999999355e-04
9.900000000000000000e+01 2.279826093750000047e-04
1.000000000000000000e+02 2.336562343750000126e-04
1.010000000000000000e+02 2.399500101562499236e-04
1.020000000000000000e+02 2.468527218749999759e-04
1.030000000000000000e+02 2.543540109375000218e-04
1.040000000000000000e+02 2.624406534374999788e-04
1.050000000000000000e+02 2.711013217968751086e-04
1.060000000000000000e+02 2.803204358593750401e-04
1.070000000000000000e+02 2.900850320312499788e-04
1.080000000000000000e+02 3.003804984375004145e-04
1.090000000000000000e+02 3.111910789062501820e-04
1.100000000000000000e+02 3.225015867187501300e-04
1.110000000000000000e+02 3.342947578124999888e-04
1.120000000000000000e+02 3.465537968749998385e-04
1.130000000000000000e+02 3.592621484375000339e-04
1.140000000000000000e+02 3.724008828125001847e-04
1.150000000000000000e+02 3.859515859375002795e-04
1.160000000000000000e+02 3.998962421874997179e-04
1.170000000000000000e+02 4.142150937499999548e-04
1.180000000000000000e+02 4.288888203124999925e-04
1.190000000000000000e+02 4.438965625000000225e-04
1.200000000000000000e+02 4.592189375000001097e-04
1.210000000000000000e+02 4.748360312500000567e-04
1.220000000000000000e+02 4.907238437499998650e-04
1.230000000000000000e+02 5.068670546875002261e-04
1.240000000000000000e+02 5.232367109374998996e-04
1.250000000000000000e+02 5.398167265625001968e-04
1.260000000000000000e+02 5.565835156249998713e-04
1.270000000000000000e+02 5.735184374999999527e-04
1.280000000000000000e+02 5.905949218749996813e-04
1.290000000000000000e+02 6.077939843749997255e-04
1.300000000000000000e+02 6.250895312499998337e-04
1.310000000000000000e+02 6.424682031249996650e-04
1.320000000000000000e+02 6.598978906249999658e-04
1.330000000000000000e+02 6.773596093749998867e-04
1.340000000000000000e+02 6.948346875000002568e-04
1.350000000000000000e+02 7.122967968750001889e-04
1.360000000000000000e+02 7.297254687500000486e-04
1.370000000000000000e+02 7.471041406250000967e-04
1.380000000000000000e+02 7.644046874999995246e-04
1.390000000000000000e+02 7.816074218749996961e-04
1.400000000000000000e+02 7.986935156249997877e-04
1.410000000000000000e+02 8.156374218750002359e-04
1.420000000000000000e+02 8.324204687500002435e-04
1.430000000000000000e+02 8.490260937499999631e-04
1.440000000000000000e+02 8.654286718749998721e-04
1.450000000000000000e+02 8.816147656249999961e-04
1.460000000000000000e+02 8.975583593750001508e-04
1.470000000000000000e+02 9.132419531250002233e-04
1.480000000000000000e+02 9.286507031249997867e-04
1.490000000000000000e+02 9.437654687499999169e-04
1.500000000000000000e+02 9.585657031249999365e-04
1.510000000000000000e+02 9.730362500000002334e-04
1.520000000000000000e+02 9.871621093750001380e-04
1.530000000000000000e+02 1.000922656250000098e-03
1.540000000000000000e+02 1.014302812499999484e-03
1.550000000000000000e+02 1.027298671875000570e-03
1.560000000000000000e+02 1.039878203124999616e-03
1.570000000000000000e+02 1.052039843750000479e-03
1.580000000000000000e+02 1.063770312500000393e-03
1.590000000000000000e+02 1.075047578125000111e-03
1.600000000000000000e+02 1.085867734375000173e-03
1.610000000000000000e+02 1.096216875000000091e-03
1.620000000000000000e+02 1.106085078124999449e-03
1.630000000000000000e+02 1.115464296875000099e-03
1.640000000000000000e+02 1.124343750000000343e-03
1.650000000000000000e+02 1.132709843749999962e-03
1.660000000000000000e+02 1.140567578125000446e-03
1.670000000000000000e+02 1.147897109374999662e-03
1.680000000000000000e+02 1.154707187500000377e-03
1.690000000000000000e+02 1.160976875000000385e-03
1.700000000000000000e+02 1.166705859374999850e-03
1.710000000000000000e+02 1.171897656249999741e-03
1.720000000000000000e+02 1.176539921875000049e-03
1.730000000000000000e+02 1.180639765624999634e-03
1.740000000000000000e+02 1.184191640624998815e-03
1.750000000000000000e+02 1.187196640625000051e-03
1.760000000000000000e+02 1.189658898437499432e-03
1.770000000000000000e+02 1.191568648437499713e-03
1.780000000000000000e+02 1.192939820312500067e-03
1.790000000000000000e+02 1.193764445312499485e-03
1.800000000000000000e+02 1.194063281250001135e-03
1.810000000000000000e+02 1.193829117187500139e-03
1.820000000000000000e+02 1.193071921875000141e-03
1.830000000000000000e+02 1.191796953125000324e-03
1.840000000000000000e+02 1.190004929687500093e-03
1.850000000000000000e+02 1.187726898437499803e-03
1.860000000000000000e+02 1.184945203124999425e-03
1.870000000000000000e+02 1.181688312500000452e-03
1.880000000000000000e+02 1.177964695312499295e-03
1.890000000000000000e+02 1.173784507812500148e-03
1.900000000000000000e+02 1.169161656250000680e-03
1.910000000000000000e+02 1.164106867187500449e-03
1.920000000000000000e+02 1.158642585937500651e-03
1.930000000000000000e+02 1.152780187499999852e-03
1.940000000000000000e+02 1.146541312500000322e-03
1.950000000000000000e+02 1.139936687500000320e-03
1.960000000000000000e+02 1.132991687500000148e-03
1.970000000000000000e+02 1.125725257812500027e-03
1.980000000000000000e+02 1.118149887500000062e-03
1.990000000000000000e+02 1.110299521093749669e-03
2.000000000000000000e+02 1.102191514062500011e-03
2.010000000000000000e+02 1.093839967968750172e-03
2.020000000000000000e+02 1.085289114843749876e-03
2.030000000000000000e+02 1.076546713281250093e-03
2.040000000000000000e+02 1.067652642343749902e-03
2.050000000000000000e+02 1.058616028679687602e-03
2.060000000000000000e+02 1.049480161875000371e-03
2.070000000000000000e+02 1.040265678593750055e-03
2.080000000000000000e+02 1.031003124999999888e-03
2.090000000000000000e+02 1.021723594531249958e-03
2.100000000000000000e+02 1.012454828124999869e-03
2.110000000000000000e+02 1.003234629687500693e-03
2.120000000000000000e+02 9.940900289062499975e-04
2.130000000000000000e+02 9.850557109375001480e-04
2.140000000000000000e+02 9.761671804687496517e-04
2.150000000000000000e+02 9.674546429687497185e-04
2.160000000000000000e+02 9.589564975000000298e-04
2.170000000000000000e+02 9.507114392187498292e-04
2.180000000000000000e+02 9.427434729296872836e-04
2.190000000000000000e+02 9.351019806250002869e-04
2.200000000000000000e+02 9.278192570312498826e-04
2.210000000000000000e+02 9.209324578124999982e-04
2.220000000000000000e+02 9.144854117187501677e-04
2.230000000000000000e+02 9.085137039062500270e-04
2.240000000000000000e+02 9.030542109374998117e-04
2.250000000000000000e+02 8.981503984374999104e-04
2.260000000000000000e+02 8.938427343750002078e-04
2.270000000000000000e+02 8.901705156249998608e-04
2.280000000000000000e+02 8.871758203124999230e-04
2.290000000000000000e+02 8.848939765624999057e-04
2.300000000000000000e+02 8.833783828124999998e-04
2.310000000000000000e+02 8.826620937500000456e-04
2.320000000000000000e+02 8.827889140624998630e-04
2.330000000000000000e+02 8.837997421874999341e-04
2.340000000000000000e+02 8.857428437500003329e-04
2.350000000000000000e+02 8.886486843749999420e-04
2.360000000000000000e+02 8.925705053125003669e-04
2.370000000000000000e+02 8.975451248437503818e-04
2.380000000000000000e+02 9.036192101562498611e-04
2.390000000000000000e+02 9.108277031250001845e-04
2.400000000000000000e+02 9.192193671875001143e-04
2.410000000000000000e+02 9.288272578124999890e-04
2.420000000000000000e+02 9.397039531249999980e-04
2.430000000000000000e+02 9.518807109374999515e-04
2.440000000000000000e+02 9.653999921875000513e-04
2.450000000000000000e+02 9.803042109374998734e-04
2.460000000000000000e+02 9.966276562499998010e-04
2.470000000000000000e+02 1.014410414062499877e-03
2.480000000000000000e+02 1.033697648437500180e-03
2.490000000000000000e+02 1.054516546874999846e-03
2.500000000000000000e+02 1.076904679687500132e-03
2.510000000000000000e+02 1.100902749999999779e-03
2.520000000000000000e+02 1.126541791406250213e-03
2.530000000000000000e+02 1.153854320312500212e-03
2.540000000000000000e+02 1.182874042968750294e-03
2.550000000000000000e+02 1.213625514843749741e-03
2.560000000000000000e+02 1.246148783515625084e-03
2.570000000000000000e+02 1.280460986718749868e-03
2.580000000000000000e+02 1.316594560156250301e-03
2.590000000000000000e+02 1.354579438281250338e-03
2.600000000000000000e+02 1.394424898437499971e-03
2.610000000000000000e+02 1.436157882812500158e-03
2.620000000000000000e+02 1.479810656249999894e-03
2.630000000000000000e+02 1.525381023437500120e-03
2.640000000000000000e+02 1.572900624999999360e-03
2.650000000000000000e+02 1.622370249999999367e-03
2.660000000000000000e+02 1.673813453124999668e-03
2.670000000000000000e+02 1.727229070312499793e-03
2.680000000000000000e+02 1.782631562499999720e-03
2.690000000000000000e+02 1.840014296875000554e-03
2.700000000000000000e+02 1.899392109374999256e-03
2.710000000000000000e+02 1.960755937499999296e-03
2.720000000000000000e+02 2.024097109374998951e-03
2.730000000000000000e+02 2.089426562499998967e-03
2.740000000000000000e+02 2.156709921875000525e-03
2.750000000000000000e+02 2.225958671875001484e-03
2.760000000000000000e+02 2.297141718750000429e-03
2.770000000000000000e+02 2.370249062499999587e-03
2.780000000000000000e+02 2.445250546874999653e-03
2.790000000000000000e+02 2.522122812499999912e-03
2.800000000000000000e+02 2.600847031250000298e-03
2.810000000000000000e+02 2.681372578125000572e-03
2.820000000000000000e+02 2.763681171874999946e-03
2.830000000000000000e+02 2.847727265625001145e-03
2.840000000000000000e+02 2.933465078124999643e-03
2.850000000000000000e+02 3.020847187499999149e-03
2.860000000000000000e+02 3.109834140625001350e-03
2.870000000000000000e+02 3.200352499999999361e-03
2.880000000000000000e+02 3.292363046874998648e-03
2.890000000000000000e+02 3.385795078124999996e-03
2.900000000000000000e+02 3.480583593750000322e-03
2.910000000000000000e+02 3.576656249999999107e-03
2.920000000000000000e+02 3.673948437499999133e-03
2.930000000000000000e+02 3.772380468749998977e-03
2.940000000000000000e+02 3.871863281250000413e-03
2.950000000000000000e+02 3.972321874999999551e-03
2.960000000000000000e+02 4.073665624999998555e-03
2.970000000000000000e+02 4.175804687499998745e-03
2.980000000000000000e+02 4.278629687499999577e-03
2.990000000000000000e+02 4.382055468749999905e-03
3.000000000000000000e+02 4.485971875000000463e-03
3.010000000000000000e+02 4.590271093749998151e-03
3.020000000000000000e+02 4.694842656249999073e-03
3.030000000000000000e+02 4.799581484374999991e-03
3.040000000000000000e+02 4.904359999999999969e-03
3.050000000000000000e+02 5.009050703125000198e-03
3.060000000000000000e+02 5.113545546874998134e-03
3.070000000000000000e+02 5.217741171874998307e-03
3.080000000000000000e+02 5.321441796875001420e-03
3.090000000000000000e+02 5.424594218750000349e-03
3.100000000000000000e+02 5.526980312499998015e-03
3.110000000000000000e+02 5.628534218750000026e-03
3.120000000000000000e+02 5.729083515624997826e-03
3.130000000000000000e+02 5.828495390624997136e-03
3.140000000000000000e+02 5.926617578124997870e-03
3.150000000000000000e+02 6.023313359374997400e-03
3.160000000000000000e+02 6.118452500000003125e-03
3.170000000000000000e+02 6.211893750000001789e-03
3.180000000000000000e+02 6.303453281249996910e-03
3.190000000000000000e+02 6.392979296875000300e-03
3.200000000000000000e+02 6.480378828124994973e-03
3.210000000000000000e+02 6.565462421874997817e-03
3.220000000000000000e+02 6.648150703124998569e-03
3.230000000000000000e+02 6.728176484374998219e-03
3.240000000000000000e+02 6.805475234374996907e-03
3.250000000000000000e+02 6.879891249999998092e-03
3.260000000000000000e+02 6.951300312500003839e-03
3.270000000000000000e+02 7.019493046874995985e-03
3.280000000000000000e+02 7.084385703124998664e-03
3.290000000000000000e+02 7.145848203124999243e-03
3.300000000000000000e+02 7.203722578125001073e-03
3.310000000000000000e+02 7.257885703124998707e-03
3.320000000000000000e+02 7.308238359374996662e-03
3.330000000000000000e+02 7.354617109375002036e-03
3.340000000000000000e+02 7.396888515624999196e-03
3.350000000000000000e+02 7.435022500000000069e-03
3.360000000000000000e+02 7.468820078125000539e-03
3.370000000000000000e+02 7.498294062500000801e-03
3.380000000000000000e+02 7.523225781250001895e-03
3.390000000000000000e+02 7.543573593750001888e-03
3.400000000000000000e+02 7.559236250000005500e-03
3.410000000000000000e+02 7.570196953125001189e-03
3.420000000000000000e+02 7.576275468749998389e-03
3.430000000000000000e+02 7.577562734375003876e-03
3.440000000000000000e+02 7.573874687500000910e-03
3.450000000000000000e+02 7.565218749999995558e-03
3.460000000000000000e+02 7.551583046874998408e-03
3.470000000000000000e+02 7.532867578124999644e-03
3.480000000000000000e+02 7.509084140625002166e-03
3.490000000000000000e+02 7.480263359375001996e-03
3.500000000000000000e+02 7.446359296874999027e-03
3.510000000000000000e+02 7.407419296875003903e-03
3.520000000000000000e+02 7.363460859374997870e-03
3.530000000000000000e+02 7.314448203124997161e-03
3.540000000000000000e+02 7.260501171874997675e-03
3.550000000000000000e+02 7.201672343750000795e-03
3.560000000000000000e+02 7.137955468750000268e-03
3.570000000000000000e+02 7.069527890624997292e-03
3.580000000000000000e+02 6.996377265625003568e-03
3.590000000000000000e+02 6.918689843750002594e-03
3.600000000000000000e+02 6.836546171875001847e-03
3.610000000000000000e+02 6.750021640625001110e-03
3.620000000000000000e+02 6.659293671875001104e-03
3.630000000000000000e+02 6.564561250000002478e-03
3.640000000000000000e+02 6.465890078125000572e-03
3.650000000000000000e+02 6.363505156249998386e-03
3.660000000000000000e+02 6.257571562500002273e-03
3.670000000000000000e+02 6.148317812500003407e-03
3.680000000000000000e+02 6.035904843750000345e-03
3.690000000000000000e+02 5.920549453124999105e-03
3.700000000000000000e+02 5.802551328125002406e-03
3.710000000000000000e+02 5.682077656250000310e-03
3.720000000000000000e+02 5.559406562500000815e-03
3.730000000000000000e+02 5.434817968749999263e-03
3.740000000000000000e+02 5.308536484375001030e-03
3.750000000000000000e+02 5.180905859374998652e-03
3.760000000000000000e+02 5.052172187500003110e-03
3.770000000000000000e+02 4.922679999999996121e-03
3.780000000000000000e+02 4.792681015625000450e-03
3.790000000000000000e+02 4.662549531250000795e-03
3.800000000000000000e+02 4.532553750000000402e-03
3.810000000000000000e+02 4.403114609374998885e-03
3.820000000000000000e+02 4.274495624999999355e-03
3.830000000000000000e+02 4.147043515624997123e-03
3.840000000000000000e+02 4.021157578124997557e-03
3.850000000000000000e+02 3.897140468749999646e-03
3.860000000000000000e+02 3.775420468750000005e-03
3.870000000000000000e+02 3.656284843750000520e-03
3.880000000000000000e+02 3.540130078124998931e-03
3.890000000000000000e+02 3.427332890625000347e-03
3.900000000000000000e+02 3.318235000000000542e-03
3.910000000000000000e+02 3.213199546874999629e-03
3.920000000000000000e+02 3.112575546875000817e-03
3.930000000000000000e+02 3.016772654687500423e-03
3.940000000000000000e+02 2.926070587500001138e-03
3.950000000000000000e+02 2.840901273437498615e-03
3.960000000000000000e+02 2.761536554687499256e-03
3.970000000000000000e+02 2.688351021874999056e-03
3.980000000000000000e+02 2.621674431249999739e-03
3.990000000000000000e+02 2.561775288359374216e-03
4.000000000000000000e+02 2.509000284374999189e-03
4.010000000000000000e+02 2.463619096875000001e-03
4.020000000000000000e+02 2.425929615156251305e-03
4.030000000000000000e+02 2.396167620312500413e-03
4.040000000000000000e+02 2.374608578125001705e-03
4.050000000000000000e+02 2.361463476562500243e-03
4.060000000000000000e+02 2.356931023437499381e-03
4.070000000000000000e+02 2.361206015625000668e-03
4.080000000000000000e+02 2.374486718750000360e-03
4.090000000000000000e+02 2.396852656249999318e-03
4.100000000000000000e+02 2.428458125000000460e-03
4.110000000000000000e+02 2.469406328125001073e-03
4.120000000000000000e+02 2.519726171874999820e-03
4.130000000000000000e+02 2.579499609374999534e-03
4.140000000000000000e+02 2.648720546875001688e-03
4.150000000000000000e+02 2.727330000000000032e-03
4.160000000000000000e+02 2.815325781250000488e-03
4.170000000000000000e+02 2.912597265625000570e-03
4.180000000000000000e+02 3.019027187499999983e-03
4.190000000000000000e+02 3.134498515625000915e-03
4.200000000000000000e+02 3.258802234375001057e-03
4.210000000000000000e+02 3.391720124999999478e-03
4.220000000000000000e+02 3.533007218750001521e-03
4.230000000000000000e+02 3.682404687499998570e-03
4.240000000000000000e+02 3.839565969531251368e-03
4.250000000000000000e+02 4.004163402343750150e-03
4.260000000000000000e+02 4.175822812499999613e-03
4.270000000000000000e+02 4.354118757812501690e-03
4.280000000000000000e+02 4.538621796875002244e-03
4.290000000000000000e+02 4.728863124999999751e-03
4.300000000000000000e+02 4.924349953124999672e-03
4.310000000000000000e+02 5.124577210937500057e-03
4.320000000000000000e+02 5.328929531250001066e-03
4.330000000000000000e+02 5.536963203124996638e-03
4.340000000000000000e+02 5.747995156250001320e-03
4.350000000000000000e+02 5.961473515625001149e-03
4.360000000000000000e+02 6.176814531250000677e-03
4.370000000000000000e+02 6.393318671875001212e-03
4.380000000000000000e+02 6.610453437500002881e-03
4.390000000000000000e+02 6.827555234375001086e-03
4.400000000000000000e+02 7.044010468750002210e-03
4.410000000000000000e+02 7.259224765625002518e-03
4.420000000000000000e+02 7.472616562499998470e-03
4.430000000000000000e+02 7.683609765624994058e-03
4.440000000000000000e+02 7.891662578125001673e-03
4.450000000000000000e+02 8.096290937500003754e-03
4.460000000000000000e+02 8.296995937500002694e-03
4.470000000000000000e+02 8.493440234374998246e-03
4.480000000000000000e+02 8.685169843749999952e-03
4.490000000000000000e+02 8.871981640624998500e-03
4.500000000000000000e+02 9.053648125000000879e-03
4.510000000000000000e+02 9.229955546874998168e-03
4.520000000000000000e+02 9.400954374999999363e-03
4.530000000000000000e+02 9.566625312500002046e-03
4.540000000000000000e+02 9.727122187499995937e-03
4.550000000000000000e+02 9.882671484375001036e-03
4.560000000000000000e+02 1.003369671875000389e-02
4.570000000000000000e+02 1.018054312500000190e-02
4.580000000000000000e+02 1.032385828124999377e-02
4.590000000000000000e+02 1.046432390624999799e-02
4.600000000000000000e+02 1.060272976562500087e-02
4.610000000000000000e+02 1.073998976562500103e-02
4.620000000000000000e+02 1.087704234374999371e-02
4.630000000000000000e+02 1.101516281249999459e-02
4.640000000000000000e+02 1.115542101562500173e-02
4.650000000000000000e+02 1.129932453125000007e-02
4.660000000000000000e+02 1.144808320312499898e-02
4.670000000000000000e+02 1.160342812499999890e-02
4.680000000000000000e+02 1.176686703124999941e-02
4.690000000000000000e+02 1.194011867187500658e-02
4.700000000000000000e+02 1.212507343749999293e-02
4.710000000000000000e+02 1.232359976562499848e-02
4.720000000000000000e+02 1.253781757812499724e-02
4.730000000000000000e+02 1.276982543750000178e-02
4.740000000000000000e+02 1.302200367187499562e-02
4.750000000000000000e+02 1.329689210937499630e-02
4.760000000000000000e+02 1.359711797656250158e-02
4.770000000000000000e+02 1.392564359375000373e-02
4.780000000000000000e+02 1.428572847656249881e-02
4.790000000000000000e+02 1.468073402343750278e-02
4.800000000000000000e+02 1.511464279687499586e-02
4.810000000000000000e+02 1.559174894531251132e-02
4.820000000000000000e+02 1.611656049999999826e-02
4.830000000000000000e+02 1.669456553906250099e-02
4.840000000000000000e+02 1.733155696796874132e-02
4.850000000000000000e+02 1.803411467421874373e-02
4.860000000000000000e+02 1.880956324296874718e-02
4.870000000000000000e+02 1.966625207031250100e-02
4.880000000000000000e+02 2.061354502343750242e-02
4.890000000000000000e+02 2.166183194531250480e-02
4.900000000000000000e+02 2.282297950000001033e-02
4.910000000000000000e+02 2.411033390624998940e-02
4.920000000000000000e+02 2.553903757812498940e-02
4.930000000000000000e+02 2.712587171875001021e-02
4.940000000000000000e+02 2.889065372656248951e-02
4.950000000000000000e+02 3.085478266406250711e-02
4.960000000000000000e+02 3.304293076250002653e-02
4.970000000000000000e+02 3.548339286718751179e-02
4.980000000000000000e+02 3.820756984374995557e-02
4.990000000000000000e+02 4.125198859375001081e-02
5.000000000000000000e+02 4.465692578125000922e-02
5.010000000000000000e+02 4.846957343750002423e-02
5.020000000000000000e+02 5.274168906249999955e-02
5.030000000000000000e+02 5.753414765624999261e-02
5.040000000000000000e+02 6.291499218750001843e-02
5.050000000000000000e+02 6.896141406250004546e-02
5.060000000000000000e+02 7.576264062500000229e-02
5.070000000000000000e+02 8.341865625000004225e-02
5.080000000000000000e+02 9.204495312500000914e-02
5.090000000000000000e+02 1.017719999999999320e-01
5.100000000000000000e+02 1.127491328124999859e-01
5.110000000000000000e+02 1.251466015624999872e-01
