0.000000000000000000e+00 1.126110859374999593e-03
1.000000000000000000e+00 1.125530000000000237e-03
2.000000000000000000e+00 1.124368382812499303e-03
3.000000000000000000e+00 1.122628820312500299e-03
4.000000000000000000e+00 1.120315624999999871e-03
5.000000000000000000e+00 1.117422351562500542e-03
6.000000000000000000e+00 1.113961867187500312e-03
7.000000000000000000e+00 1.109934140624999847e-03
8.000000000000000000e+00 1.105349226562500143e-03
9.000000000000000000e+00 1.100208320312500137e-03
1.000000000000000000e+01 1.094518070312499583e-03
1.100000000000000000e+01 1.088284687500000198e-03
1.200000000000000000e+01 1.081528390624999798e-03
1.300000000000000000e+01 1.074240781250000417e-03
1.400000000000000000e+01 1.066441414062500002e-03
1.500000000000000000e+01 1.058138507812500084e-03
1.600000000000000000e+01 1.049342234375000293e-03
1.700000000000000000e+01 1.040057429687499821e-03
1.800000000000000000e+01 1.030308593750000083e-03
1.900000000000000000e+01 1.020097804687500201e-03
2.000000000000000000e+01 1.009441460937500435e-03
2.100000000000000000e+01 9.983601249999997200e-04
2.200000000000000000e+01 9.868523828125005341e-04
2.300000000000000000e+01 9.749487734374998136e-04
2.400000000000000000e+01 9.626547109375001299e-04
2.500000000000000000e+01 9.499909921875002942e-04
2.600000000000000000e+01 9.369728750000002986e-04
2.700000000000000000e+01 9.236119687499998870e-04
2.800000000000000000e+01 9.099325234374996312e-04
2.900000000000000000e+01 8.959498593750002491e-04
3.000000000000000000e+01 8.816806171875002460e-04
3.100000000000000000e+01 8.671429296874994018e-04
3.200000000000000000e+01 8.523544296875001447e-04
3.300000000000000000e+01 8.373360937500004325e-04
3.400000000000000000e+01 8.221024296875005435e-04
3.500000000000000000e+01 8.066816406250004864e-04
3.600000000000000000e+01 7.910853593749997761e-04
3.700000000000000000e+01 7.753328593750000858e-04
3.800000000000000000e+01 7.594527578125001219e-04
3.900000000000000000e+01 7.434575312500003646e-04
4.000000000000000000e+01 7.273663593750001512e-04
4.100000000000000000e+01 7.112062187499992687e-04
4.200000000000000000e+01 6.949933906250003145e-04
4.300000000000000000e+01 6.787495312500001297e-04
4.400000000000000000e+01 6.624941718749999264e-04
4.500000000000000000e+01 6.462436874999998677e-04
4.600000000000000000e+01 6.300280546875002214e-04
4.700000000000000000e+01 6.138595273437497416e-04
4.800000000000000000e+01 5.977636765625001045e-04
4.900000000000000000e+01 5.817534453124998317e-04
5.000000000000000000e+01 5.658558929687501409e-04
5.100000000000000000e+01 5.500863000000002969e-04
5.200000000000000000e+01 5.344698726562499775e-04
5.300000000000000000e+01 5.190212453125000666e-04
5.400000000000000000e+01 5.037612460937501181e-04
5.500000000000000000e+01 4.887046682812499609e-04
5.600000000000000000e+01 4.738745414843752385e-04
5.700000000000000000e+01 4.592905296093749120e-04
5.800000000000000000e+01 4.449668578125001587e-04
5.900000000000000000e+01 4.309242148515625491e-04
6.000000000000000000e+01 4.171754904687501302e-04
6.100000000000000000e+01 4.037414607031247337e-04
6.200000000000000000e+01 3.906371141406251137e-04
6.300000000000000000e+01 3.778769085937499052e-04
6.400000000000000000e+01 3.654778624999998715e-04
6.500000000000000000e+01 3.534550796874999490e-04
6.600000000000000000e+01 3.418223953124998921e-04
6.700000000000000000e+01 3.305939156250000386e-04
6.800000000000000000e+01 3.197833835937499421e-04
6.900000000000000000e+01 3.094023343750000902e-04
7.000000000000000000e+01 2.994642093750000218e-04
7.100000000000000000e+01 2.899806718749998753e-04
7.200000000000000000e+01 2.809620796875000317e-04
7.300000000000000000e+01 2.724192382812500187e-04
7.400000000000000000e+01 2.643614593749999656e-04
7.500000000000000000e+01 2.567989867187498148e-04
7.600000000000000000e+01 2.497396054687500222e-04
7.700000000000000000e+01 2.431909601562501149e-04
7.800000000000000000e+01 2.371614796875000364e-04
7.900000000000000000e+01 2.316565421875000350e-04
8.000000000000000000e+01 2.266818515624999925e-04
8.100000000000000000e+01 2.222439265624999091e-04
8.200000000000000000e+01 2.183455789062499746e-04
8.300000000000000000e+01 2.149916078124998909e-04
8.400000000000000000e+01 2.121850414062500536e-04
8.500000000000000000e+01 2.099285007031249711e-04
8.600000000000000000e+01 2.082225361718749782e-04
8.700000000000000000e+01 2.070690097656249058e-04
8.800000000000000000e+01 2.064680980468749970e-04
8.900000000000000000e+01 2.064200179687500694e-04
9.000000000000000000e+01 2.069226664062500157e-04
9.100000000000000000e+01 2.079743703124999955e-04
9.200000000000000000e+01 2.095732906250001202e-04
9.300000000000000000e+01 2.117149031250001854e-04
9.400000000000000000e+01 2.143976015624998602e-04
9.500000000000000000e+01 2.176145703125000324e-04
9.600000000000000000e+01 2.213622968750000733e-04
9.700000000000000000e+01 2.256333609375001429e-04
9.800000000000000000e+01 2.304230945312498791e-04
9.900000000000000000e+01 2.357231656250000356e-04
1.000000000000000000e+02 2.415261484375000485e-04
1.010000000000000000e+02 2.478233148437500723e-04
1.020000000000000000e+02 2.546062999218750905e-04
1.030000000000000000e+02 2.618649631249997823e-04
1.040000000000000000e+02 2.695905409374998703e-04
1.050000000000000000e+02 2.777706043749998536e-04
1.060000000000000000e+02 2.863945755468750611e-04
1.070000000000000000e+02 2.954514726562499282e-04
1.080000000000000000e+02 3.049288460937499040e-04
1.090000000000000000e+02 3.148134554687501683e-04
1.100000000000000000e+02 3.250915062499999371e-04
1.110000000000000000e+02 3.357509195312499738e-04
1.120000000000000000e+02 3.467767421875001801e-04
1.130000000000000000e+02 3.581543984374999665e-04
1.140000000000000000e+02 3.698696953125000597e-04
1.150000000000000000e+02 3.819069296874997264e-04
1.160000000000000000e+02 3.942509531249998385e-04
1.170000000000000000e+02 4.068850000000000049e-04
1.180000000000000000e+02 4.197931640625000870e-04
1.190000000000000000e+02 4.329594687499998748e-04
1.200000000000000000e+02 4.463674218749999717e-04
1.210000000000000000e+02 4.599997187499999993e-04
1.220000000000000000e+02 4.738385390625003387e-04
1.230000000000000000e+02 4.878662968750000005e-04
1.240000000000000000e+02 5.020680859374998918e-04
1.250000000000000000e+02 5.164223671875001285e-04
1.260000000000000000e+02 5.309144765625001348e-04
1.270000000000000000e+02 5.455267578125000969e-04
1.280000000000000000e+02 5.602363828125001043e-04
1.290000000000000000e+02 5.750322499999999289e-04
1.300000000000000000e+02 5.898926406249999435e-04
1.310000000000000000e+02 6.047985234375002992e-04
1.320000000000000000e+02 6.197375468750001247e-04
1.330000000000000000e+02 6.346875859374994646e-04
1.340000000000000000e+02 6.496260937500001036e-04
1.350000000000000000e+02 6.645432031249998628e-04
1.360000000000000000e+02 6.794201562499999417e-04
1.370000000000000000e+02 6.942410937500002313e-04
1.380000000000000000e+02 7.089801562500002482e-04
1.390000000000000000e+02 7.236287499999996368e-04
1.400000000000000000e+02 7.381722656249995818e-04
1.410000000000000000e+02 7.525828125000001267e-04
1.420000000000000000e+02 7.668615625000003294e-04
1.430000000000000000e+02 7.809743749999997287e-04
1.440000000000000000e+02 7.949157812500001188e-04
1.450000000000000000e+02 8.086671093750000521e-04
1.460000000000000000e+02 8.222217187500000966e-04
1.470000000000000000e+02 8.355551562500001129e-04
1.480000000000000000e+02 8.486570312499998239e-04
1.490000000000000000e+02 8.615158593750003955e-04
1.500000000000000000e+02 8.741176562500001896e-04
1.510000000000000000e+02 8.864465625000000730e-04
1.520000000000000000e+02 8.984947656249999293e-04
1.530000000000000000e+02 9.102505468750002890e-04
1.540000000000000000e+02 9.217017968749998281e-04
1.550000000000000000e+02 9.328357031250001947e-04
1.560000000000000000e+02 9.436460156250003417e-04
1.570000000000000000e+02 9.541249218749993941e-04
1.580000000000000000e+02 9.642571874999998410e-04
1.590000000000000000e+02 9.740432031250000674e-04
1.600000000000000000e+02 9.834678906249997698e-04
1.610000000000000000e+02 9.925287500000003725e-04
1.620000000000000000e+02 1.001216406250000522e-03
1.630000000000000000e+02 1.009530859375000218e-03
1.640000000000000000e+02 1.017467578124999243e-03
1.650000000000000000e+02 1.025012265624999919e-03
1.660000000000000000e+02 1.032172656249999475e-03
1.670000000000000000e+02 1.038945937499999609e-03
1.680000000000000000e+02 1.045322812500000444e-03
1.690000000000000000e+02 1.051303671875000040e-03
1.700000000000000000e+02 1.056890312500000269e-03
1.710000000000000000e+02 1.062087421874999748e-03
1.720000000000000000e+02 1.066893515625000561e-03
1.730000000000000000e+02 1.071303359375000257e-03
1.740000000000000000e+02 1.075328671875000692e-03
1.750000000000000000e+02 1.078966195312499677e-03
1.760000000000000000e+02 1.082228406249999969e-03
1.770000000000000000e+02 1.085114265625000164e-03
1.780000000000000000e+02 1.087626148437500747e-03
1.790000000000000000e+02 1.089774351562499549e-03
1.800000000000000000e+02 1.091572718750000344e-03
1.810000000000000000e+02 1.093017679687499806e-03
1.820000000000000000e+02 1.094127164062499774e-03
1.830000000000000000e+02 1.094905484374999929e-03
1.840000000000000000e+02 1.095358593750000173e-03
1.850000000000000000e+02 1.095509484374999898e-03
1.860000000000000000e+02 1.095360796875000532e-03
1.870000000000000000e+02 1.094926375000000209e-03
1.880000000000000000e+02 1.094227960937500278e-03
1.890000000000000000e+02 1.093265664062500466e-03
1.900000000000000000e+02 1.092060539062499665e-03
1.910000000000000000e+02 1.090626804687500366e-03
1.920000000000000000e+02 1.088983757812499566e-03
1.930000000000000000e+02 1.087141539062500169e-03
1.940000000000000000e+02 1.085127148437500322e-03
1.950000000000000000e+02 1.082948109374999969e-03
1.960000000000000000e+02 1.080629460937499809e-03
1.970000000000000000e+02 1.078192828125000167e-03
1.980000000000000000e+02 1.075648828125000227e-03
1.990000000000000000e+02 1.073025093749999321e-03
2.000000000000000000e+02 1.070337539062499697e-03
2.010000000000000000e+02 1.067612924218750477e-03
2.020000000000000000e+02 1.064865164843750104e-03
2.030000000000000000e+02 1.062129768749999837e-03
2.040000000000000000e+02 1.059419705468750287e-03
2.050000000000000000e+02 1.056763421874999838e-03
2.060000000000000000e+02 1.054174313281250070e-03
2.070000000000000000e+02 1.051692486718749627e-03
2.080000000000000000e+02 1.049331489843750116e-03
2.090000000000000000e+02 1.047123532812500564e-03
2.100000000000000000e+02 1.045088728671874799e-03
2.110000000000000000e+02 1.043254209289062396e-03
2.120000000000000000e+02 1.041648408593749816e-03
2.130000000000000000e+02 1.040296209374999992e-03
2.140000000000000000e+02 1.039226489843749846e-03
2.150000000000000000e+02 1.038462111718749682e-03
2.160000000000000000e+02 1.038030801562500301e-03
2.170000000000000000e+02 1.037963494531250188e-03
2.180000000000000000e+02 1.038287883593749968e-03
2.190000000000000000e+02 1.039028242968750154e-03
2.200000000000000000e+02 1.040212537500000015e-03
2.210000000000000000e+02 1.041872640624999773e-03
2.220000000000000000e+02 1.044033937499999924e-03
2.230000000000000000e+02 1.046722796875000161e-03
2.240000000000000000e+02 1.049965890624999674e-03
2.250000000000000000e+02 1.053800312500000405e-03
2.260000000000000000e+02 1.058243179687500066e-03
2.270000000000000000e+02 1.063329234375000104e-03
2.280000000000000000e+02 1.069078640625000095e-03
2.290000000000000000e+02 1.075530351562500138e-03
2.300000000000000000e+02 1.082701757812499967e-03
2.310000000000000000e+02 1.090621812500000174e-03
2.320000000000000000e+02 1.099320039062500181e-03
2.330000000000000000e+02 1.108821421875000064e-03
2.340000000000000000e+02 1.119149843749999828e-03
2.350000000000000000e+02 1.130337726562499756e-03
2.360000000000000000e+02 1.142403437499999938e-03
2.370000000000000000e+02 1.155377555468749522e-03
2.380000000000000000e+02 1.169280458593750186e-03
2.390000000000000000e+02 1.184137554687499962e-03
2.400000000000000000e+02 1.199971606671875043e-03
2.410000000000000000e+02 1.216803555312499568e-03
2.420000000000000000e+02 1.234659775781250367e-03
2.430000000000000000e+02 1.253562979687500344e-03
2.440000000000000000e+02 1.273527828124999556e-03
2.450000000000000000e+02 1.294580235156249978e-03
2.460000000000000000e+02 1.316739726562499982e-03
2.470000000000000000e+02 1.340016468749999834e-03
2.480000000000000000e+02 1.364436547656249464e-03
2.490000000000000000e+02 1.390019884374999598e-03
2.500000000000000000e+02 1.416773046093749771e-03
2.510000000000000000e+02 1.444717585156250154e-03
2.520000000000000000e+02 1.473869141171875452e-03
2.530000000000000000e+02 1.504230675390625001e-03
2.540000000000000000e+02 1.535825844531249831e-03
2.550000000000000000e+02 1.568659382812500258e-03
2.560000000000000000e+02 1.602739662499999898e-03
2.570000000000000000e+02 1.638081984375000348e-03
2.580000000000000000e+02 1.674687039062499553e-03
2.590000000000000000e+02 1.712564132812500334e-03
2.600000000000000000e+02 1.751721796875000152e-03
2.610000000000000000e+02 1.792153351562499920e-03
2.620000000000000000e+02 1.833867445312500509e-03
2.630000000000000000e+02 1.876867570312499862e-03
2.640000000000000000e+02 1.921139250000000829e-03
2.650000000000000000e+02 1.966700390624999840e-03
2.660000000000000000e+02 2.013535781249999480e-03
2.670000000000000000e+02 2.061635390624999824e-03
2.680000000000000000e+02 2.111004218749999977e-03
2.690000000000000000e+02 2.161623281249999955e-03
2.700000000000000000e+02 2.213482968750000914e-03
2.710000000000000000e+02 2.266577265624999948e-03
2.720000000000000000e+02 2.320891093750000658e-03
2.730000000000000000e+02 2.376399609375000072e-03
2.740000000000000000e+02 2.433089531250000413e-03
2.750000000000000000e+02 2.490952187499999304e-03
2.760000000000000000e+02 2.549957421874998308e-03
2.770000000000000000e+02 2.610075937500000703e-03
2.780000000000000000e+02 2.671291484374999862e-03
2.790000000000000000e+02 2.733573984375002076e-03
2.800000000000000000e+02 2.796891953125000933e-03
2.810000000000000000e+02 2.861221953125002264e-03
2.820000000000000000e+02 2.926527812500001255e-03
2.830000000000000000e+02 2.992764374999999991e-03
2.840000000000000000e+02 3.059906328125000519e-03
2.850000000000000000e+02 3.127902734375001027e-03
2.860000000000000000e+02 3.196721640625001422e-03
2.870000000000000000e+02 3.266319843750000590e-03
2.880000000000000000e+02 3.336646484374997980e-03
2.890000000000000000e+02 3.407648828124999231e-03
2.900000000000000000e+02 3.479282031249999324e-03
2.910000000000000000e+02 3.551499999999999536e-03
2.920000000000000000e+02 3.624240624999997863e-03
2.930000000000000000e+02 3.697448437500000518e-03
2.940000000000000000e+02 3.771063281249999698e-03
2.950000000000000000e+02 3.845032812499999970e-03
2.960000000000000000e+02 3.919285156249998833e-03
2.970000000000000000e+02 3.993755468750000495e-03
2.980000000000000000e+02 4.068380468750001401e-03
2.990000000000000000e+02 4.143095312500000120e-03
3.000000000000000000e+02 4.217814843750001576e-03
3.010000000000000000e+02 4.292475781250000046e-03
3.020000000000000000e+02 4.367013281249999303e-03
3.030000000000000000e+02 4.441332812500000532e-03
3.040000000000000000e+02 4.515368749999998377e-03
3.050000000000000000e+02 4.589039062500001320e-03
3.060000000000000000e+02 4.662250781249999317e-03
3.070000000000000000e+02 4.734935156250002532e-03
3.080000000000000000e+02 4.807004687500000643e-03
3.090000000000000000e+02 4.878370312500001499e-03
3.100000000000000000e+02 4.948943750000000391e-03
3.110000000000000000e+02 5.018636718750002154e-03
3.120000000000000000e+02 5.087373437499996369e-03
3.130000000000000000e+02 5.155047656249996460e-03
3.140000000000000000e+02 5.221579687499999269e-03
3.150000000000000000e+02 5.286867187499998816e-03
3.160000000000000000e+02 5.350823437500000848e-03
3.170000000000000000e+02 5.413353906250003081e-03
3.180000000000000000e+02 5.474369531249994279e-03
3.190000000000000000e+02 5.533766406250003982e-03
3.200000000000000000e+02 5.591471874999998440e-03
3.210000000000000000e+02 5.647374218750001763e-03
3.220000000000000000e+02 5.701379687500000848e-03
3.230000000000000000e+02 5.753421874999998555e-03
3.240000000000000000e+02 5.803367968750003207e-03
3.250000000000000000e+02 5.851147656249999773e-03
3.260000000000000000e+02 5.896707812500000603e-03
3.270000000000000000e+02 5.939914062500000966e-03
3.280000000000000000e+02 5.980678906249996610e-03
3.290000000000000000e+02 6.018938281249999571e-03
3.300000000000000000e+02 6.054610937500001441e-03
3.310000000000000000e+02 6.087567968750001550e-03
3.320000000000000000e+02 6.117812499999999119e-03
3.330000000000000000e+02 6.145203125000002660e-03
3.340000000000000000e+02 6.169710937500002233e-03
3.350000000000000000e+02 6.191233593750004004e-03
3.360000000000000000e+02 6.209696093749999743e-03
3.370000000000000000e+02 6.225086718749999956e-03
3.380000000000000000e+02 6.237300781250000765e-03
3.390000000000000000e+02 6.246293750000001324e-03
3.400000000000000000e+02 6.252010937499997457e-03
3.410000000000000000e+02 6.254442968749998437e-03
3.420000000000000000e+02 6.253475000000000526e-03
3.430000000000000000e+02 6.249133593749996683e-03
3.440000000000000000e+02 6.241357812499998166e-03
3.450000000000000000e+02 6.230153125000000361e-03
3.460000000000000000e+02 6.215426562500004498e-03
3.470000000000000000e+02 6.197267187499997526e-03
3.480000000000000000e+02 6.175582812499998478e-03
3.490000000000000000e+02 6.150440625000001479e-03
3.500000000000000000e+02 6.121778906250004322e-03
3.510000000000000000e+02 6.089645312499999269e-03
3.520000000000000000e+02 6.054067187500000551e-03
3.530000000000000000e+02 6.015066406250000122e-03
3.540000000000000000e+02 5.972615625000001968e-03
3.550000000000000000e+02 5.926853125000004427e-03
3.560000000000000000e+02 5.877805468749996987e-03
3.570000000000000000e+02 5.825470781250001451e-03
3.580000000000000000e+02 5.769984218750003058e-03
3.590000000000000000e+02 5.711386796874994530e-03
3.600000000000000000e+02 5.649782578125001758e-03
3.610000000000000000e+02 5.585237968750000198e-03
3.620000000000000000e+02 5.517867187500000853e-03
3.630000000000000000e+02 5.447812031249997175e-03
3.640000000000000000e+02 5.375123437500000517e-03
3.650000000000000000e+02 5.300025390625002705e-03
3.660000000000000000e+02 5.222547343749999078e-03
3.670000000000000000e+02 5.142857500000005619e-03
3.680000000000000000e+02 5.061193046874996361e-03
3.690000000000000000e+02 4.977631249999997856e-03
3.700000000000000000e+02 4.892428203124995871e-03
3.710000000000000000e+02 4.805666484375002018e-03
3.720000000000000000e+02 4.717632578125000378e-03
3.730000000000000000e+02 4.628415546875000453e-03
3.740000000000000000e+02 4.538324296875001843e-03
3.750000000000000000e+02 4.447554140625002359e-03
3.760000000000000000e+02 4.356255937500000223e-03
3.770000000000000000e+02 4.264760703124999448e-03
3.780000000000000000e+02 4.173270859374998004e-03
3.790000000000000000e+02 4.082010156249999550e-03
3.800000000000000000e+02 3.991220625000000723e-03
3.810000000000000000e+02 3.901213593750000718e-03
3.820000000000000000e+02 3.812240625000000698e-03
3.830000000000000000e+02 3.724532343750000703e-03
3.840000000000000000e+02 3.638402109375000158e-03
3.850000000000000000e+02 3.554133984374999167e-03
3.860000000000000000e+02 3.471986484375000435e-03
3.870000000000000000e+02 3.392239843749998273e-03
3.880000000000000000e+02 3.315226640625000207e-03
3.890000000000000000e+02 3.241206093750001200e-03
3.900000000000000000e+02 3.170429687499999854e-03
3.910000000000000000e+02 3.103297750000000993e-03
3.920000000000000000e+02 3.040007429687498642e-03
3.930000000000000000e+02 2.980907046875001798e-03
3.940000000000000000e+02 2.926272581249999682e-03
3.950000000000000000e+02 2.876360008593749525e-03
3.960000000000000000e+02 2.831456886718751800e-03
3.970000000000000000e+02 2.791892363281251246e-03
3.980000000000000000e+02 2.757879163281249171e-03
3.990000000000000000e+02 2.729699312500000197e-03
4.000000000000000000e+02 2.707613281250000926e-03
4.010000000000000000e+02 2.691898953906250291e-03
4.020000000000000000e+02 2.682722460312498853e-03
4.030000000000000000e+02 2.680348267968751721e-03
4.040000000000000000e+02 2.685002101562499431e-03
4.050000000000000000e+02 2.696854632812501016e-03
4.060000000000000000e+02 2.716130531250001649e-03
4.070000000000000000e+02 2.742947421874997963e-03
4.080000000000000000e+02 2.777493515624997796e-03
4.090000000000000000e+02 2.819892031250001777e-03
4.100000000000000000e+02 2.870246343750000161e-03
4.110000000000000000e+02 2.928670382812498686e-03
4.120000000000000000e+02 2.995184375000000364e-03
4.130000000000000000e+02 3.069915437500000521e-03
4.140000000000000000e+02 3.152826305468751488e-03
4.150000000000000000e+02 3.243982840625001755e-03
4.160000000000000000e+02 3.343267093749999978e-03
4.170000000000000000e+02 3.450720679687501163e-03
4.180000000000000000e+02 3.566234101562499887e-03
4.190000000000000000e+02 3.689671781249998991e-03
4.200000000000000000e+02 3.820926093749999180e-03
4.210000000000000000e+02 3.959855781250002163e-03
4.220000000000000000e+02 4.106273906250002687e-03
4.230000000000000000e+02 4.259922421874999532e-03
4.240000000000000000e+02 4.420593124999996903e-03
4.250000000000000000e+02 4.587987109374997742e-03
4.260000000000000000e+02 4.761808671875002001e-03
4.270000000000000000e+02 4.941737968750001091e-03
4.280000000000000000e+02 5.127414375000002682e-03
4.290000000000000000e+02 5.318447812500000024e-03
4.300000000000000000e+02 5.514438906250000369e-03
4.310000000000000000e+02 5.714932578124999087e-03
4.320000000000000000e+02 5.919503906250000828e-03
4.330000000000000000e+02 6.127674218749999506e-03
4.340000000000000000e+02 6.338920312500000327e-03
4.350000000000000000e+02 6.552779140625001122e-03
4.360000000000000000e+02 6.768687187499999695e-03
4.370000000000000000e+02 6.986129062500003213e-03
4.380000000000000000e+02 7.204584218749999006e-03
4.390000000000000000e+02 7.423433203124996972e-03
4.400000000000000000e+02 7.642236718749998055e-03
4.410000000000000000e+02 7.860405078125002123e-03
4.420000000000000000e+02 8.077411562499997588e-03
4.430000000000000000e+02 8.292715234375002895e-03
4.440000000000000000e+02 8.505873124999998799e-03
4.450000000000000000e+02 8.716353359375001580e-03
4.460000000000000000e+02 8.923747265625000397e-03
4.470000000000000000e+02 9.127611640625001715e-03
4.480000000000000000e+02 9.327624140624999130e-03
4.490000000000000000e+02 9.523466406250000182e-03
4.500000000000000000e+02 9.714795859375003478e-03
4.510000000000000000e+02 9.901490234375006153e-03
4.520000000000000000e+02 1.008348562499999934e-02
4.530000000000000000e+02 1.026064804687500109e-02
4.540000000000000000e+02 1.043301351562499202e-02
4.550000000000000000e+02 1.060076390624999955e-02
4.560000000000000000e+02 1.076399210937499865e-02
4.570000000000000000e+02 1.092325210937500346e-02
4.580000000000000000e+02 1.107883281249999637e-02
4.590000000000000000e+02 1.123140773437500579e-02
4.600000000000000000e+02 1.138167617187499717e-02
4.610000000000000000e+02 1.153044007812499723e-02
4.620000000000000000e+02 1.167862710937499736e-02
4.630000000000000000e+02 1.182753578124999538e-02
4.640000000000000000e+02 1.197833289062500556e-02
4.650000000000000000e+02 1.213246953124999701e-02
4.660000000000000000e+02 1.229160601562500656e-02
4.670000000000000000e+02 1.245745476562500585e-02
4.680000000000000000e+02 1.263207882812500231e-02
4.690000000000000000e+02 1.281764960937499878e-02
4.700000000000000000e+02 1.301645648437499588e-02
4.710000000000000000e+02 1.323114539062500254e-02
4.720000000000000000e+02 1.346466022656249602e-02
4.730000000000000000e+02 1.371993170312501079e-02
4.740000000000000000e+02 1.400039024999999958e-02
4.750000000000000000e+02 1.430974041406250265e-02
4.760000000000000000e+02 1.465197330468749441e-02
4.770000000000000000e+02 1.503148820390625209e-02
4.780000000000000000e+02 1.545310139843749167e-02
4.790000000000000000e+02 1.592211103906249897e-02
4.800000000000000000e+02 1.644424834453124540e-02
4.810000000000000000e+02 1.702593532812499838e-02
4.820000000000000000e+02 1.767424301562500397e-02
4.830000000000000000e+02 1.839694258593749590e-02
4.840000000000000000e+02 1.920251804687501257e-02
4.850000000000000000e+02 2.010058789062498311e-02
4.860000000000000000e+02 2.110156648437500060e-02
4.870000000000000000e+02 2.221721695312500397e-02
4.880000000000000000e+02 2.346038898437499687e-02
4.890000000000000000e+02 2.484549718749999928e-02
4.900000000000000000e+02 2.638834617187501425e-02
4.910000000000000000e+02 2.810702585937500594e-02
4.920000000000000000e+02 3.002079101562499241e-02
4.930000000000000000e+02 3.215171320312500136e-02
4.940000000000000000e+02 3.452412945312499648e-02
4.950000000000000000e+02 3.716469148437497039e-02
4.960000000000000000e+02 4.010400624999997665e-02
4.970000000000000000e+02 4.337549460937499546e-02
4.980000000000000000e+02 4.701611718750000474e-02
4.990000000000000000e+02 5.106724062500002381e-02
5.000000000000000000e+02 5.557547421875001087e-02
5.010000000000000000e+02 6.059204609375000439e-02
5.020000000000000000e+02 6.617424921874998089e-02
5.030000000000000000e+02 7.238651562499995307e-02
5.040000000000000000e+02 7.929890625000000914e-02
5.050000000000000000e+02 8.699250781249999454e-02
5.060000000000000000e+02 9.555628906250003551e-02
5.070000000000000000e+02 1.050886640624999896e-01
5.080000000000000000e+02 1.157012812499999960e-01
5.090000000000000000e+02 1.275188984374999723e-01
5.100000000000000000e+02 1.406806953124999648e-01
5.110000000000000000e+02 1.553431718750000468e-01
