0.000000000000000000e+00 1.192638984375000120e-03
1.000000000000000000e+00 1.191825156249999573e-03
2.000000000000000000e+00 1.190204453125000457e-03
3.000000000000000000e+00 1.187766874999999578e-03
4.000000000000000000e+00 1.184535859375000430e-03
5.000000000000000000e+00 1.180505859375000511e-03
6.000000000000000000e+00 1.175681171874999728e-03
7.000000000000000000e+00 1.170061484374999112e-03
8.000000000000000000e+00 1.163675546875001096e-03
9.000000000000000000e+00 1.156521562499999902e-03
1.000000000000000000e+01 1.148612109374999753e-03
1.100000000000000000e+01 1.139964062500000005e-03
1.200000000000000000e+01 1.130585390625000585e-03
1.300000000000000000e+01 1.120486250000000484e-03
1.400000000000000000e+01 1.109695234374999395e-03
1.500000000000000000e+01 1.098225781250000655e-03
1.600000000000000000e+01 1.086090156249999760e-03
1.700000000000000000e+01 1.073309843750000145e-03
1.800000000000000000e+01 1.059905312500000144e-03
1.900000000000000000e+01 1.045903046875000129e-03
2.000000000000000000e+01 1.031314578125000535e-03
2.100000000000000000e+01 1.016173195312500104e-03
2.200000000000000000e+01 1.000495843750000540e-03
2.300000000000000000e+01 9.843091328124999820e-04
2.400000000000000000e+01 9.676364531250001037e-04
2.500000000000000000e+01 9.505131796874998493e-04
2.600000000000000000e+01 9.329573359375004657e-04
2.700000000000000000e+01 9.149975312500001215e-04
2.800000000000000000e+01 8.966578515625001251e-04
2.900000000000000000e+01 8.779748828124996508e-04
3.000000000000000000e+01 8.589744531250001740e-04
3.100000000000000000e+01 8.396886093750001142e-04
3.200000000000000000e+01 8.201372656249997228e-04
3.300000000000000000e+01 8.003651640625002780e-04
3.400000000000000000e+01 7.803992109374999772e-04
3.500000000000000000e+01 7.602638203125002816e-04
3.600000000000000000e+01 7.399960078124997054e-04
3.700000000000000000e+01 7.196219140624997767e-04
3.800000000000000000e+01 6.991760312499999044e-04
3.900000000000000000e+01 6.786993749999998583e-04
4.000000000000000000e+01 6.582070156250000546e-04
4.100000000000000000e+01 6.377436640625001613e-04
4.200000000000000000e+01 6.173306953124999864e-04
4.300000000000000000e+01 5.970085781249999130e-04
4.400000000000000000e+01 5.768029062499996969e-04
4.500000000000000000e+01 5.567472578125000956e-04
4.600000000000000000e+01 5.368706562500001438e-04
4.700000000000000000e+01 5.172070312500000886e-04
4.800000000000000000e+01 4.977868046874999635e-04
4.900000000000000000e+01 4.786350773437502066e-04
5.000000000000000000e+01 4.597846296874998702e-04
5.100000000000000000e+01 4.412636374999998447e-04
5.200000000000000000e+01 4.231013421875000151e-04
5.300000000000000000e+01 4.053239039062499476e-04
5.400000000000000000e+01 3.879606515625000449e-04
5.500000000000000000e+01 3.710371386718749323e-04
5.600000000000000000e+01 3.545790129687500375e-04
5.700000000000000000e+01 3.386132092812501313e-04
5.800000000000000000e+01 3.231629304687500567e-04
5.900000000000000000e+01 3.082519371093749624e-04
6.000000000000000000e+01 2.939040254687499899e-04
6.100000000000000000e+01 2.801405765625001199e-04
6.200000000000000000e+01 2.669833984375001037e-04
6.300000000000000000e+01 2.544526906250000687e-04
6.400000000000000000e+01 2.425686039062499848e-04
6.500000000000000000e+01 2.313485039062500141e-04
6.600000000000000000e+01 2.208114992187501437e-04
6.700000000000000000e+01 2.109724046875000351e-04
6.800000000000000000e+01 2.018493265624999265e-04
6.900000000000000000e+01 1.934551796875000785e-04
7.000000000000000000e+01 1.858035234375000325e-04
7.100000000000000000e+01 1.789070234375000012e-04
7.200000000000000000e+01 1.727788671875000093e-04
7.300000000000000000e+01 1.674274609374999689e-04
7.400000000000000000e+01 1.628636148437500122e-04
7.500000000000000000e+01 1.590948687499999761e-04
7.600000000000000000e+01 1.561280499999999425e-04
7.700000000000000000e+01 1.539706406250000064e-04
7.800000000000000000e+01 1.526264187499999788e-04
7.900000000000000000e+01 1.521003882812500178e-04
8.000000000000000000e+01 1.523942687499999882e-04
8.100000000000000000e+01 1.535114171093750082e-04
8.200000000000000000e+01 1.554508445312500109e-04
8.300000000000000000e+01 1.582131921093749959e-04
8.400000000000000000e+01 1.617965243750001483e-04
8.500000000000000000e+01 1.661984242187499957e-04
8.600000000000000000e+01 1.714154250000001021e-04
8.700000000000000000e+01 1.774427289062500415e-04
8.800000000000000000e+01 1.842747171875000120e-04
8.900000000000000000e+01 1.919040265624999864e-04
9.000000000000000000e+01 2.003235000000001429e-04
9.100000000000000000e+01 2.095251562500000640e-04
9.200000000000000000e+01 2.194973007812500341e-04
9.300000000000000000e+01 2.302308085937500044e-04
9.400000000000000000e+01 2.417134940625000397e-04
9.500000000000000000e+01 2.539323846874999612e-04
9.600000000000000000e+01 2.668745716406248163e-04
9.700000000000000000e+01 2.805261749999999146e-04
9.800000000000000000e+01 2.948700015624997777e-04
9.900000000000000000e+01 3.098918234375001705e-04
1.000000000000000000e+02 3.255740296875000409e-04
1.010000000000000000e+02 3.418986796874997898e-04
1.020000000000000000e+02 3.588473828124999357e-04
1.030000000000000000e+02 3.764004140625002034e-04
1.040000000000000000e+02 3.945394999999999653e-04
1.050000000000000000e+02 4.132412265625003242e-04
1.060000000000000000e+02 4.324870859374996377e-04
1.070000000000000000e+02 4.522520468750000221e-04
1.080000000000000000e+02 4.725173437500000250e-04
1.090000000000000000e+02 4.932548515625002471e-04
1.100000000000000000e+02 5.144461093749999429e-04
1.110000000000000000e+02 5.360608515624996472e-04
1.120000000000000000e+02 5.580819062499993996e-04
1.130000000000000000e+02 5.804774453125002322e-04
1.140000000000000000e+02 6.032227968749999522e-04
1.150000000000000000e+02 6.262961718749995117e-04
1.160000000000000000e+02 6.496638281250004081e-04
1.170000000000000000e+02 6.733062499999999031e-04
1.180000000000000000e+02 6.971926562500002124e-04
1.190000000000000000e+02 7.212932812500001982e-04
1.200000000000000000e+02 7.455848437499999716e-04
1.210000000000000000e+02 7.700385937500000286e-04
1.220000000000000000e+02 7.946204687499999753e-04
1.230000000000000000e+02 8.193107031250001322e-04
1.240000000000000000e+02 8.440768750000001092e-04
1.250000000000000000e+02 8.688903125000002527e-04
1.260000000000000000e+02 8.937224218750001092e-04
1.270000000000000000e+02 9.185434374999997334e-04
1.280000000000000000e+02 9.433253906249999690e-04
1.290000000000000000e+02 9.680409374999994878e-04
1.300000000000000000e+02 9.926623437500000941e-04
1.310000000000000000e+02 1.017154296874999992e-03
1.320000000000000000e+02 1.041497656250000474e-03
1.330000000000000000e+02 1.065654375000000317e-03
1.340000000000000000e+02 1.089603359374999129e-03
1.350000000000000000e+02 1.113318593749999764e-03
1.360000000000000000e+02 1.136762890625000761e-03
1.370000000000000000e+02 1.159918281250001603e-03
1.380000000000000000e+02 1.182750546875001004e-03
1.390000000000000000e+02 1.205232500000000045e-03
1.400000000000000000e+02 1.227348437499999837e-03
1.410000000000000000e+02 1.249059765625000311e-03
1.420000000000000000e+02 1.270347500000000400e-03
1.430000000000000000e+02 1.291181796874999984e-03
1.440000000000000000e+02 1.311535468749999711e-03
1.450000000000000000e+02 1.331395937499999698e-03
1.460000000000000000e+02 1.350729140624999441e-03
1.470000000000000000e+02 1.369515312500000455e-03
1.480000000000000000e+02 1.387727734374999671e-03
1.490000000000000000e+02 1.405348906250000448e-03
1.500000000000000000e+02 1.422359140624998401e-03
1.510000000000000000e+02 1.438727656249999976e-03
1.520000000000000000e+02 1.454444765624998779e-03
1.530000000000000000e+02 1.469487421875000435e-03
1.540000000000000000e+02 1.483833281249999358e-03
1.550000000000000000e+02 1.497468984375000412e-03
1.560000000000000000e+02 1.510375312499999401e-03
1.570000000000000000e+02 1.522536015625000324e-03
1.580000000000000000e+02 1.533931874999999636e-03
1.590000000000000000e+02 1.544551328125000388e-03
1.600000000000000000e+02 1.554383203125000437e-03
1.610000000000000000e+02 1.563408671875000369e-03
1.620000000000000000e+02 1.571620859375000550e-03
1.630000000000000000e+02 1.579009843750000348e-03
1.640000000000000000e+02 1.585558593750000488e-03
1.650000000000000000e+02 1.591260859375000572e-03
1.660000000000000000e+02 1.596111562500000455e-03
1.670000000000000000e+02 1.600105312499999505e-03
1.680000000000000000e+02 1.603228984374999427e-03
1.690000000000000000e+02 1.605477656250000641e-03
1.700000000000000000e+02 1.606851796874999433e-03
1.710000000000000000e+02 1.607352265625000120e-03
1.720000000000000000e+02 1.606967343750001281e-03
1.730000000000000000e+02 1.605708828125000827e-03
1.740000000000000000e+02 1.603566999999999753e-03
1.750000000000000000e+02 1.600552976562500231e-03
1.760000000000000000e+02 1.596658406250000802e-03
1.770000000000000000e+02 1.591899445312500551e-03
1.780000000000000000e+02 1.586275484374999583e-03
1.790000000000000000e+02 1.579796203125000825e-03
1.800000000000000000e+02 1.572474593749999174e-03
1.810000000000000000e+02 1.564307523437499532e-03
1.820000000000000000e+02 1.555315265625000767e-03
1.830000000000000000e+02 1.545510648437500249e-03
1.840000000000000000e+02 1.534909000000000750e-03
1.850000000000000000e+02 1.523515937499999966e-03
1.860000000000000000e+02 1.511355296875000094e-03
1.870000000000000000e+02 1.498439851562501351e-03
1.880000000000000000e+02 1.484800593750000000e-03
1.890000000000000000e+02 1.470443726562500148e-03
1.900000000000000000e+02 1.455399640625000112e-03
1.910000000000000000e+02 1.439691710937499080e-03
1.920000000000000000e+02 1.423342882812499285e-03
1.930000000000000000e+02 1.406380968749998883e-03
1.940000000000000000e+02 1.388834351562500281e-03
1.950000000000000000e+02 1.370723743750000079e-03
1.960000000000000000e+02 1.352091591406249854e-03
1.970000000000000000e+02 1.332967432812500255e-03
1.980000000000000000e+02 1.313380618749999213e-03
1.990000000000000000e+02 1.293368335937499424e-03
2.000000000000000000e+02 1.272970349218750059e-03
2.010000000000000000e+02 1.252215158593749994e-03
2.020000000000000000e+02 1.231149999999999866e-03
2.030000000000000000e+02 1.209814654843749783e-03
2.040000000000000000e+02 1.188254295156250485e-03
2.050000000000000000e+02 1.166505304117187568e-03
2.060000000000000000e+02 1.144618501875000350e-03
2.070000000000000000e+02 1.122636657812500207e-03
2.080000000000000000e+02 1.100609079687499877e-03
2.090000000000000000e+02 1.078588603906249777e-03
2.100000000000000000e+02 1.056615165624999941e-03
2.110000000000000000e+02 1.034752843750000317e-03
2.120000000000000000e+02 1.013045233593749773e-03
2.130000000000000000e+02 9.915496984375000988e-04
2.140000000000000000e+02 9.703215046875001337e-04
2.150000000000000000e+02 9.494198570312500701e-04
2.160000000000000000e+02 9.289012437500002075e-04
2.170000000000000000e+02 9.088177960937499729e-04
2.180000000000000000e+02 8.892391757812499091e-04
2.190000000000000000e+02 8.702191882812497330e-04
2.200000000000000000e+02 8.518273406249996568e-04
2.210000000000000000e+02 8.341166562499998521e-04
2.220000000000000000e+02 8.171599843750000517e-04
2.230000000000000000e+02 8.010153203124999134e-04
2.240000000000000000e+02 7.857490781250000417e-04
2.250000000000000000e+02 7.714327656250000945e-04
2.260000000000000000e+02 7.581284609375003565e-04
2.270000000000000000e+02 7.459013203125000342e-04
2.280000000000000000e+02 7.348254062499999344e-04
2.290000000000000000e+02 7.249665234375002234e-04
2.300000000000000000e+02 7.163864453125001535e-04
2.310000000000000000e+02 7.091640078124999708e-04
2.320000000000000000e+02 7.033656093749999626e-04
2.330000000000000000e+02 6.990579296874999430e-04
2.340000000000000000e+02 6.963115273437500696e-04
2.350000000000000000e+02 6.951964793749999035e-04
2.360000000000000000e+02 6.957839983593750452e-04
2.370000000000000000e+02 6.981356954687497653e-04
2.380000000000000000e+02 7.023285830859374995e-04
2.390000000000000000e+02 7.084257632812497769e-04
2.400000000000000000e+02 7.164960117187502706e-04
2.410000000000000000e+02 7.266050687500002266e-04
2.420000000000000000e+02 7.388193921875000746e-04
2.430000000000000000e+02 7.532063203125000193e-04
2.440000000000000000e+02 7.698272890625000109e-04
2.450000000000000000e+02 7.887499843750000713e-04
2.460000000000000000e+02 8.100252109374999135e-04
2.470000000000000000e+02 8.337209531249999660e-04
2.480000000000000000e+02 8.598941874999999459e-04
2.490000000000000000e+02 8.886043828124997766e-04
2.500000000000000000e+02 9.199035507812499454e-04
2.510000000000000000e+02 9.538439078124998777e-04
2.520000000000000000e+02 9.904730320312500093e-04
2.530000000000000000e+02 1.029846995312500013e-03
2.540000000000000000e+02 1.072000842187500330e-03
2.550000000000000000e+02 1.116993705156250384e-03
2.560000000000000000e+02 1.164853236796874842e-03
2.570000000000000000e+02 1.215622915624999835e-03
2.580000000000000000e+02 1.269335021093750569e-03
2.590000000000000000e+02 1.326013954687499646e-03
2.600000000000000000e+02 1.385699023437499122e-03
2.610000000000000000e+02 1.448408945312499923e-03
2.620000000000000000e+02 1.514167914062500026e-03
2.630000000000000000e+02 1.582990789062499633e-03
2.640000000000000000e+02 1.654887914062500021e-03
2.650000000000000000e+02 1.729862414062499762e-03
2.660000000000000000e+02 1.807931343749999854e-03
2.670000000000000000e+02 1.889092421875000196e-03
2.680000000000000000e+02 1.973331796875000491e-03
2.690000000000000000e+02 2.060647109375000462e-03
2.700000000000000000e+02 2.151024374999999447e-03
2.710000000000000000e+02 2.244440937499999397e-03
2.720000000000000000e+02 2.340868437500000059e-03
2.730000000000000000e+02 2.440293906249999586e-03
2.740000000000000000e+02 2.542669375000000242e-03
2.750000000000000000e+02 2.647948828124998058e-03
2.760000000000000000e+02 2.756099609375001550e-03
2.770000000000000000e+02 2.867057499999999849e-03
2.780000000000000000e+02 2.980782421874999741e-03
2.790000000000000000e+02 3.097189765625000223e-03
2.800000000000000000e+02 3.216228906250001920e-03
2.810000000000000000e+02 3.337816249999999828e-03
2.820000000000000000e+02 3.461877109375001167e-03
2.830000000000000000e+02 3.588314921874999515e-03
2.840000000000000000e+02 3.717049296875000325e-03
2.850000000000000000e+02 3.847970078125000429e-03
2.860000000000000000e+02 3.980976484374999097e-03
2.870000000000000000e+02 4.115970078124997836e-03
2.880000000000000000e+02 4.252820000000000038e-03
2.890000000000000000e+02 4.391400468750002520e-03
2.900000000000000000e+02 4.531597187499999090e-03
2.910000000000000000e+02 4.673290312500000786e-03
2.920000000000000000e+02 4.816298359375002086e-03
2.930000000000000000e+02 4.960505234375000780e-03
2.940000000000000000e+02 5.105725390625001289e-03
2.950000000000000000e+02 5.251869218750000907e-03
2.960000000000000000e+02 5.398739062499998721e-03
2.970000000000000000e+02 5.546168750000003700e-03
2.980000000000000000e+02 5.693957109374998132e-03
2.990000000000000000e+02 5.841967499999997995e-03
3.000000000000000000e+02 5.990017578124999520e-03
3.010000000000000000e+02 6.137940156250000501e-03
3.020000000000000000e+02 6.285504609374999163e-03
3.030000000000000000e+02 6.432542499999997429e-03
3.040000000000000000e+02 6.578861796875006170e-03
3.050000000000000000e+02 6.724273046874998903e-03
3.060000000000000000e+02 6.868538281249995936e-03
3.070000000000000000e+02 7.011459218750000152e-03
3.080000000000000000e+02 7.152899374999997090e-03
3.090000000000000000e+02 7.292583515625000214e-03
3.100000000000000000e+02 7.430298125000000913e-03
3.110000000000000000e+02 7.565878203125003636e-03
3.120000000000000000e+02 7.699110624999999132e-03
3.130000000000000000e+02 7.829743515624999414e-03
3.140000000000000000e+02 7.957600390624999798e-03
3.150000000000000000e+02 8.082422890624997927e-03
3.160000000000000000e+02 8.204087812500000104e-03
3.170000000000000000e+02 8.322294374999998981e-03
3.180000000000000000e+02 8.436944062499998273e-03
3.190000000000000000e+02 8.547679765625003367e-03
3.200000000000000000e+02 8.654463671875002942e-03
3.210000000000000000e+02 8.757030234374999292e-03
3.220000000000000000e+02 8.855173359374997680e-03
3.230000000000000000e+02 8.948677656250000889e-03
3.240000000000000000e+02 9.037402421874998412e-03
3.250000000000000000e+02 9.121196640624995577e-03
3.260000000000000000e+02 9.199808515625001321e-03
3.270000000000000000e+02 9.273109140624997623e-03
3.280000000000000000e+02 9.340982890625007182e-03
3.290000000000000000e+02 9.403188593749991706e-03
3.300000000000000000e+02 9.459622031249994775e-03
3.310000000000000000e+02 9.510213515625002764e-03
3.320000000000000000e+02 9.554665781250000836e-03
3.330000000000000000e+02 9.592987109374999377e-03
3.340000000000000000e+02 9.625068515625001542e-03
3.350000000000000000e+02 9.650736874999997841e-03
3.360000000000000000e+02 9.669952265624994978e-03
3.370000000000000000e+02 9.682578359374997487e-03
3.380000000000000000e+02 9.688643828124990712e-03
3.390000000000000000e+02 9.687996406250003190e-03
3.400000000000000000e+02 9.680591718750011440e-03
3.410000000000000000e+02 9.666386640624999999e-03
3.420000000000000000e+02 9.645459218749995872e-03
3.430000000000000000e+02 9.617676406250002738e-03
3.440000000000000000e+02 9.583135390625002401e-03
3.450000000000000000e+02 9.541784218749993149e-03
3.460000000000000000e+02 9.493609296874995149e-03
3.470000000000000000e+02 9.438768593749993774e-03
3.480000000000000000e+02 9.377247499999998015e-03
3.490000000000000000e+02 9.309122890625000368e-03
3.500000000000000000e+02 9.234437656250009049e-03
3.510000000000000000e+02 9.153349687500008172e-03
3.520000000000000000e+02 9.065962890624997689e-03
3.530000000000000000e+02 8.972348593749996867e-03
3.540000000000000000e+02 8.872720312499996972e-03
3.550000000000000000e+02 8.767145859374997005e-03
3.560000000000000000e+02 8.655844218749991423e-03
3.570000000000000000e+02 8.539016796874991308e-03
3.580000000000000000e+02 8.416751171875003906e-03
3.590000000000000000e+02 8.289344375000003845e-03
3.600000000000000000e+02 8.157011953124997800e-03
3.610000000000000000e+02 8.019934765624998560e-03
3.620000000000000000e+02 7.878399374999997540e-03
3.630000000000000000e+02 7.732647109374998252e-03
3.640000000000000000e+02 7.582954062499997622e-03
3.650000000000000000e+02 7.429591562500005922e-03
3.660000000000000000e+02 7.272902968750006789e-03
3.670000000000000000e+02 7.113096406250001696e-03
3.680000000000000000e+02 6.950570546874998944e-03
3.690000000000000000e+02 6.785599453124998258e-03
3.700000000000000000e+02 6.618541718749997374e-03
3.710000000000000000e+02 6.449726953124996706e-03
3.720000000000000000e+02 6.279526328124998211e-03
3.730000000000000000e+02 6.108273593749995352e-03
3.740000000000000000e+02 5.936352265624999201e-03
3.750000000000000000e+02 5.764112734375001837e-03
3.760000000000000000e+02 5.591963046874996214e-03
3.770000000000000000e+02 5.420289843749997831e-03
3.780000000000000000e+02 5.249473046875000569e-03
3.790000000000000000e+02 5.079872734375000080e-03
3.800000000000000000e+02 4.911932187499995495e-03
3.810000000000000000e+02 4.745986249999997915e-03
3.820000000000000000e+02 4.582496796875003622e-03
3.830000000000000000e+02 4.421855171874997451e-03
3.840000000000000000e+02 4.264409804687499181e-03
3.850000000000000000e+02 4.110587578124999010e-03
3.860000000000000000e+02 3.960786044531247607e-03
3.870000000000000000e+02 3.815374936718747990e-03
3.880000000000000000e+02 3.674769867187499799e-03
3.890000000000000000e+02 3.539300304687499187e-03
3.900000000000000000e+02 3.409389046874999624e-03
3.910000000000000000e+02 3.285375070312497679e-03
3.920000000000000000e+02 3.167592054687500512e-03
3.930000000000000000e+02 3.056427093749998231e-03
3.940000000000000000e+02 2.952177085937498276e-03
3.950000000000000000e+02 2.855173515625000508e-03
3.960000000000000000e+02 2.765750149218749315e-03
3.970000000000000000e+02 2.684149358359375851e-03
3.980000000000000000e+02 2.610673747656249832e-03
3.990000000000000000e+02 2.545582389062499024e-03
4.000000000000000000e+02 2.489108825781250530e-03
4.010000000000000000e+02 2.441464745859375524e-03
4.020000000000000000e+02 2.402859159374999120e-03
4.030000000000000000e+02 2.373452007812500500e-03
4.040000000000000000e+02 2.353404507812501597e-03
4.050000000000000000e+02 2.342835406250000363e-03
4.060000000000000000e+02 2.341848671874999753e-03
4.070000000000000000e+02 2.350512421875001427e-03
4.080000000000000000e+02 2.368863124999998765e-03
4.090000000000000000e+02 2.396918281249998603e-03
4.100000000000000000e+02 2.434660390625000611e-03
4.110000000000000000e+02 2.482032656249999990e-03
4.120000000000000000e+02 2.538952265625000863e-03
4.130000000000000000e+02 2.605302734374999058e-03
4.140000000000000000e+02 2.680936093749999600e-03
4.150000000000000000e+02 2.765656718749999639e-03
4.160000000000000000e+02 2.859252499999999364e-03
4.170000000000000000e+02 2.961459453125000248e-03
4.180000000000000000e+02 3.071980078124998421e-03
4.190000000000000000e+02 3.190497812500001345e-03
4.200000000000000000e+02 3.316634218749998746e-03
4.210000000000000000e+02 3.450011093750000174e-03
4.220000000000000000e+02 3.590179921874999715e-03
4.230000000000000000e+02 3.736674843749997980e-03
4.240000000000000000e+02 3.889009296875001274e-03
4.250000000000000000e+02 4.046647265624999865e-03
4.260000000000000000e+02 4.209037578124999804e-03
4.270000000000000000e+02 4.375583593749999417e-03
4.280000000000000000e+02 4.545710546874998960e-03
4.290000000000000000e+02 4.718740156249998097e-03
4.300000000000000000e+02 4.894037656249995705e-03
4.310000000000000000e+02 5.070953984374998620e-03
4.320000000000000000e+02 5.248782187500001216e-03
4.330000000000000000e+02 5.426876171875000092e-03
4.340000000000000000e+02 5.604469140624997701e-03
4.350000000000000000e+02 5.780929921875000571e-03
4.360000000000000000e+02 5.955568203124999085e-03
4.370000000000000000e+02 6.127640546874997714e-03
4.380000000000000000e+02 6.296581718750000368e-03
4.390000000000000000e+02 6.461718921874998189e-03
4.400000000000000000e+02 6.622449554687498928e-03
4.410000000000000000e+02 6.778216843750000525e-03
4.420000000000000000e+02 6.928561242187500704e-03
4.430000000000000000e+02 7.073008976562497954e-03
4.440000000000000000e+02 7.211202945312502645e-03
4.450000000000000000e+02 7.342861898437504087e-03
4.460000000000000000e+02 7.467790765624999355e-03
4.470000000000000000e+02 7.585874875000004139e-03
4.480000000000000000e+02 7.697121164062500909e-03
4.490000000000000000e+02 7.801696898437500936e-03
4.500000000000000000e+02 7.899827664062502794e-03
4.510000000000000000e+02 7.991795554687496778e-03
4.520000000000000000e+02 8.078210820312504287e-03
4.530000000000000000e+02 8.159635664062503055e-03
4.540000000000000000e+02 8.236846929687499652e-03
4.550000000000000000e+02 8.310645351562503252e-03
4.560000000000000000e+02 8.382069578125001669e-03
4.570000000000000000e+02 8.452249812500001527e-03
4.580000000000000000e+02 8.522335906250006268e-03
4.590000000000000000e+02 8.593591661718753827e-03
4.600000000000000000e+02 8.667424531249998815e-03
4.610000000000000000e+02 8.745226532031247224e-03
4.620000000000000000e+02 8.828533140625002482e-03
4.630000000000000000e+02 8.918794454687498444e-03
4.640000000000000000e+02 9.017610984375000471e-03
4.650000000000000000e+02 9.126458571093750902e-03
4.660000000000000000e+02 9.246972656249999659e-03
4.670000000000000000e+02 9.380699757812499540e-03
4.680000000000000000e+02 9.529179890624997831e-03
4.690000000000000000e+02 9.693894937499995812e-03
4.700000000000000000e+02 9.876443242187499597e-03
4.710000000000000000e+02 1.007821613281249459e-02
4.720000000000000000e+02 1.030074855468749925e-02
4.730000000000000000e+02 1.054550082031249607e-02
4.740000000000000000e+02 1.081396951562500243e-02
4.750000000000000000e+02 1.110750508593750033e-02
4.760000000000000000e+02 1.142770227343750840e-02
4.770000000000000000e+02 1.177597634374999078e-02
4.780000000000000000e+02 1.215396739062500099e-02
4.790000000000000000e+02 1.256326139843750786e-02
4.800000000000000000e+02 1.300557210937500208e-02
4.810000000000000000e+02 1.348268906250000079e-02
4.820000000000000000e+02 1.399663136718750506e-02
4.830000000000000000e+02 1.454957864843750386e-02
4.840000000000000000e+02 1.514389421875000225e-02
4.850000000000000000e+02 1.578236102343750016e-02
4.860000000000000000e+02 1.646799243750000571e-02
4.870000000000000000e+02 1.720442924218750988e-02
4.880000000000000000e+02 1.799583960937500143e-02
4.890000000000000000e+02 1.884702579687500337e-02
4.900000000000000000e+02 1.976376834374999822e-02
4.910000000000000000e+02 2.075282460156250425e-02
4.920000000000000000e+02 2.182228720312499523e-02
4.930000000000000000e+02 2.298173150781249521e-02
4.940000000000000000e+02 2.424265151562499804e-02
4.950000000000000000e+02 2.561853129687497593e-02
4.960000000000000000e+02 2.712588564843750744e-02
4.970000000000000000e+02 2.878356113281251363e-02
4.980000000000000000e+02 3.061506718749999051e-02
4.990000000000000000e+02 3.264757265625001237e-02
5.000000000000000000e+02 3.491340820312496818e-02
5.010000000000000000e+02 3.745118593749997143e-02
5.020000000000000000e+02 4.030619531250000803e-02
5.030000000000000000e+02 4.353231484375000293e-02
5.040000000000000000e+02 4.719300078125002879e-02
5.050000000000000000e+02 5.136249218750001122e-02
5.060000000000000000e+02 5.612971874999999472e-02
5.070000000000000000e+02 6.159764062500001219e-02
5.080000000000000000e+02 6.788830468749995628e-02
5.090000000000000000e+02 7.514433593750001472e-02
5.100000000000000000e+02 8.353418750000007886e-02
5.110000000000000000e+02 9.325359374999997453e-02
