0.000000000000000000e+00 1.415577671874999758e-03
1.000000000000000000e+00 1.414667484375000056e-03
2.000000000000000000e+00 1.412850867187499760e-03
3.000000000000000000e+00 1.410123867187499649e-03
4.000000000000000000e+00 1.406493437499999966e-03
5.000000000000000000e+00 1.401965882812499344e-03
6.000000000000000000e+00 1.396550601562500859e-03
7.000000000000000000e+00 1.390257421875000206e-03
8.000000000000000000e+00 1.383091625000000460e-03
9.000000000000000000e+00 1.375069929687499108e-03
1.000000000000000000e+01 1.366199585937500141e-03
1.100000000000000000e+01 1.356497937500000068e-03
1.200000000000000000e+01 1.345984382812499087e-03
1.300000000000000000e+01 1.334673218749999864e-03
1.400000000000000000e+01 1.322575546875000676e-03
1.500000000000000000e+01 1.309719460937499528e-03
1.600000000000000000e+01 1.296123351562499968e-03
1.700000000000000000e+01 1.281810718749999385e-03
1.800000000000000000e+01 1.266801015624999900e-03
1.900000000000000000e+01 1.251119429687500180e-03
2.000000000000000000e+01 1.234789703124999872e-03
2.100000000000000000e+01 1.217838187500000068e-03
2.200000000000000000e+01 1.200294820312500623e-03
2.300000000000000000e+01 1.182183648437499504e-03
2.400000000000000000e+01 1.163533898437500193e-03
2.500000000000000000e+01 1.144379539062500423e-03
2.600000000000000000e+01 1.124745437500000115e-03
2.700000000000000000e+01 1.104665523437500275e-03
2.800000000000000000e+01 1.084162750000000966e-03
2.900000000000000000e+01 1.063279671875000387e-03
3.000000000000000000e+01 1.042043562499998712e-03
3.100000000000000000e+01 1.020489210937499964e-03
3.200000000000000000e+01 9.986468906250003507e-04
3.300000000000000000e+01 9.765574609375004839e-04
3.400000000000000000e+01 9.542474062499999759e-04
3.500000000000000000e+01 9.317520703125001724e-04
3.600000000000000000e+01 9.091050312499999878e-04
3.700000000000000000e+01 8.863442109374999531e-04
3.800000000000000000e+01 8.635029062500001063e-04
3.900000000000000000e+01 8.406107031249996199e-04
4.000000000000000000e+01 8.177077031249999376e-04
4.100000000000000000e+01 7.948231171874999956e-04
4.200000000000000000e+01 7.719970429687496132e-04
4.300000000000000000e+01 7.492585343750004546e-04
4.400000000000000000e+01 7.266399843749999764e-04
4.500000000000000000e+01 7.041768515625002446e-04
4.600000000000000000e+01 6.819046421874998959e-04
4.700000000000000000e+01 6.598415414062500052e-04
4.800000000000000000e+01 6.380403395312497783e-04
4.900000000000000000e+01 6.165162148437499995e-04
5.000000000000000000e+01 5.953028438906246165e-04
5.100000000000000000e+01 5.744304384375002953e-04
5.200000000000000000e+01 5.539365657812501823e-04
5.300000000000000000e+01 5.338405859375003944e-04
5.400000000000000000e+01 5.141695132812499442e-04
5.500000000000000000e+01 4.949536890624997836e-04
5.600000000000000000e+01 4.762199164062501486e-04
5.700000000000000000e+01 4.579905062499997907e-04
5.800000000000000000e+01 4.402912656250000667e-04
5.900000000000000000e+01 4.231449999999999339e-04
6.000000000000000000e+01 4.065755781250000238e-04
6.100000000000000000e+01 3.906027499999999695e-04
6.200000000000000000e+01 3.752483281250001078e-04
6.300000000000000000e+01 3.605304609374999935e-04
6.400000000000000000e+01 3.464684843749998573e-04
6.500000000000000000e+01 3.330796718750001482e-04
6.600000000000000000e+01 3.203794218750002421e-04
6.700000000000000000e+01 3.083842968749999866e-04
6.800000000000000000e+01 2.971072578124999320e-04
6.900000000000000000e+01 2.865628124999997604e-04
7.000000000000000000e+01 2.767606562499998440e-04
7.100000000000000000e+01 2.677135390625000853e-04
7.200000000000000000e+01 2.594304765624999673e-04
7.300000000000000000e+01 2.519196640625001636e-04
7.400000000000000000e+01 2.451895546875000197e-04
7.500000000000000000e+01 2.392460078125001105e-04
7.600000000000000000e+01 2.340941171874999776e-04
7.700000000000000000e+01 2.297384062500000589e-04
7.800000000000000000e+01 2.261818437499999303e-04
7.900000000000000000e+01 2.234265468750002120e-04
8.000000000000000000e+01 2.214738750000000260e-04
8.100000000000000000e+01 2.203232031249999722e-04
8.200000000000000000e+01 2.199727109374999517e-04
8.300000000000000000e+01 2.204219000000000588e-04
8.400000000000000000e+01 2.216665601562499183e-04
8.500000000000000000e+01 2.237025234375000706e-04
8.600000000000000000e+01 2.265259554687500620e-04
8.700000000000000000e+01 2.301291000000000122e-04
8.800000000000000000e+01 2.345058176562499772e-04
8.900000000000000000e+01 2.396480672968750428e-04
9.000000000000000000e+01 2.455475556250000420e-04
9.100000000000000000e+01 2.521943226562498811e-04
9.200000000000000000e+01 2.595767687499999873e-04
9.300000000000000000e+01 2.676855023437500758e-04
9.400000000000000000e+01 2.765071570312500372e-04
9.500000000000000000e+01 2.860291273437500013e-04
9.600000000000000000e+01 2.962382734375001189e-04
9.700000000000000000e+01 3.071200914062500011e-04
9.800000000000000000e+01 3.186590742187499605e-04
9.900000000000000000e+01 3.308404664062497731e-04
1.000000000000000000e+02 3.436465220312499565e-04
1.010000000000000000e+02 3.570616852812499202e-04
1.020000000000000000e+02 3.710683206250000254e-04
1.030000000000000000e+02 3.856473885937499813e-04
1.040000000000000000e+02 4.007809601562501291e-04
1.050000000000000000e+02 4.164499507812501685e-04
1.060000000000000000e+02 4.326352257812497693e-04
1.070000000000000000e+02 4.493143828124996643e-04
1.080000000000000000e+02 4.664718906249999512e-04
1.090000000000000000e+02 4.840807578125001028e-04
1.100000000000000000e+02 5.021253749999997698e-04
1.110000000000000000e+02 5.205802499999997394e-04
1.120000000000000000e+02 5.394236718750001092e-04
1.130000000000000000e+02 5.586327734374997968e-04
1.140000000000000000e+02 5.781893046875000598e-04
1.150000000000000000e+02 5.980691562500001441e-04
1.160000000000000000e+02 6.182450781249995394e-04
1.170000000000000000e+02 6.386984843750003306e-04
1.180000000000000000e+02 6.594007499999999123e-04
1.190000000000000000e+02 6.803324062499999667e-04
1.200000000000000000e+02 7.014680703124996511e-04
1.210000000000000000e+02 7.227853437500001300e-04
1.220000000000000000e+02 7.442595703125000697e-04
1.230000000000000000e+02 7.658614062500000621e-04
1.240000000000000000e+02 7.875748437500000761e-04
1.250000000000000000e+02 8.093753906250001013e-04
1.260000000000000000e+02 8.312275781250003754e-04
1.270000000000000000e+02 8.531199218750000045e-04
1.280000000000000000e+02 8.750213281249995256e-04
1.290000000000000000e+02 8.969078906250003546e-04
1.300000000000000000e+02 9.187608593750001091e-04
1.310000000000000000e+02 9.405469531250002608e-04
1.320000000000000000e+02 9.622486718750000462e-04
1.330000000000000000e+02 9.838356249999998492e-04
1.340000000000000000e+02 1.005289921874999654e-03
1.350000000000000000e+02 1.026586015625000330e-03
1.360000000000000000e+02 1.047698750000000158e-03
1.370000000000000000e+02 1.068606953124999872e-03
1.380000000000000000e+02 1.089282890624999976e-03
1.390000000000000000e+02 1.109710078124999605e-03
1.400000000000000000e+02 1.129854218750000116e-03
1.410000000000000000e+02 1.149703749999999355e-03
1.420000000000000000e+02 1.169229062499999245e-03
1.430000000000000000e+02 1.188411406249999681e-03
1.440000000000000000e+02 1.207228437500000497e-03
1.450000000000000000e+02 1.225656484375000277e-03
1.460000000000000000e+02 1.243676093749999934e-03
1.470000000000000000e+02 1.261266406249999823e-03
1.480000000000000000e+02 1.278401484375000152e-03
1.490000000000000000e+02 1.295066953124998947e-03
1.500000000000000000e+02 1.311244062499999571e-03
1.510000000000000000e+02 1.326904140625000204e-03
1.520000000000000000e+02 1.342040468749999826e-03
1.530000000000000000e+02 1.356617031250000483e-03
1.540000000000000000e+02 1.370632343749999486e-03
1.550000000000000000e+02 1.384057734375000650e-03
1.560000000000000000e+02 1.396883046874999998e-03
1.570000000000000000e+02 1.409088593749999218e-03
1.580000000000000000e+02 1.420661257812500227e-03
1.590000000000000000e+02 1.431577937499998706e-03
1.600000000000000000e+02 1.441831421875000184e-03
1.610000000000000000e+02 1.451400765625000290e-03
1.620000000000000000e+02 1.460275671874999891e-03
1.630000000000000000e+02 1.468443648437499707e-03
1.640000000000000000e+02 1.475894960937499658e-03
1.650000000000000000e+02 1.482610015625000516e-03
1.660000000000000000e+02 1.488586328124999686e-03
1.670000000000000000e+02 1.493807296874999401e-03
1.680000000000000000e+02 1.498269757812500024e-03
1.690000000000000000e+02 1.501959921874999491e-03
1.700000000000000000e+02 1.504876468750000230e-03
1.710000000000000000e+02 1.507010218749999918e-03
1.720000000000000000e+02 1.508355289062500350e-03
1.730000000000000000e+02 1.508906109374999905e-03
1.740000000000000000e+02 1.508656382812499728e-03
1.750000000000000000e+02 1.507607929687499945e-03
1.760000000000000000e+02 1.505762859374999447e-03
1.770000000000000000e+02 1.503112977343749575e-03
1.780000000000000000e+02 1.499657326562500292e-03
1.790000000000000000e+02 1.495409688281250631e-03
1.800000000000000000e+02 1.490363596875000788e-03
1.810000000000000000e+02 1.484530134375000457e-03
1.820000000000000000e+02 1.477908449218750088e-03
1.830000000000000000e+02 1.470503892187499835e-03
1.840000000000000000e+02 1.462337298437500375e-03
1.850000000000000000e+02 1.453400197734374972e-03
1.860000000000000000e+02 1.443719120703124787e-03
1.870000000000000000e+02 1.433300721874998344e-03
1.880000000000000000e+02 1.422157056249999298e-03
1.890000000000000000e+02 1.410300119531250965e-03
1.900000000000000000e+02 1.397759031250000138e-03
1.910000000000000000e+02 1.384540554687499351e-03
1.920000000000000000e+02 1.370663273437500336e-03
1.930000000000000000e+02 1.356157393749999598e-03
1.940000000000000000e+02 1.341039929687499977e-03
1.950000000000000000e+02 1.325342414062499318e-03
1.960000000000000000e+02 1.309078140624999904e-03
1.970000000000000000e+02 1.292279093750000295e-03
1.980000000000000000e+02 1.274993101562499819e-03
1.990000000000000000e+02 1.257223867187499998e-03
2.000000000000000000e+02 1.239023718749999959e-03
2.010000000000000000e+02 1.220418859374999788e-03
2.020000000000000000e+02 1.201450593749999645e-03
2.030000000000000000e+02 1.182154164062499844e-03
2.040000000000000000e+02 1.162566796875000308e-03
2.050000000000000000e+02 1.142733257812499591e-03
2.060000000000000000e+02 1.122702890624999259e-03
2.070000000000000000e+02 1.102508546875000670e-03
2.080000000000000000e+02 1.082210390625000128e-03
2.090000000000000000e+02 1.061850148437500172e-03
2.100000000000000000e+02 1.041485242187500503e-03
2.110000000000000000e+02 1.021154124999999963e-03
2.120000000000000000e+02 1.000931359375000071e-03
2.130000000000000000e+02 9.808561249999999364e-04
2.140000000000000000e+02 9.609951015624995912e-04
2.150000000000000000e+02 9.414061796875001142e-04
2.160000000000000000e+02 9.221476953125002903e-04
2.170000000000000000e+02 9.032931250000000422e-04
2.180000000000000000e+02 8.848900078125000431e-04
2.190000000000000000e+02 8.670191406250002657e-04
2.200000000000000000e+02 8.497417968749999004e-04
2.210000000000000000e+02 8.331306796875001443e-04
2.220000000000000000e+02 8.172580546874999314e-04
2.230000000000000000e+02 8.021903984374999415e-04
2.240000000000000000e+02 7.880075625000004282e-04
2.250000000000000000e+02 7.747828906249999746e-04
2.260000000000000000e+02 7.625903281249998833e-04
2.270000000000000000e+02 7.515067656249995809e-04
2.280000000000000000e+02 7.416186093749999909e-04
2.290000000000000000e+02 7.329942343749998182e-04
2.300000000000000000e+02 7.257184375000002912e-04
2.310000000000000000e+02 7.198814062500002347e-04
2.320000000000000000e+02 7.155508281249996910e-04
2.330000000000000000e+02 7.128191796875000749e-04
2.340000000000000000e+02 7.117629640625000847e-04
2.350000000000000000e+02 7.124669523437500082e-04
2.360000000000000000e+02 7.150190343749998146e-04
2.370000000000000000e+02 7.195026414062497379e-04
2.380000000000000000e+02 7.259934140624998630e-04
2.390000000000000000e+02 7.345821171875002720e-04
2.400000000000000000e+02 7.453497812500004243e-04
2.410000000000000000e+02 7.583776562499999459e-04
2.420000000000000000e+02 7.737476484374998520e-04
2.430000000000000000e+02 7.915411249999998152e-04
2.440000000000000000e+02 8.118366171875000250e-04
2.450000000000000000e+02 8.347170937499999617e-04
2.460000000000000000e+02 8.602582812500002068e-04
2.470000000000000000e+02 8.885322734375002184e-04
2.480000000000000000e+02 9.196146484375001141e-04
2.490000000000000000e+02 9.535758671875001029e-04
2.500000000000000000e+02 9.904918671875000049e-04
2.510000000000000000e+02 1.030424989062500140e-03
2.520000000000000000e+02 1.073441036718750501e-03
2.530000000000000000e+02 1.119600984999999859e-03
2.540000000000000000e+02 1.168964289687499667e-03
2.550000000000000000e+02 1.221584673437499944e-03
2.560000000000000000e+02 1.277516152343749403e-03
2.570000000000000000e+02 1.336812734375000204e-03
2.580000000000000000e+02 1.399512015624999233e-03
2.590000000000000000e+02 1.465649617187501051e-03
2.600000000000000000e+02 1.535272486718749574e-03
2.610000000000000000e+02 1.608404100781250659e-03
2.620000000000000000e+02 1.685081438281249783e-03
2.630000000000000000e+02 1.765317417031249348e-03
2.640000000000000000e+02 1.849129921875000086e-03
2.650000000000000000e+02 1.936524483593749478e-03
2.660000000000000000e+02 2.027523632812499709e-03
2.670000000000000000e+02 2.122115859374999053e-03
2.680000000000000000e+02 2.220292046875000855e-03
2.690000000000000000e+02 2.322046984374998967e-03
2.700000000000000000e+02 2.427356078125000698e-03
2.710000000000000000e+02 2.536196968749998733e-03
2.720000000000000000e+02 2.648541406249999269e-03
2.730000000000000000e+02 2.764345078124998308e-03
2.740000000000000000e+02 2.883567656249999295e-03
2.750000000000000000e+02 3.006151796875000323e-03
2.760000000000000000e+02 3.132044609375000174e-03
2.770000000000000000e+02 3.261174296874998040e-03
2.780000000000000000e+02 3.393461875000000367e-03
2.790000000000000000e+02 3.528834765625000255e-03
2.800000000000000000e+02 3.667201796874998421e-03
2.810000000000000000e+02 3.808469531250000678e-03
2.820000000000000000e+02 3.952523828125001186e-03
2.830000000000000000e+02 4.099264687500000538e-03
2.840000000000000000e+02 4.248561562500000229e-03
2.850000000000000000e+02 4.400289296875000214e-03
2.860000000000000000e+02 4.554327968750001600e-03
2.870000000000000000e+02 4.710534843749999284e-03
2.880000000000000000e+02 4.868749999999997212e-03
2.890000000000000000e+02 5.028808203125000389e-03
2.900000000000000000e+02 5.190580546874998605e-03
2.910000000000000000e+02 5.353893984375002711e-03
2.920000000000000000e+02 5.518525781249998541e-03
2.930000000000000000e+02 5.684338906250001842e-03
2.940000000000000000e+02 5.851130781249996513e-03
2.950000000000000000e+02 6.018716718749999098e-03
2.960000000000000000e+02 6.186880234374999080e-03
2.970000000000000000e+02 6.355421562500000558e-03
2.980000000000000000e+02 6.524138515624996332e-03
2.990000000000000000e+02 6.692802343750003588e-03
3.000000000000000000e+02 6.861194218750000899e-03
3.010000000000000000e+02 7.029073671875006417e-03
3.020000000000000000e+02 7.196279296875003617e-03
3.030000000000000000e+02 7.362490859375000161e-03
3.040000000000000000e+02 7.527517890625001762e-03
3.050000000000000000e+02 7.691110468750003357e-03
3.060000000000000000e+02 7.853077500000001446e-03
3.070000000000000000e+02 8.013102578124995171e-03
3.080000000000000000e+02 8.170989374999998098e-03
3.090000000000000000e+02 8.326495156250002250e-03
3.100000000000000000e+02 8.479306093749999773e-03
3.110000000000000000e+02 8.629281562500000502e-03
3.120000000000000000e+02 8.776123984375001907e-03
3.130000000000000000e+02 8.919588906249996049e-03
3.140000000000000000e+02 9.059491953125001912e-03
3.150000000000000000e+02 9.195489765625000297e-03
3.160000000000000000e+02 9.327423671874997962e-03
3.170000000000000000e+02 9.455082812499997907e-03
3.180000000000000000e+02 9.578227734375006908e-03
3.190000000000000000e+02 9.696527031250000775e-03
3.200000000000000000e+02 9.809912656249999280e-03
3.210000000000000000e+02 9.918123984374993887e-03
3.220000000000000000e+02 1.002088937499999617e-02
3.230000000000000000e+02 1.011806140624999656e-02
3.240000000000000000e+02 1.020953273437500732e-02
3.250000000000000000e+02 1.029497226562500409e-02
3.260000000000000000e+02 1.037435523437499167e-02
3.270000000000000000e+02 1.044734773437500444e-02
3.280000000000000000e+02 1.051390945312499943e-02
3.290000000000000000e+02 1.057387499999999127e-02
3.300000000000000000e+02 1.062709757812499954e-02
3.310000000000000000e+02 1.067346773437499903e-02
3.320000000000000000e+02 1.071282781249999205e-02
3.330000000000000000e+02 1.074512085937499688e-02
3.340000000000000000e+02 1.077027796874999860e-02
3.350000000000000000e+02 1.078814070312499908e-02
3.360000000000000000e+02 1.079875101562499835e-02
3.370000000000000000e+02 1.080191359375000208e-02
3.380000000000000000e+02 1.079772460937500171e-02
3.390000000000000000e+02 1.078617007812500764e-02
3.400000000000000000e+02 1.076706281250000563e-02
3.410000000000000000e+02 1.074058632812499754e-02
3.420000000000000000e+02 1.070673023437500142e-02
3.430000000000000000e+02 1.066547500000000759e-02
3.440000000000000000e+02 1.061684976562500202e-02
3.450000000000000000e+02 1.056103031250000754e-02
3.460000000000000000e+02 1.049795335937500108e-02
3.470000000000000000e+02 1.042779960937500160e-02
3.480000000000000000e+02 1.035067546875000077e-02
3.490000000000000000e+02 1.026666585937499772e-02
3.500000000000000000e+02 1.017595867187499371e-02
3.510000000000000000e+02 1.007861851562499508e-02
3.520000000000000000e+02 9.974891718749998373e-03
3.530000000000000000e+02 9.864895156249997576e-03
3.540000000000000000e+02 9.748889531250005958e-03
3.550000000000000000e+02 9.627001718749994899e-03
3.560000000000000000e+02 9.499531562499996529e-03
3.570000000000000000e+02 9.366653124999995556e-03
3.580000000000000000e+02 9.228624921875002926e-03
3.590000000000000000e+02 9.085745078124995294e-03
3.600000000000000000e+02 8.938229062499995423e-03
3.610000000000000000e+02 8.786408515624996585e-03
3.620000000000000000e+02 8.630516874999999075e-03
3.630000000000000000e+02 8.470897109375000178e-03
3.640000000000000000e+02 8.307888359375001364e-03
3.650000000000000000e+02 8.141728828125003453e-03
3.660000000000000000e+02 7.972844375000001302e-03
3.670000000000000000e+02 7.801516796875001408e-03
3.680000000000000000e+02 7.628122812500003243e-03
3.690000000000000000e+02 7.452971718749997962e-03
3.700000000000000000e+02 7.276484531249997716e-03
3.710000000000000000e+02 7.099019374999998751e-03
3.720000000000000000e+02 6.920896874999998838e-03
3.730000000000000000e+02 6.742534765624997976e-03
3.740000000000000000e+02 6.564343828124996789e-03
3.750000000000000000e+02 6.386644140624999841e-03
3.760000000000000000e+02 6.209857812499998755e-03
3.770000000000000000e+02 6.034356249999998402e-03
3.780000000000000000e+02 5.860558203124999546e-03
3.790000000000000000e+02 5.688826593749998078e-03
3.800000000000000000e+02 5.519545749999995969e-03
3.810000000000000000e+02 5.353109554687494713e-03
3.820000000000000000e+02 5.189942828124999470e-03
3.830000000000000000e+02 5.030358617187502025e-03
3.840000000000000000e+02 4.874781578124996566e-03
3.850000000000000000e+02 4.723567882812501617e-03
3.860000000000000000e+02 4.577069601562499916e-03
3.870000000000000000e+02 4.435692203125002689e-03
3.880000000000000000e+02 4.299746984374999172e-03
3.890000000000000000e+02 4.169619804687499202e-03
3.900000000000000000e+02 4.045600656249999545e-03
3.910000000000000000e+02 3.928049860156251211e-03
3.920000000000000000e+02 3.817274682031249027e-03
3.930000000000000000e+02 3.713554527343750251e-03
3.940000000000000000e+02 3.617216095312497832e-03
3.950000000000000000e+02 3.528511132812499947e-03
3.960000000000000000e+02 3.447710550000001369e-03
3.970000000000000000e+02 3.375070110312499132e-03
3.980000000000000000e+02 3.310807093750000197e-03
3.990000000000000000e+02 3.255145539062497418e-03
4.000000000000000000e+02 3.208237367187500959e-03
4.010000000000000000e+02 3.170317828125000185e-03
4.020000000000000000e+02 3.141486875000000598e-03
4.030000000000000000e+02 3.121895000000000399e-03
4.040000000000000000e+02 3.111618828124999587e-03
4.050000000000000000e+02 3.110768750000000339e-03
4.060000000000000000e+02 3.119385703124999756e-03
4.070000000000000000e+02 3.137487578124999264e-03
4.080000000000000000e+02 3.165083203124998117e-03
4.090000000000000000e+02 3.202126874999999123e-03
4.100000000000000000e+02 3.248567109374999890e-03
4.110000000000000000e+02 3.304294687500001527e-03
4.120000000000000000e+02 3.369186250000000011e-03
4.130000000000000000e+02 3.443069843749998245e-03
4.140000000000000000e+02 3.525757812500000029e-03
4.150000000000000000e+02 3.617021093750000596e-03
4.160000000000000000e+02 3.716566406250002529e-03
4.170000000000000000e+02 3.824108593750001096e-03
4.180000000000000000e+02 3.939296875000001391e-03
4.190000000000000000e+02 4.061743750000001811e-03
4.200000000000000000e+02 4.191045390624999374e-03
4.210000000000000000e+02 4.326739609374998831e-03
4.220000000000000000e+02 4.468337656249998964e-03
4.230000000000000000e+02 4.615308046874999799e-03
4.240000000000000000e+02 4.767114062500001082e-03
4.250000000000000000e+02 4.923114140625002230e-03
4.260000000000000000e+02 5.082733828125000734e-03
4.270000000000000000e+02 5.245308515624998169e-03
4.280000000000000000e+02 5.410145234375002797e-03
4.290000000000000000e+02 5.576527187500004631e-03
4.300000000000000000e+02 5.743709921874999569e-03
4.310000000000000000e+02 5.910986195312502300e-03
4.320000000000000000e+02 6.077559179687504198e-03
4.330000000000000000e+02 6.242651210937503678e-03
4.340000000000000000e+02 6.405531968749999389e-03
4.350000000000000000e+02 6.565312927343750632e-03
4.360000000000000000e+02 6.721272533593751139e-03
4.370000000000000000e+02 6.872677606562499660e-03
4.380000000000000000e+02 7.018737942351564556e-03
4.390000000000000000e+02 7.158764486328124226e-03
4.400000000000000000e+02 7.292044205078127353e-03
4.410000000000000000e+02 7.418014126328124729e-03
4.420000000000000000e+02 7.536031428125001923e-03
4.430000000000000000e+02 7.645643630468750701e-03
4.440000000000000000e+02 7.746460178124998409e-03
4.450000000000000000e+02 7.838135179687500537e-03
4.460000000000000000e+02 7.920459423437498092e-03
4.470000000000000000e+02 7.993357296874999823e-03
4.480000000000000000e+02 8.056818023437498782e-03
4.490000000000000000e+02 8.111094242187500206e-03
4.500000000000000000e+02 8.156405335937496823e-03
4.510000000000000000e+02 8.193260999999998559e-03
4.520000000000000000e+02 8.222209445312505041e-03
4.530000000000000000e+02 8.243970585937501414e-03
4.540000000000000000e+02 8.259410981250001407e-03
4.550000000000000000e+02 8.269580296874997141e-03
4.560000000000000000e+02 8.275588460156252033e-03
4.570000000000000000e+02 8.278642167187506146e-03
4.580000000000000000e+02 8.280088935937502531e-03
4.590000000000000000e+02 8.281271359375001750e-03
4.600000000000000000e+02 8.283830164062496934e-03
4.610000000000000000e+02 8.289172902343747498e-03
4.620000000000000000e+02 8.298896703125002716e-03
4.630000000000000000e+02 8.314576406249996054e-03
4.640000000000000000e+02 8.337847039062496954e-03
4.650000000000000000e+02 8.370246851562504128e-03
4.660000000000000000e+02 8.413345187499999059e-03
4.670000000000000000e+02 8.468691812500005189e-03
4.680000000000000000e+02 8.537763210937498667e-03
4.690000000000000000e+02 8.622013046874998227e-03
4.700000000000000000e+02 8.722924843749996909e-03
4.710000000000000000e+02 8.841738046874996967e-03
4.720000000000000000e+02 8.979803671875001558e-03
4.730000000000000000e+02 9.138358984374999119e-03
4.740000000000000000e+02 9.318624062500001012e-03
4.750000000000000000e+02 9.521648593749997697e-03
4.760000000000000000e+02 9.748565234375006217e-03
4.770000000000000000e+02 1.000026492187499824e-02
4.780000000000000000e+02 1.027776523437499978e-02
4.790000000000000000e+02 1.058193898437500419e-02
4.800000000000000000e+02 1.091365882812499882e-02
4.810000000000000000e+02 1.127366335937499998e-02
4.820000000000000000e+02 1.166275554687499355e-02
4.830000000000000000e+02 1.208176234374999831e-02
4.840000000000000000e+02 1.253155007812500540e-02
4.850000000000000000e+02 1.301309359375001778e-02
4.860000000000000000e+02 1.352755078124999975e-02
4.870000000000000000e+02 1.407621914062500215e-02
4.880000000000000000e+02 1.466094039062499840e-02
4.890000000000000000e+02 1.528399117187499712e-02
4.900000000000000000e+02 1.594826570312500927e-02
4.910000000000000000e+02 1.665745132812501347e-02
4.920000000000000000e+02 1.741648031249998924e-02
4.930000000000000000e+02 1.823145968749997903e-02
4.940000000000000000e+02 1.911022851562500791e-02
4.950000000000000000e+02 2.006274351562500197e-02
4.960000000000000000e+02 2.110131054687500174e-02
4.970000000000000000e+02 2.224148578125000747e-02
4.980000000000000000e+02 2.350235039062499934e-02
4.990000000000000000e+02 2.490739265624999921e-02
5.000000000000000000e+02 2.648550890624997226e-02
5.010000000000000000e+02 2.827181406250001486e-02
5.020000000000000000e+02 3.030910078124999726e-02
5.030000000000000000e+02 3.264910234374997916e-02
5.040000000000000000e+02 3.535432812499999383e-02
5.050000000000000000e+02 3.849999374999998197e-02
5.060000000000000000e+02 4.217658203124998589e-02
5.070000000000000000e+02 4.649243750000001119e-02
5.080000000000000000e+02 5.157721874999999373e-02
5.090000000000000000e+02 5.758585156249999837e-02
5.100000000000000000e+02 6.470325000000001769e-02
5.110000000000000000e+02 7.314937500000003034e-02
