0.000000000000000000e+00 5.519950781250001787e-04
1.000000000000000000e+00 5.512057812500002719e-04
2.000000000000000000e+00 5.496299218749999948e-04
3.000000000000000000e+00 5.472742187499999309e-04
4.000000000000000000e+00 5.441452343749998786e-04
5.000000000000000000e+00 5.402535937500004253e-04
6.000000000000000000e+00 5.356129687500000127e-04
7.000000000000000000e+00 5.302389062499998900e-04
8.000000000000000000e+00 5.241482812500001739e-04
9.000000000000000000e+00 5.173613281249999718e-04
1.000000000000000000e+01 5.099017187499999427e-04
1.100000000000000000e+01 5.017962500000000764e-04
1.200000000000000000e+01 4.930676562500001161e-04
1.300000000000000000e+01 4.837478906250003191e-04
1.400000000000000000e+01 4.738667968749999933e-04
1.500000000000000000e+01 4.634569531250000971e-04
1.600000000000000000e+01 4.525518750000000114e-04
1.700000000000000000e+01 4.411894531249997958e-04
1.800000000000000000e+01 4.294042968749999358e-04
1.900000000000000000e+01 4.172362499999999509e-04
2.000000000000000000e+01 4.047240312500000612e-04
2.100000000000000000e+01 3.919078515624999722e-04
2.200000000000000000e+01 3.788291562499999867e-04
2.300000000000000000e+01 3.655284531250000335e-04
2.400000000000000000e+01 3.520489062499998901e-04
2.500000000000000000e+01 3.384331796875000311e-04
2.600000000000000000e+01 3.247231328125000532e-04
2.700000000000000000e+01 3.109602812499998427e-04
2.800000000000000000e+01 2.971883281249998151e-04
2.900000000000000000e+01 2.834483359375000408e-04
3.000000000000000000e+01 2.697818281249999141e-04
3.100000000000000000e+01 2.562303671874999471e-04
3.200000000000000000e+01 2.428316249999999351e-04
3.300000000000000000e+01 2.296275078124999653e-04
3.400000000000000000e+01 2.166543515625000483e-04
3.500000000000000000e+01 2.039482343750000050e-04
3.600000000000000000e+01 1.915460078124999268e-04
3.700000000000000000e+01 1.794804765625000026e-04
3.800000000000000000e+01 1.677838593750000790e-04
3.900000000000000000e+01 1.564876406249999824e-04
4.000000000000000000e+01 1.456195156250000974e-04
4.100000000000000000e+01 1.352075546874999875e-04
4.200000000000000000e+01 1.252756874999999591e-04
4.300000000000000000e+01 1.158482031250000348e-04
4.400000000000000000e+01 1.069450781249999861e-04
4.500000000000000000e+01 9.858488281249998600e-05
4.600000000000000000e+01 9.078503906250001232e-05
4.700000000000000000e+01 8.355932031250002529e-05
4.800000000000000000e+01 7.691944531250000951e-05
4.900000000000000000e+01 7.087670312499997250e-05
5.000000000000000000e+01 6.543751171875003265e-05
5.100000000000000000e+01 6.060779999999999255e-05
5.200000000000000000e+01 5.639067265625002321e-05
5.300000000000000000e+01 5.278716249999998217e-05
5.400000000000000000e+01 4.979577968750002206e-05
5.500000000000000000e+01 4.741313781249999301e-05
5.600000000000000000e+01 4.563418058828123058e-05
5.700000000000000000e+01 4.445139070312499580e-05
5.800000000000000000e+01 4.385517718749999612e-05
5.900000000000000000e+01 4.383469539062500041e-05
6.000000000000000000e+01 4.437682765625000305e-05
6.100000000000000000e+01 4.546693085937500206e-05
6.200000000000000000e+01 4.708860070312497864e-05
6.300000000000000000e+01 4.922430492187499624e-05
6.400000000000000000e+01 5.185499124999999842e-05
6.500000000000000000e+01 5.496035624999999508e-05
6.600000000000000000e+01 5.851894484375001705e-05
6.700000000000000000e+01 6.250859246093751979e-05
6.800000000000000000e+01 6.690563228906250845e-05
6.900000000000000000e+01 7.168644132812500964e-05
7.000000000000000000e+01 7.682622890625004689e-05
7.100000000000000000e+01 8.230054578125003647e-05
7.200000000000000000e+01 8.808389109374999365e-05
7.300000000000000000e+01 9.415061278906251949e-05
7.400000000000000000e+01 1.004749173124999944e-04
7.500000000000000000e+01 1.070325585937500324e-04
7.600000000000000000e+01 1.137976607812499837e-04
7.700000000000000000e+01 1.207455610156250251e-04
7.800000000000000000e+01 1.278519835937500470e-04
7.900000000000000000e+01 1.350939015625000320e-04
8.000000000000000000e+01 1.424485320312499905e-04
8.100000000000000000e+01 1.498938320312499784e-04
8.200000000000000000e+01 1.574092078125000744e-04
8.300000000000000000e+01 1.649748828124999653e-04
8.400000000000000000e+01 1.725720031250000015e-04
8.500000000000000000e+01 1.801845921875000001e-04
8.600000000000000000e+01 1.877960820312499864e-04
8.700000000000000000e+01 1.953933296874999339e-04
8.800000000000000000e+01 2.029629531250000938e-04
8.900000000000000000e+01 2.104944375000001027e-04
9.000000000000000000e+01 2.179784296875000101e-04
9.100000000000000000e+01 2.254079296874998955e-04
9.200000000000000000e+01 2.327782968750000602e-04
9.300000000000000000e+01 2.400838906250000310e-04
9.400000000000000000e+01 2.473247109374999975e-04
9.500000000000000000e+01 2.545007421875000492e-04
9.600000000000000000e+01 2.616134374999999905e-04
9.700000000000000000e+01 2.686677031250001664e-04
9.800000000000000000e+01 2.756689687499999414e-04
9.900000000000000000e+01 2.826256562500000327e-04
1.000000000000000000e+02 2.895463671874999785e-04
1.010000000000000000e+02 2.964441484375001214e-04
1.020000000000000000e+02 3.033313828124997442e-04
1.030000000000000000e+02 3.102234375000000282e-04
1.040000000000000000e+02 3.171368671874999034e-04
1.050000000000000000e+02 3.240899765624999807e-04
1.060000000000000000e+02 3.311025234375000520e-04
1.070000000000000000e+02 3.381963749999999371e-04
1.080000000000000000e+02 3.453927890625001023e-04
1.090000000000000000e+02 3.527168906250001163e-04
1.100000000000000000e+02 3.601936171875000803e-04
1.110000000000000000e+02 3.678470937500001440e-04
1.120000000000000000e+02 3.757047578125000142e-04
1.130000000000000000e+02 3.837958749999998993e-04
1.140000000000000000e+02 3.921454843750001181e-04
1.150000000000000000e+02 4.007836718750001762e-04
1.160000000000000000e+02 4.097392578124998659e-04
1.170000000000000000e+02 4.190416093749998300e-04
1.180000000000000000e+02 4.287197734375000125e-04
1.190000000000000000e+02 4.388016093750001152e-04
1.200000000000000000e+02 4.493166015625000686e-04
1.210000000000000000e+02 4.602930703125000366e-04
1.220000000000000000e+02 4.717585546874999438e-04
1.230000000000000000e+02 4.837403593750000549e-04
1.240000000000000000e+02 4.962649062500001235e-04
1.250000000000000000e+02 5.093560703124999428e-04
1.260000000000000000e+02 5.230383828124998821e-04
1.270000000000000000e+02 5.373370390624999070e-04
1.280000000000000000e+02 5.522722031250002460e-04
1.290000000000000000e+02 5.678610468750001005e-04
1.300000000000000000e+02 5.841220859374998079e-04
1.310000000000000000e+02 6.010749609375005227e-04
1.320000000000000000e+02 6.187326953125000520e-04
1.330000000000000000e+02 6.371078828125001153e-04
1.340000000000000000e+02 6.562077187499999612e-04
1.350000000000000000e+02 6.760442500000000791e-04
1.360000000000000000e+02 6.966226718750001198e-04
1.370000000000000000e+02 7.179458203124997832e-04
1.380000000000000000e+02 7.400120937500003458e-04
1.390000000000000000e+02 7.628202031250002095e-04
1.400000000000000000e+02 7.863730000000003668e-04
1.410000000000000000e+02 8.106493726562500257e-04
1.420000000000000000e+02 8.356544750000000727e-04
1.430000000000000000e+02 8.613683046874999992e-04
1.440000000000000000e+02 8.877726656249999935e-04
1.450000000000000000e+02 9.148624390625001261e-04
1.460000000000000000e+02 9.426017718749996228e-04
1.470000000000000000e+02 9.709813843750000287e-04
1.480000000000000000e+02 9.999607656249992049e-04
1.490000000000000000e+02 1.029521261718749576e-03
1.500000000000000000e+02 1.059626673593749933e-03
1.510000000000000000e+02 1.090250026562499669e-03
1.520000000000000000e+02 1.121348325249999552e-03
1.530000000000000000e+02 1.152887289826562064e-03
1.540000000000000000e+02 1.184820771953124961e-03
1.550000000000000000e+02 1.217109708281249696e-03
1.560000000000000000e+02 1.249700087499999723e-03
1.570000000000000000e+02 1.282560014062500160e-03
1.580000000000000000e+02 1.315628799999999515e-03
1.590000000000000000e+02 1.348853167968749704e-03
1.600000000000000000e+02 1.382188814687499009e-03
1.610000000000000000e+02 1.415571617265624698e-03
1.620000000000000000e+02 1.448954627343748474e-03
1.630000000000000000e+02 1.482272544531250359e-03
1.640000000000000000e+02 1.515469286718751363e-03
1.650000000000000000e+02 1.548497245312500156e-03
1.660000000000000000e+02 1.581280435156251322e-03
1.670000000000000000e+02 1.613769391171874764e-03
1.680000000000000000e+02 1.645896659218750325e-03
1.690000000000000000e+02 1.677603531179686558e-03
1.700000000000000000e+02 1.708835281171874974e-03
1.710000000000000000e+02 1.739525965859374480e-03
1.720000000000000000e+02 1.769612322656249860e-03
1.730000000000000000e+02 1.799047469531250484e-03
1.740000000000000000e+02 1.827759280468750202e-03
1.750000000000000000e+02 1.855698900781248229e-03
1.760000000000000000e+02 1.882808481249999841e-03
1.770000000000000000e+02 1.909037888281249918e-03
1.780000000000000000e+02 1.934334548437500285e-03
1.790000000000000000e+02 1.958644357031250754e-03
1.800000000000000000e+02 1.981918385937500322e-03
1.810000000000000000e+02 2.004115429687499880e-03
1.820000000000000000e+02 2.025188171875000158e-03
1.830000000000000000e+02 2.045105515624999048e-03
1.840000000000000000e+02 2.063821882812499724e-03
1.850000000000000000e+02 2.081302351562499316e-03
1.860000000000000000e+02 2.097527390625001167e-03
1.870000000000000000e+02 2.112467867187500445e-03
1.880000000000000000e+02 2.126098148437499582e-03
1.890000000000000000e+02 2.138398445312499237e-03
1.900000000000000000e+02 2.149358523437499158e-03
1.910000000000000000e+02 2.158974484374998580e-03
1.920000000000000000e+02 2.167228304687499399e-03
1.930000000000000000e+02 2.174135031250000200e-03
1.940000000000000000e+02 2.179689999999999319e-03
1.950000000000000000e+02 2.183909476562499469e-03
1.960000000000000000e+02 2.186811273437499949e-03
1.970000000000000000e+02 2.188413976562501168e-03
1.980000000000000000e+02 2.188739468749999195e-03
1.990000000000000000e+02 2.187830320312500465e-03
2.000000000000000000e+02 2.185724726562500268e-03
2.010000000000000000e+02 2.182453734374998310e-03
2.020000000000000000e+02 2.178082953125000387e-03
2.030000000000000000e+02 2.172660999999998475e-03
2.040000000000000000e+02 2.166250703125000270e-03
2.050000000000000000e+02 2.158922070312499931e-03
2.060000000000000000e+02 2.150756359374998705e-03
2.070000000000000000e+02 2.141821629687499107e-03
2.080000000000000000e+02 2.132212332031248499e-03
2.090000000000000000e+02 2.122017267187498168e-03
2.100000000000000000e+02 2.111336035937500053e-03
2.110000000000000000e+02 2.100275391406250698e-03
2.120000000000000000e+02 2.088937597968750382e-03
2.130000000000000000e+02 2.077445915390625526e-03
2.140000000000000000e+02 2.065914164843750487e-03
2.150000000000000000e+02 2.054469732031250460e-03
2.160000000000000000e+02 2.043250146093749872e-03
2.170000000000000000e+02 2.032379834374999170e-03
2.180000000000000000e+02 2.022000441406250452e-03
2.190000000000000000e+02 2.012257007812500147e-03
2.200000000000000000e+02 2.003300144531249775e-03
2.210000000000000000e+02 1.995272998437499536e-03
2.220000000000000000e+02 1.988337140625000537e-03
2.230000000000000000e+02 1.982646914062500404e-03
2.240000000000000000e+02 1.978352687500001001e-03
2.250000000000000000e+02 1.975628898437500284e-03
2.260000000000000000e+02 1.974624296875000188e-03
2.270000000000000000e+02 1.975505015625000221e-03
2.280000000000000000e+02 1.978443117187500457e-03
2.290000000000000000e+02 1.983584484375000220e-03
2.300000000000000000e+02 1.991112804687499970e-03
2.310000000000000000e+02 2.001177132812499530e-03
2.320000000000000000e+02 2.013937726562500200e-03
2.330000000000000000e+02 2.029558812499999022e-03
2.340000000000000000e+02 2.048182882812498405e-03
2.350000000000000000e+02 2.069974960937499310e-03
2.360000000000000000e+02 2.095076273437499609e-03
2.370000000000000000e+02 2.123630242187500572e-03
2.380000000000000000e+02 2.155779492187499119e-03
2.390000000000000000e+02 2.191649968749999865e-03
2.400000000000000000e+02 2.231370960937499592e-03
2.410000000000000000e+02 2.275068512499998918e-03
2.420000000000000000e+02 2.322847707031251534e-03
2.430000000000000000e+02 2.374819614843749933e-03
2.440000000000000000e+02 2.431075664218750303e-03
2.450000000000000000e+02 2.491712737470313209e-03
2.460000000000000000e+02 2.556798898671875080e-03
2.470000000000000000e+02 2.626412792187500771e-03
2.480000000000000000e+02 2.700615304687500884e-03
2.490000000000000000e+02 2.779450792187498041e-03
2.500000000000000000e+02 2.862963968749999977e-03
2.510000000000000000e+02 2.951177351562499739e-03
2.520000000000000000e+02 3.044120617187500745e-03
2.530000000000000000e+02 3.141783601562499455e-03
2.540000000000000000e+02 3.244176312500000794e-03
2.550000000000000000e+02 3.351274914062499742e-03
2.560000000000000000e+02 3.463051007812499756e-03
2.570000000000000000e+02 3.579465250000000293e-03
2.580000000000000000e+02 3.700466140624999404e-03
2.590000000000000000e+02 3.826001499999999618e-03
2.600000000000000000e+02 3.955988234375000870e-03
2.610000000000000000e+02 4.090343375000002162e-03
2.620000000000000000e+02 4.228956648437498869e-03
2.630000000000000000e+02 4.371745767968752625e-03
2.640000000000000000e+02 4.518578939687499345e-03
2.650000000000000000e+02 4.669349374999998657e-03
2.660000000000000000e+02 4.823876250000001115e-03
2.670000000000000000e+02 4.982046218749998541e-03
2.680000000000000000e+02 5.143711039062499359e-03
2.690000000000000000e+02 5.308675476562497476e-03
2.700000000000000000e+02 5.476824531249997914e-03
2.710000000000000000e+02 5.647915624999999551e-03
2.720000000000000000e+02 5.821802874999999593e-03
2.730000000000000000e+02 5.998298078125000390e-03
2.740000000000000000e+02 6.177146968750000036e-03
2.750000000000000000e+02 6.358226382812500257e-03
2.760000000000000000e+02 6.541322710937501166e-03
2.770000000000000000e+02 6.726181500000000951e-03
2.780000000000000000e+02 6.912613015624999302e-03
2.790000000000000000e+02 7.100420156250001301e-03
2.800000000000000000e+02 7.289393453124995773e-03
2.810000000000000000e+02 7.479272437499999253e-03
2.820000000000000000e+02 7.669909742187499754e-03
2.830000000000000000e+02 7.861017815624999489e-03
2.840000000000000000e+02 8.052463544531250975e-03
2.850000000000000000e+02 8.243986832812501275e-03
2.860000000000000000e+02 8.435345617968749432e-03
2.870000000000000000e+02 8.626457278125002764e-03
2.880000000000000000e+02 8.817013911640627852e-03
2.890000000000000000e+02 9.006881889062500271e-03
2.900000000000000000e+02 9.195812124999997589e-03
2.910000000000000000e+02 9.383590820312499164e-03
2.920000000000000000e+02 9.570156034375002646e-03
2.930000000000000000e+02 9.755286124999993161e-03
2.940000000000000000e+02 9.938766226562501319e-03
2.950000000000000000e+02 1.012041797656250061e-02
2.960000000000000000e+02 1.030014432812500005e-02
2.970000000000000000e+02 1.047776266406250274e-02
2.980000000000000000e+02 1.065320975781250228e-02
2.990000000000000000e+02 1.082624682031249966e-02
3.000000000000000000e+02 1.099679990624999673e-02
3.010000000000000000e+02 1.116466385156249935e-02
3.020000000000000000e+02 1.132981564062500272e-02
3.030000000000000000e+02 1.149212427343750294e-02
3.040000000000000000e+02 1.165142375000000410e-02
3.050000000000000000e+02 1.180767039062499864e-02
3.060000000000000000e+02 1.196075945312499896e-02
3.070000000000000000e+02 1.211066593750000260e-02
3.080000000000000000e+02 1.225717273437500025e-02
3.090000000000000000e+02 1.240035257812500263e-02
3.100000000000000000e+02 1.254002531249999962e-02
3.110000000000000000e+02 1.267615429687499184e-02
3.120000000000000000e+02 1.280863203124999600e-02
3.130000000000000000e+02 1.293746867187499545e-02
3.140000000000000000e+02 1.306258835937500022e-02
3.150000000000000000e+02 1.318388914062499501e-02
3.160000000000000000e+02 1.330144804687500258e-02
3.170000000000000000e+02 1.341499000000000684e-02
3.180000000000000000e+02 1.352457773437499948e-02
3.190000000000000000e+02 1.363021257812499672e-02
3.200000000000000000e+02 1.373181984374999970e-02
3.210000000000000000e+02 1.382926234374999737e-02
3.220000000000000000e+02 1.392253140625000253e-02
3.230000000000000000e+02 1.401167874999999750e-02
3.240000000000000000e+02 1.409649625000000510e-02
3.250000000000000000e+02 1.417698953124998940e-02
3.260000000000000000e+02 1.425316320312499177e-02
3.270000000000000000e+02 1.432483351562500139e-02
3.280000000000000000e+02 1.439204906250000221e-02
3.290000000000000000e+02 1.445466664062500586e-02
3.300000000000000000e+02 1.451270742187499990e-02
3.310000000000000000e+02 1.456605789062500288e-02
3.320000000000000000e+02 1.461456718750000008e-02
3.330000000000000000e+02 1.465833281250000439e-02
3.340000000000000000e+02 1.469728671874999740e-02
3.350000000000000000e+02 1.473119062499999785e-02
3.360000000000000000e+02 1.476001718749999671e-02
3.370000000000000000e+02 1.478382265625000427e-02
3.380000000000000000e+02 1.480238046874999755e-02
3.390000000000000000e+02 1.481578359375000480e-02
3.400000000000000000e+02 1.482380312499999991e-02
3.410000000000000000e+02 1.482642421875000373e-02
3.420000000000000000e+02 1.482366632812500036e-02
3.430000000000000000e+02 1.481544328124999657e-02
3.440000000000000000e+02 1.480156929687499734e-02
3.450000000000000000e+02 1.478208718750000095e-02
3.460000000000000000e+02 1.475702656250000265e-02
3.470000000000000000e+02 1.472617406250000850e-02
3.480000000000000000e+02 1.468958898437499466e-02
3.490000000000000000e+02 1.464729929687500279e-02
3.500000000000000000e+02 1.459915460937498757e-02
3.510000000000000000e+02 1.454521890624999383e-02
3.520000000000000000e+02 1.448548843750000620e-02
3.530000000000000000e+02 1.441997765624999407e-02
3.540000000000000000e+02 1.434869085937500247e-02
3.550000000000000000e+02 1.427170187500000596e-02
3.560000000000000000e+02 1.418895929687499780e-02
3.570000000000000000e+02 1.410060921875000428e-02
3.580000000000000000e+02 1.400671242187500297e-02
3.590000000000000000e+02 1.390730469531249909e-02
3.600000000000000000e+02 1.380253429687499679e-02
3.610000000000000000e+02 1.369247364843750349e-02
3.620000000000000000e+02 1.357733953906249333e-02
3.630000000000000000e+02 1.345716864843750013e-02
3.640000000000000000e+02 1.333221016406249508e-02
3.650000000000000000e+02 1.320256879687499788e-02
3.660000000000000000e+02 1.306856102343750305e-02
3.670000000000000000e+02 1.293026008593749915e-02
3.680000000000000000e+02 1.278797231249999451e-02
3.690000000000000000e+02 1.264196079687499030e-02
3.700000000000000000e+02 1.249246309375000308e-02
3.710000000000000000e+02 1.233980596875000266e-02
3.720000000000000000e+02 1.218424808593750013e-02
3.730000000000000000e+02 1.202618499999998959e-02
3.740000000000000000e+02 1.186587200781250018e-02
3.750000000000000000e+02 1.170369167187500226e-02
3.760000000000000000e+02 1.154005407031249812e-02
3.770000000000000000e+02 1.137533423750000661e-02
3.780000000000000000e+02 1.120991178906249712e-02
3.790000000000000000e+02 1.104425623046874187e-02
3.800000000000000000e+02 1.087874769296874253e-02
3.810000000000000000e+02 1.071387954687499922e-02
3.820000000000000000e+02 1.055005749218750240e-02
3.830000000000000000e+02 1.038771870312499984e-02
3.840000000000000000e+02 1.022734687500000822e-02
3.850000000000000000e+02 1.006938234374999720e-02
3.860000000000000000e+02 9.914298359374996983e-03
3.870000000000000000e+02 9.762498281250000381e-03
3.880000000000000000e+02 9.614467187500006645e-03
3.890000000000000000e+02 9.470656632812497755e-03
3.900000000000000000e+02 9.331495039062498442e-03
3.910000000000000000e+02 9.197347131249995061e-03
3.920000000000000000e+02 9.068679081562504643e-03
3.930000000000000000e+02 8.945998398437491478e-03
3.940000000000000000e+02 8.829585359374995945e-03
3.950000000000000000e+02 8.719919062499997819e-03
3.960000000000000000e+02 8.617483906249997355e-03
3.970000000000000000e+02 8.522644218749996642e-03
3.980000000000000000e+02 8.435808046874999910e-03
3.990000000000000000e+02 8.357509687500002185e-03
4.000000000000000000e+02 8.288150078125007536e-03
4.010000000000000000e+02 8.228223515625000817e-03
4.020000000000000000e+02 8.178158984374996054e-03
4.030000000000000000e+02 8.138375000000003245e-03
4.040000000000000000e+02 8.109399218749998792e-03
4.050000000000000000e+02 8.091735937499998713e-03
4.060000000000000000e+02 8.085698437499998573e-03
4.070000000000000000e+02 8.091721093750000454e-03
4.080000000000000000e+02 8.110194531249999977e-03
4.090000000000000000e+02 8.141332031250000240e-03
4.100000000000000000e+02 8.185482031249999985e-03
4.110000000000000000e+02 8.242813281249997126e-03
4.120000000000000000e+02 8.313354687499999868e-03
4.130000000000000000e+02 8.397193750000005522e-03
4.140000000000000000e+02 8.494264843749998323e-03
4.150000000000000000e+02 8.604412500000000255e-03
4.160000000000000000e+02 8.727373437500001579e-03
4.170000000000000000e+02 8.862821875000002902e-03
4.180000000000000000e+02 9.010385156250000013e-03
4.190000000000000000e+02 9.169527343749997450e-03
4.200000000000000000e+02 9.339706250000003041e-03
4.210000000000000000e+02 9.520246093750000388e-03
4.220000000000000000e+02 9.710402343750002344e-03
4.230000000000000000e+02 9.909407031250001135e-03
4.240000000000000000e+02 1.011639687499999926e-02
4.250000000000000000e+02 1.033041484375000867e-02
4.260000000000000000e+02 1.055040312500000847e-02
4.270000000000000000e+02 1.077527265624999946e-02
4.280000000000000000e+02 1.100383906249999960e-02
4.290000000000000000e+02 1.123485546874999387e-02
4.300000000000000000e+02 1.146692109374999706e-02
4.310000000000000000e+02 1.169847109375000277e-02
4.320000000000000000e+02 1.192814375000000350e-02
4.330000000000000000e+02 1.215420468749999969e-02
4.340000000000000000e+02 1.237497968750000781e-02
4.350000000000000000e+02 1.258872421875000848e-02
4.360000000000000000e+02 1.279363046875000264e-02
4.370000000000000000e+02 1.298789140625000380e-02
4.380000000000000000e+02 1.316977890625000043e-02
4.390000000000000000e+02 1.333743281249999760e-02
4.400000000000000000e+02 1.348916328125000612e-02
4.410000000000000000e+02 1.362330546875000110e-02
4.420000000000000000e+02 1.373846171875000785e-02
4.430000000000000000e+02 1.383311953125000195e-02
4.440000000000000000e+02 1.390608671875000202e-02
4.450000000000000000e+02 1.395623984375000265e-02
4.460000000000000000e+02 1.398269375000000050e-02
4.470000000000000000e+02 1.398473359375000148e-02
4.480000000000000000e+02 1.396174453125000048e-02
4.490000000000000000e+02 1.391340624999999435e-02
4.500000000000000000e+02 1.383945390625000021e-02
4.510000000000000000e+02 1.373992031249999558e-02
4.520000000000000000e+02 1.361488671874999667e-02
4.530000000000000000e+02 1.346465390625000563e-02
4.540000000000000000e+02 1.328964687499999651e-02
4.550000000000000000e+02 1.309044140625000019e-02
4.560000000000000000e+02 1.286770156250000366e-02
4.570000000000000000e+02 1.262232289062500956e-02
4.580000000000000000e+02 1.235533242187500727e-02
4.590000000000000000e+02 1.206795187499999991e-02
4.600000000000000000e+02 1.176141609375000105e-02
4.610000000000000000e+02 1.143736414062499450e-02
4.620000000000000000e+02 1.109753281250000154e-02
4.630000000000000000e+02 1.074397781250000655e-02
4.640000000000000000e+02 1.037884624999999526e-02
4.650000000000000000e+02 1.000460179687499319e-02
4.660000000000000000e+02 9.624019140625000510e-03
4.670000000000000000e+02 9.239949523437502449e-03
4.680000000000000000e+02 8.855656617187493765e-03
4.690000000000000000e+02 8.474470819531254931e-03
4.700000000000000000e+02 8.099876682031251565e-03
4.710000000000000000e+02 7.735626190156249041e-03
4.720000000000000000e+02 7.385373410156249874e-03
4.730000000000000000e+02 7.052931085937502037e-03
4.740000000000000000e+02 6.742019507812503989e-03
4.750000000000000000e+02 6.456343848437502350e-03
4.760000000000000000e+02 6.199404833593749956e-03
4.770000000000000000e+02 5.974673624218750263e-03
4.780000000000000000e+02 5.785157374999997174e-03
4.790000000000000000e+02 5.633769203125001471e-03
4.800000000000000000e+02 5.523052054687498102e-03
4.810000000000000000e+02 5.455182031250001111e-03
4.820000000000000000e+02 5.431955546875004079e-03
4.830000000000000000e+02 5.454694062499999482e-03
4.840000000000000000e+02 5.524347109375001008e-03
4.850000000000000000e+02 5.641295000000001031e-03
4.860000000000000000e+02 5.805481328125002352e-03
4.870000000000000000e+02 6.016303515624999050e-03
4.880000000000000000e+02 6.272651484374998192e-03
4.890000000000000000e+02 6.572844531249997548e-03
4.900000000000000000e+02 6.914799453124999447e-03
4.910000000000000000e+02 7.295952031250001364e-03
4.920000000000000000e+02 7.713463203124998856e-03
4.930000000000000000e+02 8.164254531249996380e-03
4.940000000000000000e+02 8.645381328125001721e-03
4.950000000000000000e+02 9.154139843749995592e-03
4.960000000000000000e+02 9.688518750000001470e-03
4.970000000000000000e+02 1.024773906250000047e-02
4.980000000000000000e+02 1.083276718749999999e-02
4.990000000000000000e+02 1.144724296875000713e-02
5.000000000000000000e+02 1.209842031249999846e-02
5.010000000000000000e+02 1.279859765624999715e-02
5.020000000000000000e+02 1.356669453125000126e-02
5.030000000000000000e+02 1.443040390625000176e-02
5.040000000000000000e+02 1.542902578124999945e-02
5.050000000000000000e+02 1.661705078125001039e-02
5.060000000000000000e+02 1.806852187500000706e-02
5.070000000000000000e+02 1.988288125000000489e-02
5.080000000000000000e+02 2.219226796874998811e-02
5.090000000000000000e+02 2.517080156250000797e-02
5.100000000000000000e+02 2.904605703125000271e-02
5.110000000000000000e+02 3.411429921875002574e-02
