0.000000000000000000e+00 4.616581562500000164e-04
1.000000000000000000e+00 4.608938046875000983e-04
2.000000000000000000e+00 4.593641406250000632e-04
3.000000000000000000e+00 4.570777265624997952e-04
4.000000000000000000e+00 4.540428593749999144e-04
5.000000000000000000e+00 4.502712187499999111e-04
6.000000000000000000e+00 4.457764765625001242e-04
7.000000000000000000e+00 4.405770859374999481e-04
8.000000000000000000e+00 4.346923281250000218e-04
9.000000000000000000e+00 4.281450078124999429e-04
1.000000000000000000e+01 4.209589843750000549e-04
1.100000000000000000e+01 4.131631953124997089e-04
1.200000000000000000e+01 4.047856093749999042e-04
1.300000000000000000e+01 3.958592734375001058e-04
1.400000000000000000e+01 3.864171171874999488e-04
1.500000000000000000e+01 3.764956171874998575e-04
1.600000000000000000e+01 3.661315703125001962e-04
1.700000000000000000e+01 3.553637265624998132e-04
1.800000000000000000e+01 3.442326640625000098e-04
1.900000000000000000e+01 3.327803046875000247e-04
2.000000000000000000e+01 3.210491875000000728e-04
2.100000000000000000e+01 3.090820624999999328e-04
2.200000000000000000e+01 2.969226796875001038e-04
2.300000000000000000e+01 2.846174765624999415e-04
2.400000000000000000e+01 2.722095781250000570e-04
2.500000000000000000e+01 2.597455156250000818e-04
2.600000000000000000e+01 2.472691718750000115e-04
2.700000000000000000e+01 2.348252968749999002e-04
2.800000000000000000e+01 2.224586718749999752e-04
2.900000000000000000e+01 2.102132656249999700e-04
3.000000000000000000e+01 1.981325703124999502e-04
3.100000000000000000e+01 1.862569375000000082e-04
3.200000000000000000e+01 1.746283281249999585e-04
3.300000000000000000e+01 1.632863281250000796e-04
3.400000000000000000e+01 1.522684374999999863e-04
3.500000000000000000e+01 1.416118437499999997e-04
3.600000000000000000e+01 1.313513515625000419e-04
3.700000000000000000e+01 1.215194609375000418e-04
3.800000000000000000e+01 1.121476093749999999e-04
3.900000000000000000e+01 1.032638124999999828e-04
4.000000000000000000e+01 9.489617968749999432e-05
4.100000000000000000e+01 8.706760156249999342e-05
4.200000000000000000e+01 7.980142968749999455e-05
4.300000000000000000e+01 7.311628906249997926e-05
4.400000000000000000e+01 6.702936718750000810e-05
4.500000000000000000e+01 6.155560156249998425e-05
4.600000000000000000e+01 5.670625000000001294e-05
4.700000000000000000e+01 5.249096875000001244e-05
4.800000000000000000e+01 4.891632265625000218e-05
4.900000000000000000e+01 4.598661328124999212e-05
5.000000000000000000e+01 4.370261015624999056e-05
5.100000000000000000e+01 4.206396171875001992e-05
5.200000000000000000e+01 4.106650781250000665e-05
5.300000000000000000e+01 4.070448593749999825e-05
5.400000000000000000e+01 4.096812560937499760e-05
5.500000000000000000e+01 4.184772532031252673e-05
5.600000000000000000e+01 4.332953603906248722e-05
5.700000000000000000e+01 4.539766078125000837e-05
5.800000000000000000e+01 4.803496062500001168e-05
5.900000000000000000e+01 5.122169805468751577e-05
6.000000000000000000e+01 5.493635523437499394e-05
6.100000000000000000e+01 5.915600234374998465e-05
6.200000000000000000e+01 6.385514843750002116e-05
6.300000000000000000e+01 6.900865312499999298e-05
6.400000000000000000e+01 7.458792109375001519e-05
6.500000000000000000e+01 8.056511171874999942e-05
6.600000000000000000e+01 8.690940000000001869e-05
6.700000000000000000e+01 9.359125546875005552e-05
6.800000000000000000e+01 1.005790585937499967e-04
6.900000000000000000e+01 1.078412140625000252e-04
7.000000000000000000e+01 1.153450976562499903e-04
7.100000000000000000e+01 1.230591921874999524e-04
7.200000000000000000e+01 1.309506502343749817e-04
7.300000000000000000e+01 1.389884061718749879e-04
7.400000000000000000e+01 1.471395871562500139e-04
7.500000000000000000e+01 1.553738935390624749e-04
7.600000000000000000e+01 1.636605665625000554e-04
7.700000000000000000e+01 1.719704281249999378e-04
7.800000000000000000e+01 1.802739921875000742e-04
7.900000000000000000e+01 1.885449539062500129e-04
8.000000000000000000e+01 1.967557179687500000e-04
8.100000000000000000e+01 2.048835398437500756e-04
8.200000000000000000e+01 2.129035320312499657e-04
8.300000000000000000e+01 2.207955398437499463e-04
8.400000000000000000e+01 2.285392210937500399e-04
8.500000000000000000e+01 2.361175578125000642e-04
8.600000000000000000e+01 2.435146289062499806e-04
8.700000000000000000e+01 2.507167882812499026e-04
8.800000000000000000e+01 2.577130531250000221e-04
8.900000000000000000e+01 2.644949828124999952e-04
9.000000000000000000e+01 2.710548828124999796e-04
9.100000000000000000e+01 2.773892890625001290e-04
9.200000000000000000e+01 2.834958906249999467e-04
9.300000000000000000e+01 2.893752265624998537e-04
9.400000000000000000e+01 2.950303749999999103e-04
9.500000000000000000e+01 3.004676015624998544e-04
9.600000000000000000e+01 3.056936484375000402e-04
9.700000000000000000e+01 3.107199140624998350e-04
9.800000000000000000e+01 3.155574999999999548e-04
9.900000000000000000e+01 3.202241015624999760e-04
1.000000000000000000e+02 3.247355390624999741e-04
1.010000000000000000e+02 3.291115625000000161e-04
1.020000000000000000e+02 3.333741562500000229e-04
1.030000000000000000e+02 3.375471406249999791e-04
1.040000000000000000e+02 3.416561562500000497e-04
1.050000000000000000e+02 3.457290625000000446e-04
1.060000000000000000e+02 3.497956406249999551e-04
1.070000000000000000e+02 3.538861406250000136e-04
1.080000000000000000e+02 3.580333124999999497e-04
1.090000000000000000e+02 3.622718984374999622e-04
1.100000000000000000e+02 3.666359296875000280e-04
1.110000000000000000e+02 3.711618749999999792e-04
1.120000000000000000e+02 3.758864843749999880e-04
1.130000000000000000e+02 3.808488359375001393e-04
1.140000000000000000e+02 3.860848281250000777e-04
1.150000000000000000e+02 3.916351406250001294e-04
1.160000000000000000e+02 3.975373046875001638e-04
1.170000000000000000e+02 4.038303515625000194e-04
1.180000000000000000e+02 4.105530078124996953e-04
1.190000000000000000e+02 4.177440625000000793e-04
1.200000000000000000e+02 4.254399687499999276e-04
1.210000000000000000e+02 4.336797265625000168e-04
1.220000000000000000e+02 4.424984062500001022e-04
1.230000000000000000e+02 4.519300468749998310e-04
1.240000000000000000e+02 4.620096874999997882e-04
1.250000000000000000e+02 4.727698359374998306e-04
1.260000000000000000e+02 4.842392421875001129e-04
1.270000000000000000e+02 4.964520390625000706e-04
1.280000000000000000e+02 5.094274999999998587e-04
1.290000000000000000e+02 5.231969921874999891e-04
1.300000000000000000e+02 5.377839687500000432e-04
1.310000000000000000e+02 5.532025000000002045e-04
1.320000000000000000e+02 5.694759609374999872e-04
1.330000000000000000e+02 5.866167265624999249e-04
1.340000000000000000e+02 6.046394117187497193e-04
1.350000000000000000e+02 6.235522867187499613e-04
1.360000000000000000e+02 6.433652960937496883e-04
1.370000000000000000e+02 6.640818570312496385e-04
1.380000000000000000e+02 6.857002968750005190e-04
1.390000000000000000e+02 7.082157611718751990e-04
1.400000000000000000e+02 7.316286911796877120e-04
1.410000000000000000e+02 7.559329946093750700e-04
1.420000000000000000e+02 7.811112671093746809e-04
1.430000000000000000e+02 8.071479218750000862e-04
1.440000000000000000e+02 8.340263070312504403e-04
1.450000000000000000e+02 8.617275476562499511e-04
1.460000000000000000e+02 8.902188632812503251e-04
1.470000000000000000e+02 9.194846210937498163e-04
1.480000000000000000e+02 9.494852984375002107e-04
1.490000000000000000e+02 9.801888718750004746e-04
1.500000000000000000e+02 1.011560201640625094e-03
1.510000000000000000e+02 1.043557865914062971e-03
1.520000000000000000e+02 1.076135730000000752e-03
1.530000000000000000e+02 1.109259800000000299e-03
1.540000000000000000e+02 1.142865818750000376e-03
1.550000000000000000e+02 1.176913975781250640e-03
1.560000000000000000e+02 1.211351531249999555e-03
1.570000000000000000e+02 1.246119195312500290e-03
1.580000000000000000e+02 1.281159000000000030e-03
1.590000000000000000e+02 1.316419039062499425e-03
1.600000000000000000e+02 1.351836492187499447e-03
1.610000000000000000e+02 1.387346164062499719e-03
1.620000000000000000e+02 1.422889015624999006e-03
1.630000000000000000e+02 1.458393085937499840e-03
1.640000000000000000e+02 1.493799695312500149e-03
1.650000000000000000e+02 1.529044203125000346e-03
1.660000000000000000e+02 1.564055734375000223e-03
1.670000000000000000e+02 1.598768164062500975e-03
1.680000000000000000e+02 1.633114242187500703e-03
1.690000000000000000e+02 1.667030960937498961e-03
1.700000000000000000e+02 1.700448421875000232e-03
1.710000000000000000e+02 1.733302320312501065e-03
1.720000000000000000e+02 1.765530843749999737e-03
1.730000000000000000e+02 1.797067765624999229e-03
1.740000000000000000e+02 1.827848039062500603e-03
1.750000000000000000e+02 1.857818140624999722e-03
1.760000000000000000e+02 1.886914406249999739e-03
1.770000000000000000e+02 1.915079953125000669e-03
1.780000000000000000e+02 1.942263408593749609e-03
1.790000000000000000e+02 1.968412167968749266e-03
1.800000000000000000e+02 1.993472729687498831e-03
1.810000000000000000e+02 2.017409606250000244e-03
1.820000000000000000e+02 2.040169901562500533e-03
1.830000000000000000e+02 2.061720274218749663e-03
1.840000000000000000e+02 2.082029008593750275e-03
1.850000000000000000e+02 2.101051969375000023e-03
1.860000000000000000e+02 2.118772162421875098e-03
1.870000000000000000e+02 2.135165381250001253e-03
1.880000000000000000e+02 2.150209495312498630e-03
1.890000000000000000e+02 2.163898893749999826e-03
1.900000000000000000e+02 2.176219127343751499e-03
1.910000000000000000e+02 2.187161203125000293e-03
1.920000000000000000e+02 2.196740749999998715e-03
1.930000000000000000e+02 2.204952773437498549e-03
1.940000000000000000e+02 2.211820343749999144e-03
1.950000000000000000e+02 2.217350812499999449e-03
1.960000000000000000e+02 2.221571835937500086e-03
1.970000000000000000e+02 2.224521367187499727e-03
1.980000000000000000e+02 2.226225023437500283e-03
1.990000000000000000e+02 2.226738023437498278e-03
2.000000000000000000e+02 2.226091875000000761e-03
2.010000000000000000e+02 2.224353804687499454e-03
2.020000000000000000e+02 2.221580187499999810e-03
2.030000000000000000e+02 2.217845164062500537e-03
2.040000000000000000e+02 2.213209273437498608e-03
2.050000000000000000e+02 2.207759914062499846e-03
2.060000000000000000e+02 2.201589570312500240e-03
2.070000000000000000e+02 2.194771476562497672e-03
2.080000000000000000e+02 2.187416781250000209e-03
2.090000000000000000e+02 2.179624820312500016e-03
2.100000000000000000e+02 2.171512235156250383e-03
2.110000000000000000e+02 2.163180820312500443e-03
2.120000000000000000e+02 2.154760939062499124e-03
2.130000000000000000e+02 2.146374264062498802e-03
2.140000000000000000e+02 2.138148442187499595e-03
2.150000000000000000e+02 2.130219898437500214e-03
2.160000000000000000e+02 2.122726314062500091e-03
2.170000000000000000e+02 2.115809355703125120e-03
2.180000000000000000e+02 2.109617366835938625e-03
2.190000000000000000e+02 2.104294083593751322e-03
2.200000000000000000e+02 2.100003839062500929e-03
2.210000000000000000e+02 2.096886783515624405e-03
2.220000000000000000e+02 2.095107292187499155e-03
2.230000000000000000e+02 2.094821875000001457e-03
2.240000000000000000e+02 2.096184045312500348e-03
2.250000000000000000e+02 2.099357226562501011e-03
2.260000000000000000e+02 2.104496775000000777e-03
2.270000000000000000e+02 2.111764613281248617e-03
2.280000000000000000e+02 2.121313224999998772e-03
2.290000000000000000e+02 2.133304716406248924e-03
2.300000000000000000e+02 2.147880022656249287e-03
2.310000000000000000e+02 2.165196258593749586e-03
2.320000000000000000e+02 2.185399682031249381e-03
2.330000000000000000e+02 2.208623223593749688e-03
2.340000000000000000e+02 2.235013026562500133e-03
2.350000000000000000e+02 2.264697853125001176e-03
2.360000000000000000e+02 2.297810286796875268e-03
2.370000000000000000e+02 2.334446127343750566e-03
2.380000000000000000e+02 2.374741017187499345e-03
2.390000000000000000e+02 2.418793701562499312e-03
2.400000000000000000e+02 2.466695942968749177e-03
2.410000000000000000e+02 2.518534028906250881e-03
2.420000000000000000e+02 2.574394804687500475e-03
2.430000000000000000e+02 2.634338703125000888e-03
2.440000000000000000e+02 2.698429445312499567e-03
2.450000000000000000e+02 2.766708109374999176e-03
2.460000000000000000e+02 2.839231937500000160e-03
2.470000000000000000e+02 2.916012222656249719e-03
2.480000000000000000e+02 2.997074442187499903e-03
2.490000000000000000e+02 3.082424711718750182e-03
2.500000000000000000e+02 3.172049232812499016e-03
2.510000000000000000e+02 3.265946119531251690e-03
2.520000000000000000e+02 3.364072535937502346e-03
2.530000000000000000e+02 3.466403555468749401e-03
2.540000000000000000e+02 3.572878328906250144e-03
2.550000000000000000e+02 3.683435648437499970e-03
2.560000000000000000e+02 3.798016320312500027e-03
2.570000000000000000e+02 3.916523429687499870e-03
2.580000000000000000e+02 4.038871789062498802e-03
2.590000000000000000e+02 4.164964484375000345e-03
2.600000000000000000e+02 4.294672132812500827e-03
2.610000000000000000e+02 4.427897093749999166e-03
2.620000000000000000e+02 4.564498609374999412e-03
2.630000000000000000e+02 4.704355390625000570e-03
2.640000000000000000e+02 4.847287812500001777e-03
2.650000000000000000e+02 4.993162882812499960e-03
2.660000000000000000e+02 5.141851237500000803e-03
2.670000000000000000e+02 5.293176017968750750e-03
2.680000000000000000e+02 5.446932273437499888e-03
2.690000000000000000e+02 5.603011734375000670e-03
2.700000000000000000e+02 5.761222156250002391e-03
2.710000000000000000e+02 5.921363257812499448e-03
2.720000000000000000e+02 6.083287617187500482e-03
2.730000000000000000e+02 6.246791687500000308e-03
2.740000000000000000e+02 6.411692914062503725e-03
2.750000000000000000e+02 6.577905046875002354e-03
2.760000000000000000e+02 6.745187132812500291e-03
2.770000000000000000e+02 6.913321867187499810e-03
2.780000000000000000e+02 7.082227164062500531e-03
2.790000000000000000e+02 7.251697218749999542e-03
2.800000000000000000e+02 7.421583140624998451e-03
2.810000000000000000e+02 7.591718609375000017e-03
2.820000000000000000e+02 7.761996390624997799e-03
2.830000000000000000e+02 7.932193203125000036e-03
2.840000000000000000e+02 8.102265734375000902e-03
2.850000000000000000e+02 8.272037015625002473e-03
2.860000000000000000e+02 8.441365054687498606e-03
2.870000000000000000e+02 8.610173187500000380e-03
2.880000000000000000e+02 8.778363531249997950e-03
2.890000000000000000e+02 8.945866164062501666e-03
2.900000000000000000e+02 9.112480390625000287e-03
2.910000000000000000e+02 9.278181156249998979e-03
2.920000000000000000e+02 9.442969132812503025e-03
2.930000000000000000e+02 9.606669882812503627e-03
2.940000000000000000e+02 9.769263242187501209e-03
2.950000000000000000e+02 9.930732015624997230e-03
2.960000000000000000e+02 1.009102507031249887e-02
2.970000000000000000e+02 1.025009451562500055e-02
2.980000000000000000e+02 1.040786196874999951e-02
2.990000000000000000e+02 1.056435199218750190e-02
3.000000000000000000e+02 1.071952487499999718e-02
3.010000000000000000e+02 1.087342551875000035e-02
3.020000000000000000e+02 1.102591928203124766e-02
3.030000000000000000e+02 1.117716207031250152e-02
3.040000000000000000e+02 1.132700779687499833e-02
3.050000000000000000e+02 1.147550887499999665e-02
3.060000000000000000e+02 1.162263025234375018e-02
3.070000000000000000e+02 1.176837939656249880e-02
3.080000000000000000e+02 1.191274792968749323e-02
3.090000000000000000e+02 1.205579037500000006e-02
3.100000000000000000e+02 1.219740821093749997e-02
3.110000000000000000e+02 1.233762903906249903e-02
3.120000000000000000e+02 1.247642154531249624e-02
3.130000000000000000e+02 1.261375502343749753e-02
3.140000000000000000e+02 1.274961879687500077e-02
3.150000000000000000e+02 1.288395531250000059e-02
3.160000000000000000e+02 1.301678277343750259e-02
3.170000000000000000e+02 1.314799444531250180e-02
3.180000000000000000e+02 1.327747075781249286e-02
3.190000000000000000e+02 1.340523687499999526e-02
3.200000000000000000e+02 1.353129218749999675e-02
3.210000000000000000e+02 1.365528218750000460e-02
3.220000000000000000e+02 1.377736984375000154e-02
3.230000000000000000e+02 1.389731226562500137e-02
3.240000000000000000e+02 1.401497499999999376e-02
3.250000000000000000e+02 1.413035039062500269e-02
3.260000000000000000e+02 1.424320914062500269e-02
3.270000000000000000e+02 1.435343210937499621e-02
3.280000000000000000e+02 1.446078374999999923e-02
3.290000000000000000e+02 1.456519062499999316e-02
3.300000000000000000e+02 1.466639257812499784e-02
3.310000000000000000e+02 1.476433609374999505e-02
3.320000000000000000e+02 1.485865749999999534e-02
3.330000000000000000e+02 1.494922796875000105e-02
3.340000000000000000e+02 1.503592500000000033e-02
3.350000000000000000e+02 1.511839843749999621e-02
3.360000000000000000e+02 1.519643281250000408e-02
3.370000000000000000e+02 1.526985781250000083e-02
3.380000000000000000e+02 1.533845617187500412e-02
3.390000000000000000e+02 1.540195054687499947e-02
3.400000000000000000e+02 1.546018859374999506e-02
3.410000000000000000e+02 1.551286976562500294e-02
3.420000000000000000e+02 1.555976687499999872e-02
3.430000000000000000e+02 1.560070015624999938e-02
3.440000000000000000e+02 1.563539546874999353e-02
3.450000000000000000e+02 1.566373695312499661e-02
3.460000000000000000e+02 1.568547304687498839e-02
3.470000000000000000e+02 1.570039851562501226e-02
3.480000000000000000e+02 1.570834617187500185e-02
3.490000000000000000e+02 1.570913554687499575e-02
3.500000000000000000e+02 1.570263164062500258e-02
3.510000000000000000e+02 1.568866328124999751e-02
3.520000000000000000e+02 1.566718851562499959e-02
3.530000000000000000e+02 1.563801671874999466e-02
3.540000000000000000e+02 1.560102830468750555e-02
3.550000000000000000e+02 1.555630341406250179e-02
3.560000000000000000e+02 1.550364833593750880e-02
3.570000000000000000e+02 1.544314385937500290e-02
3.580000000000000000e+02 1.537466784374999854e-02
3.590000000000000000e+02 1.529836875000001664e-02
3.600000000000000000e+02 1.521426296093749027e-02
3.610000000000000000e+02 1.512230239062499829e-02
3.620000000000000000e+02 1.502272396406249821e-02
3.630000000000000000e+02 1.491558503125000636e-02
3.640000000000000000e+02 1.480100175859374971e-02
3.650000000000000000e+02 1.467923840625000136e-02
3.660000000000000000e+02 1.455041648281248969e-02
3.670000000000000000e+02 1.441483154687500830e-02
3.680000000000000000e+02 1.427267388437500166e-02
3.690000000000000000e+02 1.412428839062500677e-02
3.700000000000000000e+02 1.396989235156250071e-02
3.710000000000000000e+02 1.380990655468749932e-02
3.720000000000000000e+02 1.364467559374999903e-02
3.730000000000000000e+02 1.347465957031250203e-02
3.740000000000000000e+02 1.330010634374999799e-02
3.750000000000000000e+02 1.312168926406249644e-02
3.760000000000000000e+02 1.293971769007812474e-02
3.770000000000000000e+02 1.275481152031249579e-02
3.780000000000000000e+02 1.256734649921875495e-02
3.790000000000000000e+02 1.237795860156249567e-02
3.800000000000000000e+02 1.218714325781249976e-02
3.810000000000000000e+02 1.199550762499999521e-02
3.820000000000000000e+02 1.180358415625000143e-02
3.830000000000000000e+02 1.161194132812499655e-02
3.840000000000000000e+02 1.142124507812500300e-02
3.850000000000000000e+02 1.123190062500000266e-02
3.860000000000000000e+02 1.104461679687499497e-02
3.870000000000000000e+02 1.085992050781249552e-02
3.880000000000000000e+02 1.067834926562500307e-02
3.890000000000000000e+02 1.050044925000000531e-02
3.900000000000000000e+02 1.032679232992187585e-02
3.910000000000000000e+02 1.015786382031249289e-02
3.920000000000000000e+02 9.994242257812500918e-03
3.930000000000000000e+02 9.836447656249996951e-03
3.940000000000000000e+02 9.684967578124998450e-03
3.950000000000000000e+02 9.540363749999999227e-03
3.960000000000000000e+02 9.403209843750004807e-03
3.970000000000000000e+02 9.274099374999998993e-03
3.980000000000000000e+02 9.153502031249999976e-03
3.990000000000000000e+02 9.042120937500003688e-03
4.000000000000000000e+02 8.940449531249995002e-03
4.010000000000000000e+02 8.849175781250004716e-03
4.020000000000000000e+02 8.768845312500000641e-03
4.030000000000000000e+02 8.700148437499997597e-03
4.040000000000000000e+02 8.643620312500000999e-03
4.050000000000000000e+02 8.599866406249996598e-03
4.060000000000000000e+02 8.569445312500000023e-03
4.070000000000000000e+02 8.552835156250000737e-03
4.080000000000000000e+02 8.550463281249996716e-03
4.090000000000000000e+02 8.562712499999999838e-03
4.100000000000000000e+02 8.589886718750001926e-03
4.110000000000000000e+02 8.632191406250003252e-03
4.120000000000000000e+02 8.689764843750003021e-03
4.130000000000000000e+02 8.762595312499997860e-03
4.140000000000000000e+02 8.850669531249997363e-03
4.150000000000000000e+02 8.953838281249997672e-03
4.160000000000000000e+02 9.071853906249998170e-03
4.170000000000000000e+02 9.204402343750001103e-03
4.180000000000000000e+02 9.351099218749998887e-03
4.190000000000000000e+02 9.511471093750004796e-03
4.200000000000000000e+02 9.685000781250003091e-03
4.210000000000000000e+02 9.871035937499999732e-03
4.220000000000000000e+02 1.006894687499999136e-02
4.230000000000000000e+02 1.027801328125000323e-02
4.240000000000000000e+02 1.049733906249999092e-02
4.250000000000000000e+02 1.072606875000000314e-02
4.260000000000000000e+02 1.096316640624999707e-02
4.270000000000000000e+02 1.120758593749999511e-02
4.280000000000000000e+02 1.145807578125000031e-02
4.290000000000000000e+02 1.171329296874999877e-02
4.300000000000000000e+02 1.197178984375000046e-02
4.310000000000000000e+02 1.223204296875000235e-02
4.320000000000000000e+02 1.249230781250000068e-02
4.330000000000000000e+02 1.275080624999999808e-02
4.340000000000000000e+02 1.300569374999999660e-02
4.350000000000000000e+02 1.325495859375000647e-02
4.360000000000000000e+02 1.349659921875000050e-02
4.370000000000000000e+02 1.372857578125000373e-02
4.380000000000000000e+02 1.394885546875000368e-02
4.390000000000000000e+02 1.415535546874999162e-02
4.400000000000000000e+02 1.434613437500000151e-02
4.410000000000000000e+02 1.451934765625000762e-02
4.420000000000000000e+02 1.467311875000000196e-02
4.430000000000000000e+02 1.480589296875000488e-02
4.440000000000000000e+02 1.491602578124999988e-02
4.450000000000000000e+02 1.500228749999999757e-02
4.460000000000000000e+02 1.506330703125001100e-02
4.470000000000000000e+02 1.509824062500000723e-02
4.480000000000000000e+02 1.510613828124999711e-02
4.490000000000000000e+02 1.508622421875000126e-02
4.500000000000000000e+02 1.503807265624999313e-02
4.510000000000000000e+02 1.496120390625000490e-02
4.520000000000000000e+02 1.485542187500001055e-02
4.530000000000000000e+02 1.472065234375000142e-02
4.540000000000000000e+02 1.455683984375000933e-02
4.550000000000000000e+02 1.436429140625000364e-02
4.560000000000000000e+02 1.414330937500000128e-02
4.570000000000000000e+02 1.389448906250000115e-02
4.580000000000000000e+02 1.361847710937499900e-02
4.590000000000000000e+02 1.331629757812500571e-02
4.600000000000000000e+02 1.298905531249999745e-02
4.610000000000000000e+02 1.263818437499999656e-02
4.620000000000000000e+02 1.226545218749999083e-02
4.630000000000000000e+02 1.187287460937500039e-02
4.640000000000000000e+02 1.146273484374999915e-02
4.650000000000000000e+02 1.103775742187500415e-02
4.660000000000000000e+02 1.060092153906249182e-02
4.670000000000000000e+02 1.015549741250000582e-02
4.680000000000000000e+02 9.705078569531245744e-03
4.690000000000000000e+02 9.253430776250001766e-03
4.700000000000000000e+02 8.804632012499997301e-03
4.710000000000000000e+02 8.362873546874998246e-03
4.720000000000000000e+02 7.932436476562500574e-03
4.730000000000000000e+02 7.517718890625000455e-03
4.740000000000000000e+02 7.123095304687500351e-03
4.750000000000000000e+02 6.752830937499993899e-03
4.760000000000000000e+02 6.411039460937502030e-03
4.770000000000000000e+02 6.101796421875001555e-03
4.780000000000000000e+02 5.828853367187497581e-03
4.790000000000000000e+02 5.595692915625000499e-03
4.800000000000000000e+02 5.405470567968750049e-03
4.810000000000000000e+02 5.260984289062497696e-03
4.820000000000000000e+02 5.164570546875001285e-03
4.830000000000000000e+02 5.118133906249996458e-03
4.840000000000000000e+02 5.123088750000000940e-03
4.850000000000000000e+02 5.180177499999999088e-03
4.860000000000000000e+02 5.289686640625000137e-03
4.870000000000000000e+02 5.451172968749998411e-03
4.880000000000000000e+02 5.663554296875002343e-03
4.890000000000000000e+02 5.924980625000002103e-03
4.900000000000000000e+02 6.233087343750001556e-03
4.910000000000000000e+02 6.584800468749998047e-03
4.920000000000000000e+02 6.976529296874999821e-03
4.930000000000000000e+02 7.404302500000002098e-03
4.940000000000000000e+02 7.863881796874999663e-03
4.950000000000000000e+02 8.351157187499997844e-03
4.960000000000000000e+02 8.862373437499997814e-03
4.970000000000000000e+02 9.394686718749999804e-03
4.980000000000000000e+02 9.946685156250001034e-03
4.990000000000000000e+02 1.051922734374999800e-02
5.000000000000000000e+02 1.111643593749999520e-02
5.010000000000000000e+02 1.174707109375000558e-02
5.020000000000000000e+02 1.242597109375000348e-02
5.030000000000000000e+02 1.317656718750000004e-02
5.040000000000000000e+02 1.403362812499999931e-02
5.050000000000000000e+02 1.504696406250000638e-02
5.060000000000000000e+02 1.628608124999999379e-02
5.070000000000000000e+02 1.784681171875000458e-02
5.080000000000000000e+02 1.985861171875000566e-02
5.090000000000000000e+02 2.249543046874999744e-02
5.100000000000000000e+02 2.598837968749999339e-02
5.110000000000000000e+02 3.064242109375000384e-02
