0.000000000000000000e+00 4.850576718750001896e-04
1.000000000000000000e+00 4.842807734375003162e-04
2.000000000000000000e+00 4.827256562499999634e-04
3.000000000000000000e+00 4.804045703125001099e-04
4.000000000000000000e+00 4.773196796875000506e-04
5.000000000000000000e+00 4.734857578124999238e-04
6.000000000000000000e+00 4.689166015624999487e-04
7.000000000000000000e+00 4.636276093750000432e-04
8.000000000000000000e+00 4.576390000000001360e-04
9.000000000000000000e+00 4.509735234375001245e-04
1.000000000000000000e+01 4.436530468749999914e-04
1.100000000000000000e+01 4.357056171874999361e-04
1.200000000000000000e+01 4.271622578125001631e-04
1.300000000000000000e+01 4.180503984375000042e-04
1.400000000000000000e+01 4.084041484374998829e-04
1.500000000000000000e+01 3.982593124999997641e-04
1.600000000000000000e+01 3.876506093750000216e-04
1.700000000000000000e+01 3.766176953124998400e-04
1.800000000000000000e+01 3.651999374999999109e-04
1.900000000000000000e+01 3.534371171875000037e-04
2.000000000000000000e+01 3.413709687499998893e-04
2.100000000000000000e+01 3.290440234374997870e-04
2.200000000000000000e+01 3.165012109375000085e-04
2.300000000000000000e+01 3.037838906250001428e-04
2.400000000000000000e+01 2.909385078124999209e-04
2.500000000000000000e+01 2.780084296874999893e-04
2.600000000000000000e+01 2.650387421875000354e-04
2.700000000000000000e+01 2.520726796874999624e-04
2.800000000000000000e+01 2.391553984374999357e-04
2.900000000000000000e+01 2.263292578124999398e-04
3.000000000000000000e+01 2.136373281249999640e-04
3.100000000000000000e+01 2.011220703124999391e-04
3.200000000000000000e+01 1.888240703124999969e-04
3.300000000000000000e+01 1.767828593750000652e-04
3.400000000000000000e+01 1.650368359374999633e-04
3.500000000000000000e+01 1.536230390625000094e-04
3.600000000000000000e+01 1.425768906250000174e-04
3.700000000000000000e+01 1.319320546875000220e-04
3.800000000000000000e+01 1.217200078124999621e-04
3.900000000000000000e+01 1.119712265625000052e-04
4.000000000000000000e+01 1.027128593749999697e-04
4.100000000000000000e+01 9.397024999999997329e-05
4.200000000000000000e+01 8.576753906250000827e-05
4.300000000000000000e+01 7.812567968750003689e-05
4.400000000000000000e+01 7.106329687500001361e-05
4.500000000000000000e+01 6.459589062500000628e-05
4.600000000000000000e+01 5.873814843749999544e-05
4.700000000000000000e+01 5.350152343749997678e-05
4.800000000000000000e+01 4.889420312500001144e-05
4.900000000000000000e+01 4.492301953125000667e-05
5.000000000000000000e+01 4.159173125000000074e-05
5.100000000000000000e+01 3.890166718749999618e-05
5.200000000000000000e+01 3.685133671874999968e-05
5.300000000000000000e+01 3.543786562499999672e-05
5.400000000000000000e+01 3.465511484374999451e-05
5.500000000000000000e+01 3.449486054687498217e-05
5.600000000000000000e+01 3.494646147656249629e-05
5.700000000000000000e+01 3.599804953124998834e-05
5.800000000000000000e+01 3.763452806250000332e-05
5.900000000000000000e+01 3.983918101562501115e-05
6.000000000000000000e+01 4.259417968749999939e-05
6.100000000000000000e+01 4.587845156250000848e-05
6.200000000000000000e+01 4.967110320312499347e-05
6.300000000000000000e+01 5.394859062499998372e-05
6.400000000000000000e+01 5.868637679687499893e-05
6.500000000000000000e+01 6.385823429687500314e-05
6.600000000000000000e+01 6.943786796875000742e-05
6.700000000000000000e+01 7.539692570312494786e-05
6.800000000000000000e+01 8.170741007812497639e-05
6.900000000000000000e+01 8.833979101562501298e-05
7.000000000000000000e+01 9.526481281249997901e-05
7.100000000000000000e+01 1.024527414062500336e-04
7.200000000000000000e+01 1.098728727968749694e-04
7.300000000000000000e+01 1.174957928226562392e-04
7.400000000000000000e+01 1.252925520312499685e-04
7.500000000000000000e+01 1.332321165625000503e-04
7.600000000000000000e+01 1.412873639843749798e-04
7.700000000000000000e+01 1.494284398437500244e-04
7.800000000000000000e+01 1.576296695312499993e-04
7.900000000000000000e+01 1.658636953125000482e-04
8.000000000000000000e+01 1.741053359375000951e-04
8.100000000000000000e+01 1.823315210937500588e-04
8.200000000000000000e+01 1.905184531250000404e-04
8.300000000000000000e+01 1.986454570312500098e-04
8.400000000000000000e+01 2.066929046875000907e-04
8.500000000000000000e+01 2.146426656250000466e-04
8.600000000000000000e+01 2.224798195312499463e-04
8.700000000000000000e+01 2.301891789062499776e-04
8.800000000000000000e+01 2.377595843750000349e-04
8.900000000000000000e+01 2.451802265624999965e-04
9.000000000000000000e+01 2.524432421875001252e-04
9.100000000000000000e+01 2.595431953125000514e-04
9.200000000000000000e+01 2.664766406249999622e-04
9.300000000000000000e+01 2.732416718750000479e-04
9.400000000000000000e+01 2.798390937500000474e-04
9.500000000000000000e+01 2.862736328125000209e-04
9.600000000000000000e+01 2.925496093750000253e-04
9.700000000000000000e+01 2.986744531249997821e-04
9.800000000000000000e+01 3.046584687500001015e-04
9.900000000000000000e+01 3.105143437499999432e-04
1.000000000000000000e+02 3.162550937499999373e-04
1.010000000000000000e+02 3.218982343749999175e-04
1.020000000000000000e+02 3.274614687499999982e-04
1.030000000000000000e+02 3.329660546874999407e-04
1.040000000000000000e+02 3.384335468750001089e-04
1.050000000000000000e+02 3.438877343750001243e-04
1.060000000000000000e+02 3.493545390624998412e-04
1.070000000000000000e+02 3.548606953124998787e-04
1.080000000000000000e+02 3.604363906249999599e-04
1.090000000000000000e+02 3.661099921875000615e-04
1.100000000000000000e+02 3.719122656249997647e-04
1.110000000000000000e+02 3.778768203125000818e-04
1.120000000000000000e+02 3.840361484374999563e-04
1.130000000000000000e+02 3.904241015625000560e-04
1.140000000000000000e+02 3.970744218750000762e-04
1.150000000000000000e+02 4.040222890624999854e-04
1.160000000000000000e+02 4.113032656249999844e-04
1.170000000000000000e+02 4.189509921875000389e-04
1.180000000000000000e+02 4.270014687500000108e-04
1.190000000000000000e+02 4.354892500000000894e-04
1.200000000000000000e+02 4.444487656250000959e-04
1.210000000000000000e+02 4.539135156249998531e-04
1.220000000000000000e+02 4.639167343749999199e-04
1.230000000000000000e+02 4.744894609374999505e-04
1.240000000000000000e+02 4.856645156250000172e-04
1.250000000000000000e+02 4.974697500000000968e-04
1.260000000000000000e+02 5.099329296874998861e-04
1.270000000000000000e+02 5.230818125000001161e-04
1.280000000000000000e+02 5.369427109375002729e-04
1.290000000000000000e+02 5.515389296875001244e-04
1.300000000000000000e+02 5.668859453124999812e-04
1.310000000000000000e+02 5.830076796874996119e-04
1.320000000000000000e+02 5.999209374999999291e-04
1.330000000000000000e+02 6.176363906250006280e-04
1.340000000000000000e+02 6.361662578125002647e-04
1.350000000000000000e+02 6.555212500000002487e-04
1.360000000000000000e+02 6.757091828125001958e-04
1.370000000000000000e+02 6.967276804687498820e-04
1.380000000000000000e+02 7.185918929687498116e-04
1.390000000000000000e+02 7.412832054687498945e-04
1.400000000000000000e+02 7.647967164062499570e-04
1.410000000000000000e+02 7.891411203124991522e-04
1.420000000000000000e+02 8.142909898437500002e-04
1.430000000000000000e+02 8.402311065625000207e-04
1.440000000000000000e+02 8.669541696093750142e-04
1.450000000000000000e+02 8.944313581249999263e-04
1.460000000000000000e+02 9.226423507812499605e-04
1.470000000000000000e+02 9.515630679687499824e-04
1.480000000000000000e+02 9.811630289062501804e-04
1.490000000000000000e+02 1.011402972656250685e-03
1.500000000000000000e+02 1.042255596093749409e-03
1.510000000000000000e+02 1.073683204062500377e-03
1.520000000000000000e+02 1.105639598435156088e-03
1.530000000000000000e+02 1.138090815000000018e-03
1.540000000000000000e+02 1.170977460937500537e-03
1.550000000000000000e+02 1.204265870312499521e-03
1.560000000000000000e+02 1.237891841406251392e-03
1.570000000000000000e+02 1.271817718749999144e-03
1.580000000000000000e+02 1.305977007812500913e-03
1.590000000000000000e+02 1.340318335937499888e-03
1.600000000000000000e+02 1.374782093749998824e-03
1.610000000000000000e+02 1.409306382812499725e-03
1.620000000000000000e+02 1.443838882812500208e-03
1.630000000000000000e+02 1.478310992187500169e-03
1.640000000000000000e+02 1.512663281250000097e-03
1.650000000000000000e+02 1.546828484375000271e-03
1.660000000000000000e+02 1.580745531249999006e-03
1.670000000000000000e+02 1.614345890624998984e-03
1.680000000000000000e+02 1.647565046874999682e-03
1.690000000000000000e+02 1.680343335937499547e-03
1.700000000000000000e+02 1.712618093750000120e-03
1.710000000000000000e+02 1.744315210937501378e-03
1.720000000000000000e+02 1.775379750000000579e-03
1.730000000000000000e+02 1.805747565624999870e-03
1.740000000000000000e+02 1.835361482031249748e-03
1.750000000000000000e+02 1.864163760937500355e-03
1.760000000000000000e+02 1.892089022656250367e-03
1.770000000000000000e+02 1.919079941406250664e-03
1.780000000000000000e+02 1.945096760156250553e-03
1.790000000000000000e+02 1.970076546718750425e-03
1.800000000000000000e+02 1.993980695156248335e-03
1.810000000000000000e+02 2.016752722968750532e-03
1.820000000000000000e+02 2.038356144531250531e-03
1.830000000000000000e+02 2.058753615625001469e-03
1.840000000000000000e+02 2.077909367187500203e-03
1.850000000000000000e+02 2.095788874999999878e-03
1.860000000000000000e+02 2.112370440624998427e-03
1.870000000000000000e+02 2.127625448437499549e-03
1.880000000000000000e+02 2.141535812499999539e-03
1.890000000000000000e+02 2.154087515625000438e-03
1.900000000000000000e+02 2.165270867187500583e-03
1.910000000000000000e+02 2.175080156249998425e-03
1.920000000000000000e+02 2.183517742187500096e-03
1.930000000000000000e+02 2.190591398437499119e-03
1.940000000000000000e+02 2.196308773437499924e-03
1.950000000000000000e+02 2.200686617187500201e-03
1.960000000000000000e+02 2.203753273437498474e-03
1.970000000000000000e+02 2.205523078125001292e-03
1.980000000000000000e+02 2.206042796875001388e-03
1.990000000000000000e+02 2.205352828124999397e-03
2.000000000000000000e+02 2.203500570312500947e-03
2.010000000000000000e+02 2.200524609375000256e-03
2.020000000000000000e+02 2.196500570312500452e-03
2.030000000000000000e+02 2.191481382812499479e-03
2.040000000000000000e+02 2.185543390624999655e-03
2.050000000000000000e+02 2.178764703125000198e-03
2.060000000000000000e+02 2.171229406250002169e-03
2.070000000000000000e+02 2.163015445312499452e-03
2.080000000000000000e+02 2.154238757812499978e-03
2.090000000000000000e+02 2.144984450781250388e-03
2.100000000000000000e+02 2.135364021093749849e-03
2.110000000000000000e+02 2.125492581249998313e-03
2.120000000000000000e+02 2.115482510937501202e-03
2.130000000000000000e+02 2.105464451562499232e-03
2.140000000000000000e+02 2.095569145312500998e-03
2.150000000000000000e+02 2.085914369531250562e-03
2.160000000000000000e+02 2.076652162499998712e-03
2.170000000000000000e+02 2.067917560156249789e-03
2.180000000000000000e+02 2.059857041171876246e-03
2.190000000000000000e+02 2.052622357812500589e-03
2.200000000000000000e+02 2.046366500781250219e-03
2.210000000000000000e+02 2.041236127343750220e-03
2.220000000000000000e+02 2.037398767968749518e-03
2.230000000000000000e+02 2.035003630468749762e-03
2.240000000000000000e+02 2.034219335156249413e-03
2.250000000000000000e+02 2.035202930468749637e-03
2.260000000000000000e+02 2.038114984375000074e-03
2.270000000000000000e+02 2.043119099218750328e-03
2.280000000000000000e+02 2.050374522656249216e-03
2.290000000000000000e+02 2.060038439062500479e-03
2.300000000000000000e+02 2.072277064062499636e-03
2.310000000000000000e+02 2.087232439062500396e-03
2.320000000000000000e+02 2.105060335156249286e-03
2.330000000000000000e+02 2.125916168749999915e-03
2.340000000000000000e+02 2.149937110156250643e-03
2.350000000000000000e+02 2.177265676562499443e-03
2.360000000000000000e+02 2.208035590624999548e-03
2.370000000000000000e+02 2.242374112499999871e-03
2.380000000000000000e+02 2.280405143750000290e-03
2.390000000000000000e+02 2.322235185156251193e-03
2.400000000000000000e+02 2.367982002812498744e-03
2.410000000000000000e+02 2.417731713281249389e-03
2.420000000000000000e+02 2.471594139062500365e-03
2.430000000000000000e+02 2.529630159374997734e-03
2.440000000000000000e+02 2.591922610156250154e-03
2.450000000000000000e+02 2.658534552343750756e-03
2.460000000000000000e+02 2.729515957031250755e-03
2.470000000000000000e+02 2.804902985937499788e-03
2.480000000000000000e+02 2.884730187734374767e-03
2.490000000000000000e+02 2.969014939843750422e-03
2.500000000000000000e+02 3.057777678125000401e-03
2.510000000000000000e+02 3.150998199999999107e-03
2.520000000000000000e+02 3.248679811718749484e-03
2.530000000000000000e+02 3.350777953125001329e-03
2.540000000000000000e+02 3.457266632812498221e-03
2.550000000000000000e+02 3.568098906250000407e-03
2.560000000000000000e+02 3.683210570312498745e-03
2.570000000000000000e+02 3.802530210937499384e-03
2.580000000000000000e+02 3.925981898437500874e-03
2.590000000000000000e+02 4.053463578125000334e-03
2.600000000000000000e+02 4.184880109375000573e-03
2.610000000000000000e+02 4.320119070312500482e-03
2.620000000000000000e+02 4.459050304687500917e-03
2.630000000000000000e+02 4.601560421874997808e-03
2.640000000000000000e+02 4.747479609375000742e-03
2.650000000000000000e+02 4.896695820312498872e-03
2.660000000000000000e+02 5.049030081250001009e-03
2.670000000000000000e+02 5.204334467187501055e-03
2.680000000000000000e+02 5.362440218749997718e-03
2.690000000000000000e+02 5.523146093749997827e-03
2.700000000000000000e+02 5.686338960937501429e-03
2.710000000000000000e+02 5.851755156249996599e-03
2.720000000000000000e+02 6.019272210937500964e-03
2.730000000000000000e+02 6.188690031249999279e-03
2.740000000000000000e+02 6.359798867187499601e-03
2.750000000000000000e+02 6.532425796874999704e-03
2.760000000000000000e+02 6.706355570312500132e-03
2.770000000000000000e+02 6.881464476562498128e-03
2.780000000000000000e+02 7.057491343749998890e-03
2.790000000000000000e+02 7.234276515624995380e-03
2.800000000000000000e+02 7.411682789062502136e-03
2.810000000000000000e+02 7.589476515624999677e-03
2.820000000000000000e+02 7.767465546874998718e-03
2.830000000000000000e+02 7.945532289062499573e-03
2.840000000000000000e+02 8.123435601562497763e-03
2.850000000000000000e+02 8.301118351562501024e-03
2.860000000000000000e+02 8.478329898437499471e-03
2.870000000000000000e+02 8.654993695312501734e-03
2.880000000000000000e+02 8.830930093749998072e-03
2.890000000000000000e+02 9.006040703125002544e-03
2.900000000000000000e+02 9.180109732031250386e-03
2.910000000000000000e+02 9.353090717968748358e-03
2.920000000000000000e+02 9.524932846874995321e-03
2.930000000000000000e+02 9.695394359375003254e-03
2.940000000000000000e+02 9.864426734374995634e-03
2.950000000000000000e+02 1.003195942968749740e-02
2.960000000000000000e+02 1.019795925445312820e-02
2.970000000000000000e+02 1.036226404921874490e-02
2.980000000000000000e+02 1.052486389843749863e-02
2.990000000000000000e+02 1.068563846093749728e-02
3.000000000000000000e+02 1.084458064218750233e-02
3.010000000000000000e+02 1.100163694374999869e-02
3.020000000000000000e+02 1.115674990156249706e-02
3.030000000000000000e+02 1.130990862499999493e-02
3.040000000000000000e+02 1.146099435156249999e-02
3.050000000000000000e+02 1.161005496093749957e-02
3.060000000000000000e+02 1.175707695312500252e-02
3.070000000000000000e+02 1.190194840624999792e-02
3.080000000000000000e+02 1.204467731249999653e-02
3.090000000000000000e+02 1.218529464843750437e-02
3.100000000000000000e+02 1.232371464062500047e-02
3.110000000000000000e+02 1.245996960156249729e-02
3.120000000000000000e+02 1.259395647656250290e-02
3.130000000000000000e+02 1.272565917968749433e-02
3.140000000000000000e+02 1.285505726562500076e-02
3.150000000000000000e+02 1.298223085937500083e-02
3.160000000000000000e+02 1.310698600000000970e-02
3.170000000000000000e+02 1.322932437500000391e-02
3.180000000000000000e+02 1.334928515624999798e-02
3.190000000000000000e+02 1.346665929687500957e-02
3.200000000000000000e+02 1.358151140624999469e-02
3.210000000000000000e+02 1.369371984375000913e-02
3.220000000000000000e+02 1.380316687499999473e-02
3.230000000000000000e+02 1.390998289062500559e-02
3.240000000000000000e+02 1.401380218750000045e-02
3.250000000000000000e+02 1.411474539062499735e-02
3.260000000000000000e+02 1.421258585937499631e-02
3.270000000000000000e+02 1.430728882812499526e-02
3.280000000000000000e+02 1.439865000000000936e-02
3.290000000000000000e+02 1.448662679687500246e-02
3.300000000000000000e+02 1.457105648437499387e-02
3.310000000000000000e+02 1.465181921875000071e-02
3.320000000000000000e+02 1.472876749999999478e-02
3.330000000000000000e+02 1.480172562499999095e-02
3.340000000000000000e+02 1.487057812499999881e-02
3.350000000000000000e+02 1.493513046874999153e-02
3.360000000000000000e+02 1.499525546875000656e-02
3.370000000000000000e+02 1.505070546874999818e-02
3.380000000000000000e+02 1.510142421875000293e-02
3.390000000000000000e+02 1.514713281250000196e-02
3.400000000000000000e+02 1.518782609375000231e-02
3.410000000000000000e+02 1.522313140624999284e-02
3.420000000000000000e+02 1.525300406249999879e-02
3.430000000000000000e+02 1.527727710937500441e-02
3.440000000000000000e+02 1.529573398437499704e-02
3.450000000000000000e+02 1.530830281249999543e-02
3.460000000000000000e+02 1.531470609375000166e-02
3.470000000000000000e+02 1.531494273437499463e-02
3.480000000000000000e+02 1.530873687499999768e-02
3.490000000000000000e+02 1.529610281249999676e-02
3.500000000000000000e+02 1.527687226562500153e-02
3.510000000000000000e+02 1.525090375000000276e-02
3.520000000000000000e+02 1.521822851562500481e-02
3.530000000000000000e+02 1.517862718750000520e-02
3.540000000000000000e+02 1.513215023437498689e-02
3.550000000000000000e+02 1.507870132812500104e-02
3.560000000000000000e+02 1.501830759375000386e-02
3.570000000000000000e+02 1.495094449218749982e-02
3.580000000000000000e+02 1.487665161718750365e-02
3.590000000000000000e+02 1.479535703906250180e-02
3.600000000000000000e+02 1.470726075781250176e-02
3.610000000000000000e+02 1.461234757812500049e-02
3.620000000000000000e+02 1.451077275781250363e-02
3.630000000000000000e+02 1.440260501562498976e-02
3.640000000000000000e+02 1.428792951562500232e-02
3.650000000000000000e+02 1.416711227343749741e-02
3.660000000000000000e+02 1.404011698437499650e-02
3.670000000000000000e+02 1.390739506249999945e-02
3.680000000000000000e+02 1.376896676562499797e-02
3.690000000000000000e+02 1.362517847656251162e-02
3.700000000000000000e+02 1.347631788281250173e-02
3.710000000000000000e+02 1.332269902343750576e-02
3.720000000000000000e+02 1.316466889843749197e-02
3.730000000000000000e+02 1.300254357031250391e-02
3.740000000000000000e+02 1.283675219531250217e-02
3.750000000000000000e+02 1.266765353125000326e-02
3.760000000000000000e+02 1.249573813984375913e-02
3.770000000000000000e+02 1.232142990625000913e-02
3.780000000000000000e+02 1.214518258203123834e-02
3.790000000000000000e+02 1.196747597734375279e-02
3.800000000000000000e+02 1.178888580468750308e-02
3.810000000000000000e+02 1.160978774218749537e-02
3.820000000000000000e+02 1.143079358593749803e-02
3.830000000000000000e+02 1.125239271875000564e-02
3.840000000000000000e+02 1.107512624999999404e-02
3.850000000000000000e+02 1.089945656250000498e-02
3.860000000000000000e+02 1.072604093749999002e-02
3.870000000000000000e+02 1.055529812500000629e-02
3.880000000000000000e+02 1.038770824999999884e-02
3.890000000000000000e+02 1.022385123437500112e-02
3.900000000000000000e+02 1.006416522343750106e-02
3.910000000000000000e+02 9.909215258593742637e-03
3.920000000000000000e+02 9.759395234375000880e-03
3.930000000000000000e+02 9.615256867187508411e-03
3.940000000000000000e+02 9.477314531249990751e-03
3.950000000000000000e+02 9.345942265625005810e-03
3.960000000000000000e+02 9.221780390624999962e-03
3.970000000000000000e+02 9.105268593749993311e-03
3.980000000000000000e+02 8.996912499999993804e-03
3.990000000000000000e+02 8.897294140625004732e-03
4.000000000000000000e+02 8.806911171874992270e-03
4.010000000000000000e+02 8.726369531250001768e-03
4.020000000000000000e+02 8.656172656250002428e-03
4.030000000000000000e+02 8.596952343749991732e-03
4.040000000000000000e+02 8.549194531249998397e-03
4.050000000000000000e+02 8.513510156249999225e-03
4.060000000000000000e+02 8.490303124999994122e-03
4.070000000000000000e+02 8.480117968749999180e-03
4.080000000000000000e+02 8.483331250000000073e-03
4.090000000000000000e+02 8.500357031250000903e-03
4.100000000000000000e+02 8.531396093750002671e-03
4.110000000000000000e+02 8.576758593750004322e-03
4.120000000000000000e+02 8.636482812500002187e-03
4.130000000000000000e+02 8.710609375000007842e-03
4.140000000000000000e+02 8.799103125000000761e-03
4.150000000000000000e+02 8.901800000000001378e-03
4.160000000000000000e+02 9.018503124999998830e-03
4.170000000000000000e+02 9.148842187500005885e-03
4.180000000000000000e+02 9.292421874999996431e-03
4.190000000000000000e+02 9.448789843750002998e-03
4.200000000000000000e+02 9.617437500000007924e-03
4.210000000000000000e+02 9.797724218749997993e-03
4.220000000000000000e+02 9.988853125000009270e-03
4.230000000000000000e+02 1.019017734374999887e-02
4.240000000000000000e+02 1.040088671875000204e-02
4.250000000000000000e+02 1.061995078124999305e-02
4.260000000000000000e+02 1.084646328124999441e-02
4.270000000000000000e+02 1.107935546875000489e-02
4.280000000000000000e+02 1.131731093749999660e-02
4.290000000000000000e+02 1.155917499999999966e-02
4.300000000000000000e+02 1.180347109374999502e-02
4.310000000000000000e+02 1.204867812499999490e-02
4.320000000000000000e+02 1.229322187500000128e-02
4.330000000000000000e+02 1.253540078125000255e-02
4.340000000000000000e+02 1.277335624999999773e-02
4.350000000000000000e+02 1.300525078125000164e-02
4.360000000000000000e+02 1.322919140625000538e-02
4.370000000000000000e+02 1.344322734374999925e-02
4.380000000000000000e+02 1.364535156249999277e-02
4.390000000000000000e+02 1.383372578125000377e-02
4.400000000000000000e+02 1.400640859374999853e-02
4.410000000000000000e+02 1.416165937499999812e-02
4.420000000000000000e+02 1.429778593749999639e-02
4.430000000000000000e+02 1.441320781250000210e-02
4.440000000000000000e+02 1.450657656249999816e-02
4.450000000000000000e+02 1.457657968750001101e-02
4.460000000000000000e+02 1.462210937500000099e-02
4.470000000000000000e+02 1.464228828125000402e-02
4.480000000000000000e+02 1.463641328124999814e-02
4.490000000000000000e+02 1.460384374999999270e-02
4.500000000000000000e+02 1.454413203124999866e-02
4.510000000000000000e+02 1.445707109374999404e-02
4.520000000000000000e+02 1.434251562500000327e-02
4.530000000000000000e+02 1.420052031250000103e-02
4.540000000000000000e+02 1.403136796874999634e-02
4.550000000000000000e+02 1.383526015624999932e-02
4.560000000000000000e+02 1.361276562500000030e-02
4.570000000000000000e+02 1.336448281249999828e-02
4.580000000000000000e+02 1.309125421875000778e-02
4.590000000000000000e+02 1.279412351562500029e-02
4.600000000000000000e+02 1.247425609375000383e-02
4.610000000000000000e+02 1.213319507812500413e-02
4.620000000000000000e+02 1.177259742187499597e-02
4.630000000000000000e+02 1.139451382812499934e-02
4.640000000000000000e+02 1.100120583593750846e-02
4.650000000000000000e+02 1.059524194531250192e-02
4.660000000000000000e+02 1.017947861718749777e-02
4.670000000000000000e+02 9.757074593750003286e-03
4.680000000000000000e+02 9.331440390625002704e-03
4.690000000000000000e+02 8.906194324218746558e-03
4.700000000000000000e+02 8.485175726875000476e-03
4.710000000000000000e+02 8.072364916406251506e-03
4.720000000000000000e+02 7.671823968749999847e-03
4.730000000000000000e+02 7.287725882812499424e-03
4.740000000000000000e+02 6.924121921874995707e-03
4.750000000000000000e+02 6.585122679687498669e-03
4.760000000000000000e+02 6.274601359375001422e-03
4.770000000000000000e+02 5.996297132812502574e-03
4.780000000000000000e+02 5.753782996875000770e-03
4.790000000000000000e+02 5.550224042968752991e-03
4.800000000000000000e+02 5.388599835937498035e-03
4.810000000000000000e+02 5.271440664062499067e-03
4.820000000000000000e+02 5.200879749999999871e-03
4.830000000000000000e+02 5.178593281250001151e-03
4.840000000000000000e+02 5.205811015625001585e-03
4.850000000000000000e+02 5.283167109375000448e-03
4.860000000000000000e+02 5.410772968749999814e-03
4.870000000000000000e+02 5.588212656250000042e-03
4.880000000000000000e+02 5.814274453124997945e-03
4.890000000000000000e+02 6.087334921874998014e-03
4.900000000000000000e+02 6.405065468750000338e-03
4.910000000000000000e+02 6.764591640624996981e-03
4.920000000000000000e+02 7.162634765624999351e-03
4.930000000000000000e+02 7.595531718749999606e-03
4.940000000000000000e+02 8.059581562499999394e-03
4.950000000000000000e+02 8.551179687499995200e-03
4.960000000000000000e+02 9.067253906250002937e-03
4.970000000000000000e+02 9.605716406249993969e-03
4.980000000000000000e+02 1.016608515624999216e-02
4.990000000000000000e+02 1.075022500000000387e-02
5.000000000000000000e+02 1.136349843749999595e-02
5.010000000000000000e+02 1.201586796874999988e-02
5.020000000000000000e+02 1.272377578125000706e-02
5.030000000000000000e+02 1.351229609374999564e-02
5.040000000000000000e+02 1.441792343749999719e-02
5.050000000000000000e+02 1.549212500000000069e-02
5.060000000000000000e+02 1.680640703125000149e-02
5.070000000000000000e+02 1.845784609375000426e-02
5.080000000000000000e+02 2.057728906249999684e-02
5.090000000000000000e+02 2.333893046875000488e-02
5.100000000000000000e+02 2.697312343750001007e-02
5.110000000000000000e+02 3.178207968749999918e-02
