0.000000000000000000e+00 4.157050390624999711e-04
1.000000000000000000e+00 4.148976875000000264e-04
2.000000000000000000e+00 4.132904765625000426e-04
3.000000000000000000e+00 4.108868359374997863e-04
4.000000000000000000e+00 4.077051562499997691e-04
5.000000000000000000e+00 4.037553828124999604e-04
6.000000000000000000e+00 3.990644843749999345e-04
7.000000000000000000e+00 3.936494140624999835e-04
8.000000000000000000e+00 3.875466406250000482e-04
9.000000000000000000e+00 3.807789765625001015e-04
1.000000000000000000e+01 3.733898828125001442e-04
1.100000000000000000e+01 3.654107265625001458e-04
1.200000000000000000e+01 3.568858749999999553e-04
1.300000000000000000e+01 3.478592187499999979e-04
1.400000000000000000e+01 3.383754062499999744e-04
1.500000000000000000e+01 3.284840234374999685e-04
1.600000000000000000e+01 3.182357968750000599e-04
1.700000000000000000e+01 3.076828671875000715e-04
1.800000000000000000e+01 2.968793671874999165e-04
1.900000000000000000e+01 2.858794921874999628e-04
2.000000000000000000e+01 2.747400781250000559e-04
2.100000000000000000e+01 2.635169765625000170e-04
2.200000000000000000e+01 2.522654296874999344e-04
2.300000000000000000e+01 2.410442968749999977e-04
2.400000000000000000e+01 2.299083828125000374e-04
2.500000000000000000e+01 2.189132734374999605e-04
2.600000000000000000e+01 2.081134140625000035e-04
2.700000000000000000e+01 1.975614843750000038e-04
2.800000000000000000e+01 1.873099687499999561e-04
2.900000000000000000e+01 1.774091796875000224e-04
3.000000000000000000e+01 1.679059375000000614e-04
3.100000000000000000e+01 1.588452343749999457e-04
3.200000000000000000e+01 1.502700312500000474e-04
3.300000000000000000e+01 1.422210156250000113e-04
3.400000000000000000e+01 1.347343671874999841e-04
3.500000000000000000e+01 1.278442265624999937e-04
3.600000000000000000e+01 1.215809632812499573e-04
3.700000000000000000e+01 1.159703296874999999e-04
3.800000000000000000e+01 1.110361304687500331e-04
3.900000000000000000e+01 1.067977187500000156e-04
4.000000000000000000e+01 1.032696576562500455e-04
4.100000000000000000e+01 1.004641664843749843e-04
4.200000000000000000e+01 9.838734717968751042e-05
4.300000000000000000e+01 9.704381484374999570e-05
4.400000000000000000e+01 9.643151023437497257e-05
4.500000000000000000e+01 9.654641650781251310e-05
4.600000000000000000e+01 9.737926953124997052e-05
4.700000000000000000e+01 9.891710624999997025e-05
4.800000000000000000e+01 1.011435304687500119e-04
4.900000000000000000e+01 1.040376992187499913e-04
5.000000000000000000e+01 1.075760703124999508e-04
5.100000000000000000e+01 1.117304921875000146e-04
5.200000000000000000e+01 1.164702265625000175e-04
5.300000000000000000e+01 1.217615703125000270e-04
5.400000000000000000e+01 1.275670390624999051e-04
5.500000000000000000e+01 1.338477343750000008e-04
5.600000000000000000e+01 1.405608593750000857e-04
5.700000000000000000e+01 1.476622812499999435e-04
5.800000000000000000e+01 1.551056562500000068e-04
5.900000000000000000e+01 1.628433671875000228e-04
6.000000000000000000e+01 1.708250468750000211e-04
6.100000000000000000e+01 1.790011250000000454e-04
6.200000000000000000e+01 1.873201250000000313e-04
6.300000000000000000e+01 1.957298515624999948e-04
6.400000000000000000e+01 2.041781875000000190e-04
6.500000000000000000e+01 2.126135390624999929e-04
6.600000000000000000e+01 2.209838750000000086e-04
6.700000000000000000e+01 2.292390078124999740e-04
6.800000000000000000e+01 2.373287890624999118e-04
6.900000000000000000e+01 2.452040312499999893e-04
7.000000000000000000e+01 2.528198203124998864e-04
7.100000000000000000e+01 2.601299140625000636e-04
7.200000000000000000e+01 2.670911796874999677e-04
7.300000000000000000e+01 2.736653281250000743e-04
7.400000000000000000e+01 2.798137031249999136e-04
7.500000000000000000e+01 2.855011562499999885e-04
7.600000000000000000e+01 2.906986015624999416e-04
7.700000000000000000e+01 2.953760703124999349e-04
7.800000000000000000e+01 2.995101015625001198e-04
7.900000000000000000e+01 3.030814218750000700e-04
8.000000000000000000e+01 3.060719999999998980e-04
8.100000000000000000e+01 3.084702734374999977e-04
8.200000000000000000e+01 3.102691718749999708e-04
8.300000000000000000e+01 3.114637890625000143e-04
8.400000000000000000e+01 3.120552921875000994e-04
8.500000000000000000e+01 3.120494648437499249e-04
8.600000000000000000e+01 3.114554656250000152e-04
8.700000000000000000e+01 3.102879390625000347e-04
8.800000000000000000e+01 3.085664296875000718e-04
8.900000000000000000e+01 3.063136578125000070e-04
9.000000000000000000e+01 3.035569945312500159e-04
9.100000000000000000e+01 3.003304161718749763e-04
9.200000000000000000e+01 2.966686428124998840e-04
9.300000000000000000e+01 2.926138305312501087e-04
9.400000000000000000e+01 2.882098540624999667e-04
9.500000000000000000e+01 2.835060594531249242e-04
9.600000000000000000e+01 2.785534576015625055e-04
9.700000000000000000e+01 2.734091757812499726e-04
9.800000000000000000e+01 2.681321601562499431e-04
9.900000000000000000e+01 2.627837203125000707e-04
1.000000000000000000e+02 2.574301812499999332e-04
1.010000000000000000e+02 2.521378992187500679e-04
1.020000000000000000e+02 2.469768640624999236e-04
1.030000000000000000e+02 2.420182687500000503e-04
1.040000000000000000e+02 2.373371328124999381e-04
1.050000000000000000e+02 2.330068906250000579e-04
1.060000000000000000e+02 2.291028359375000916e-04
1.070000000000000000e+02 2.257020703125000595e-04
1.080000000000000000e+02 2.228821171874999772e-04
1.090000000000000000e+02 2.207193203125000741e-04
1.100000000000000000e+02 2.192898125000000676e-04
1.110000000000000000e+02 2.186704609375000202e-04
1.120000000000000000e+02 2.189354375000000037e-04
1.130000000000000000e+02 2.201593671875000141e-04
1.140000000000000000e+02 2.224134843749999346e-04
1.150000000000000000e+02 2.257683828124998229e-04
1.160000000000000000e+02 2.302922812500000655e-04
1.170000000000000000e+02 2.360497343750000228e-04
1.180000000000000000e+02 2.431036757812500982e-04
1.190000000000000000e+02 2.515136078125000132e-04
1.200000000000000000e+02 2.613347617187499264e-04
1.210000000000000000e+02 2.726190960937500225e-04
1.220000000000000000e+02 2.854149148437500733e-04
1.230000000000000000e+02 2.997662989062501501e-04
1.240000000000000000e+02 3.157117385937499490e-04
1.250000000000000000e+02 3.332870137500000356e-04
1.260000000000000000e+02 3.525216156250001506e-04
1.270000000000000000e+02 3.734407710937498893e-04
1.280000000000000000e+02 3.960635890624998883e-04
1.290000000000000000e+02 4.204049242187501241e-04
1.300000000000000000e+02 4.464744921874998847e-04
1.310000000000000000e+02 4.742756796874998270e-04
1.320000000000000000e+02 5.038054140624998551e-04
1.330000000000000000e+02 5.350573203125000721e-04
1.340000000000000000e+02 5.680171328125000179e-04
1.350000000000000000e+02 6.026681718750003403e-04
1.360000000000000000e+02 6.389892421874999442e-04
1.370000000000000000e+02 6.769409296874994092e-04
1.380000000000000000e+02 7.164953515625002928e-04
1.390000000000000000e+02 7.576117890625000666e-04
1.400000000000000000e+02 8.002415234375000880e-04
1.410000000000000000e+02 8.443319687500003886e-04
1.420000000000000000e+02 8.898324218750001176e-04
1.430000000000000000e+02 9.366788124999999307e-04
1.440000000000000000e+02 9.848074140625000857e-04
1.450000000000000000e+02 1.034142874999999370e-03
1.460000000000000000e+02 1.084616203124999945e-03
1.470000000000000000e+02 1.136145390624999875e-03
1.480000000000000000e+02 1.188650015624999855e-03
1.490000000000000000e+02 1.242041437499999922e-03
1.500000000000000000e+02 1.296237375000000233e-03
1.510000000000000000e+02 1.351141264843749076e-03
1.520000000000000000e+02 1.406655843750000134e-03
1.530000000000000000e+02 1.462682135156250429e-03
1.540000000000000000e+02 1.519129004687500744e-03
1.550000000000000000e+02 1.575892867187500372e-03
1.560000000000000000e+02 1.632860265625000161e-03
1.570000000000000000e+02 1.689940414062500451e-03
1.580000000000000000e+02 1.747019265624999906e-03
1.590000000000000000e+02 1.803996320312501117e-03
1.600000000000000000e+02 1.860765554687500477e-03
1.610000000000000000e+02 1.917218039062500027e-03
1.620000000000000000e+02 1.973249828124999401e-03
1.630000000000000000e+02 2.028759031249999754e-03
1.640000000000000000e+02 2.083640765624999915e-03
1.650000000000000000e+02 2.137789117187499904e-03
1.660000000000000000e+02 2.191101617187501613e-03
1.670000000000000000e+02 2.243490328124999721e-03
1.680000000000000000e+02 2.294853421874999255e-03
1.690000000000000000e+02 2.345095195312501147e-03
1.700000000000000000e+02 2.394130453125001886e-03
1.710000000000000000e+02 2.441860562499999394e-03
1.720000000000000000e+02 2.488212671875000143e-03
1.730000000000000000e+02 2.533107046875000129e-03
1.740000000000000000e+02 2.576451867187499762e-03
1.750000000000000000e+02 2.618196562500001590e-03
1.760000000000000000e+02 2.658261328125000132e-03
1.770000000000000000e+02 2.696587734375001637e-03
1.780000000000000000e+02 2.733119218749999451e-03
1.790000000000000000e+02 2.767803281249998221e-03
1.800000000000000000e+02 2.800589062499999563e-03
1.810000000000000000e+02 2.831443203125000221e-03
1.820000000000000000e+02 2.860331437500002617e-03
1.830000000000000000e+02 2.887219578124998725e-03
1.840000000000000000e+02 2.912103164062501085e-03
1.850000000000000000e+02 2.934947015624998507e-03
1.860000000000000000e+02 2.955760625000000089e-03
1.870000000000000000e+02 2.974530812500001276e-03
1.880000000000000000e+02 2.991271218750002261e-03
1.890000000000000000e+02 3.006001570312500249e-03
1.900000000000000000e+02 3.018741875000000539e-03
1.910000000000000000e+02 3.029526312499999669e-03
1.920000000000000000e+02 3.038389437499998316e-03
1.930000000000000000e+02 3.045380507812499825e-03
1.940000000000000000e+02 3.050543156250000963e-03
1.950000000000000000e+02 3.053979289062501434e-03
1.960000000000000000e+02 3.055718576562499803e-03
1.970000000000000000e+02 3.055857338281251032e-03
1.980000000000000000e+02 3.054493826562501308e-03
1.990000000000000000e+02 3.051723081250000327e-03
2.000000000000000000e+02 3.047651109374998387e-03
2.010000000000000000e+02 3.042378309374997071e-03
2.020000000000000000e+02 3.036054857812497086e-03
2.030000000000000000e+02 3.028789094531253098e-03
2.040000000000000000e+02 3.020743093750000597e-03
2.050000000000000000e+02 3.012035640625000676e-03
2.060000000000000000e+02 3.002814804687499277e-03
2.070000000000000000e+02 2.993284109375000078e-03
2.080000000000000000e+02 2.983579648437497366e-03
2.090000000000000000e+02 2.973868999999998777e-03
2.100000000000000000e+02 2.964366359375000207e-03
2.110000000000000000e+02 2.955203062499999964e-03
2.120000000000000000e+02 2.946615609374999764e-03
2.130000000000000000e+02 2.938768882812498474e-03
2.140000000000000000e+02 2.931831796875001075e-03
2.150000000000000000e+02 2.926068281249998970e-03
2.160000000000000000e+02 2.921603046874999155e-03
2.170000000000000000e+02 2.918679999999999018e-03
2.180000000000000000e+02 2.917463046875000757e-03
2.190000000000000000e+02 2.918177265624998223e-03
2.200000000000000000e+02 2.920994374999999477e-03
2.210000000000000000e+02 2.926105367187500916e-03
2.220000000000000000e+02 2.933704468750000273e-03
2.230000000000000000e+02 2.943965382812498057e-03
2.240000000000000000e+02 2.957044390625000480e-03
2.250000000000000000e+02 2.973126124999997313e-03
2.260000000000000000e+02 2.992349164062500181e-03
2.270000000000000000e+02 3.014860257812500798e-03
2.280000000000000000e+02 3.040799531249998265e-03
2.290000000000000000e+02 3.070291015625002760e-03
2.300000000000000000e+02 3.103424531249999313e-03
2.310000000000000000e+02 3.140303437499999441e-03
2.320000000000000000e+02 3.181002421875000260e-03
2.330000000000000000e+02 3.225583359375001728e-03
2.340000000000000000e+02 3.274120078125000981e-03
2.350000000000000000e+02 3.326634609374997699e-03
2.360000000000000000e+02 3.383102968750000602e-03
2.370000000000000000e+02 3.443559687499997152e-03
2.380000000000000000e+02 3.507957031250000333e-03
2.390000000000000000e+02 3.576269531250000130e-03
2.400000000000000000e+02 3.648427578125000657e-03
2.410000000000000000e+02 3.724375703124999451e-03
2.420000000000000000e+02 3.803999531250000770e-03
2.430000000000000000e+02 3.887150859374999354e-03
2.440000000000000000e+02 3.973749999999996382e-03
2.450000000000000000e+02 4.063629921875000842e-03
2.460000000000000000e+02 4.156627343749995894e-03
2.470000000000000000e+02 4.252558593750002322e-03
2.480000000000000000e+02 4.351225234374997072e-03
2.490000000000000000e+02 4.452423281250002945e-03
2.500000000000000000e+02 4.555955312499999389e-03
2.510000000000000000e+02 4.661561406250003085e-03
2.520000000000000000e+02 4.769025078125000913e-03
2.530000000000000000e+02 4.878074187499999506e-03
2.540000000000000000e+02 4.988500867187500507e-03
2.550000000000000000e+02 5.100007187499999185e-03
2.560000000000000000e+02 5.212386945312501296e-03
2.570000000000000000e+02 5.325341320312499543e-03
2.580000000000000000e+02 5.438617976562500761e-03
2.590000000000000000e+02 5.552014406249998132e-03
2.600000000000000000e+02 5.665272609374999088e-03
2.610000000000000000e+02 5.778126070312499495e-03
2.620000000000000000e+02 5.890346820312498781e-03
2.630000000000000000e+02 6.001800710937499686e-03
2.640000000000000000e+02 6.112213796875001770e-03
2.650000000000000000e+02 6.221453015625000478e-03
2.660000000000000000e+02 6.329333445312505108e-03
2.670000000000000000e+02 6.435738217187497029e-03
2.680000000000000000e+02 6.540530710937496502e-03
2.690000000000000000e+02 6.643604812500001310e-03
2.700000000000000000e+02 6.744904742187499309e-03
2.710000000000000000e+02 6.844401883593751942e-03
2.720000000000000000e+02 6.942106601562501172e-03
2.730000000000000000e+02 7.037897460937499530e-03
2.740000000000000000e+02 7.131952796875002179e-03
2.750000000000000000e+02 7.224310906249999803e-03
2.760000000000000000e+02 7.314978843750001916e-03
2.770000000000000000e+02 7.404257031250000877e-03
2.780000000000000000e+02 7.492061726562500648e-03
2.790000000000000000e+02 7.578759093749997365e-03
2.800000000000000000e+02 7.664543234375000534e-03
2.810000000000000000e+02 7.749545187500002548e-03
2.820000000000000000e+02 7.834112544531247196e-03
2.830000000000000000e+02 7.918500644843751504e-03
2.840000000000000000e+02 8.003048250781250386e-03
2.850000000000000000e+02 8.088046523437497984e-03
2.860000000000000000e+02 8.173879281249999199e-03
2.870000000000000000e+02 8.260871726562500628e-03
2.880000000000000000e+02 8.349402382812501008e-03
2.890000000000000000e+02 8.439892187499999088e-03
2.900000000000000000e+02 8.532746640625003473e-03
2.910000000000000000e+02 8.628322656249996087e-03
2.920000000000000000e+02 8.727053359374998751e-03
2.930000000000000000e+02 8.829383359374999921e-03
2.940000000000000000e+02 8.935622890625003270e-03
2.950000000000000000e+02 9.046280234375000603e-03
2.960000000000000000e+02 9.161659218749996364e-03
2.970000000000000000e+02 9.282157578125000211e-03
2.980000000000000000e+02 9.408155781249998365e-03
2.990000000000000000e+02 9.539944999999999328e-03
3.000000000000000000e+02 9.677941640624999897e-03
3.010000000000000000e+02 9.822311406250002624e-03
3.020000000000000000e+02 9.973378593749996843e-03
3.030000000000000000e+02 1.013136367187499574e-02
3.040000000000000000e+02 1.029646484375000212e-02
3.050000000000000000e+02 1.046887437499999934e-02
3.060000000000000000e+02 1.064867960937500302e-02
3.070000000000000000e+02 1.083590320312500209e-02
3.080000000000000000e+02 1.103065421875000160e-02
3.090000000000000000e+02 1.123290398437500753e-02
3.100000000000000000e+02 1.144252398437499950e-02
3.110000000000000000e+02 1.165952343749999606e-02
3.120000000000000000e+02 1.188368992187499584e-02
3.130000000000000000e+02 1.211480218750000601e-02
3.140000000000000000e+02 1.235265250000000536e-02
3.150000000000000000e+02 1.259690015624999847e-02
3.160000000000000000e+02 1.284716968749999993e-02
3.170000000000000000e+02 1.310310601562500281e-02
3.180000000000000000e+02 1.336421835156250022e-02
3.190000000000000000e+02 1.363003932812500291e-02
3.200000000000000000e+02 1.390007690624999945e-02
3.210000000000000000e+02 1.417358108593749257e-02
3.220000000000000000e+02 1.445005921874999329e-02
3.230000000000000000e+02 1.472877404687499697e-02
3.240000000000000000e+02 1.500902117187500467e-02
3.250000000000000000e+02 1.529022781250000303e-02
3.260000000000000000e+02 1.557136304687499993e-02
3.270000000000000000e+02 1.585172046875000032e-02
3.280000000000000000e+02 1.613058210937500653e-02
3.290000000000000000e+02 1.640696992187500036e-02
3.300000000000000000e+02 1.668007499999999560e-02
3.310000000000000000e+02 1.694905867187499263e-02
3.320000000000000000e+02 1.721299585937499307e-02
3.330000000000000000e+02 1.747097414062500145e-02
3.340000000000000000e+02 1.772218187500000652e-02
3.350000000000000000e+02 1.796571945312499391e-02
3.360000000000000000e+02 1.820063335937500970e-02
3.370000000000000000e+02 1.842622390625000064e-02
3.380000000000000000e+02 1.864147964062501384e-02
3.390000000000000000e+02 1.884565645312499468e-02
3.400000000000000000e+02 1.903794056250000463e-02
3.410000000000000000e+02 1.921756414843749788e-02
3.420000000000000000e+02 1.938378592109374701e-02
3.430000000000000000e+02 1.953595716406249586e-02
3.440000000000000000e+02 1.967338355468749300e-02
3.450000000000000000e+02 1.979544046093750093e-02
3.460000000000000000e+02 1.990163783593750652e-02
3.470000000000000000e+02 1.999139858593750388e-02
3.480000000000000000e+02 2.006433945312501368e-02
3.490000000000000000e+02 2.012004679687499908e-02
3.500000000000000000e+02 2.015811617187500751e-02
3.510000000000000000e+02 2.017833249999998607e-02
3.520000000000000000e+02 2.018055023437501788e-02
3.530000000000000000e+02 2.016455218750000389e-02
3.540000000000000000e+02 2.013024117187499698e-02
3.550000000000000000e+02 2.007758249999999980e-02
3.560000000000000000e+02 2.000670609375001380e-02
3.570000000000000000e+02 1.991766507812499712e-02
3.580000000000000000e+02 1.981066187500000672e-02
3.590000000000000000e+02 1.968595445312501177e-02
3.600000000000000000e+02 1.954379390624998158e-02
3.610000000000000000e+02 1.938458617187500954e-02
3.620000000000000000e+02 1.920872890624999649e-02
3.630000000000000000e+02 1.901669742187500622e-02
3.640000000000000000e+02 1.880907156249999462e-02
3.650000000000000000e+02 1.858654113281250908e-02
3.660000000000000000e+02 1.834958516406250476e-02
3.670000000000000000e+02 1.809915117968751222e-02
3.680000000000000000e+02 1.783583367187501281e-02
3.690000000000000000e+02 1.756069137499998919e-02
3.700000000000000000e+02 1.727458482031249756e-02
3.710000000000000000e+02 1.697839714843749764e-02
3.720000000000000000e+02 1.667325726562500846e-02
3.730000000000000000e+02 1.636020085937501048e-02
3.740000000000000000e+02 1.604037867187499064e-02
3.750000000000000000e+02 1.571490984374999955e-02
3.760000000000000000e+02 1.538506609374999841e-02
3.770000000000000000e+02 1.505199203125000100e-02
3.780000000000000000e+02 1.471685273437500947e-02
3.790000000000000000e+02 1.438094367187500201e-02
3.800000000000000000e+02 1.404540524999999505e-02
3.810000000000000000e+02 1.371141952343750067e-02
3.820000000000000000e+02 1.338010185937500707e-02
3.830000000000000000e+02 1.305262041171875026e-02
3.840000000000000000e+02 1.272993114062500458e-02
3.850000000000000000e+02 1.241307610156250352e-02
3.860000000000000000e+02 1.210299031249999734e-02
3.870000000000000000e+02 1.180069312500000092e-02
3.880000000000000000e+02 1.150695289062499474e-02
3.890000000000000000e+02 1.122269070312499790e-02
3.900000000000000000e+02 1.094874179687499796e-02
3.910000000000000000e+02 1.068591085937499983e-02
3.920000000000000000e+02 1.043502882812500157e-02
3.930000000000000000e+02 1.019695421874999841e-02
3.940000000000000000e+02 9.972473750000000400e-03
3.950000000000000000e+02 9.762466328124989878e-03
3.960000000000000000e+02 9.567654687499999727e-03
3.970000000000000000e+02 9.388984921874987330e-03
3.980000000000000000e+02 9.227275781250002251e-03
3.990000000000000000e+02 9.083277343749994459e-03
4.000000000000000000e+02 8.957793750000005162e-03
4.010000000000000000e+02 8.851479531249996022e-03
4.020000000000000000e+02 8.764974687500004871e-03
4.030000000000000000e+02 8.698833281250002020e-03
4.040000000000000000e+02 8.653554687500002174e-03
4.050000000000000000e+02 8.629406718750001412e-03
4.060000000000000000e+02 8.626687109374997844e-03
4.070000000000000000e+02 8.645520546874995230e-03
4.080000000000000000e+02 8.685880859374999971e-03
4.090000000000000000e+02 8.747775468749998187e-03
4.100000000000000000e+02 8.830934687499999991e-03
4.110000000000000000e+02 8.935159453125000872e-03
4.120000000000000000e+02 9.060152734374996714e-03
4.130000000000000000e+02 9.205480781249995512e-03
4.140000000000000000e+02 9.370681093750001314e-03
4.150000000000000000e+02 9.555346093750001837e-03
4.160000000000000000e+02 9.758888593749997370e-03
4.170000000000000000e+02 9.980834218750006884e-03
4.180000000000000000e+02 1.022053828124999848e-02
4.190000000000000000e+02 1.047734609375000625e-02
4.200000000000000000e+02 1.075058750000000042e-02
4.210000000000000000e+02 1.103942968750000302e-02
4.220000000000000000e+02 1.134307343749999669e-02
4.230000000000000000e+02 1.166050546875000739e-02
4.240000000000000000e+02 1.199063515625000027e-02
4.250000000000000000e+02 1.233224921875000421e-02
4.260000000000000000e+02 1.268394765624999802e-02
4.270000000000000000e+02 1.304423906250000431e-02
4.280000000000000000e+02 1.341135234374999860e-02
4.290000000000000000e+02 1.378349062499998820e-02
4.300000000000000000e+02 1.415861640625000126e-02
4.310000000000000000e+02 1.453461796875000350e-02
4.320000000000000000e+02 1.490921250000000475e-02
4.330000000000000000e+02 1.527990234374999867e-02
4.340000000000000000e+02 1.564434609375000076e-02
4.350000000000000000e+02 1.599992109375000110e-02
4.360000000000000000e+02 1.634409453125000924e-02
4.370000000000000000e+02 1.667426015625000577e-02
4.380000000000000000e+02 1.698791640624999766e-02
4.390000000000000000e+02 1.728249375000000948e-02
4.400000000000000000e+02 1.755560703124999650e-02
4.410000000000000000e+02 1.780482656250000420e-02
4.420000000000000000e+02 1.802785703124999694e-02
4.430000000000000000e+02 1.822259687500001057e-02
4.440000000000000000e+02 1.838688125000000062e-02
4.450000000000000000e+02 1.851868515625000947e-02
4.460000000000000000e+02 1.861621328125000543e-02
4.470000000000000000e+02 1.867765703125000287e-02
4.480000000000000000e+02 1.870142890624998042e-02
4.490000000000000000e+02 1.868593828124998774e-02
4.500000000000000000e+02 1.862988828124998927e-02
4.510000000000000000e+02 1.853218203124998992e-02
4.520000000000000000e+02 1.839174765625000221e-02
4.530000000000000000e+02 1.820810078124999315e-02
4.540000000000000000e+02 1.798081406249999945e-02
4.550000000000000000e+02 1.770993749999999478e-02
4.560000000000000000e+02 1.739591874999999246e-02
4.570000000000000000e+02 1.703962812500000798e-02
4.580000000000000000e+02 1.664240898437499908e-02
4.590000000000000000e+02 1.620613078125000134e-02
4.600000000000000000e+02 1.573308820312499870e-02
4.610000000000000000e+02 1.522621390625000098e-02
4.620000000000000000e+02 1.468874484375000053e-02
4.630000000000000000e+02 1.412456085937499779e-02
4.640000000000000000e+02 1.353789343750000027e-02
4.650000000000000000e+02 1.293336906250000355e-02
4.660000000000000000e+02 1.231592203124999042e-02
4.670000000000000000e+02 1.169079718750000441e-02
4.680000000000000000e+02 1.106349571875000007e-02
4.690000000000000000e+02 1.043947875781250229e-02
4.700000000000000000e+02 9.824495213281244158e-03
4.710000000000000000e+02 9.224211001562494447e-03
4.720000000000000000e+02 8.644215851562496097e-03
4.730000000000000000e+02 8.090148585937501774e-03
4.740000000000000000e+02 7.567279289062500171e-03
4.750000000000000000e+02 7.080727421874999546e-03
4.760000000000000000e+02 6.635201718749999915e-03
4.770000000000000000e+02 6.235192578124998906e-03
4.780000000000000000e+02 5.884443281249996868e-03
4.790000000000000000e+02 5.586265781250003039e-03
4.800000000000000000e+02 5.343158054687499083e-03
4.810000000000000000e+02 5.156966550781252011e-03
4.820000000000000000e+02 5.028484046093751811e-03
4.830000000000000000e+02 4.957561499999997220e-03
4.840000000000000000e+02 4.943045390624998571e-03
4.850000000000000000e+02 4.982560234375001638e-03
4.860000000000000000e+02 5.072657343749997598e-03
4.870000000000000000e+02 5.208772343749998486e-03
4.880000000000000000e+02 5.385223515624999041e-03
4.890000000000000000e+02 5.595369140625004040e-03
4.900000000000000000e+02 5.831609296875000896e-03
4.910000000000000000e+02 6.085691406250001365e-03
4.920000000000000000e+02 6.348796874999999840e-03
4.930000000000000000e+02 6.611691406250003525e-03
4.940000000000000000e+02 6.865153125000000509e-03
4.950000000000000000e+02 7.100104687499999949e-03
4.960000000000000000e+02 7.308015625000002444e-03
4.970000000000000000e+02 7.481353125000000416e-03
4.980000000000000000e+02 7.614066406250000717e-03
4.990000000000000000e+02 7.702365624999998016e-03
5.000000000000000000e+02 7.745482812499998419e-03
5.010000000000000000e+02 7.746951562500005960e-03
5.020000000000000000e+02 7.716252343749995316e-03
5.030000000000000000e+02 7.671226562499998576e-03
5.040000000000000000e+02 7.640710156249998393e-03
5.050000000000000000e+02 7.669281250000000751e-03
5.060000000000000000e+02 7.822751562500002490e-03
5.070000000000000000e+02 8.196091406249999753e-03
5.080000000000000000e+02 8.924115937500001067e-03
5.090000000000000000e+02 1.019608218750000204e-02
5.100000000000000000e+02 1.227481601562500392e-02
5.110000000000000000e+02 1.552268515624999519e-02
