0.000000000000000000e+00 6.339076171874999605e-04
1.000000000000000000e+00 6.329847656249999862e-04
2.000000000000000000e+00 6.311431718750002600e-04
3.000000000000000000e+00 6.283952578125000981e-04
4.000000000000000000e+00 6.247582656250000744e-04
5.000000000000000000e+00 6.202562812499999795e-04
6.000000000000000000e+00 6.149163828124997637e-04
7.000000000000000000e+00 6.087735312499998903e-04
8.000000000000000000e+00 6.018688281249999755e-04
9.000000000000000000e+00 5.942390156249998702e-04
1.000000000000000000e+01 5.859377421874999593e-04
1.100000000000000000e+01 5.770168906249999305e-04
1.200000000000000000e+01 5.675325390625002991e-04
1.300000000000000000e+01 5.575419085937498732e-04
1.400000000000000000e+01 5.471116109374998902e-04
1.500000000000000000e+01 5.363049546874999870e-04
1.600000000000000000e+01 5.251943398437499159e-04
1.700000000000000000e+01 5.138411914062495896e-04
1.800000000000000000e+01 5.023224765625001077e-04
1.900000000000000000e+01 4.907111273437499230e-04
2.000000000000000000e+01 4.790771015625001710e-04
2.100000000000000000e+01 4.674941007812500379e-04
2.200000000000000000e+01 4.560312936718751461e-04
2.300000000000000000e+01 4.447619432031247677e-04
2.400000000000000000e+01 4.337563992968751178e-04
2.500000000000000000e+01 4.230806609375001455e-04
2.600000000000000000e+01 4.128007742187500420e-04
2.700000000000000000e+01 4.029786960937499322e-04
2.800000000000000000e+01 3.936745562499999987e-04
2.900000000000000000e+01 3.849433579687501321e-04
3.000000000000000000e+01 3.768374468749999327e-04
3.100000000000000000e+01 3.694035449218751200e-04
3.200000000000000000e+01 3.626857351562499639e-04
3.300000000000000000e+01 3.567209914062499415e-04
3.400000000000000000e+01 3.515426953124998945e-04
3.500000000000000000e+01 3.471783203125000097e-04
3.600000000000000000e+01 3.436496953125001380e-04
3.700000000000000000e+01 3.409729921875000614e-04
3.800000000000000000e+01 3.391589218750001053e-04
3.900000000000000000e+01 3.382120312500000990e-04
4.000000000000000000e+01 3.381302734375000356e-04
4.100000000000000000e+01 3.389063828124998907e-04
4.200000000000000000e+01 3.405274921874997147e-04
4.300000000000000000e+01 3.429741562499998768e-04
4.400000000000000000e+01 3.462215703125002056e-04
4.500000000000000000e+01 3.502383437500000934e-04
4.600000000000000000e+01 3.549898515624998760e-04
4.700000000000000000e+01 3.604352343750000264e-04
4.800000000000000000e+01 3.665259453125000225e-04
4.900000000000000000e+01 3.732138515624997205e-04
5.000000000000000000e+01 3.804427187500000968e-04
5.100000000000000000e+01 3.881532578125001577e-04
5.200000000000000000e+01 3.962832343750000261e-04
5.300000000000000000e+01 4.047670703124999587e-04
5.400000000000000000e+01 4.135349375000000097e-04
5.500000000000000000e+01 4.225164531249999290e-04
5.600000000000000000e+01 4.316375703125002023e-04
5.700000000000000000e+01 4.408248906249997816e-04
5.800000000000000000e+01 4.500013593749998143e-04
5.900000000000000000e+01 4.590930468750001824e-04
6.000000000000000000e+01 4.680214999999998422e-04
6.100000000000000000e+01 4.767124609375000409e-04
6.200000000000000000e+01 4.850912968749999466e-04
6.300000000000000000e+01 4.930836796874998136e-04
6.400000000000000000e+01 5.006209531250000551e-04
6.500000000000000000e+01 5.076314062499999273e-04
6.600000000000000000e+01 5.140519078124999386e-04
6.700000000000000000e+01 5.198188312500000557e-04
6.800000000000000000e+01 5.248726296874999626e-04
6.900000000000000000e+01 5.291618328124998412e-04
7.000000000000000000e+01 5.326336742187501869e-04
7.100000000000000000e+01 5.352430343749999420e-04
7.200000000000000000e+01 5.369575906250000953e-04
7.300000000000000000e+01 5.377355039062498574e-04
7.400000000000000000e+01 5.375531984374996896e-04
7.500000000000000000e+01 5.363874382812498743e-04
7.600000000000000000e+01 5.342250570312500994e-04
7.700000000000000000e+01 5.310603382812499910e-04
7.800000000000000000e+01 5.268860414062500209e-04
7.900000000000000000e+01 5.217131640624998431e-04
8.000000000000000000e+01 5.155509367187501284e-04
8.100000000000000000e+01 5.084202765625002104e-04
8.200000000000000000e+01 5.003496281250000141e-04
8.300000000000000000e+01 4.913695992187501038e-04
8.400000000000000000e+01 4.815238146875001099e-04
8.500000000000000000e+01 4.708586957812498867e-04
8.600000000000000000e+01 4.594287280468749637e-04
8.700000000000000000e+01 4.472953071640623662e-04
8.800000000000000000e+01 4.345259004671873644e-04
8.900000000000000000e+01 4.211931579531250167e-04
9.000000000000000000e+01 4.073782601562499109e-04
9.100000000000000000e+01 3.931628300000001132e-04
9.200000000000000000e+01 3.786383034374999419e-04
9.300000000000000000e+01 3.638993484375001460e-04
9.400000000000000000e+01 3.490442203124999201e-04
9.500000000000000000e+01 3.341750546874999489e-04
9.600000000000000000e+01 3.193995096875000463e-04
9.700000000000000000e+01 3.048246070312501162e-04
9.800000000000000000e+01 2.905629726562500444e-04
9.900000000000000000e+01 2.767284132812498909e-04
1.000000000000000000e+02 2.634345656249999072e-04
1.010000000000000000e+02 2.507979593749999929e-04
1.020000000000000000e+02 2.389344679687500407e-04
1.030000000000000000e+02 2.279604640624999950e-04
1.040000000000000000e+02 2.179902552343749949e-04
1.050000000000000000e+02 2.091382371875000169e-04
1.060000000000000000e+02 2.015169187500000150e-04
1.070000000000000000e+02 1.952352359374999620e-04
1.080000000000000000e+02 1.904005085937500073e-04
1.090000000000000000e+02 1.871166484375000132e-04
1.100000000000000000e+02 1.854825781250000452e-04
1.110000000000000000e+02 1.855938906249999208e-04
1.120000000000000000e+02 1.875412421874999257e-04
1.130000000000000000e+02 1.914088210937501286e-04
1.140000000000000000e+02 1.972775750000000218e-04
1.150000000000000000e+02 2.052202992187499193e-04
1.160000000000000000e+02 2.153039183593749508e-04
1.170000000000000000e+02 2.275893914843750746e-04
1.180000000000000000e+02 2.421293804687499828e-04
1.190000000000000000e+02 2.589702554687500183e-04
1.200000000000000000e+02 2.781499062500001696e-04
1.210000000000000000e+02 2.996998828125000823e-04
1.220000000000000000e+02 3.236418617187498503e-04
1.230000000000000000e+02 3.499908671874999789e-04
1.240000000000000000e+02 3.787540328125000308e-04
1.250000000000000000e+02 4.099288624999999648e-04
1.260000000000000000e+02 4.435066828124999876e-04
1.270000000000000000e+02 4.794678439062500792e-04
1.280000000000000000e+02 5.177874525781250631e-04
1.290000000000000000e+02 5.584317275343747252e-04
1.300000000000000000e+02 6.013584635937499479e-04
1.310000000000000000e+02 6.465156879687501777e-04
1.320000000000000000e+02 6.938474024999996244e-04
1.330000000000000000e+02 7.432902710937499538e-04
1.340000000000000000e+02 7.947655964843750335e-04
1.350000000000000000e+02 8.482068250000005015e-04
1.360000000000000000e+02 9.035209045312505693e-04
1.370000000000000000e+02 9.606224304687501154e-04
1.380000000000000000e+02 1.019401836718749699e-03
1.390000000000000000e+02 1.079771337343749275e-03
1.400000000000000000e+02 1.141615092968750441e-03
1.410000000000000000e+02 1.204821830781250451e-03
1.420000000000000000e+02 1.269283709617186800e-03
1.430000000000000000e+02 1.334865543749998986e-03
1.440000000000000000e+02 1.401461926562499582e-03
1.450000000000000000e+02 1.468938009023437090e-03
1.460000000000000000e+02 1.537157609531250059e-03
1.470000000000000000e+02 1.606013691406249630e-03
1.480000000000000000e+02 1.675354300078125752e-03
1.490000000000000000e+02 1.745055883457812896e-03
1.500000000000000000e+02 1.814981150312500961e-03
1.510000000000000000e+02 1.885005407812500493e-03
1.520000000000000000e+02 1.954990901562500202e-03
1.530000000000000000e+02 2.024811669374999498e-03
1.540000000000000000e+02 2.094327434765625405e-03
1.550000000000000000e+02 2.163419288281249325e-03
1.560000000000000000e+02 2.231960921093748863e-03
1.570000000000000000e+02 2.299824271874999736e-03
1.580000000000000000e+02 2.366893357812500671e-03
1.590000000000000000e+02 2.433046470312499356e-03
1.600000000000000000e+02 2.498163904687500120e-03
1.610000000000000000e+02 2.562157523437500178e-03
1.620000000000000000e+02 2.624891906249999379e-03
1.630000000000000000e+02 2.686288437499998686e-03
1.640000000000000000e+02 2.746232398437499066e-03
1.650000000000000000e+02 2.804645335937499748e-03
1.660000000000000000e+02 2.861427874999999260e-03
1.670000000000000000e+02 2.916504093750000269e-03
1.680000000000000000e+02 2.969790679687500656e-03
1.690000000000000000e+02 3.021224843749998126e-03
1.700000000000000000e+02 3.070733679687500696e-03
1.710000000000000000e+02 3.118261492187498866e-03
1.720000000000000000e+02 3.163748234374999958e-03
1.730000000000000000e+02 3.207145703124998984e-03
1.740000000000000000e+02 3.248411406249999880e-03
1.750000000000000000e+02 3.287514218750002982e-03
1.760000000000000000e+02 3.324428046874997739e-03
1.770000000000000000e+02 3.359128281250000573e-03
1.780000000000000000e+02 3.391605312500001364e-03
1.790000000000000000e+02 3.421832265624997777e-03
1.800000000000000000e+02 3.449826562500001893e-03
1.810000000000000000e+02 3.475575624999999950e-03
1.820000000000000000e+02 3.499114921874998431e-03
1.830000000000000000e+02 3.520451015624999520e-03
1.840000000000000000e+02 3.539626484374998588e-03
1.850000000000000000e+02 3.556661328125000285e-03
1.860000000000000000e+02 3.571621328124999911e-03
1.870000000000000000e+02 3.584555703124999750e-03
1.880000000000000000e+02 3.595513515624999563e-03
1.890000000000000000e+02 3.604582187500000173e-03
1.900000000000000000e+02 3.611833984374997805e-03
1.910000000000000000e+02 3.617391250000000051e-03
1.920000000000000000e+02 3.621303046875000171e-03
1.930000000000000000e+02 3.623738828125000477e-03
1.940000000000000000e+02 3.624776484374999871e-03
1.950000000000000000e+02 3.624536249999999252e-03
1.960000000000000000e+02 3.623199187500000459e-03
1.970000000000000000e+02 3.620882664062501349e-03
1.980000000000000000e+02 3.617773624999997412e-03
1.990000000000000000e+02 3.614026179687500773e-03
2.000000000000000000e+02 3.609804914062500047e-03
2.010000000000000000e+02 3.605313664062499614e-03
2.020000000000000000e+02 3.600752578124997993e-03
2.030000000000000000e+02 3.596304945312499106e-03
2.040000000000000000e+02 3.592200039062500017e-03
2.050000000000000000e+02 3.588648835937499615e-03
2.060000000000000000e+02 3.585873023437500910e-03
2.070000000000000000e+02 3.584096828125000155e-03
2.080000000000000000e+02 3.583557261718750206e-03
2.090000000000000000e+02 3.584461255468749611e-03
2.100000000000000000e+02 3.587077632812500465e-03
2.110000000000000000e+02 3.591641440625000480e-03
2.120000000000000000e+02 3.598363248281250416e-03
2.130000000000000000e+02 3.607473868203124340e-03
2.140000000000000000e+02 3.619235043749999877e-03
2.150000000000000000e+02 3.633815930468749233e-03
2.160000000000000000e+02 3.651456424218750812e-03
2.170000000000000000e+02 3.672388804687501049e-03
2.180000000000000000e+02 3.696719648437497927e-03
2.190000000000000000e+02 3.724713914062501192e-03
2.200000000000000000e+02 3.756440015625000205e-03
2.210000000000000000e+02 3.792126703125000328e-03
2.220000000000000000e+02 3.831847765624999368e-03
2.230000000000000000e+02 3.875730531249998827e-03
2.240000000000000000e+02 3.923842054687499623e-03
2.250000000000000000e+02 3.976257015624997358e-03
2.260000000000000000e+02 4.032950085937499728e-03
2.270000000000000000e+02 4.093991562499997919e-03
2.280000000000000000e+02 4.159320734375001986e-03
2.290000000000000000e+02 4.228935687499996675e-03
2.300000000000000000e+02 4.302676015624998761e-03
2.310000000000000000e+02 4.380444732031250551e-03
2.320000000000000000e+02 4.462129877343747573e-03
2.330000000000000000e+02 4.547562885156250165e-03
2.340000000000000000e+02 4.636482132812502245e-03
2.350000000000000000e+02 4.728685109375000209e-03
2.360000000000000000e+02 4.823890656250001338e-03
2.370000000000000000e+02 4.921822968749998799e-03
2.380000000000000000e+02 5.022123117187500020e-03
2.390000000000000000e+02 5.124481187499997474e-03
2.400000000000000000e+02 5.228489531250000814e-03
2.410000000000000000e+02 5.333789921874996717e-03
2.420000000000000000e+02 5.439942031250003147e-03
2.430000000000000000e+02 5.546477109374998819e-03
2.440000000000000000e+02 5.652982109374995144e-03
2.450000000000000000e+02 5.759018437500000934e-03
2.460000000000000000e+02 5.864102968749998999e-03
2.470000000000000000e+02 5.967745390624998487e-03
2.480000000000000000e+02 6.069473046875000118e-03
2.490000000000000000e+02 6.168850156249999946e-03
2.500000000000000000e+02 6.265382890624999861e-03
2.510000000000000000e+02 6.358665781250000780e-03
2.520000000000000000e+02 6.448231718750003540e-03
2.530000000000000000e+02 6.533680937500000417e-03
2.540000000000000000e+02 6.614598437499999081e-03
2.550000000000000000e+02 6.690658671874998714e-03
2.560000000000000000e+02 6.761508750000000748e-03
2.570000000000000000e+02 6.826871640625004414e-03
2.580000000000000000e+02 6.886544843750000942e-03
2.590000000000000000e+02 6.940212499999999160e-03
2.600000000000000000e+02 6.987771093750000211e-03
2.610000000000000000e+02 7.029117968750000882e-03
2.620000000000000000e+02 7.064175312500000498e-03
2.630000000000000000e+02 7.092950859374998022e-03
2.640000000000000000e+02 7.115490703124999552e-03
2.650000000000000000e+02 7.131900312500001615e-03
2.660000000000000000e+02 7.142355664062502441e-03
2.670000000000000000e+02 7.147071234375000810e-03
2.680000000000000000e+02 7.146331179687494609e-03
2.690000000000000000e+02 7.140521023437499705e-03
2.700000000000000000e+02 7.130029249999996800e-03
2.710000000000000000e+02 7.115312622656249850e-03
2.720000000000000000e+02 7.096928625781252081e-03
2.730000000000000000e+02 7.075439343750000026e-03
2.740000000000000000e+02 7.051458468749998917e-03
2.750000000000000000e+02 7.025674374999999784e-03
2.760000000000000000e+02 6.998819929687500468e-03
2.770000000000000000e+02 6.971624375000001587e-03
2.780000000000000000e+02 6.944983750000000532e-03
2.790000000000000000e+02 6.919655468749999136e-03
2.800000000000000000e+02 6.896545859374998699e-03
2.810000000000000000e+02 6.876502343749999434e-03
2.820000000000000000e+02 6.860475468749999313e-03
2.830000000000000000e+02 6.849320468749998773e-03
2.840000000000000000e+02 6.843998671875002257e-03
2.850000000000000000e+02 6.845402890624996926e-03
2.860000000000000000e+02 6.854462968749999892e-03
2.870000000000000000e+02 6.872035390624995320e-03
2.880000000000000000e+02 6.899015156250002181e-03
2.890000000000000000e+02 6.936228765625001777e-03
2.900000000000000000e+02 6.984502874999999611e-03
2.910000000000000000e+02 7.044642046874999806e-03
2.920000000000000000e+02 7.117290844531251430e-03
2.930000000000000000e+02 7.203157343749998047e-03
2.940000000000000000e+02 7.302864093749998273e-03
2.950000000000000000e+02 7.416955468750002604e-03
2.960000000000000000e+02 7.545888984374997908e-03
2.970000000000000000e+02 7.690123359374999475e-03
2.980000000000000000e+02 7.849945000000000533e-03
2.990000000000000000e+02 8.025635546875001594e-03
3.000000000000000000e+02 8.217353515625001187e-03
3.010000000000000000e+02 8.425191015624996366e-03
3.020000000000000000e+02 8.649153671874996313e-03
3.030000000000000000e+02 8.889110703124997875e-03
3.040000000000000000e+02 9.144959296875003127e-03
3.050000000000000000e+02 9.416361171874994968e-03
3.060000000000000000e+02 9.703013203124999375e-03
3.070000000000000000e+02 1.000438382812500471e-02
3.080000000000000000e+02 1.032001117187500427e-02
3.090000000000000000e+02 1.064923796875000099e-02
3.100000000000000000e+02 1.099132414062499626e-02
3.110000000000000000e+02 1.134555179687500234e-02
3.120000000000000000e+02 1.171099406249999537e-02
3.130000000000000000e+02 1.208670335937500444e-02
3.140000000000000000e+02 1.247172185156249398e-02
3.150000000000000000e+02 1.286492627875000100e-02
3.160000000000000000e+02 1.326517746874999841e-02
3.170000000000000000e+02 1.367123257812500291e-02
3.180000000000000000e+02 1.408202609375000351e-02
3.190000000000000000e+02 1.449606289062499616e-02
3.200000000000000000e+02 1.491216718749999864e-02
3.210000000000000000e+02 1.532887992187500180e-02
3.220000000000000000e+02 1.574497406249999315e-02
3.230000000000000000e+02 1.615892164062501107e-02
3.240000000000000000e+02 1.656933515625000006e-02
3.250000000000000000e+02 1.697483593749999145e-02
3.260000000000000000e+02 1.737400468749999635e-02
3.270000000000000000e+02 1.776551015625000424e-02
3.280000000000000000e+02 1.814790937500000007e-02
3.290000000000000000e+02 1.851979921874999727e-02
3.300000000000000000e+02 1.887997031249998361e-02
3.310000000000000000e+02 1.922701796874999244e-02
3.320000000000000000e+02 1.955976406250001590e-02
3.330000000000000000e+02 1.987693671875000526e-02
3.340000000000000000e+02 2.017740390625000907e-02
3.350000000000000000e+02 2.046007812500001341e-02
3.360000000000000000e+02 2.072384804687498611e-02
3.370000000000000000e+02 2.096770921875000526e-02
3.380000000000000000e+02 2.119097664062500469e-02
3.390000000000000000e+02 2.139252031249999284e-02
3.400000000000000000e+02 2.157177835937499483e-02
3.410000000000000000e+02 2.172793015625000199e-02
3.420000000000000000e+02 2.186044507812499871e-02
3.430000000000000000e+02 2.196887320312500627e-02
3.440000000000000000e+02 2.205270523437500435e-02
3.450000000000000000e+02 2.211161382812500131e-02
3.460000000000000000e+02 2.214544375000002119e-02
3.470000000000000000e+02 2.215394148437499836e-02
3.480000000000000000e+02 2.213711890624998901e-02
3.490000000000000000e+02 2.209502492187500472e-02
3.500000000000000000e+02 2.202776132812500967e-02
3.510000000000000000e+02 2.193549109375001263e-02
3.520000000000000000e+02 2.181866140624999159e-02
3.530000000000000000e+02 2.167746070312499135e-02
3.540000000000000000e+02 2.151256695312499939e-02
3.550000000000000000e+02 2.132437521093751009e-02
3.560000000000000000e+02 2.111355184374998778e-02
3.570000000000000000e+02 2.088071866406250934e-02
3.580000000000000000e+02 2.062671489062499128e-02
3.590000000000000000e+02 2.035222250781250006e-02
3.600000000000000000e+02 2.005824440625000871e-02
3.610000000000000000e+02 1.974570435390624046e-02
3.620000000000000000e+02 1.941559255312499954e-02
3.630000000000000000e+02 1.906896709217968319e-02
3.640000000000000000e+02 1.870700574296874433e-02
3.650000000000000000e+02 1.833102403437498681e-02
3.660000000000000000e+02 1.794216407031250585e-02
3.670000000000000000e+02 1.754196745312499098e-02
3.680000000000000000e+02 1.713172591406248932e-02
3.690000000000000000e+02 1.671302046875000960e-02
3.700000000000000000e+02 1.628739159375000231e-02
3.710000000000000000e+02 1.585656348437499558e-02
3.720000000000000000e+02 1.542201108593749780e-02
3.730000000000000000e+02 1.498550297656250224e-02
3.740000000000000000e+02 1.454874559375000063e-02
3.750000000000000000e+02 1.411326458593749680e-02
3.760000000000000000e+02 1.368082438281250680e-02
3.770000000000000000e+02 1.325297267968750248e-02
3.780000000000000000e+02 1.283123372109374813e-02
3.790000000000000000e+02 1.241703694921874462e-02
3.800000000000000000e+02 1.201175856640625782e-02
3.810000000000000000e+02 1.161677781250000131e-02
3.820000000000000000e+02 1.123326135937500504e-02
3.830000000000000000e+02 1.086229695312500125e-02
3.840000000000000000e+02 1.050499362500000380e-02
3.850000000000000000e+02 1.016236498437500350e-02
3.860000000000000000e+02 9.835239296874999371e-03
3.870000000000000000e+02 9.524530859374994579e-03
3.880000000000000000e+02 9.231074765624996264e-03
3.890000000000000000e+02 8.955653671874999264e-03
3.900000000000000000e+02 8.698933671875005991e-03
3.910000000000000000e+02 8.461708750000001417e-03
3.920000000000000000e+02 8.244648593750011217e-03
3.930000000000000000e+02 8.048333593750001819e-03
3.940000000000000000e+02 7.873367578125001903e-03
3.950000000000000000e+02 7.720228671875000934e-03
3.960000000000000000e+02 7.589406718749995215e-03
3.970000000000000000e+02 7.481180703124998797e-03
3.980000000000000000e+02 7.395879375000000838e-03
3.990000000000000000e+02 7.333598906249999723e-03
4.000000000000000000e+02 7.294422421875002872e-03
4.010000000000000000e+02 7.278276562499998159e-03
4.020000000000000000e+02 7.284951171875000790e-03
4.030000000000000000e+02 7.314223906250003765e-03
4.040000000000000000e+02 7.365651953125002503e-03
4.050000000000000000e+02 7.438775156250006758e-03
4.060000000000000000e+02 7.533067265625000355e-03
4.070000000000000000e+02 7.647896015624995603e-03
4.080000000000000000e+02 7.782596328125002128e-03
4.090000000000000000e+02 7.936487812500003791e-03
4.100000000000000000e+02 8.108860546875000866e-03
4.110000000000000000e+02 8.299010234375001072e-03
4.120000000000000000e+02 8.506184453125007969e-03
4.130000000000000000e+02 8.729793124999997780e-03
4.140000000000000000e+02 8.968962812500001769e-03
4.150000000000000000e+02 9.223131796875002480e-03
4.160000000000000000e+02 9.491611249999996891e-03
4.170000000000000000e+02 9.773692187499998657e-03
4.180000000000000000e+02 1.006865937499999870e-02
4.190000000000000000e+02 1.037574531250000029e-02
4.200000000000000000e+02 1.069419609375000038e-02
4.210000000000000000e+02 1.102314218749999263e-02
4.220000000000000000e+02 1.136159218749999665e-02
4.230000000000000000e+02 1.170854843750000242e-02
4.240000000000000000e+02 1.206278906250000081e-02
4.250000000000000000e+02 1.242307890625000098e-02
4.260000000000000000e+02 1.278795156250000196e-02
4.270000000000000000e+02 1.315590859374999970e-02
4.280000000000000000e+02 1.352528125000000692e-02
4.290000000000000000e+02 1.389425390624999569e-02
4.300000000000000000e+02 1.426098046874999664e-02
4.310000000000000000e+02 1.462342734375000203e-02
4.320000000000000000e+02 1.497956093749999544e-02
4.330000000000000000e+02 1.532738671875000062e-02
4.340000000000000000e+02 1.566467499999999249e-02
4.350000000000000000e+02 1.598937109374999957e-02
4.360000000000000000e+02 1.629928828125000798e-02
4.370000000000000000e+02 1.659230859375000408e-02
4.380000000000000000e+02 1.686636953124999103e-02
4.390000000000000000e+02 1.711931875000000103e-02
4.400000000000000000e+02 1.734915781249999830e-02
4.410000000000000000e+02 1.755376953124999917e-02
4.420000000000000000e+02 1.773116171874999925e-02
4.430000000000000000e+02 1.787938984374999249e-02
4.440000000000000000e+02 1.799657500000000770e-02
4.450000000000000000e+02 1.808100546875000478e-02
4.460000000000000000e+02 1.813098203124998559e-02
4.470000000000000000e+02 1.814507421875000137e-02
4.480000000000000000e+02 1.812202031249999720e-02
4.490000000000000000e+02 1.806085078125000548e-02
4.500000000000000000e+02 1.796077968749998713e-02
4.510000000000000000e+02 1.782145703124999106e-02
4.520000000000000000e+02 1.764281640624999759e-02
4.530000000000000000e+02 1.742522421874999686e-02
4.540000000000000000e+02 1.716929531249999571e-02
4.550000000000000000e+02 1.687626562499999067e-02
4.560000000000000000e+02 1.654761718750000221e-02
4.570000000000000000e+02 1.618518828124999864e-02
4.580000000000000000e+02 1.579138046874998744e-02
4.590000000000000000e+02 1.536883125000000107e-02
4.600000000000000000e+02 1.492056796874999779e-02
4.610000000000000000e+02 1.444994734375000013e-02
4.620000000000000000e+02 1.396055859374999847e-02
4.630000000000000000e+02 1.345633765624999409e-02
4.640000000000000000e+02 1.294141195312499722e-02
4.650000000000000000e+02 1.242009703125000752e-02
4.660000000000000000e+02 1.189688281249999882e-02
4.670000000000000000e+02 1.137645101562499879e-02
4.680000000000000000e+02 1.086333390625000492e-02
4.690000000000000000e+02 1.036242976562501070e-02
4.700000000000000000e+02 9.878377781250004611e-03
4.710000000000000000e+02 9.415895226562496709e-03
4.720000000000000000e+02 8.979420335937501885e-03
4.730000000000000000e+02 8.573282629687496367e-03
4.740000000000000000e+02 8.201337040625002878e-03
4.750000000000000000e+02 7.867090906249997115e-03
4.760000000000000000e+02 7.573333953124996264e-03
4.770000000000000000e+02 7.322161429687500632e-03
4.780000000000000000e+02 7.114984039062500175e-03
4.790000000000000000e+02 6.952039226562497197e-03
4.800000000000000000e+02 6.832637265625001073e-03
4.810000000000000000e+02 6.754955703124999183e-03
4.820000000000000000e+02 6.715977968749997466e-03
4.830000000000000000e+02 6.711501406250001446e-03
4.840000000000000000e+02 6.736300156249998804e-03
4.850000000000000000e+02 6.784046171875000517e-03
4.860000000000000000e+02 6.847606015625001298e-03
4.870000000000000000e+02 6.919059375000001511e-03
4.880000000000000000e+02 6.990021875000000315e-03
4.890000000000000000e+02 7.051866796874995194e-03
4.900000000000000000e+02 7.096036015624999568e-03
4.910000000000000000e+02 7.114261406250000849e-03
4.920000000000000000e+02 7.098837578125000332e-03
4.930000000000000000e+02 7.043181093749998137e-03
4.940000000000000000e+02 6.941766796874999403e-03
4.950000000000000000e+02 6.790678671875003194e-03
4.960000000000000000e+02 6.587739843750001732e-03
4.970000000000000000e+02 6.332993749999995571e-03
4.980000000000000000e+02 6.028763984374998532e-03
4.990000000000000000e+02 5.680093125000002310e-03
5.000000000000000000e+02 5.295175390624998549e-03
5.010000000000000000e+02 4.885934531249996882e-03
5.020000000000000000e+02 4.469077812500001426e-03
5.030000000000000000e+02 4.067574999999999490e-03
5.040000000000000000e+02 3.713071875000000053e-03
5.050000000000000000e+02 3.449648437500001542e-03
5.060000000000000000e+02 3.339554218750000539e-03
5.070000000000000000e+02 3.471641976562500273e-03
5.080000000000000000e+02 3.973956453124999171e-03
5.090000000000000000e+02 5.031619687499998099e-03
5.100000000000000000e+02 6.912599218749999191e-03
5.110000000000000000e+02 1.000354062499999794e-02
