0.000000000000000000e+00 6.195653124999999251e-04
1.000000000000000000e+00 6.186595312500000731e-04
2.000000000000000000e+00 6.168482812499999877e-04
3.000000000000000000e+00 6.141437499999998677e-04
4.000000000000000000e+00 6.105632812500001250e-04
5.000000000000000000e+00 6.061212500000001321e-04
6.000000000000000000e+00 6.008417187500000173e-04
7.000000000000000000e+00 5.947568750000000772e-04
8.000000000000000000e+00 5.878921874999999166e-04
9.000000000000000000e+00 5.802885156249997130e-04
1.000000000000000000e+01 5.719903906249998796e-04
1.100000000000000000e+01 5.630304687500001411e-04
1.200000000000000000e+01 5.534667187499998009e-04
1.300000000000000000e+01 5.433414843749999898e-04
1.400000000000000000e+01 5.327119531250000973e-04
1.500000000000000000e+01 5.216316406250001442e-04
1.600000000000000000e+01 5.101602343750000473e-04
1.700000000000000000e+01 4.983585156250000146e-04
1.800000000000000000e+01 4.862812500000000056e-04
1.900000000000000000e+01 4.739960937500000793e-04
2.000000000000000000e+01 4.615659375000002009e-04
2.100000000000000000e+01 4.490534374999999713e-04
2.200000000000000000e+01 4.365209375000000231e-04
2.300000000000000000e+01 4.240298437499998561e-04
2.400000000000000000e+01 4.116481171874999652e-04
2.500000000000000000e+01 3.994349765625000259e-04
2.600000000000000000e+01 3.874487890624999449e-04
2.700000000000000000e+01 3.757498828125000606e-04
2.800000000000000000e+01 3.643932343749998960e-04
2.900000000000000000e+01 3.534342187499999030e-04
3.000000000000000000e+01 3.429243437499999666e-04
3.100000000000000000e+01 3.329109296874998994e-04
3.200000000000000000e+01 3.234391953125000238e-04
3.300000000000000000e+01 3.145516562500000248e-04
3.400000000000000000e+01 3.062854921875000653e-04
3.500000000000000000e+01 2.986758750000001179e-04
3.600000000000000000e+01 2.917502890624999192e-04
3.700000000000000000e+01 2.855364921874999832e-04
3.800000000000000000e+01 2.800545781250000877e-04
3.900000000000000000e+01 2.753220031250000867e-04
4.000000000000000000e+01 2.713493875000000171e-04
4.100000000000000000e+01 2.681453218749999760e-04
4.200000000000000000e+01 2.657104781249999348e-04
4.300000000000000000e+01 2.640442335937499287e-04
4.400000000000000000e+01 2.631396742187500732e-04
4.500000000000000000e+01 2.629836118750000480e-04
4.600000000000000000e+01 2.635611363906250780e-04
4.700000000000000000e+01 2.648514910937500052e-04
4.800000000000000000e+01 2.668295071093748942e-04
4.900000000000000000e+01 2.694650210937498303e-04
5.000000000000000000e+01 2.727260882812500308e-04
5.100000000000000000e+01 2.765747281250000435e-04
5.200000000000000000e+01 2.809708867187498738e-04
5.300000000000000000e+01 2.858698718750000501e-04
5.400000000000000000e+01 2.912243921875001156e-04
5.500000000000000000e+01 2.969863906249998542e-04
5.600000000000000000e+01 3.031008601562499866e-04
5.700000000000000000e+01 3.095154578125001565e-04
5.800000000000000000e+01 3.161723531250001419e-04
5.900000000000000000e+01 3.230148593750000298e-04
6.000000000000000000e+01 3.299829156250001761e-04
6.100000000000000000e+01 3.370180546874999893e-04
6.200000000000000000e+01 3.440585203124999045e-04
6.300000000000000000e+01 3.510454484374999945e-04
6.400000000000000000e+01 3.579181445312500705e-04
6.500000000000000000e+01 3.646180671875001223e-04
6.600000000000000000e+01 3.710855953124998731e-04
6.700000000000000000e+01 3.772665664062500976e-04
6.800000000000000000e+01 3.831046609374999848e-04
6.900000000000000000e+01 3.885470351562499733e-04
7.000000000000000000e+01 3.935431398437500743e-04
7.100000000000000000e+01 3.980482257812501088e-04
7.200000000000000000e+01 4.020134234375000713e-04
7.300000000000000000e+01 4.054030242187499247e-04
7.400000000000000000e+01 4.081751445312501283e-04
7.500000000000000000e+01 4.103003226562501864e-04
7.600000000000000000e+01 4.117486992187500950e-04
7.700000000000000000e+01 4.124947695312497693e-04
7.800000000000000000e+01 4.125213460937498535e-04
7.900000000000000000e+01 4.118111453125000341e-04
8.000000000000000000e+01 4.103539281249999433e-04
8.100000000000000000e+01 4.081473609375001373e-04
8.200000000000000000e+01 4.051882984375002007e-04
8.300000000000000000e+01 4.014874374999998375e-04
8.400000000000000000e+01 3.970522312500000036e-04
8.500000000000000000e+01 3.918998171874999293e-04
8.600000000000000000e+01 3.860514539062500912e-04
8.700000000000000000e+01 3.795358359374999572e-04
8.800000000000000000e+01 3.723840914062501541e-04
8.900000000000000000e+01 3.646345710937498380e-04
9.000000000000000000e+01 3.563296125000001645e-04
9.100000000000000000e+01 3.475163539062501423e-04
9.200000000000000000e+01 3.382473039062500620e-04
9.300000000000000000e+01 3.285797617187498289e-04
9.400000000000000000e+01 3.185744664062499011e-04
9.500000000000000000e+01 3.082963859374999527e-04
9.600000000000000000e+01 2.978157945312501394e-04
9.700000000000000000e+01 2.872046492187500994e-04
9.800000000000000000e+01 2.765386960937499705e-04
9.900000000000000000e+01 2.658968429687501452e-04
1.000000000000000000e+02 2.553614493906250374e-04
1.010000000000000000e+02 2.450153019531251127e-04
1.020000000000000000e+02 2.349448957812499364e-04
1.030000000000000000e+02 2.252374441406250060e-04
1.040000000000000000e+02 2.159807253125000043e-04
1.050000000000000000e+02 2.072645782812499793e-04
1.060000000000000000e+02 1.991784604062500402e-04
1.070000000000000000e+02 1.918121728124999050e-04
1.080000000000000000e+02 1.852546407812500403e-04
1.090000000000000000e+02 1.795930311874999565e-04
1.100000000000000000e+02 1.749163723437499932e-04
1.110000000000000000e+02 1.713093878125000183e-04
1.120000000000000000e+02 1.688553324999999812e-04
1.130000000000000000e+02 1.676361739843750356e-04
1.140000000000000000e+02 1.677289207031249505e-04
1.150000000000000000e+02 1.692101310156250401e-04
1.160000000000000000e+02 1.721514545312500394e-04
1.170000000000000000e+02 1.766208917968750344e-04
1.180000000000000000e+02 1.826818207812500624e-04
1.190000000000000000e+02 1.903950523437499898e-04
1.200000000000000000e+02 1.998143171874999335e-04
1.210000000000000000e+02 2.109907246093750634e-04
1.220000000000000000e+02 2.239679113515625672e-04
1.230000000000000000e+02 2.387860631484374615e-04
1.240000000000000000e+02 2.554782748437499818e-04
1.250000000000000000e+02 2.740734046874998770e-04
1.260000000000000000e+02 2.945928429687498583e-04
1.270000000000000000e+02 3.170528851562499592e-04
1.280000000000000000e+02 3.414632742187502122e-04
1.290000000000000000e+02 3.678275312500002493e-04
1.300000000000000000e+02 3.961437031249999061e-04
1.310000000000000000e+02 4.264024687500000120e-04
1.320000000000000000e+02 4.585878750000000736e-04
1.330000000000000000e+02 4.926781406250001173e-04
1.340000000000000000e+02 5.286482656250000205e-04
1.350000000000000000e+02 5.664619921875000026e-04
1.360000000000000000e+02 6.060779296874999490e-04
1.370000000000000000e+02 6.474557656249999363e-04
1.380000000000000000e+02 6.905426953124998947e-04
1.390000000000000000e+02 7.352747265624997881e-04
1.400000000000000000e+02 7.815956171875000549e-04
1.410000000000000000e+02 8.294437109375001884e-04
1.420000000000000000e+02 8.787301953125006403e-04
1.430000000000000000e+02 9.293928749999999950e-04
1.440000000000000000e+02 9.813412656250000178e-04
1.450000000000000000e+02 1.034494101562500115e-03
1.460000000000000000e+02 1.088762062500000030e-03
1.470000000000000000e+02 1.144049796093750231e-03
1.480000000000000000e+02 1.200261367187499800e-03
1.490000000000000000e+02 1.257297008593750379e-03
1.500000000000000000e+02 1.315061642187500190e-03
1.510000000000000000e+02 1.373442911718750084e-03
1.520000000000000000e+02 1.432340353906250271e-03
1.530000000000000000e+02 1.491641619531250233e-03
1.540000000000000000e+02 1.551244859375000215e-03
1.550000000000000000e+02 1.611043562500000725e-03
1.560000000000000000e+02 1.670915054687500218e-03
1.570000000000000000e+02 1.730758023437500848e-03
1.580000000000000000e+02 1.790466148437500028e-03
1.590000000000000000e+02 1.849931874999999944e-03
1.600000000000000000e+02 1.909030124999999863e-03
1.610000000000000000e+02 1.967685781249999856e-03
1.620000000000000000e+02 2.025769804687500408e-03
1.630000000000000000e+02 2.083188867187500334e-03
1.640000000000000000e+02 2.139835992187499782e-03
1.650000000000000000e+02 2.195620289062501056e-03
1.660000000000000000e+02 2.250445718749998977e-03
1.670000000000000000e+02 2.304217710937500174e-03
1.680000000000000000e+02 2.356854632812498823e-03
1.690000000000000000e+02 2.408264210937501645e-03
1.700000000000000000e+02 2.458372640625000431e-03
1.710000000000000000e+02 2.507102406250000422e-03
1.720000000000000000e+02 2.554378046875001220e-03
1.730000000000000000e+02 2.600135546875001393e-03
1.740000000000000000e+02 2.644313515624999861e-03
1.750000000000000000e+02 2.686850000000000176e-03
1.760000000000000000e+02 2.727707109374999297e-03
1.770000000000000000e+02 2.766822656250000467e-03
1.780000000000000000e+02 2.804169062499998685e-03
1.790000000000000000e+02 2.839708906249999772e-03
1.800000000000000000e+02 2.873418437500000183e-03
1.810000000000000000e+02 2.905271171875000412e-03
1.820000000000000000e+02 2.935253671875000595e-03
1.830000000000000000e+02 2.963365859375001205e-03
1.840000000000000000e+02 2.989603906250000789e-03
1.850000000000000000e+02 3.013973906249999175e-03
1.860000000000000000e+02 3.036486953124999198e-03
1.870000000000000000e+02 3.057174921874999691e-03
1.880000000000000000e+02 3.076060468750000439e-03
1.890000000000000000e+02 3.093186953124999871e-03
1.900000000000000000e+02 3.108591640624999188e-03
1.910000000000000000e+02 3.122336406249999648e-03
1.920000000000000000e+02 3.134482585937503011e-03
1.930000000000000000e+02 3.145095312500002967e-03
1.940000000000000000e+02 3.154256070312498692e-03
1.950000000000000000e+02 3.162065460937500336e-03
1.960000000000000000e+02 3.168590820312501295e-03
1.970000000000000000e+02 3.173954609375000211e-03
1.980000000000000000e+02 3.178256351562501730e-03
1.990000000000000000e+02 3.181639976562498830e-03
2.000000000000000000e+02 3.184195234375000651e-03
2.010000000000000000e+02 3.186089859375001304e-03
2.020000000000000000e+02 3.187466800781248513e-03
2.030000000000000000e+02 3.188440289843748679e-03
2.040000000000000000e+02 3.189207787499999565e-03
2.050000000000000000e+02 3.189897463749999905e-03
2.060000000000000000e+02 3.190692749921875647e-03
2.070000000000000000e+02 3.191779806249999980e-03
2.080000000000000000e+02 3.193327446093750192e-03
2.090000000000000000e+02 3.195502518749998491e-03
2.100000000000000000e+02 3.198497054687497818e-03
2.110000000000000000e+02 3.202506960937501375e-03
2.120000000000000000e+02 3.207705671875000011e-03
2.130000000000000000e+02 3.214308828125001221e-03
2.140000000000000000e+02 3.222472914062499399e-03
2.150000000000000000e+02 3.232394789062499781e-03
2.160000000000000000e+02 3.244263828124998965e-03
2.170000000000000000e+02 3.258257414062498778e-03
2.180000000000000000e+02 3.274525562500000490e-03
2.190000000000000000e+02 3.293281257812499113e-03
2.200000000000000000e+02 3.314666281250001553e-03
2.210000000000000000e+02 3.338825656249999781e-03
2.220000000000000000e+02 3.365912343750001971e-03
2.230000000000000000e+02 3.396010546875000667e-03
2.240000000000000000e+02 3.429323671874999827e-03
2.250000000000000000e+02 3.465888437500000072e-03
2.260000000000000000e+02 3.505826953124998712e-03
2.270000000000000000e+02 3.549195546875000794e-03
2.280000000000000000e+02 3.596052343750000442e-03
2.290000000000000000e+02 3.646464453125000497e-03
2.300000000000000000e+02 3.700416796874999789e-03
2.310000000000000000e+02 3.757895546874999524e-03
2.320000000000000000e+02 3.818946718750000635e-03
2.330000000000000000e+02 3.883476093749998938e-03
2.340000000000000000e+02 3.951426015624997894e-03
2.350000000000000000e+02 4.022728515624999883e-03
2.360000000000000000e+02 4.097286249999999332e-03
2.370000000000000000e+02 4.174957968750002066e-03
2.380000000000000000e+02 4.255596484374998822e-03
2.390000000000000000e+02 4.339027656250001030e-03
2.400000000000000000e+02 4.425097890625002799e-03
2.410000000000000000e+02 4.513534296874996410e-03
2.420000000000000000e+02 4.604216875000000792e-03
2.430000000000000000e+02 4.696793124999999389e-03
2.440000000000000000e+02 4.791057265625000769e-03
2.450000000000000000e+02 4.886754218749999983e-03
2.460000000000000000e+02 4.983579218750003488e-03
2.470000000000000000e+02 5.081213203125003151e-03
2.480000000000000000e+02 5.179371093750000273e-03
2.490000000000000000e+02 5.277733281249998715e-03
2.500000000000000000e+02 5.376036093749998052e-03
2.510000000000000000e+02 5.473911015624998398e-03
2.520000000000000000e+02 5.571044843750002848e-03
2.530000000000000000e+02 5.667144296875000105e-03
2.540000000000000000e+02 5.761877812500000758e-03
2.550000000000000000e+02 5.854983828125000234e-03
2.560000000000000000e+02 5.946135234375002007e-03
2.570000000000000000e+02 6.035082812500001948e-03
2.580000000000000000e+02 6.121574609375002134e-03
2.590000000000000000e+02 6.205372343750000484e-03
2.600000000000000000e+02 6.286272968750001092e-03
2.610000000000000000e+02 6.364028984375001523e-03
2.620000000000000000e+02 6.438562109375000481e-03
2.630000000000000000e+02 6.509692499999999819e-03
2.640000000000000000e+02 6.577345624999997135e-03
2.650000000000000000e+02 6.641462578125000883e-03
2.660000000000000000e+02 6.701981218749999969e-03
2.670000000000000000e+02 6.758895921875001690e-03
2.680000000000000000e+02 6.812301609374999019e-03
2.690000000000000000e+02 6.862287289062500399e-03
2.700000000000000000e+02 6.908902281249999604e-03
2.710000000000000000e+02 6.952398617187494946e-03
2.720000000000000000e+02 6.992936312500000647e-03
2.730000000000000000e+02 7.030749974218754479e-03
2.740000000000000000e+02 7.066189238281248529e-03
2.750000000000000000e+02 7.099525125000000561e-03
2.760000000000000000e+02 7.131161289062497473e-03
2.770000000000000000e+02 7.161480578125003181e-03
2.780000000000000000e+02 7.190927609374999849e-03
2.790000000000000000e+02 7.219965546875001076e-03
2.800000000000000000e+02 7.249072968750002594e-03
2.810000000000000000e+02 7.278882578124997067e-03
2.820000000000000000e+02 7.309848515624996559e-03
2.830000000000000000e+02 7.342614531249997897e-03
2.840000000000000000e+02 7.377735937499999355e-03
2.850000000000000000e+02 7.415895859374998719e-03
2.860000000000000000e+02 7.457653351562497715e-03
2.870000000000000000e+02 7.503641515624998558e-03
2.880000000000000000e+02 7.554544492187498066e-03
2.890000000000000000e+02 7.610986812500000580e-03
2.900000000000000000e+02 7.673617093749999715e-03
2.910000000000000000e+02 7.743007226562501066e-03
2.920000000000000000e+02 7.819802859375000678e-03
2.930000000000000000e+02 7.904625289062499824e-03
2.940000000000000000e+02 7.997961406250002001e-03
2.950000000000000000e+02 8.100397812500000072e-03
2.960000000000000000e+02 8.212458281249997855e-03
2.970000000000000000e+02 8.334581249999997027e-03
2.980000000000000000e+02 8.467199218750002393e-03
2.990000000000000000e+02 8.610741796874998161e-03
3.000000000000000000e+02 8.765468281250000937e-03
3.010000000000000000e+02 8.931683671874997635e-03
3.020000000000000000e+02 9.109709140624998314e-03
3.030000000000000000e+02 9.299586406249999229e-03
3.040000000000000000e+02 9.501500390625005829e-03
3.050000000000000000e+02 9.715424765625001180e-03
3.060000000000000000e+02 9.941438828125004692e-03
3.070000000000000000e+02 1.017943117187500128e-02
3.080000000000000000e+02 1.042917374999999779e-02
3.090000000000000000e+02 1.069055468750000279e-02
3.100000000000000000e+02 1.096317164062499995e-02
3.110000000000000000e+02 1.124674531250000054e-02
3.120000000000000000e+02 1.154079539062500756e-02
3.130000000000000000e+02 1.184480742187499908e-02
3.140000000000000000e+02 1.215837835937499944e-02
3.150000000000000000e+02 1.248065937499999618e-02
3.160000000000000000e+02 1.281108733593749882e-02
3.170000000000000000e+02 1.314885682031250239e-02
3.180000000000000000e+02 1.349315410937500063e-02
3.190000000000000000e+02 1.384320796875000183e-02
3.200000000000000000e+02 1.419795607031250004e-02
3.210000000000000000e+02 1.455648320312500667e-02
3.220000000000000000e+02 1.491779140625000208e-02
3.230000000000000000e+02 1.528089843749999739e-02
3.240000000000000000e+02 1.564458960937500920e-02
3.250000000000000000e+02 1.600786609375000336e-02
3.260000000000000000e+02 1.636956828124999305e-02
3.270000000000000000e+02 1.672841406249999871e-02
3.280000000000000000e+02 1.708344195312499342e-02
3.290000000000000000e+02 1.743331960937499411e-02
3.300000000000000000e+02 1.777685367187498838e-02
3.310000000000000000e+02 1.811297328124999995e-02
3.320000000000000000e+02 1.844043179687499673e-02
3.330000000000000000e+02 1.875806906249999351e-02
3.340000000000000000e+02 1.906477429687501030e-02
3.350000000000000000e+02 1.935938304687499778e-02
3.360000000000000000e+02 1.964082781249999396e-02
3.370000000000000000e+02 1.990808500000000245e-02
3.380000000000000000e+02 2.016007335937501643e-02
3.390000000000000000e+02 2.039588414062500771e-02
3.400000000000000000e+02 2.061451363281250129e-02
3.410000000000000000e+02 2.081515659375000882e-02
3.420000000000000000e+02 2.099709977343750325e-02
3.430000000000000000e+02 2.115941097656250450e-02
3.440000000000000000e+02 2.130150500781250247e-02
3.450000000000000000e+02 2.142276710156249334e-02
3.460000000000000000e+02 2.152271555546875215e-02
3.470000000000000000e+02 2.160073597578124338e-02
3.480000000000000000e+02 2.165667277343751723e-02
3.490000000000000000e+02 2.169004705468749808e-02
3.500000000000000000e+02 2.170071216406250364e-02
3.510000000000000000e+02 2.168845817187499414e-02
3.520000000000000000e+02 2.165340820312499151e-02
3.530000000000000000e+02 2.159541781250000000e-02
3.540000000000000000e+02 2.151468531250000718e-02
3.550000000000000000e+02 2.141133398437500626e-02
3.560000000000000000e+02 2.128571500000000366e-02
3.570000000000000000e+02 2.113811343750000502e-02
3.580000000000000000e+02 2.096890476562501479e-02
3.590000000000000000e+02 2.077871976562499501e-02
3.600000000000000000e+02 2.056807101562501544e-02
3.610000000000000000e+02 2.033752515625000465e-02
3.620000000000000000e+02 2.008786999999999726e-02
3.630000000000000000e+02 1.981988671874999886e-02
3.640000000000000000e+02 1.953436492187498458e-02
3.650000000000000000e+02 1.923230281250001839e-02
3.660000000000000000e+02 1.891465078124999338e-02
3.670000000000000000e+02 1.858248906249999888e-02
3.680000000000000000e+02 1.823697484374999303e-02
3.690000000000000000e+02 1.787930203124998493e-02
3.700000000000000000e+02 1.751074312500000216e-02
3.710000000000000000e+02 1.713264976562499722e-02
3.720000000000000000e+02 1.674633351562499622e-02
3.730000000000000000e+02 1.635334882812500279e-02
3.740000000000000000e+02 1.595504124999998913e-02
3.750000000000000000e+02 1.555301135156249813e-02
3.760000000000000000e+02 1.514867421093750097e-02
3.770000000000000000e+02 1.474353917968750961e-02
3.780000000000000000e+02 1.433912332812500336e-02
3.790000000000000000e+02 1.393688569140624604e-02
3.800000000000000000e+02 1.353815708664062555e-02
3.810000000000000000e+02 1.314435737031250002e-02
3.820000000000000000e+02 1.275675753125000457e-02
3.830000000000000000e+02 1.237666877343749326e-02
3.840000000000000000e+02 1.200513578125000057e-02
3.850000000000000000e+02 1.164334335937499548e-02
3.860000000000000000e+02 1.129240289062499562e-02
3.870000000000000000e+02 1.095322578124999745e-02
3.880000000000000000e+02 1.062681453124999890e-02
3.890000000000000000e+02 1.031409007812499751e-02
3.900000000000000000e+02 1.001597773437500755e-02
3.910000000000000000e+02 9.733405859375000510e-03
3.920000000000000000e+02 9.467193593750007977e-03
3.930000000000000000e+02 9.218231406249994056e-03
3.940000000000000000e+02 8.987426484375001662e-03
3.950000000000000000e+02 8.775508828124998703e-03
3.960000000000000000e+02 8.583374843749999941e-03
3.970000000000000000e+02 8.411782265625007693e-03
3.980000000000000000e+02 8.261431562500004544e-03
3.990000000000000000e+02 8.132989062499994953e-03
4.000000000000000000e+02 8.026997656250003249e-03
4.010000000000000000e+02 7.943959296874997245e-03
4.020000000000000000e+02 7.884260703124998035e-03
4.030000000000000000e+02 7.848140703125000908e-03
4.040000000000000000e+02 7.835779687499998952e-03
4.050000000000000000e+02 7.847166953124996500e-03
4.060000000000000000e+02 7.882285546875002907e-03
4.070000000000000000e+02 7.940953437499993425e-03
4.080000000000000000e+02 8.022868984374998888e-03
4.090000000000000000e+02 8.127753984374997895e-03
4.100000000000000000e+02 8.255146953125007403e-03
4.110000000000000000e+02 8.404629609375000379e-03
4.120000000000000000e+02 8.575707343749997338e-03
4.130000000000000000e+02 8.767832421875010329e-03
4.140000000000000000e+02 8.980529687500002356e-03
4.150000000000000000e+02 9.213166796874991404e-03
4.160000000000000000e+02 9.465195624999998836e-03
4.170000000000000000e+02 9.736008749999998726e-03
4.180000000000000000e+02 1.002494375000000625e-02
4.190000000000000000e+02 1.033131953124999912e-02
4.200000000000000000e+02 1.065436484374999819e-02
4.210000000000000000e+02 1.099326718749999918e-02
4.220000000000000000e+02 1.134705937500000289e-02
4.230000000000000000e+02 1.171468828124998598e-02
4.240000000000000000e+02 1.209496640625000279e-02
4.250000000000000000e+02 1.248654531250000324e-02
4.260000000000000000e+02 1.288796015625000291e-02
4.270000000000000000e+02 1.329745312500000588e-02
4.280000000000000000e+02 1.371327343750000649e-02
4.290000000000000000e+02 1.413337265625000568e-02
4.300000000000000000e+02 1.455555390624999924e-02
4.310000000000000000e+02 1.497756953125000540e-02
4.320000000000000000e+02 1.539699531250000343e-02
4.330000000000000000e+02 1.581131406249999469e-02
4.340000000000000000e+02 1.621786796875000422e-02
4.350000000000000000e+02 1.661397187500001857e-02
4.360000000000000000e+02 1.699706328124999180e-02
4.370000000000000000e+02 1.736427421874999280e-02
4.380000000000000000e+02 1.771309609374999150e-02
4.390000000000000000e+02 1.804083593750000283e-02
4.400000000000000000e+02 1.834498671875000458e-02
4.410000000000000000e+02 1.862289218749999670e-02
4.420000000000000000e+02 1.887224843749999575e-02
4.430000000000000000e+02 1.909059218749999814e-02
4.440000000000000000e+02 1.927572109375000689e-02
4.450000000000000000e+02 1.942533750000000753e-02
4.460000000000000000e+02 1.953733828124998295e-02
4.470000000000000000e+02 1.960982734375000050e-02
4.480000000000000000e+02 1.964089140624999952e-02
4.490000000000000000e+02 1.962885703125000561e-02
4.500000000000000000e+02 1.957227109374999260e-02
4.510000000000000000e+02 1.946996562499999500e-02
4.520000000000000000e+02 1.932098359375000393e-02
4.530000000000000000e+02 1.912483046874999260e-02
4.540000000000000000e+02 1.888136171875000324e-02
4.550000000000000000e+02 1.859084374999998152e-02
4.560000000000000000e+02 1.825408750000000538e-02
4.570000000000000000e+02 1.787236484375000212e-02
4.580000000000000000e+02 1.744743906250000032e-02
4.590000000000000000e+02 1.698157656249999273e-02
4.600000000000000000e+02 1.647768203125000303e-02
4.610000000000000000e+02 1.593909609375000411e-02
4.620000000000000000e+02 1.536953984374999846e-02
4.630000000000000000e+02 1.477330656249999791e-02
4.640000000000000000e+02 1.415500109374999427e-02
4.650000000000000000e+02 1.351967789062499814e-02
4.660000000000000000e+02 1.287244640624999985e-02
4.670000000000000000e+02 1.221891695312500407e-02
4.680000000000000000e+02 1.156477734374999553e-02
4.690000000000000000e+02 1.091580101562500231e-02
4.700000000000000000e+02 1.027778610156250202e-02
4.710000000000000000e+02 9.656711109375009164e-03
4.720000000000000000e+02 9.058274208593746282e-03
4.730000000000000000e+02 8.488208090468756309e-03
4.740000000000000000e+02 7.951978460937498411e-03
4.750000000000000000e+02 7.454633585937500348e-03
4.760000000000000000e+02 7.001039140624998325e-03
4.770000000000000000e+02 6.595448437499999185e-03
4.780000000000000000e+02 6.241401093750001405e-03
4.790000000000000000e+02 5.941878281250003585e-03
4.800000000000000000e+02 5.698855632812504721e-03
4.810000000000000000e+02 5.513453390624999118e-03
4.820000000000000000e+02 5.385601296875000554e-03
4.830000000000000000e+02 5.314203562500000554e-03
4.840000000000000000e+02 5.296909453125000881e-03
4.850000000000000000e+02 5.330172500000000813e-03
4.860000000000000000e+02 5.409309062499998398e-03
4.870000000000000000e+02 5.528453593749997098e-03
4.880000000000000000e+02 5.680748281250000073e-03
4.890000000000000000e+02 5.858430781249999129e-03
4.900000000000000000e+02 6.053023828125006327e-03
4.910000000000000000e+02 6.255497656250001877e-03
4.920000000000000000e+02 6.456485937500000029e-03
4.930000000000000000e+02 6.646582812500000277e-03
4.940000000000000000e+02 6.816625000000002370e-03
4.950000000000000000e+02 6.957856249999998244e-03
4.960000000000000000e+02 7.062321874999999416e-03
4.970000000000000000e+02 7.123421093749996054e-03
4.980000000000000000e+02 7.136136718750000878e-03
4.990000000000000000e+02 7.097875781249996137e-03
5.000000000000000000e+02 7.008996874999997781e-03
5.010000000000000000e+02 6.874112500000001402e-03
5.020000000000000000e+02 6.703584374999999214e-03
5.030000000000000000e+02 6.515364062499999151e-03
5.040000000000000000e+02 6.338233593749995759e-03
5.050000000000000000e+02 6.215995312500000904e-03
5.060000000000000000e+02 6.213202343749997351e-03
5.070000000000000000e+02 6.423514921875000776e-03
5.080000000000000000e+02 6.981402312499999235e-03
5.090000000000000000e+02 8.077728210937499403e-03
5.100000000000000000e+02 9.981548437499999579e-03
5.110000000000000000e+02 1.306946718749999597e-02
