0.000000000000000000e+00 6.317740624999998444e-04
1.000000000000000000e+00 6.308903906249998476e-04
2.000000000000000000e+00 6.291271874999999512e-04
3.000000000000000000e+00 6.264968750000001222e-04
4.000000000000000000e+00 6.230146093749998641e-04
5.000000000000000000e+00 6.186980468749996411e-04
6.000000000000000000e+00 6.135731249999998955e-04
7.000000000000000000e+00 6.076658593750000528e-04
8.000000000000000000e+00 6.010146875000000471e-04
9.000000000000000000e+00 5.936545312500000372e-04
1.000000000000000000e+01 5.856260156250002154e-04
1.100000000000000000e+01 5.769778906250001838e-04
1.200000000000000000e+01 5.677593749999999481e-04
1.300000000000000000e+01 5.580160156250000376e-04
1.400000000000000000e+01 5.478071093749997070e-04
1.500000000000000000e+01 5.371921093750004058e-04
1.600000000000000000e+01 5.262292968750000802e-04
1.700000000000000000e+01 5.149769531250000375e-04
1.800000000000000000e+01 5.034993203124999653e-04
1.900000000000000000e+01 4.918609765625001334e-04
2.000000000000000000e+01 4.801274374999999384e-04
2.100000000000000000e+01 4.683610937499999342e-04
2.200000000000000000e+01 4.566273124999999209e-04
2.300000000000000000e+01 4.449906796874999473e-04
2.400000000000000000e+01 4.335124218750000414e-04
2.500000000000000000e+01 4.222591093750000207e-04
2.600000000000000000e+01 4.112864453124999474e-04
2.700000000000000000e+01 4.006538906250000200e-04
2.800000000000000000e+01 3.904181015625000158e-04
2.900000000000000000e+01 3.806309218749999684e-04
3.000000000000000000e+01 3.713442968750001291e-04
3.100000000000000000e+01 3.626029218749998490e-04
3.200000000000000000e+01 3.544510625000000604e-04
3.300000000000000000e+01 3.469279609374999488e-04
3.400000000000000000e+01 3.400690546874999979e-04
3.500000000000000000e+01 3.339041562499999653e-04
3.600000000000000000e+01 3.284601124999999124e-04
3.700000000000000000e+01 3.237588898437500080e-04
3.800000000000000000e+01 3.198175164062499738e-04
3.900000000000000000e+01 3.166461546874999142e-04
4.000000000000000000e+01 3.142532359375001835e-04
4.100000000000000000e+01 3.126405789062500738e-04
4.200000000000000000e+01 3.118045404687498851e-04
4.300000000000000000e+01 3.117364932812500058e-04
4.400000000000000000e+01 3.124241955468750817e-04
4.500000000000000000e+01 3.138483546093749936e-04
4.600000000000000000e+01 3.159877224765625121e-04
4.700000000000000000e+01 3.188123476562500030e-04
4.800000000000000000e+01 3.222914194531251142e-04
4.900000000000000000e+01 3.263884390625002171e-04
5.000000000000000000e+01 3.310625000000000850e-04
5.100000000000000000e+01 3.362692468749999778e-04
5.200000000000000000e+01 3.419617218750000440e-04
5.300000000000000000e+01 3.480864867187501567e-04
5.400000000000000000e+01 3.545909265624998534e-04
5.500000000000000000e+01 3.614172859375001305e-04
5.600000000000000000e+01 3.685061960937501772e-04
5.700000000000000000e+01 3.757968937500001335e-04
5.800000000000000000e+01 3.832257164062499743e-04
5.900000000000000000e+01 3.907294169531251083e-04
6.000000000000000000e+01 3.982423082031250625e-04
6.100000000000000000e+01 4.056993351562501173e-04
6.200000000000000000e+01 4.130361601562500587e-04
6.300000000000000000e+01 4.201864414062500574e-04
6.400000000000000000e+01 4.270873374999998836e-04
6.500000000000000000e+01 4.336754054687502204e-04
6.600000000000000000e+01 4.398880217187502661e-04
6.700000000000000000e+01 4.456671271093748518e-04
6.800000000000000000e+01 4.509554515624999657e-04
6.900000000000000000e+01 4.557003091406250633e-04
7.000000000000000000e+01 4.598505870156247856e-04
7.100000000000000000e+01 4.633573782499999681e-04
7.200000000000000000e+01 4.661759866406251450e-04
7.300000000000000000e+01 4.682709716406249605e-04
7.400000000000000000e+01 4.696017710937498246e-04
7.500000000000000000e+01 4.701425404687499402e-04
7.600000000000000000e+01 4.698654656249999029e-04
7.700000000000000000e+01 4.687510304687499715e-04
7.800000000000000000e+01 4.667840523437501382e-04
7.900000000000000000e+01 4.639529359374999795e-04
8.000000000000000000e+01 4.602566328124998627e-04
8.100000000000000000e+01 4.556964570312499311e-04
8.200000000000000000e+01 4.502777429687499031e-04
8.300000000000000000e+01 4.440171517968749841e-04
8.400000000000000000e+01 4.369316853906250004e-04
8.500000000000000000e+01 4.290479599218750611e-04
8.600000000000000000e+01 4.203968740625000223e-04
8.700000000000000000e+01 4.110156889843749042e-04
8.800000000000000000e+01 4.009458799218750457e-04
8.900000000000000000e+01 3.902373473437498836e-04
9.000000000000000000e+01 3.789428593749998237e-04
9.100000000000000000e+01 3.671207239062501248e-04
9.200000000000000000e+01 3.548356734375001146e-04
9.300000000000000000e+01 3.421556403906250970e-04
9.400000000000000000e+01 3.291544062500001248e-04
9.500000000000000000e+01 3.159084062499999471e-04
9.600000000000000000e+01 3.024983179687499657e-04
9.700000000000000000e+01 2.890094164062500951e-04
9.800000000000000000e+01 2.755298601562499892e-04
9.900000000000000000e+01 2.621493203124999807e-04
1.000000000000000000e+02 2.489616109375000427e-04
1.010000000000000000e+02 2.360607390624999604e-04
1.020000000000000000e+02 2.235452643749999348e-04
1.030000000000000000e+02 2.115115987664063042e-04
1.040000000000000000e+02 2.000586716406249806e-04
1.050000000000000000e+02 1.892862476562500438e-04
1.060000000000000000e+02 1.792921367187499319e-04
1.070000000000000000e+02 1.701753492187500034e-04
1.080000000000000000e+02 1.620329921874999891e-04
1.090000000000000000e+02 1.549614531249999606e-04
1.100000000000000000e+02 1.490548515624999309e-04
1.110000000000000000e+02 1.444048359375000158e-04
1.120000000000000000e+02 1.411004531250000199e-04
1.130000000000000000e+02 1.392280234375000173e-04
1.140000000000000000e+02 1.388702890625000412e-04
1.150000000000000000e+02 1.401052109374999850e-04
1.160000000000000000e+02 1.430086281250000349e-04
1.170000000000000000e+02 1.476498242187499409e-04
1.180000000000000000e+02 1.540932476562499761e-04
1.190000000000000000e+02 1.624002121484374251e-04
1.200000000000000000e+02 1.726241331250000027e-04
1.210000000000000000e+02 1.848138359374999198e-04
1.220000000000000000e+02 1.990123356953123798e-04
1.230000000000000000e+02 2.152561403124998328e-04
1.240000000000000000e+02 2.335755398906250711e-04
1.250000000000000000e+02 2.539944277343748370e-04
1.260000000000000000e+02 2.765299023437497636e-04
1.270000000000000000e+02 3.011920273437499167e-04
1.280000000000000000e+02 3.279855445312498822e-04
1.290000000000000000e+02 3.569063132812500504e-04
1.300000000000000000e+02 3.879449140624998825e-04
1.310000000000000000e+02 4.210838125000001620e-04
1.320000000000000000e+02 4.563013046875002130e-04
1.330000000000000000e+02 4.935645546875001887e-04
1.340000000000000000e+02 5.328382421874999775e-04
1.350000000000000000e+02 5.740815937499998446e-04
1.360000000000000000e+02 6.172411328124995317e-04
1.370000000000000000e+02 6.622635000000000197e-04
1.380000000000000000e+02 7.090852734374997798e-04
1.390000000000000000e+02 7.576414843750000488e-04
1.400000000000000000e+02 8.078583906249997429e-04
1.410000000000000000e+02 8.596546953125004534e-04
1.420000000000000000e+02 9.129568406249999801e-04
1.430000000000000000e+02 9.676698875000001344e-04
1.440000000000000000e+02 1.023707182031250535e-03
1.450000000000000000e+02 1.080967224218749856e-03
1.460000000000000000e+02 1.139356947656250570e-03
1.470000000000000000e+02 1.198770100781249926e-03
1.480000000000000000e+02 1.259098374999999314e-03
1.490000000000000000e+02 1.320244938281249936e-03
1.500000000000000000e+02 1.382097225781249265e-03
1.510000000000000000e+02 1.444533301562500247e-03
1.520000000000000000e+02 1.507452539843749401e-03
1.530000000000000000e+02 1.570737178906249408e-03
1.540000000000000000e+02 1.634269899999999699e-03
1.550000000000000000e+02 1.697939316406249814e-03
1.560000000000000000e+02 1.761631279687499553e-03
1.570000000000000000e+02 1.825226219531250272e-03
1.580000000000000000e+02 1.888619203125000345e-03
1.590000000000000000e+02 1.951691179687499661e-03
1.600000000000000000e+02 2.014338523437500007e-03
1.610000000000000000e+02 2.076450242187501041e-03
1.620000000000000000e+02 2.137922093749998649e-03
1.630000000000000000e+02 2.198640656250000491e-03
1.640000000000000000e+02 2.258517132812500831e-03
1.650000000000000000e+02 2.317449484374999816e-03
1.660000000000000000e+02 2.375339765624999346e-03
1.670000000000000000e+02 2.432107679687501352e-03
1.680000000000000000e+02 2.487656742187498941e-03
1.690000000000000000e+02 2.541909749999999787e-03
1.700000000000000000e+02 2.594784289062499350e-03
1.710000000000000000e+02 2.646212874999998889e-03
1.720000000000000000e+02 2.696121546874998953e-03
1.730000000000000000e+02 2.744453359375000675e-03
1.740000000000000000e+02 2.791139374999998708e-03
1.750000000000000000e+02 2.836142500000002169e-03
1.760000000000000000e+02 2.879395078124999396e-03
1.770000000000000000e+02 2.920876953125000133e-03
1.780000000000000000e+02 2.960543281250000661e-03
1.790000000000000000e+02 2.998366406249999491e-03
1.800000000000000000e+02 3.034323671875001176e-03
1.810000000000000000e+02 3.068403359375001908e-03
1.820000000000000000e+02 3.100592421875000750e-03
1.830000000000000000e+02 3.130897187499998274e-03
1.840000000000000000e+02 3.159306796875000628e-03
1.850000000000000000e+02 3.185850546874999332e-03
1.860000000000000000e+02 3.210538359375001306e-03
1.870000000000000000e+02 3.233405390624999754e-03
1.880000000000000000e+02 3.254479999999999700e-03
1.890000000000000000e+02 3.273812499999999379e-03
1.900000000000000000e+02 3.291451874999999031e-03
1.910000000000000000e+02 3.307456718749999906e-03
1.920000000000000000e+02 3.321898843749998467e-03
1.930000000000000000e+02 3.334839507812499982e-03
1.940000000000000000e+02 3.346396273437498951e-03
1.950000000000000000e+02 3.356607585937497473e-03
1.960000000000000000e+02 3.365643070312499506e-03
1.970000000000000000e+02 3.373555093749998953e-03
1.980000000000000000e+02 3.380498984375000793e-03
1.990000000000000000e+02 3.386575179687500731e-03
2.000000000000000000e+02 3.391919656250000272e-03
2.010000000000000000e+02 3.396679773437498179e-03
2.020000000000000000e+02 3.400998406250000348e-03
2.030000000000000000e+02 3.405048471093750743e-03
2.040000000000000000e+02 3.408948567968748608e-03
2.050000000000000000e+02 3.412916206249999064e-03
2.060000000000000000e+02 3.417083680468746901e-03
2.070000000000000000e+02 3.421680817187500688e-03
2.080000000000000000e+02 3.426815809375000337e-03
2.090000000000000000e+02 3.432708732812500378e-03
2.100000000000000000e+02 3.439570601562502369e-03
2.110000000000000000e+02 3.447535773437499645e-03
2.120000000000000000e+02 3.456831664062497752e-03
2.130000000000000000e+02 3.467632343749998958e-03
2.140000000000000000e+02 3.480147226562499939e-03
2.150000000000000000e+02 3.494500867187499103e-03
2.160000000000000000e+02 3.510950765625001860e-03
2.170000000000000000e+02 3.529607398437499283e-03
2.180000000000000000e+02 3.550631546874999551e-03
2.190000000000000000e+02 3.574238304687501339e-03
2.200000000000000000e+02 3.600561718749999141e-03
2.210000000000000000e+02 3.629701015625000794e-03
2.220000000000000000e+02 3.661801484374999430e-03
2.230000000000000000e+02 3.697000000000000633e-03
2.240000000000000000e+02 3.735348046874999422e-03
2.250000000000000000e+02 3.776994453125000293e-03
2.260000000000000000e+02 3.821959921875001456e-03
2.270000000000000000e+02 3.870261015625000699e-03
2.280000000000000000e+02 3.921995156250000954e-03
2.290000000000000000e+02 3.977111718750000677e-03
2.300000000000000000e+02 4.035649531250000248e-03
2.310000000000000000e+02 4.097517109374999682e-03
2.320000000000000000e+02 4.162707734374999913e-03
2.330000000000000000e+02 4.231107812500000884e-03
2.340000000000000000e+02 4.302657890625003964e-03
2.350000000000000000e+02 4.377191562499999598e-03
2.360000000000000000e+02 4.454578906250000227e-03
2.370000000000000000e+02 4.534613515625001735e-03
2.380000000000000000e+02 4.617175312500001842e-03
2.390000000000000000e+02 4.702010468750001879e-03
2.400000000000000000e+02 4.788893281250001382e-03
2.410000000000000000e+02 4.877588906250000800e-03
2.420000000000000000e+02 4.967783046874998595e-03
2.430000000000000000e+02 5.059212499999999300e-03
2.440000000000000000e+02 5.151606406249997598e-03
2.450000000000000000e+02 5.244636796874998716e-03
2.460000000000000000e+02 5.337964374999999533e-03
2.470000000000000000e+02 5.431291953125002084e-03
2.480000000000000000e+02 5.524260781250000044e-03
2.490000000000000000e+02 5.616556015624995200e-03
2.500000000000000000e+02 5.707832500000000094e-03
2.510000000000000000e+02 5.797746718749999077e-03
2.520000000000000000e+02 5.885968749999996238e-03
2.530000000000000000e+02 5.972217343749999970e-03
2.540000000000000000e+02 6.056138671874997451e-03
2.550000000000000000e+02 6.137488749999998709e-03
2.560000000000000000e+02 6.215884218750003867e-03
2.570000000000000000e+02 6.291229374999999548e-03
2.580000000000000000e+02 6.363191796875000694e-03
2.590000000000000000e+02 6.431558593749999234e-03
2.600000000000000000e+02 6.496215078125000021e-03
2.610000000000000000e+02 6.556950781249999347e-03
2.620000000000000000e+02 6.613749765625000394e-03
2.630000000000000000e+02 6.666443046874997135e-03
2.640000000000000000e+02 6.715019062499998255e-03
2.650000000000000000e+02 6.759555234374999867e-03
2.660000000000000000e+02 6.800049499999997853e-03
2.670000000000000000e+02 6.836556773437497785e-03
2.680000000000000000e+02 6.869244929687499772e-03
2.690000000000000000e+02 6.898339710937499702e-03
2.700000000000000000e+02 6.924025257812498231e-03
2.710000000000000000e+02 6.946583523437499172e-03
2.720000000000000000e+02 6.966295625000000491e-03
2.730000000000000000e+02 6.983555050781251397e-03
2.740000000000000000e+02 6.998761796875001794e-03
2.750000000000000000e+02 7.012368921875000542e-03
2.760000000000000000e+02 7.024886218749998301e-03
2.770000000000000000e+02 7.036759921874999150e-03
2.780000000000000000e+02 7.048606640625001626e-03
2.790000000000000000e+02 7.060986484375000177e-03
2.800000000000000000e+02 7.074516718750002535e-03
2.810000000000000000e+02 7.089907734374997772e-03
2.820000000000000000e+02 7.107732968750002378e-03
2.830000000000000000e+02 7.128759375000001675e-03
2.840000000000000000e+02 7.153631171874998314e-03
2.850000000000000000e+02 7.183086640624998347e-03
2.860000000000000000e+02 7.217825859374999743e-03
2.870000000000000000e+02 7.258560281250003160e-03
2.880000000000000000e+02 7.306026851562501256e-03
2.890000000000000000e+02 7.360874593749997842e-03
2.900000000000000000e+02 7.423838867187499205e-03
2.910000000000000000e+02 7.495497484375000449e-03
2.920000000000000000e+02 7.576604812499996774e-03
2.930000000000000000e+02 7.667714726562501089e-03
2.940000000000000000e+02 7.769434062500001244e-03
2.950000000000000000e+02 7.882228906250000194e-03
2.960000000000000000e+02 8.006658828125002431e-03
2.970000000000000000e+02 8.143107578124999385e-03
2.980000000000000000e+02 8.292035625000001089e-03
2.990000000000000000e+02 8.453673671874998435e-03
3.000000000000000000e+02 8.628426328125002667e-03
3.010000000000000000e+02 8.816431953124995169e-03
3.020000000000000000e+02 9.017855546875001849e-03
3.030000000000000000e+02 9.232729062500001985e-03
3.040000000000000000e+02 9.461113828124997557e-03
3.050000000000000000e+02 9.702839296875005043e-03
3.060000000000000000e+02 9.957855624999999503e-03
3.070000000000000000e+02 1.022598570312500087e-02
3.080000000000000000e+02 1.050680906250000234e-02
3.090000000000000000e+02 1.080007257812500183e-02
3.100000000000000000e+02 1.110521585937499812e-02
3.110000000000000000e+02 1.142179601562499751e-02
3.120000000000000000e+02 1.174919445312500033e-02
3.130000000000000000e+02 1.208674023437499370e-02
3.140000000000000000e+02 1.243374601562500549e-02
3.150000000000000000e+02 1.278934033593750845e-02
3.160000000000000000e+02 1.315268028906250129e-02
3.170000000000000000e+02 1.352288125781249579e-02
3.180000000000000000e+02 1.389891601562499857e-02
3.190000000000000000e+02 1.427978056250000724e-02
3.200000000000000000e+02 1.466434074999999927e-02
3.210000000000000000e+02 1.505156156249999946e-02
3.220000000000000000e+02 1.544019351562499372e-02
3.230000000000000000e+02 1.582905351562499674e-02
3.240000000000000000e+02 1.621697226562499733e-02
3.250000000000000000e+02 1.660262499999999933e-02
3.260000000000000000e+02 1.698485312500000108e-02
3.270000000000000000e+02 1.736228437500000540e-02
3.280000000000000000e+02 1.773369414062500593e-02
3.290000000000000000e+02 1.809784609374999464e-02
3.300000000000000000e+02 1.845338054687499854e-02
3.310000000000000000e+02 1.879907710937500642e-02
3.320000000000000000e+02 1.913376601562500473e-02
3.330000000000000000e+02 1.945614710937501254e-02
3.340000000000000000e+02 1.976505609375000735e-02
3.350000000000000000e+02 2.005932554687497524e-02
3.360000000000000000e+02 2.033799359374999227e-02
3.370000000000000000e+02 2.059991070312499825e-02
3.380000000000000000e+02 2.084396664062499946e-02
3.390000000000000000e+02 2.106936609374999644e-02
3.400000000000000000e+02 2.127516390625001225e-02
3.410000000000000000e+02 2.146050429687500205e-02
3.420000000000000000e+02 2.162476367187502260e-02
3.430000000000000000e+02 2.176706750000000773e-02
3.440000000000000000e+02 2.188699561718750880e-02
3.450000000000000000e+02 2.198395814062501646e-02
3.460000000000000000e+02 2.205745805468749612e-02
3.470000000000000000e+02 2.210725513281251026e-02
3.480000000000000000e+02 2.213297002656250054e-02
3.490000000000000000e+02 2.213453210312500002e-02
3.500000000000000000e+02 2.211180153124999923e-02
3.510000000000000000e+02 2.206478660156250063e-02
3.520000000000000000e+02 2.199352217968751633e-02
3.530000000000000000e+02 2.189828681250000422e-02
3.540000000000000000e+02 2.177919366406249821e-02
3.550000000000000000e+02 2.163671814062500046e-02
3.560000000000000000e+02 2.147116546875001142e-02
3.570000000000000000e+02 2.128311958593751343e-02
3.580000000000000000e+02 2.107308585937501394e-02
3.590000000000000000e+02 2.084174312500000625e-02
3.600000000000000000e+02 2.058980531250000079e-02
3.610000000000000000e+02 2.031805132812500997e-02
3.620000000000000000e+02 2.002729156249999018e-02
3.630000000000000000e+02 1.971855179687500431e-02
3.640000000000000000e+02 1.939279351562498907e-02
3.650000000000000000e+02 1.905109429687501174e-02
3.660000000000000000e+02 1.869456179687500885e-02
3.670000000000000000e+02 1.832448468749999643e-02
3.680000000000000000e+02 1.794208148437499359e-02
3.690000000000000000e+02 1.754872976562499992e-02
3.700000000000000000e+02 1.714584429687499717e-02
3.710000000000000000e+02 1.673492554687500133e-02
3.720000000000000000e+02 1.631750687500000893e-02
3.730000000000000000e+02 1.589507181249999804e-02
3.740000000000000000e+02 1.546926197656249731e-02
3.750000000000000000e+02 1.504167048437499675e-02
3.760000000000000000e+02 1.461386475000000032e-02
3.770000000000000000e+02 1.418742043750000244e-02
3.780000000000000000e+02 1.376388454609374194e-02
3.790000000000000000e+02 1.334473911640625052e-02
3.800000000000000000e+02 1.293152178281250543e-02
3.810000000000000000e+02 1.252547578906250056e-02
3.820000000000000000e+02 1.212799307812499790e-02
3.830000000000000000e+02 1.174029500000000129e-02
3.840000000000000000e+02 1.136354499999999747e-02
3.850000000000000000e+02 1.099879375000000284e-02
3.860000000000000000e+02 1.064712359375000021e-02
3.870000000000000000e+02 1.030953906249999774e-02
3.880000000000000000e+02 9.986939140624997990e-03
3.890000000000000000e+02 9.680279609375001815e-03
3.900000000000000000e+02 9.390365156249995057e-03
3.910000000000000000e+02 9.118067109375004378e-03
3.920000000000000000e+02 8.864277812499996370e-03
3.930000000000000000e+02 8.629724609375000188e-03
3.940000000000000000e+02 8.415233750000009408e-03
3.950000000000000000e+02 8.221534999999998566e-03
3.960000000000000000e+02 8.049362265625002039e-03
3.970000000000000000e+02 7.899292031250004786e-03
3.980000000000000000e+02 7.771986406249997009e-03
3.990000000000000000e+02 7.667912968749998441e-03
4.000000000000000000e+02 7.587464296875003240e-03
4.010000000000000000e+02 7.530911093749999459e-03
4.020000000000000000e+02 7.498529687500003413e-03
4.030000000000000000e+02 7.490334140624999894e-03
4.040000000000000000e+02 7.506300234375000782e-03
4.050000000000000000e+02 7.546337109374996223e-03
4.060000000000000000e+02 7.610144296874997785e-03
4.070000000000000000e+02 7.697420234374996797e-03
4.080000000000000000e+02 7.807762109374999718e-03
4.090000000000000000e+02 7.940733906249998822e-03
4.100000000000000000e+02 8.095772812499998916e-03
4.110000000000000000e+02 8.272388828125006380e-03
4.120000000000000000e+02 8.469960703124999532e-03
4.130000000000000000e+02 8.687873671875002285e-03
4.140000000000000000e+02 8.925600859375002263e-03
4.150000000000000000e+02 9.182415000000001062e-03
4.160000000000000000e+02 9.457774921875003807e-03
4.170000000000000000e+02 9.750993750000004276e-03
4.180000000000000000e+02 1.006134843750000271e-02
4.190000000000000000e+02 1.038810624999999925e-02
4.200000000000000000e+02 1.073046874999999956e-02
4.210000000000000000e+02 1.108753515624999811e-02
4.220000000000000000e+02 1.145827656249999785e-02
4.230000000000000000e+02 1.184164218750000108e-02
4.240000000000000000e+02 1.223634531250000074e-02
4.250000000000000000e+02 1.264095703125000386e-02
4.260000000000000000e+02 1.305392890624999976e-02
4.270000000000000000e+02 1.347357890625000207e-02
4.280000000000000000e+02 1.389794453124999773e-02
4.290000000000000000e+02 1.432508828125000563e-02
4.300000000000000000e+02 1.475269375000000383e-02
4.310000000000000000e+02 1.517848750000000066e-02
4.320000000000000000e+02 1.560000859374999563e-02
4.330000000000000000e+02 1.601480156250001050e-02
4.340000000000000000e+02 1.642016953124998679e-02
4.350000000000000000e+02 1.681352812499999419e-02
4.360000000000000000e+02 1.719229609375000356e-02
4.370000000000000000e+02 1.755373281250000028e-02
4.380000000000000000e+02 1.789530156249999684e-02
4.390000000000000000e+02 1.821437968750000413e-02
4.400000000000000000e+02 1.850851406250000192e-02
4.410000000000000000e+02 1.877514765625000470e-02
4.420000000000000000e+02 1.901195468750000242e-02
4.430000000000000000e+02 1.921652265624999856e-02
4.440000000000000000e+02 1.938663906250000582e-02
4.450000000000000000e+02 1.952013749999999270e-02
4.460000000000000000e+02 1.961492890625000582e-02
4.470000000000000000e+02 1.966909140625001245e-02
4.480000000000000000e+02 1.968089531249999150e-02
4.490000000000000000e+02 1.964880000000000793e-02
4.500000000000000000e+02 1.957135156250000216e-02
4.510000000000000000e+02 1.944769687499999650e-02
4.520000000000000000e+02 1.927712968750001227e-02
4.530000000000000000e+02 1.905933593749999447e-02
4.540000000000000000e+02 1.879456406250001183e-02
4.550000000000000000e+02 1.848336171875001460e-02
4.560000000000000000e+02 1.812679453125001436e-02
4.570000000000000000e+02 1.772651562500000486e-02
4.580000000000000000e+02 1.728468906250000756e-02
4.590000000000000000e+02 1.680390546875000848e-02
4.600000000000000000e+02 1.628725000000000311e-02
4.610000000000000000e+02 1.573834687499999982e-02
4.620000000000000000e+02 1.516120742187500661e-02
4.630000000000000000e+02 1.456031867187499926e-02
4.640000000000000000e+02 1.394041812499999776e-02
4.650000000000000000e+02 1.330652265624999997e-02
4.660000000000000000e+02 1.266402523437500441e-02
4.670000000000000000e+02 1.201846687500000496e-02
4.680000000000000000e+02 1.137556421875000716e-02
4.690000000000000000e+02 1.074094867187500718e-02
4.700000000000000000e+02 1.012059584375000001e-02
4.710000000000000000e+02 9.520203796874989258e-03
4.720000000000000000e+02 8.945493693750002431e-03
4.730000000000000000e+02 8.401931851562498971e-03
4.740000000000000000e+02 7.894878562499997240e-03
4.750000000000000000e+02 7.429140265624997568e-03
4.760000000000000000e+02 7.009195804687499108e-03
4.770000000000000000e+02 6.638877578125000622e-03
4.780000000000000000e+02 6.321345562499999619e-03
4.790000000000000000e+02 6.058820764062498518e-03
4.800000000000000000e+02 5.852735503906248728e-03
4.810000000000000000e+02 5.703254226562499279e-03
4.820000000000000000e+02 5.609508078124999554e-03
4.830000000000000000e+02 5.569448281250001867e-03
4.840000000000000000e+02 5.579713984374999949e-03
4.850000000000000000e+02 5.635745859375000145e-03
4.860000000000000000e+02 5.731821406249997843e-03
4.870000000000000000e+02 5.861140390625001022e-03
4.880000000000000000e+02 6.015940078124999528e-03
4.890000000000000000e+02 6.187695078124998659e-03
4.900000000000000000e+02 6.367268749999998451e-03
4.910000000000000000e+02 6.545200781249998871e-03
4.920000000000000000e+02 6.711858593749998186e-03
4.930000000000000000e+02 6.857878906249999067e-03
4.940000000000000000e+02 6.974277343750001634e-03
4.950000000000000000e+02 7.052864843749998523e-03
4.960000000000000000e+02 7.086511718750000688e-03
4.970000000000000000e+02 7.069646874999998415e-03
4.980000000000000000e+02 6.998631249999998950e-03
4.990000000000000000e+02 6.872323437499999396e-03
5.000000000000000000e+02 6.692807031249997651e-03
5.010000000000000000e+02 6.466412500000001846e-03
5.020000000000000000e+02 6.204989843749998853e-03
5.030000000000000000e+02 5.928153125000001911e-03
5.040000000000000000e+02 5.665817968749998698e-03
5.050000000000000000e+02 5.462585937499998476e-03
5.060000000000000000e+02 5.383553906249998779e-03
5.070000000000000000e+02 5.522806250000001499e-03
5.080000000000000000e+02 6.015300028906250124e-03
5.090000000000000000e+02 7.053166601562501671e-03
5.100000000000000000e+02 8.908801562499995413e-03
5.110000000000000000e+02 1.196582421875000066e-02
