0.000000000000000000e+00 5.862550781250000032e-04
1.000000000000000000e+00 5.853539062500000018e-04
2.000000000000000000e+00 5.835565624999997526e-04
3.000000000000000000e+00 5.808677343750001491e-04
4.000000000000000000e+00 5.773050781249999212e-04
5.000000000000000000e+00 5.728864843750000602e-04
6.000000000000000000e+00 5.676366406250000400e-04
7.000000000000000000e+00 5.615803906249997946e-04
8.000000000000000000e+00 5.547507031249999682e-04
9.000000000000000000e+00 5.471828906250000802e-04
1.000000000000000000e+01 5.389162499999999379e-04
1.100000000000000000e+01 5.299911718750000738e-04
1.200000000000000000e+01 5.204551562499998806e-04
1.300000000000000000e+01 5.103578906249998763e-04
1.400000000000000000e+01 4.997523437500000446e-04
1.500000000000000000e+01 4.886873437499997296e-04
1.600000000000000000e+01 4.772267187500001378e-04
1.700000000000000000e+01 4.654212500000000190e-04
1.800000000000000000e+01 4.533383593749999350e-04
1.900000000000000000e+01 4.410359374999999350e-04
2.000000000000000000e+01 4.285717968749998925e-04
2.100000000000000000e+01 4.160118749999999581e-04
2.200000000000000000e+01 4.034212499999999756e-04
2.300000000000000000e+01 3.908569531250000672e-04
2.400000000000000000e+01 3.783847968749999612e-04
2.500000000000000000e+01 3.660627031250001783e-04
2.600000000000000000e+01 3.539513124999999708e-04
2.700000000000000000e+01 3.421082187499999779e-04
2.800000000000000000e+01 3.305908203124999657e-04
2.900000000000000000e+01 3.194510078125001058e-04
3.000000000000000000e+01 3.087418046874999735e-04
3.100000000000000000e+01 2.985107031249999415e-04
3.200000000000000000e+01 2.888035703124999906e-04
3.300000000000000000e+01 2.796617578124999310e-04
3.400000000000000000e+01 2.711246718750000544e-04
3.500000000000000000e+01 2.632279374999999325e-04
3.600000000000000000e+01 2.560006796875000643e-04
3.700000000000000000e+01 2.494709218749999570e-04
3.800000000000000000e+01 2.436610078124999657e-04
3.900000000000000000e+01 2.385884476562499595e-04
4.000000000000000000e+01 2.342680289062499394e-04
4.100000000000000000e+01 2.307080851562500130e-04
4.200000000000000000e+01 2.279141226562499437e-04
4.300000000000000000e+01 2.258852023437499603e-04
4.400000000000000000e+01 2.246178928906251331e-04
4.500000000000000000e+01 2.241020776562499235e-04
4.600000000000000000e+01 2.243251001562499838e-04
4.700000000000000000e+01 2.252687042968750102e-04
4.800000000000000000e+01 2.269108728125000438e-04
4.900000000000000000e+01 2.292258085937500097e-04
5.000000000000000000e+01 2.321824296874999845e-04
5.100000000000000000e+01 2.357474304687499109e-04
5.200000000000000000e+01 2.398834226562500665e-04
5.300000000000000000e+01 2.445494054687500393e-04
5.400000000000000000e+01 2.497012468749999488e-04
5.500000000000000000e+01 2.552930992187499391e-04
5.600000000000000000e+01 2.612743031250000145e-04
5.700000000000000000e+01 2.675952679687500289e-04
5.800000000000000000e+01 2.742013539062500217e-04
5.900000000000000000e+01 2.810378703124999508e-04
6.000000000000000000e+01 2.880491000000001624e-04
6.100000000000000000e+01 2.951772789062499661e-04
6.200000000000000000e+01 3.023651515624998240e-04
6.300000000000000000e+01 3.095550914062498516e-04
6.400000000000000000e+01 3.166888695312500366e-04
6.500000000000000000e+01 3.237088687500001317e-04
6.600000000000000000e+01 3.305602281250002062e-04
6.700000000000000000e+01 3.371868593749999883e-04
6.800000000000000000e+01 3.435341789062500519e-04
6.900000000000000000e+01 3.495522812500000587e-04
7.000000000000000000e+01 3.551908921875000054e-04
7.100000000000000000e+01 3.604026687500002106e-04
7.200000000000000000e+01 3.651440265625000015e-04
7.300000000000000000e+01 3.693736460937498871e-04
7.400000000000000000e+01 3.730553578124999104e-04
7.500000000000000000e+01 3.761524976562500709e-04
7.600000000000000000e+01 3.786381382812498294e-04
7.700000000000000000e+01 3.804847851562500184e-04
7.800000000000000000e+01 3.816710375000000521e-04
7.900000000000000000e+01 3.821807382812501298e-04
8.000000000000000000e+01 3.820016632812500506e-04
8.100000000000000000e+01 3.811262289062498812e-04
8.200000000000000000e+01 3.795515039062500044e-04
8.300000000000000000e+01 3.772806210937500182e-04
8.400000000000000000e+01 3.743212195312501083e-04
8.500000000000000000e+01 3.706864484374999781e-04
8.600000000000000000e+01 3.663934414062499441e-04
8.700000000000000000e+01 3.614658328124998937e-04
8.800000000000000000e+01 3.559309078124999934e-04
8.900000000000000000e+01 3.498230000000000285e-04
9.000000000000000000e+01 3.431783906249999297e-04
9.100000000000000000e+01 3.360410859375002023e-04
9.200000000000000000e+01 3.284586023437500242e-04
9.300000000000000000e+01 3.204815320312497952e-04
9.400000000000000000e+01 3.121666515624999774e-04
9.500000000000000000e+01 3.035739625000000727e-04
9.600000000000000000e+01 2.947678124999999843e-04
9.700000000000000000e+01 2.858140117968750119e-04
9.800000000000000000e+01 2.767855530859374960e-04
9.900000000000000000e+01 2.677543833281249776e-04
1.000000000000000000e+02 2.587972692187500584e-04
1.010000000000000000e+02 2.499936797656250316e-04
1.020000000000000000e+02 2.414232015624999492e-04
1.030000000000000000e+02 2.331696671875000478e-04
1.040000000000000000e+02 2.253150828125000148e-04
1.050000000000000000e+02 2.179463039062500224e-04
1.060000000000000000e+02 2.111465492187499611e-04
1.070000000000000000e+02 2.050017531249999836e-04
1.080000000000000000e+02 1.995975164062499356e-04
1.090000000000000000e+02 1.950183335937499362e-04
1.100000000000000000e+02 1.913477796875001061e-04
1.110000000000000000e+02 1.886693171874999581e-04
1.120000000000000000e+02 1.870624687499999623e-04
1.130000000000000000e+02 1.866058757812499901e-04
1.140000000000000000e+02 1.873760695312499285e-04
1.150000000000000000e+02 1.894469320312500995e-04
1.160000000000000000e+02 1.928882992187500110e-04
1.170000000000000000e+02 1.977673601562499625e-04
1.180000000000000000e+02 2.041467773437499636e-04
1.190000000000000000e+02 2.120860124999998978e-04
1.200000000000000000e+02 2.216393765625000506e-04
1.210000000000000000e+02 2.328575642968749577e-04
1.220000000000000000e+02 2.457865814062500293e-04
1.230000000000000000e+02 2.604644645312500736e-04
1.240000000000000000e+02 2.769282223437501437e-04
1.250000000000000000e+02 2.952065156250001680e-04
1.260000000000000000e+02 3.153226882812500153e-04
1.270000000000000000e+02 3.372960710937499234e-04
1.280000000000000000e+02 3.611379812499999095e-04
1.290000000000000000e+02 3.868548125000000667e-04
1.300000000000000000e+02 4.144474687499998867e-04
1.310000000000000000e+02 4.439088359375001217e-04
1.320000000000000000e+02 4.752296640624999484e-04
1.330000000000000000e+02 5.083893593750000691e-04
1.340000000000000000e+02 5.433621718750002681e-04
1.350000000000000000e+02 5.801240390624998753e-04
1.360000000000000000e+02 6.186355234374996993e-04
1.370000000000000000e+02 6.588518828124999803e-04
1.380000000000000000e+02 7.007342812499998009e-04
1.390000000000000000e+02 7.442186171874999416e-04
1.400000000000000000e+02 7.892580390625004516e-04
1.410000000000000000e+02 8.357807656250000822e-04
1.420000000000000000e+02 8.837235703125001290e-04
1.430000000000000000e+02 9.330122500000002927e-04
1.440000000000000000e+02 9.835697968749999073e-04
1.450000000000000000e+02 1.035309601562499349e-03
1.460000000000000000e+02 1.088157476562499719e-03
1.470000000000000000e+02 1.142005304687500247e-03
1.480000000000000000e+02 1.196779242187500335e-03
1.490000000000000000e+02 1.252374851562500311e-03
1.500000000000000000e+02 1.308696664062499902e-03
1.510000000000000000e+02 1.365642757812500279e-03
1.520000000000000000e+02 1.423105031249999580e-03
1.530000000000000000e+02 1.480988499999999876e-03
1.540000000000000000e+02 1.539181828124999056e-03
1.550000000000000000e+02 1.597579835937500657e-03
1.560000000000000000e+02 1.656075578125000471e-03
1.570000000000000000e+02 1.714561039062500059e-03
1.580000000000000000e+02 1.772927515625000693e-03
1.590000000000000000e+02 1.831065421874999771e-03
1.600000000000000000e+02 1.888871265624999293e-03
1.610000000000000000e+02 1.946236007812500272e-03
1.620000000000000000e+02 2.003057968750000285e-03
1.630000000000000000e+02 2.059231148437499180e-03
1.640000000000000000e+02 2.114654539062499165e-03
1.650000000000000000e+02 2.169236164062501165e-03
1.660000000000000000e+02 2.222875124999999525e-03
1.670000000000000000e+02 2.275485476562498933e-03
1.680000000000000000e+02 2.326966492187500148e-03
1.690000000000000000e+02 2.377241468750000176e-03
1.700000000000000000e+02 2.426222093749999097e-03
1.710000000000000000e+02 2.473830882812499098e-03
1.720000000000000000e+02 2.519991484375001985e-03
1.730000000000000000e+02 2.564645468750002301e-03
1.740000000000000000e+02 2.607719921875000912e-03
1.750000000000000000e+02 2.649157187499999108e-03
1.760000000000000000e+02 2.688894765624998996e-03
1.770000000000000000e+02 2.726900781250000006e-03
1.780000000000000000e+02 2.763119609374998457e-03
1.790000000000000000e+02 2.797509921874998754e-03
1.800000000000000000e+02 2.830063281249998400e-03
1.810000000000000000e+02 2.860733984374999334e-03
1.820000000000000000e+02 2.889513203125000564e-03
1.830000000000000000e+02 2.916391015624999507e-03
1.840000000000000000e+02 2.941360390624998995e-03
1.850000000000000000e+02 2.964426484374999785e-03
1.860000000000000000e+02 2.985606250000000326e-03
1.870000000000000000e+02 3.004904765625001414e-03
1.880000000000000000e+02 3.022358906249999685e-03
1.890000000000000000e+02 3.037992812499999348e-03
1.900000000000000000e+02 3.051859812500000955e-03
1.910000000000000000e+02 3.064003890624999137e-03
1.920000000000000000e+02 3.074483781249997237e-03
1.930000000000000000e+02 3.083373125000000731e-03
1.940000000000000000e+02 3.090736812499998015e-03
1.950000000000000000e+02 3.096667445312501279e-03
1.960000000000000000e+02 3.101244296874999806e-03
1.970000000000000000e+02 3.104584351562499674e-03
1.980000000000000000e+02 3.106784140625001248e-03
1.990000000000000000e+02 3.107961062499999764e-03
2.000000000000000000e+02 3.108224796875000157e-03
2.010000000000000000e+02 3.107747328125000374e-03
2.020000000000000000e+02 3.106641301562500495e-03
2.030000000000000000e+02 3.105059563281250060e-03
2.040000000000000000e+02 3.103131606250000146e-03
2.050000000000000000e+02 3.101047842968751231e-03
2.060000000000000000e+02 3.098984707031249460e-03
2.070000000000000000e+02 3.097077959375000179e-03
2.080000000000000000e+02 3.095537173437501108e-03
2.090000000000000000e+02 3.094491974218749504e-03
2.100000000000000000e+02 3.094211414062501223e-03
2.110000000000000000e+02 3.094819757812499340e-03
2.120000000000000000e+02 3.096525609374998090e-03
2.130000000000000000e+02 3.099505898437503008e-03
2.140000000000000000e+02 3.103997890625000231e-03
2.150000000000000000e+02 3.110115765624998831e-03
2.160000000000000000e+02 3.118105250000000658e-03
2.170000000000000000e+02 3.128152117187499217e-03
2.180000000000000000e+02 3.140416570312499957e-03
2.190000000000000000e+02 3.155068007812498500e-03
2.200000000000000000e+02 3.172272898437501331e-03
2.210000000000000000e+02 3.192234132812500538e-03
2.220000000000000000e+02 3.215075234374998973e-03
2.230000000000000000e+02 3.240951015625000153e-03
2.240000000000000000e+02 3.269956562500000215e-03
2.250000000000000000e+02 3.302259609374999343e-03
2.260000000000000000e+02 3.337940390625000406e-03
2.270000000000000000e+02 3.377097265624996736e-03
2.280000000000000000e+02 3.419803984374998954e-03
2.290000000000000000e+02 3.466115312500001652e-03
2.300000000000000000e+02 3.516078671874998951e-03
2.310000000000000000e+02 3.569729140625000578e-03
2.320000000000000000e+02 3.627054062500000616e-03
2.330000000000000000e+02 3.688028984375001096e-03
2.340000000000000000e+02 3.752625546875000898e-03
2.350000000000000000e+02 3.820817656250001613e-03
2.360000000000000000e+02 3.892439609374998954e-03
2.370000000000000000e+02 3.967493828125003355e-03
2.380000000000000000e+02 4.045803046875001002e-03
2.390000000000000000e+02 4.127269140624999742e-03
2.400000000000000000e+02 4.211695703125003208e-03
2.410000000000000000e+02 4.298903593750001174e-03
2.420000000000000000e+02 4.388696328125001218e-03
2.430000000000000000e+02 4.480873359375001780e-03
2.440000000000000000e+02 4.575221249999999844e-03
2.450000000000000000e+02 4.671434218750000235e-03
2.460000000000000000e+02 4.769292343750000315e-03
2.470000000000000000e+02 4.868514687499998772e-03
2.480000000000000000e+02 4.968803515625000965e-03
2.490000000000000000e+02 5.069891953125002515e-03
2.500000000000000000e+02 5.171447031250000007e-03
2.510000000000000000e+02 5.273212187499998378e-03
2.520000000000000000e+02 5.374826718749997970e-03
2.530000000000000000e+02 5.476028124999999039e-03
2.540000000000000000e+02 5.576492812499995837e-03
2.550000000000000000e+02 5.675925156250001720e-03
2.560000000000000000e+02 5.774035859374998525e-03
2.570000000000000000e+02 5.870556015625004627e-03
2.580000000000000000e+02 5.965241874999997404e-03
2.590000000000000000e+02 6.057787421874999585e-03
2.600000000000000000e+02 6.148002031250001352e-03
2.610000000000000000e+02 6.235652578124996175e-03
2.620000000000000000e+02 6.320609921874998684e-03
2.630000000000000000e+02 6.402650078125000574e-03
2.640000000000000000e+02 6.481717187499998721e-03
2.650000000000000000e+02 6.557569648437499947e-03
2.660000000000000000e+02 6.630258031249999968e-03
2.670000000000000000e+02 6.699706492187500542e-03
2.680000000000000000e+02 6.765897335937500791e-03
2.690000000000000000e+02 6.828956390624999102e-03
2.700000000000000000e+02 6.888769828124997711e-03
2.710000000000000000e+02 6.945603335937502489e-03
2.720000000000000000e+02 6.999546429687502312e-03
2.730000000000000000e+02 7.050765120312500918e-03
2.740000000000000000e+02 7.099519145312500196e-03
2.750000000000000000e+02 7.146065976562499325e-03
2.760000000000000000e+02 7.190696109374999402e-03
2.770000000000000000e+02 7.233688609375002986e-03
2.780000000000000000e+02 7.275520367187501489e-03
2.790000000000000000e+02 7.316484218749998852e-03
2.800000000000000000e+02 7.357132187500002238e-03
2.810000000000000000e+02 7.397818281250001168e-03
2.820000000000000000e+02 7.439074687499998284e-03
2.830000000000000000e+02 7.481417031249997136e-03
2.840000000000000000e+02 7.525407874999998255e-03
2.850000000000000000e+02 7.571557976562498862e-03
2.860000000000000000e+02 7.620437601562501072e-03
2.870000000000000000e+02 7.672697570312502109e-03
2.880000000000000000e+02 7.728817437500001310e-03
2.890000000000000000e+02 7.789498015625000160e-03
2.900000000000000000e+02 7.855189382812497248e-03
2.910000000000000000e+02 7.926614968750000587e-03
2.920000000000000000e+02 8.004271984374996748e-03
2.930000000000000000e+02 8.088773359375002470e-03
2.940000000000000000e+02 8.180652031250002648e-03
2.950000000000000000e+02 8.280401953124998798e-03
2.960000000000000000e+02 8.388524921875001317e-03
2.970000000000000000e+02 8.505496484374997987e-03
2.980000000000000000e+02 8.631754687499998066e-03
2.990000000000000000e+02 8.767760312500001013e-03
3.000000000000000000e+02 8.913691171874999972e-03
3.010000000000000000e+02 9.070063359375001716e-03
3.020000000000000000e+02 9.237011328124999227e-03
3.030000000000000000e+02 9.414747031249998468e-03
3.040000000000000000e+02 9.603471093749997925e-03
3.050000000000000000e+02 9.803256328124999169e-03
3.060000000000000000e+02 1.001414265625000244e-02
3.070000000000000000e+02 1.023610109375000521e-02
3.080000000000000000e+02 1.046904062499999857e-02
3.090000000000000000e+02 1.071278273437499540e-02
3.100000000000000000e+02 1.096720796875000174e-02
3.110000000000000000e+02 1.123194578125000058e-02
3.120000000000000000e+02 1.150662101562499942e-02
3.130000000000000000e+02 1.179096664062499744e-02
3.140000000000000000e+02 1.208435664062500192e-02
3.150000000000000000e+02 1.238634078125000655e-02
3.160000000000000000e+02 1.269633810937499836e-02
3.170000000000000000e+02 1.301358448437499836e-02
3.180000000000000000e+02 1.333747445312500647e-02
3.190000000000000000e+02 1.366717174218750469e-02
3.200000000000000000e+02 1.400188616406249954e-02
3.210000000000000000e+02 1.434071338281250364e-02
3.220000000000000000e+02 1.468281398437499413e-02
3.230000000000000000e+02 1.502714460937500281e-02
3.240000000000000000e+02 1.537273273437500358e-02
3.250000000000000000e+02 1.571854398437499967e-02
3.260000000000000000e+02 1.606361617187499966e-02
3.270000000000000000e+02 1.640676960937500345e-02
3.280000000000000000e+02 1.674694273437499908e-02
3.290000000000000000e+02 1.708300851562499778e-02
3.300000000000000000e+02 1.741391296875000397e-02
3.310000000000000000e+02 1.773838312499999986e-02
3.320000000000000000e+02 1.805554742187500533e-02
3.330000000000000000e+02 1.836405843749999364e-02
3.340000000000000000e+02 1.866296882812499766e-02
3.350000000000000000e+02 1.895109617187498707e-02
3.360000000000000000e+02 1.922746601562498950e-02
3.370000000000000000e+02 1.949098343750000489e-02
3.380000000000000000e+02 1.974074968750000325e-02
3.390000000000000000e+02 1.997566551562501153e-02
3.400000000000000000e+02 2.019486475000000295e-02
3.410000000000000000e+02 2.039753588281249461e-02
3.420000000000000000e+02 2.058288910156250498e-02
3.430000000000000000e+02 2.075005994531250661e-02
3.440000000000000000e+02 2.089844565625000733e-02
3.450000000000000000e+02 2.102739495234375033e-02
3.460000000000000000e+02 2.113621275000000452e-02
3.470000000000000000e+02 2.122458248437500070e-02
3.480000000000000000e+02 2.129201435937500692e-02
3.490000000000000000e+02 2.133814957812499649e-02
3.500000000000000000e+02 2.136273234374999261e-02
3.510000000000000000e+02 2.136554109375000260e-02
3.520000000000000000e+02 2.134651234374999873e-02
3.530000000000000000e+02 2.130559835937501437e-02
3.540000000000000000e+02 2.124281015625000338e-02
3.550000000000000000e+02 2.115826257812498945e-02
3.560000000000000000e+02 2.105222210937499061e-02
3.570000000000000000e+02 2.092488804687500648e-02
3.580000000000000000e+02 2.077658015624998453e-02
3.590000000000000000e+02 2.060781898437501203e-02
3.600000000000000000e+02 2.041901492187499570e-02
3.610000000000000000e+02 2.021075273437499334e-02
3.620000000000000000e+02 1.998363929687499776e-02
3.630000000000000000e+02 1.973838734374999682e-02
3.640000000000000000e+02 1.947581484374998409e-02
3.650000000000000000e+02 1.919671187499999432e-02
3.660000000000000000e+02 1.890196273437499963e-02
3.670000000000000000e+02 1.859257023437499781e-02
3.680000000000000000e+02 1.826962703124999921e-02
3.690000000000000000e+02 1.793417617187500340e-02
3.700000000000000000e+02 1.758746992187498748e-02
3.710000000000000000e+02 1.723069164062498992e-02
3.720000000000000000e+02 1.686525398437499837e-02
3.730000000000000000e+02 1.649231062500000622e-02
3.740000000000000000e+02 1.611341992187500377e-02
3.750000000000000000e+02 1.572992812500000406e-02
3.760000000000000000e+02 1.534322923437499674e-02
3.770000000000000000e+02 1.495480467187500391e-02
3.780000000000000000e+02 1.456610524218748988e-02
3.790000000000000000e+02 1.417848320546875006e-02
3.800000000000000000e+02 1.379331182914061982e-02
3.810000000000000000e+02 1.341195167656249534e-02
3.820000000000000000e+02 1.303563521093750732e-02
3.830000000000000000e+02 1.266557622656249750e-02
3.840000000000000000e+02 1.230295564062500527e-02
3.850000000000000000e+02 1.194886546875000705e-02
3.860000000000000000e+02 1.160435226562499082e-02
3.870000000000000000e+02 1.127034734375000243e-02
3.880000000000000000e+02 1.094794328124999890e-02
3.890000000000000000e+02 1.063798203124999807e-02
3.900000000000000000e+02 1.034136874999999796e-02
3.910000000000000000e+02 1.005905570312500517e-02
3.920000000000000000e+02 9.791836406249998861e-03
3.930000000000000000e+02 9.540679218749993640e-03
3.940000000000000000e+02 9.306354687500004164e-03
3.950000000000000000e+02 9.089827421874994984e-03
3.960000000000000000e+02 8.891888124999997034e-03
3.970000000000000000e+02 8.713345312499991974e-03
3.980000000000000000e+02 8.554985624999995528e-03
3.990000000000000000e+02 8.417504296875001277e-03
4.000000000000000000e+02 8.301564531250001447e-03
4.010000000000000000e+02 8.207735078124996780e-03
4.020000000000000000e+02 8.136426562500001861e-03
4.030000000000000000e+02 8.088021718749997813e-03
4.040000000000000000e+02 8.062790468750004325e-03
4.050000000000000000e+02 8.060783437499998219e-03
4.060000000000000000e+02 8.082072812499998746e-03
4.070000000000000000e+02 8.126565312499998625e-03
4.080000000000000000e+02 8.194076718749998545e-03
4.090000000000000000e+02 8.284312812500003315e-03
4.100000000000000000e+02 8.396984218750003920e-03
4.110000000000000000e+02 8.531568593750000346e-03
4.120000000000000000e+02 8.687710781249998251e-03
4.130000000000000000e+02 8.864949375000000242e-03
4.140000000000000000e+02 9.062722187499998652e-03
4.150000000000000000e+02 9.280480000000002408e-03
4.160000000000000000e+02 9.517741328125007769e-03
4.170000000000000000e+02 9.773842109374996506e-03
4.180000000000000000e+02 1.004821335937499706e-02
4.190000000000000000e+02 1.034013828125000811e-02
4.200000000000000000e+02 1.064894843749999986e-02
4.210000000000000000e+02 1.097377968750000779e-02
4.220000000000000000e+02 1.131371796874999953e-02
4.230000000000000000e+02 1.166777968750000102e-02
4.240000000000000000e+02 1.203477265624998925e-02
4.250000000000000000e+02 1.241342968749999283e-02
4.260000000000000000e+02 1.280226874999999473e-02
4.270000000000000000e+02 1.319964687500000192e-02
4.280000000000000000e+02 1.360378046874999997e-02
4.290000000000000000e+02 1.401269999999999426e-02
4.300000000000000000e+02 1.442432890625001268e-02
4.310000000000000000e+02 1.483628593749999544e-02
4.320000000000000000e+02 1.524626875000000166e-02
4.330000000000000000e+02 1.565181406250000518e-02
4.340000000000000000e+02 1.605025468749999434e-02
4.350000000000000000e+02 1.643894609375000371e-02
4.360000000000000000e+02 1.681531718750000140e-02
4.370000000000000000e+02 1.717662812499999581e-02
4.380000000000000000e+02 1.752020859374999948e-02
4.390000000000000000e+02 1.784350859374999113e-02
4.400000000000000000e+02 1.814393984375000865e-02
4.410000000000000000e+02 1.841896796875001560e-02
4.420000000000000000e+02 1.866618124999998990e-02
4.430000000000000000e+02 1.888333359374998535e-02
4.440000000000000000e+02 1.906804765625000689e-02
4.450000000000000000e+02 1.921813593750000201e-02
4.460000000000000000e+02 1.933163984374999464e-02
4.470000000000000000e+02 1.940650625000000379e-02
4.480000000000000000e+02 1.944092031249998465e-02
4.490000000000000000e+02 1.943320781250000920e-02
4.500000000000000000e+02 1.938190625000000070e-02
4.510000000000000000e+02 1.928575937500002016e-02
4.520000000000000000e+02 1.914383046875000466e-02
4.530000000000000000e+02 1.895553359374999025e-02
4.540000000000000000e+02 1.872060703125000281e-02
4.550000000000000000e+02 1.843916875000000191e-02
4.560000000000000000e+02 1.811194687500000677e-02
4.570000000000000000e+02 1.774001249999999918e-02
4.580000000000000000e+02 1.732505000000000156e-02
4.590000000000000000e+02 1.686914921874999029e-02
4.600000000000000000e+02 1.637503906250001307e-02
4.610000000000000000e+02 1.584594218749999298e-02
4.620000000000000000e+02 1.528538593750000847e-02
4.630000000000000000e+02 1.469765359375000205e-02
4.640000000000000000e+02 1.408715351562500259e-02
4.650000000000000000e+02 1.345877390624999198e-02
4.660000000000000000e+02 1.281773960937499998e-02
4.670000000000000000e+02 1.216942617187499742e-02
4.680000000000000000e+02 1.151947171875000210e-02
4.690000000000000000e+02 1.087366726562500642e-02
4.700000000000000000e+02 1.023775674218749612e-02
4.710000000000000000e+02 9.617627859374994898e-03
4.720000000000000000e+02 9.018986453125000732e-03
4.730000000000000000e+02 8.447516648437502010e-03
4.740000000000000000e+02 7.908651382812499631e-03
4.750000000000000000e+02 7.407606874999999279e-03
4.760000000000000000e+02 6.949149851562501888e-03
4.770000000000000000e+02 6.537616171874999042e-03
4.780000000000000000e+02 6.176765625000002133e-03
4.790000000000000000e+02 5.869618328124997716e-03
4.800000000000000000e+02 5.618487789062501236e-03
4.810000000000000000e+02 5.424684164062503963e-03
4.820000000000000000e+02 5.288462706249999305e-03
4.830000000000000000e+02 5.209075742187500337e-03
4.840000000000000000e+02 5.184579140625000283e-03
4.850000000000000000e+02 5.211841718749999665e-03
4.860000000000000000e+02 5.286561015624999943e-03
4.870000000000000000e+02 5.403314687500001580e-03
4.880000000000000000e+02 5.555657812499998141e-03
4.890000000000000000e+02 5.736147890625000433e-03
4.900000000000000000e+02 5.936660859375001570e-03
4.910000000000000000e+02 6.148419531250001041e-03
4.920000000000000000e+02 6.362271874999998744e-03
4.930000000000000000e+02 6.568893750000002335e-03
4.940000000000000000e+02 6.759127343750002612e-03
4.950000000000000000e+02 6.924085156250002482e-03
4.960000000000000000e+02 7.055810937499994336e-03
4.970000000000000000e+02 7.147275781250003734e-03
4.980000000000000000e+02 7.193210937499997133e-03
4.990000000000000000e+02 7.190495312500000576e-03
5.000000000000000000e+02 7.139153124999997845e-03
5.010000000000000000e+02 7.043350000000002040e-03
5.020000000000000000e+02 6.912948437500002728e-03
5.030000000000000000e+02 6.765645312500002256e-03
5.040000000000000000e+02 6.630116406249997318e-03
5.050000000000000000e+02 6.549947656250003532e-03
5.060000000000000000e+02 6.589775781250000429e-03
5.070000000000000000e+02 6.843446093750002110e-03
5.080000000000000000e+02 7.445115460937500387e-03
5.090000000000000000e+02 8.585123125000003463e-03
5.100000000000000000e+02 1.053080632812500479e-02
5.110000000000000000e+02 1.365497109374999574e-02
