0.000000000000000000e+00 5.980147578125000456e-04
1.000000000000000000e+00 5.971688281249998070e-04
2.000000000000000000e+00 5.954750781249998912e-04
3.000000000000000000e+00 5.929498124999999561e-04
4.000000000000000000e+00 5.896041250000000171e-04
5.000000000000000000e+00 5.854631328125001893e-04
6.000000000000000000e+00 5.805492031249999754e-04
7.000000000000000000e+00 5.748934062500001517e-04
8.000000000000000000e+00 5.685336640625000566e-04
9.000000000000000000e+00 5.615066328124999114e-04
1.000000000000000000e+01 5.538551328124998374e-04
1.100000000000000000e+01 5.456271093750000769e-04
1.200000000000000000e+01 5.368721406249999046e-04
1.300000000000000000e+01 5.276451953124999860e-04
1.400000000000000000e+01 5.180029531249999777e-04
1.500000000000000000e+01 5.080047031250000062e-04
1.600000000000000000e+01 4.977126640625001734e-04
1.700000000000000000e+01 4.871870468749997410e-04
1.800000000000000000e+01 4.764949999999998484e-04
1.900000000000000000e+01 4.656997109375001420e-04
2.000000000000000000e+01 4.548700859374998060e-04
2.100000000000000000e+01 4.440689140625001603e-04
2.200000000000000000e+01 4.333627109375000753e-04
2.300000000000000000e+01 4.228198828125000826e-04
2.400000000000000000e+01 4.124973984375000118e-04
2.500000000000000000e+01 4.024634687500000638e-04
2.600000000000000000e+01 3.927757499999999231e-04
2.700000000000000000e+01 3.834918867187500397e-04
2.800000000000000000e+01 3.746679031249999380e-04
2.900000000000000000e+01 3.663563273437499528e-04
3.000000000000000000e+01 3.586047320312501217e-04
3.100000000000000000e+01 3.514577835937499517e-04
3.200000000000000000e+01 3.449576523437500471e-04
3.300000000000000000e+01 3.391413523437500940e-04
3.400000000000000000e+01 3.340396651562499626e-04
3.500000000000000000e+01 3.296806353906249899e-04
3.600000000000000000e+01 3.260862011718748481e-04
3.700000000000000000e+01 3.232751687500001227e-04
3.800000000000000000e+01 3.212591688281249370e-04
3.900000000000000000e+01 3.200446589062499970e-04
4.000000000000000000e+01 3.196335969531250549e-04
4.100000000000000000e+01 3.200221875000001113e-04
4.200000000000000000e+01 3.212011085937500031e-04
4.300000000000000000e+01 3.231559812499999740e-04
4.400000000000000000e+01 3.258672476562500834e-04
4.500000000000000000e+01 3.293105695312498822e-04
4.600000000000000000e+01 3.334547164062498710e-04
4.700000000000000000e+01 3.382664351562501620e-04
4.800000000000000000e+01 3.437044765625000891e-04
4.900000000000000000e+01 3.497271390624999941e-04
5.000000000000000000e+01 3.562859242187499473e-04
5.100000000000000000e+01 3.633282765624998994e-04
5.200000000000000000e+01 3.707993882812500868e-04
5.300000000000000000e+01 3.786394601562501311e-04
5.400000000000000000e+01 3.867892804687501798e-04
5.500000000000000000e+01 3.951832726562498057e-04
5.600000000000000000e+01 4.037556562499999792e-04
5.700000000000000000e+01 4.124387624999998779e-04
5.800000000000000000e+01 4.211634507812500616e-04
5.900000000000000000e+01 4.298592367187497915e-04
6.000000000000000000e+01 4.384565820312499016e-04
6.100000000000000000e+01 4.468849257812498778e-04
6.200000000000000000e+01 4.550736460937498018e-04
6.300000000000000000e+01 4.629548156249998982e-04
6.400000000000000000e+01 4.704590015624999697e-04
6.500000000000000000e+01 4.775217421874999998e-04
6.600000000000000000e+01 4.840792680468750044e-04
6.700000000000000000e+01 4.900702132031248617e-04
6.800000000000000000e+01 4.954353136718749485e-04
6.900000000000000000e+01 5.001200084374999959e-04
7.000000000000000000e+01 5.040771955859373304e-04
7.100000000000000000e+01 5.072555502578125894e-04
7.200000000000000000e+01 5.096130795859377897e-04
7.300000000000000000e+01 5.111173040624997395e-04
7.400000000000000000e+01 5.117295786718750045e-04
7.500000000000000000e+01 5.114284112499999525e-04
7.600000000000000000e+01 5.101908512499997352e-04
7.700000000000000000e+01 5.079983859374999052e-04
7.800000000000000000e+01 5.048455945312499372e-04
7.900000000000000000e+01 5.007297968749999020e-04
8.000000000000000000e+01 4.956507921875001003e-04
8.100000000000000000e+01 4.896198468749998712e-04
8.200000000000000000e+01 4.826512632812499483e-04
8.300000000000000000e+01 4.747702867187500431e-04
8.400000000000000000e+01 4.660031960937502230e-04
8.500000000000000000e+01 4.563865984375000523e-04
8.600000000000000000e+01 4.459620177343747837e-04
8.700000000000000000e+01 4.347745574218750105e-04
8.800000000000000000e+01 4.228827311718749119e-04
8.900000000000000000e+01 4.103404734374997394e-04
9.000000000000000000e+01 3.972162266953125731e-04
9.100000000000000000e+01 3.835796248906250794e-04
9.200000000000000000e+01 3.695077421093749667e-04
9.300000000000000000e+01 3.550791707812499341e-04
9.400000000000000000e+01 3.403803008593748926e-04
9.500000000000000000e+01 3.254994869531250483e-04
9.600000000000000000e+01 3.105305332031249328e-04
9.700000000000000000e+01 2.955691187500000426e-04
9.800000000000000000e+01 2.807145046875000123e-04
9.900000000000000000e+01 2.660694898437499433e-04
1.000000000000000000e+02 2.517376093749999289e-04
1.010000000000000000e+02 2.378250703125000653e-04
1.020000000000000000e+02 2.244385773437500189e-04
1.030000000000000000e+02 2.116852671875000473e-04
1.040000000000000000e+02 1.996737298437499812e-04
1.050000000000000000e+02 1.885110017968749706e-04
1.060000000000000000e+02 1.783044937500000116e-04
1.070000000000000000e+02 1.691600718750000244e-04
1.080000000000000000e+02 1.611815546875000746e-04
1.090000000000000000e+02 1.544701015625000312e-04
1.100000000000000000e+02 1.491265390624999551e-04
1.110000000000000000e+02 1.452463203125000193e-04
1.120000000000000000e+02 1.429216562499999892e-04
1.130000000000000000e+02 1.422422499999999746e-04
1.140000000000000000e+02 1.432927109374999473e-04
1.150000000000000000e+02 1.461516093750000220e-04
1.160000000000000000e+02 1.508944140624999945e-04
1.170000000000000000e+02 1.575902078124999969e-04
1.180000000000000000e+02 1.663022484374999911e-04
1.190000000000000000e+02 1.770878753125000333e-04
1.200000000000000000e+02 1.899983710937499734e-04
1.210000000000000000e+02 2.050779867187499893e-04
1.220000000000000000e+02 2.223643171874999666e-04
1.230000000000000000e+02 2.418886651562500922e-04
1.240000000000000000e+02 2.636733751562501623e-04
1.250000000000000000e+02 2.877361025781249469e-04
1.260000000000000000e+02 3.140853288281250199e-04
1.270000000000000000e+02 3.427225765625000571e-04
1.280000000000000000e+02 3.736420851562498747e-04
1.290000000000000000e+02 4.068310421874998264e-04
1.300000000000000000e+02 4.422690328124996963e-04
1.310000000000000000e+02 4.799267289062497969e-04
1.320000000000000000e+02 5.197726632812501787e-04
1.330000000000000000e+02 5.617579007812495808e-04
1.340000000000000000e+02 6.058420921875004627e-04
1.350000000000000000e+02 6.519637796874998715e-04
1.360000000000000000e+02 7.000624273437501153e-04
1.370000000000000000e+02 7.500687757812504394e-04
1.380000000000000000e+02 8.019091914062495292e-04
1.390000000000000000e+02 8.555030140625001587e-04
1.400000000000000000e+02 9.107679015624998292e-04
1.410000000000000000e+02 9.676044507812503817e-04
1.420000000000000000e+02 1.025928532031250172e-03
1.430000000000000000e+02 1.085628439843749470e-03
1.440000000000000000e+02 1.146611882031249325e-03
1.450000000000000000e+02 1.208764649062499686e-03
1.460000000000000000e+02 1.271978170312499995e-03
1.470000000000000000e+02 1.336133393046875194e-03
1.480000000000000000e+02 1.401125679609374879e-03
1.490000000000000000e+02 1.466827369218749733e-03
1.500000000000000000e+02 1.533126822656250086e-03
1.510000000000000000e+02 1.599899593828124807e-03
1.520000000000000000e+02 1.667024634531249832e-03
1.530000000000000000e+02 1.734366482812500906e-03
1.540000000000000000e+02 1.801832059375000315e-03
1.550000000000000000e+02 1.869274816406250742e-03
1.560000000000000000e+02 1.936588840624999235e-03
1.570000000000000000e+02 2.003647313281249360e-03
1.580000000000000000e+02 2.070328801562499287e-03
1.590000000000000000e+02 2.136532678125000178e-03
1.600000000000000000e+02 2.202134273437499328e-03
1.610000000000000000e+02 2.267020203125000560e-03
1.620000000000000000e+02 2.331087429687500774e-03
1.630000000000000000e+02 2.394229578125000018e-03
1.640000000000000000e+02 2.456342374999999616e-03
1.650000000000000000e+02 2.517332632812500047e-03
1.660000000000000000e+02 2.577101710937498586e-03
1.670000000000000000e+02 2.635570757812499658e-03
1.680000000000000000e+02 2.692634085937499911e-03
1.690000000000000000e+02 2.748226171875001091e-03
1.700000000000000000e+02 2.802265140624998589e-03
1.710000000000000000e+02 2.854685976562500171e-03
1.720000000000000000e+02 2.905419617187499689e-03
1.730000000000000000e+02 2.954410546875000342e-03
1.740000000000000000e+02 3.001592109375001219e-03
1.750000000000000000e+02 3.046926953125000080e-03
1.760000000000000000e+02 3.090369296874998905e-03
1.770000000000000000e+02 3.131878203125000593e-03
1.780000000000000000e+02 3.171433437499999747e-03
1.790000000000000000e+02 3.209008437500002111e-03
1.800000000000000000e+02 3.244578750000000605e-03
1.810000000000000000e+02 3.278137265624999838e-03
1.820000000000000000e+02 3.309684687499999441e-03
1.830000000000000000e+02 3.339226249999998394e-03
1.840000000000000000e+02 3.366769609375000905e-03
1.850000000000000000e+02 3.392339296874999268e-03
1.860000000000000000e+02 3.415948124999998881e-03
1.870000000000000000e+02 3.437639140625000072e-03
1.880000000000000000e+02 3.457467968749999149e-03
1.890000000000000000e+02 3.475465468749998951e-03
1.900000000000000000e+02 3.491693203124999166e-03
1.910000000000000000e+02 3.506223203125000045e-03
1.920000000000000000e+02 3.519144726562498625e-03
1.930000000000000000e+02 3.530518749999999890e-03
1.940000000000000000e+02 3.540451000000001749e-03
1.950000000000000000e+02 3.549051085937498986e-03
1.960000000000000000e+02 3.556395914062497523e-03
1.970000000000000000e+02 3.562668156249999656e-03
1.980000000000000000e+02 3.567914218750002642e-03
1.990000000000000000e+02 3.572338953124999487e-03
2.000000000000000000e+02 3.576042765625002829e-03
2.010000000000000000e+02 3.579215273437499813e-03
2.020000000000000000e+02 3.581972093750001359e-03
2.030000000000000000e+02 3.584524085156250497e-03
2.040000000000000000e+02 3.586995475781249842e-03
2.050000000000000000e+02 3.589590754687498834e-03
2.060000000000000000e+02 3.592545451015625394e-03
2.070000000000000000e+02 3.595959856171874851e-03
2.080000000000000000e+02 3.600063700781251739e-03
2.090000000000000000e+02 3.605049883593751479e-03
2.100000000000000000e+02 3.611135750781249362e-03
2.110000000000000000e+02 3.618514109375001869e-03
2.120000000000000000e+02 3.627335898437498204e-03
2.130000000000000000e+02 3.637893093750000934e-03
2.140000000000000000e+02 3.650281890624999109e-03
2.150000000000000000e+02 3.664733140624999372e-03
2.160000000000000000e+02 3.681450617187498331e-03
2.170000000000000000e+02 3.700596624999999244e-03
2.180000000000000000e+02 3.722353117187499581e-03
2.190000000000000000e+02 3.746856343750000051e-03
2.200000000000000000e+02 3.774261375000000345e-03
2.210000000000000000e+02 3.804734078125000547e-03
2.220000000000000000e+02 3.838374921875001549e-03
2.230000000000000000e+02 3.875284453124999869e-03
2.240000000000000000e+02 3.915535234374999812e-03
2.250000000000000000e+02 3.959259609375001543e-03
2.260000000000000000e+02 4.006452890624999721e-03
2.270000000000000000e+02 4.057171125000001710e-03
2.280000000000000000e+02 4.111410156250004493e-03
2.290000000000000000e+02 4.169206476562502088e-03
2.300000000000000000e+02 4.230462781249998659e-03
2.310000000000000000e+02 4.295146640624999783e-03
2.320000000000000000e+02 4.363157250000002790e-03
2.330000000000000000e+02 4.434413515625000059e-03
2.340000000000000000e+02 4.508730937499999362e-03
2.350000000000000000e+02 4.586033046874996716e-03
2.360000000000000000e+02 4.666043828124999057e-03
2.370000000000000000e+02 4.748621874999997550e-03
2.380000000000000000e+02 4.833512031250000729e-03
2.390000000000000000e+02 4.920471562499997148e-03
2.400000000000000000e+02 5.009196484375003262e-03
2.410000000000000000e+02 5.099448593750000903e-03
2.420000000000000000e+02 5.190870703124997668e-03
2.430000000000000000e+02 5.283173515624997943e-03
2.440000000000000000e+02 5.375988437500001452e-03
2.450000000000000000e+02 5.468955859375001019e-03
2.460000000000000000e+02 5.561786953125000786e-03
2.470000000000000000e+02 5.654028124999997511e-03
2.480000000000000000e+02 5.745384062500000916e-03
2.490000000000000000e+02 5.835436640625001233e-03
2.500000000000000000e+02 5.923796328125001398e-03
2.510000000000000000e+02 6.010215078125000568e-03
2.520000000000000000e+02 6.094245937500000244e-03
2.530000000000000000e+02 6.175578671875001091e-03
2.540000000000000000e+02 6.253936874999999410e-03
2.550000000000000000e+02 6.328949296874998055e-03
2.560000000000000000e+02 6.400368359375000274e-03
2.570000000000000000e+02 6.467969531250000216e-03
2.580000000000000000e+02 6.531493828124995855e-03
2.590000000000000000e+02 6.590797343750001355e-03
2.600000000000000000e+02 6.645681562500001076e-03
2.610000000000000000e+02 6.696023437500000369e-03
2.620000000000000000e+02 6.741813828124995807e-03
2.630000000000000000e+02 6.782979296875000022e-03
2.640000000000000000e+02 6.819497265624996710e-03
2.650000000000000000e+02 6.851483906249998881e-03
2.660000000000000000e+02 6.878996937500003045e-03
2.670000000000000000e+02 6.902241429687500790e-03
2.680000000000000000e+02 6.921423624999999136e-03
2.690000000000000000e+02 6.936723156249999592e-03
2.700000000000000000e+02 6.948512192187498993e-03
2.710000000000000000e+02 6.957086273437499552e-03
2.720000000000000000e+02 6.962897867187498903e-03
2.730000000000000000e+02 6.966391304687498919e-03
2.740000000000000000e+02 6.968007367187497442e-03
2.750000000000000000e+02 6.968334445312499188e-03
2.760000000000000000e+02 6.967931171874999600e-03
2.770000000000000000e+02 6.967419921874998950e-03
2.780000000000000000e+02 6.967430234375000461e-03
2.790000000000000000e+02 6.968637343749999567e-03
2.800000000000000000e+02 6.971746249999999888e-03
2.810000000000000000e+02 6.977561093749996661e-03
2.820000000000000000e+02 6.986717890624999892e-03
2.830000000000000000e+02 7.000060078124996713e-03
2.840000000000000000e+02 7.018313984375002500e-03
2.850000000000000000e+02 7.042272890624999560e-03
2.860000000000000000e+02 7.072727968750002099e-03
2.870000000000000000e+02 7.110434796874999692e-03
2.880000000000000000e+02 7.156136289062502674e-03
2.890000000000000000e+02 7.210621101562501856e-03
2.900000000000000000e+02 7.274552999999998708e-03
2.910000000000000000e+02 7.348601890624999709e-03
2.920000000000000000e+02 7.433449601562497691e-03
2.930000000000000000e+02 7.529750914062502756e-03
2.940000000000000000e+02 7.638010937499998404e-03
2.950000000000000000e+02 7.758768046875003099e-03
2.960000000000000000e+02 7.892541796874999460e-03
2.970000000000000000e+02 8.039665937500000900e-03
2.980000000000000000e+02 8.200570625000005651e-03
2.990000000000000000e+02 8.375424453125003901e-03
3.000000000000000000e+02 8.564519921875001288e-03
3.010000000000000000e+02 8.768019921875001843e-03
3.020000000000000000e+02 8.985871562500000881e-03
3.030000000000000000e+02 9.218221015625001694e-03
3.040000000000000000e+02 9.464830703124999661e-03
3.050000000000000000e+02 9.725635156249998886e-03
3.060000000000000000e+02 1.000032515625000340e-02
3.070000000000000000e+02 1.028859656250000199e-02
3.080000000000000000e+02 1.058998734374999758e-02
3.090000000000000000e+02 1.090410281250000016e-02
3.100000000000000000e+02 1.123032195312499704e-02
3.110000000000000000e+02 1.156795210937500151e-02
3.120000000000000000e+02 1.191626312500000152e-02
3.130000000000000000e+02 1.227452367187500254e-02
3.140000000000000000e+02 1.264188945312499576e-02
3.150000000000000000e+02 1.301735105468749924e-02
3.160000000000000000e+02 1.339995333750000281e-02
3.170000000000000000e+02 1.378867078906250050e-02
3.180000000000000000e+02 1.418232164062499696e-02
3.190000000000000000e+02 1.457979554687500144e-02
3.200000000000000000e+02 1.497997710937499713e-02
3.210000000000000000e+02 1.538150039062500390e-02
3.220000000000000000e+02 1.578320773437500574e-02
3.230000000000000000e+02 1.618376234374999806e-02
3.240000000000000000e+02 1.658186874999999921e-02
3.250000000000000000e+02 1.697623906250000231e-02
3.260000000000000000e+02 1.736547734374999791e-02
3.270000000000000000e+02 1.774828281250000542e-02
3.280000000000000000e+02 1.812337968750000680e-02
3.290000000000000000e+02 1.848942187500000889e-02
3.300000000000000000e+02 1.884503671875001340e-02
3.310000000000000000e+02 1.918905703124999459e-02
3.320000000000000000e+02 1.952022210937500585e-02
3.330000000000000000e+02 1.983726984374998420e-02
3.340000000000000000e+02 2.013906023437499887e-02
3.350000000000000000e+02 2.042446632812499815e-02
3.360000000000000000e+02 2.069237109375001230e-02
3.370000000000000000e+02 2.094191171875000798e-02
3.380000000000000000e+02 2.117189250000001827e-02
3.390000000000000000e+02 2.138163609374999982e-02
3.400000000000000000e+02 2.157015718750001157e-02
3.410000000000000000e+02 2.173681710937499026e-02
3.420000000000000000e+02 2.188087710937499861e-02
3.430000000000000000e+02 2.200184726562500262e-02
3.440000000000000000e+02 2.209904312499999871e-02
3.450000000000000000e+02 2.217217390625000548e-02
3.460000000000000000e+02 2.222091164062500387e-02
3.470000000000000000e+02 2.224492890624998193e-02
3.480000000000000000e+02 2.224414728906249847e-02
3.490000000000000000e+02 2.221846492187500716e-02
3.500000000000000000e+02 2.216794330468748950e-02
3.510000000000000000e+02 2.209269428906251304e-02
3.520000000000000000e+02 2.199284180468749281e-02
3.530000000000000000e+02 2.186878058203125738e-02
3.540000000000000000e+02 2.172080186875001082e-02
3.550000000000000000e+02 2.154944529687499374e-02
3.560000000000000000e+02 2.135520486718750152e-02
3.570000000000000000e+02 2.113864000781250085e-02
3.580000000000000000e+02 2.090045637499999415e-02
3.590000000000000000e+02 2.064141021093749556e-02
3.600000000000000000e+02 2.036230783593750288e-02
3.610000000000000000e+02 2.006411493750000566e-02
3.620000000000000000e+02 1.974765224218751405e-02
3.630000000000000000e+02 1.941406656250001250e-02
3.640000000000000000e+02 1.906430058593751656e-02
3.650000000000000000e+02 1.869966604687500061e-02
3.660000000000000000e+02 1.832133507031248262e-02
3.670000000000000000e+02 1.793066674218749684e-02
3.680000000000000000e+02 1.752895566406250175e-02
3.690000000000000000e+02 1.711773460937498353e-02
3.700000000000000000e+02 1.669843909374997548e-02
3.710000000000000000e+02 1.627260253906249662e-02
3.720000000000000000e+02 1.584186828906251551e-02
3.730000000000000000e+02 1.540781739062499663e-02
3.740000000000000000e+02 1.497214703124999553e-02
3.750000000000000000e+02 1.453638091406250256e-02
3.760000000000000000e+02 1.410228943749999506e-02
3.770000000000000000e+02 1.367132300781249803e-02
3.780000000000000000e+02 1.324508884843750463e-02
3.790000000000000000e+02 1.282510576484374026e-02
3.800000000000000000e+02 1.241277425070311767e-02
3.810000000000000000e+02 1.200941339062500113e-02
3.820000000000000000e+02 1.161633882812500643e-02
3.830000000000000000e+02 1.123469786718750071e-02
3.840000000000000000e+02 1.086563378125000173e-02
3.850000000000000000e+02 1.051018027343749751e-02
3.860000000000000000e+02 1.016930710937500107e-02
3.870000000000000000e+02 9.843974687499994561e-03
3.880000000000000000e+02 9.535037890624998777e-03
3.890000000000000000e+02 9.243336249999997700e-03
3.900000000000000000e+02 8.969725703124995300e-03
3.910000000000000000e+02 8.714904609374995656e-03
3.920000000000000000e+02 8.479644140624999216e-03
3.930000000000000000e+02 8.264753671874998028e-03
3.940000000000000000e+02 8.070791640624998264e-03
3.950000000000000000e+02 7.898489296875000135e-03
3.960000000000000000e+02 7.748373437500000009e-03
3.970000000000000000e+02 7.620942031250005529e-03
3.980000000000000000e+02 7.516688281249996918e-03
3.990000000000000000e+02 7.435906562499997041e-03
4.000000000000000000e+02 7.378834062499998146e-03
4.010000000000000000e+02 7.345682265624999506e-03
4.020000000000000000e+02 7.336331796874998035e-03
4.030000000000000000e+02 7.350819296875000901e-03
4.040000000000000000e+02 7.388904296874998501e-03
4.050000000000000000e+02 7.450314609374997059e-03
4.060000000000000000e+02 7.534670234375003169e-03
4.070000000000000000e+02 7.641491015625004150e-03
4.080000000000000000e+02 7.770282968749999374e-03
4.090000000000000000e+02 7.920430156249996453e-03
4.100000000000000000e+02 8.091405234374999741e-03
4.110000000000000000e+02 8.282553281249997040e-03
4.120000000000000000e+02 8.493171328124998407e-03
4.130000000000000000e+02 8.722658124999999388e-03
4.140000000000000000e+02 8.970345937500000602e-03
4.150000000000000000e+02 9.235544296874995118e-03
4.160000000000000000e+02 9.517639843749998302e-03
4.170000000000000000e+02 9.815878125000001772e-03
4.180000000000000000e+02 1.012957031249999904e-02
4.190000000000000000e+02 1.045792734375000123e-02
4.200000000000000000e+02 1.080009531249999377e-02
4.210000000000000000e+02 1.115519296874999990e-02
4.220000000000000000e+02 1.152222187499999349e-02
4.230000000000000000e+02 1.189999296874999328e-02
4.240000000000000000e+02 1.228729453125000474e-02
4.250000000000000000e+02 1.268267500000000263e-02
4.260000000000000000e+02 1.308462734375000734e-02
4.270000000000000000e+02 1.349144687499999329e-02
4.280000000000000000e+02 1.390123437500000170e-02
4.290000000000000000e+02 1.431203203124999969e-02
4.300000000000000000e+02 1.472161406250000783e-02
4.310000000000000000e+02 1.512787812499999905e-02
4.320000000000000000e+02 1.552840781249999885e-02
4.330000000000000000e+02 1.592073359374999997e-02
4.340000000000000000e+02 1.630250546875000248e-02
4.350000000000000000e+02 1.667115234375000574e-02
4.360000000000000000e+02 1.702422734375000010e-02
4.370000000000000000e+02 1.735933437500000384e-02
4.380000000000000000e+02 1.767389765625000317e-02
4.390000000000000000e+02 1.796560546875000317e-02
4.400000000000000000e+02 1.823204999999999965e-02
4.410000000000000000e+02 1.847094062499999093e-02
4.420000000000000000e+02 1.867999687500000033e-02
4.430000000000000000e+02 1.885698671875000662e-02
4.440000000000000000e+02 1.899987578125001547e-02
4.450000000000000000e+02 1.910660703125000026e-02
4.460000000000000000e+02 1.917526249999998433e-02
4.470000000000000000e+02 1.920407109374999352e-02
4.480000000000000000e+02 1.919151328124999931e-02
4.490000000000000000e+02 1.913626796874998148e-02
4.500000000000000000e+02 1.903729609374999257e-02
4.510000000000000000e+02 1.889381640625001704e-02
4.520000000000000000e+02 1.870557968750000480e-02
4.530000000000000000e+02 1.847251015624999659e-02
4.540000000000000000e+02 1.819521796874998959e-02
4.550000000000000000e+02 1.787448437499999238e-02
4.560000000000000000e+02 1.751183671875000333e-02
4.570000000000000000e+02 1.710915625000000370e-02
4.580000000000000000e+02 1.666873984375000228e-02
4.590000000000000000e+02 1.619346249999999501e-02
4.600000000000000000e+02 1.568651874999998919e-02
4.610000000000000000e+02 1.515171218749999590e-02
4.620000000000000000e+02 1.459298078124999544e-02
4.630000000000000000e+02 1.401485398437499891e-02
4.640000000000000000e+02 1.342193804687500172e-02
4.650000000000000000e+02 1.281914859375000298e-02
4.660000000000000000e+02 1.221172671874999442e-02
4.670000000000000000e+02 1.160492421875000506e-02
4.680000000000000000e+02 1.100423398437500554e-02
4.690000000000000000e+02 1.041512849218750522e-02
4.700000000000000000e+02 9.843058593749995366e-03
4.710000000000000000e+02 9.293531851562496574e-03
4.720000000000000000e+02 8.771769571875004390e-03
4.730000000000000000e+02 8.282908828125001149e-03
4.740000000000000000e+02 7.831681015625003087e-03
4.750000000000000000e+02 7.422531921874998655e-03
4.760000000000000000e+02 7.059209718750001673e-03
4.770000000000000000e+02 6.744834453124997492e-03
4.780000000000000000e+02 6.481761267187498635e-03
4.790000000000000000e+02 6.271465648437500248e-03
4.800000000000000000e+02 6.114275835937500389e-03
4.810000000000000000e+02 6.009495859374998361e-03
4.820000000000000000e+02 5.955195546875000946e-03
4.830000000000000000e+02 5.948170468750001508e-03
4.840000000000000000e+02 5.984096718749998267e-03
4.850000000000000000e+02 6.057346406249997095e-03
4.860000000000000000e+02 6.161345390624999724e-03
4.870000000000000000e+02 6.288361249999999125e-03
4.880000000000000000e+02 6.430019687499999997e-03
4.890000000000000000e+02 6.577252343750001132e-03
4.900000000000000000e+02 6.720734140624998534e-03
4.910000000000000000e+02 6.850947499999997595e-03
4.920000000000000000e+02 6.958647656249999751e-03
4.930000000000000000e+02 7.034991093749999938e-03
4.940000000000000000e+02 7.072005000000004468e-03
4.950000000000000000e+02 7.062822421874997460e-03
4.960000000000000000e+02 7.002000546874998822e-03
4.970000000000000000e+02 6.885896093749997206e-03
4.980000000000000000e+02 6.713152343750000695e-03
4.990000000000000000e+02 6.485046093750006409e-03
5.000000000000000000e+02 6.206297656250003500e-03
5.010000000000000000e+02 5.885631249999999544e-03
5.020000000000000000e+02 5.537397656249997378e-03
5.030000000000000000e+02 5.183130468750001690e-03
5.040000000000000000e+02 4.854387500000004012e-03
5.050000000000000000e+02 4.596733593749998369e-03
5.060000000000000000e+02 4.475591796874999265e-03
5.070000000000000000e+02 4.584792757812499245e-03
5.080000000000000000e+02 5.058672036718749737e-03
5.090000000000000000e+02 6.089173820312497425e-03
5.100000000000000000e+02 7.949750234375000529e-03
5.110000000000000000e+02 1.102817578125000336e-02
