0.000000000000000000e+00 1.225240843749999609e-03
1.000000000000000000e+00 1.223236685937499884e-03
2.000000000000000000e+00 1.219252478906250256e-03
3.000000000000000000e+00 1.213300975781250127e-03
4.000000000000000000e+00 1.205435905468749602e-03
5.000000000000000000e+00 1.195707099999999664e-03
6.000000000000000000e+00 1.184187065625000182e-03
7.000000000000000000e+00 1.170958860937500266e-03
8.000000000000000000e+00 1.156109485937499657e-03
9.000000000000000000e+00 1.139741742968750429e-03
1.000000000000000000e+01 1.121979060156249718e-03
1.100000000000000000e+01 1.102945345312500089e-03
1.200000000000000000e+01 1.082766344687499443e-03
1.300000000000000000e+01 1.061589101718750329e-03
1.400000000000000000e+01 1.039559193749999780e-03
1.500000000000000000e+01 1.016832499218750172e-03
1.600000000000000000e+01 9.935648656249995801e-04
1.700000000000000000e+01 9.699184929687496492e-04
1.800000000000000000e+01 9.460588289062499007e-04
1.900000000000000000e+01 9.221448593749995062e-04
2.000000000000000000e+01 8.983454999999999999e-04
2.100000000000000000e+01 8.748293046875004180e-04
2.200000000000000000e+01 8.517450546875000774e-04
2.300000000000000000e+01 8.292526328125002580e-04
2.400000000000000000e+01 8.075127109374997643e-04
2.500000000000000000e+01 7.866559140625000975e-04
2.600000000000000000e+01 7.668291171875003852e-04
2.700000000000000000e+01 7.481669609375000149e-04
2.800000000000000000e+01 7.307838515624994835e-04
2.900000000000000000e+01 7.147951406249997662e-04
3.000000000000000000e+01 7.002992187500000319e-04
3.100000000000000000e+01 6.873884531250001265e-04
3.200000000000000000e+01 6.761413046875000598e-04
3.300000000000000000e+01 6.666199921874997169e-04
3.400000000000000000e+01 6.588762578125003776e-04
3.500000000000000000e+01 6.529555390624995929e-04
3.600000000000000000e+01 6.488760937500001125e-04
3.700000000000000000e+01 6.466533593749997739e-04
3.800000000000000000e+01 6.462841406249996085e-04
3.900000000000000000e+01 6.477542968750003372e-04
4.000000000000000000e+01 6.510354687499996483e-04
4.100000000000000000e+01 6.560822656250001831e-04
4.200000000000000000e+01 6.628418750000000326e-04
4.300000000000000000e+01 6.712462499999996687e-04
4.400000000000000000e+01 6.812131249999998917e-04
4.500000000000000000e+01 6.926535937500000097e-04
4.600000000000000000e+01 7.054639843749997306e-04
4.700000000000000000e+01 7.195321874999997336e-04
4.800000000000000000e+01 7.347335859375001259e-04
4.900000000000000000e+01 7.509474687500000429e-04
5.000000000000000000e+01 7.680284999999999803e-04
5.100000000000000000e+01 7.858340781250001874e-04
5.200000000000000000e+01 8.042190156250001061e-04
5.300000000000000000e+01 8.230235078125002586e-04
5.400000000000000000e+01 8.420956015625000700e-04
5.500000000000000000e+01 8.612728828124998097e-04
5.600000000000000000e+01 8.804060781249998776e-04
5.700000000000000000e+01 8.993222195312499832e-04
5.800000000000000000e+01 9.178673796875005692e-04
5.900000000000000000e+01 9.358849429687500672e-04
6.000000000000000000e+01 9.532251789062500934e-04
6.100000000000000000e+01 9.697339590625006066e-04
6.200000000000000000e+01 9.852755253124999626e-04
6.300000000000000000e+01 9.997048742187498224e-04
6.400000000000000000e+01 1.012900748437499865e-03
6.500000000000000000e+01 1.024738737499999736e-03
6.600000000000000000e+01 1.035103445312500524e-03
6.700000000000000000e+01 1.043901265625000151e-03
6.800000000000000000e+01 1.051037015624999450e-03
6.900000000000000000e+01 1.056427476562499723e-03
7.000000000000000000e+01 1.060005281250000217e-03
7.100000000000000000e+01 1.061725304687499965e-03
7.200000000000000000e+01 1.061528601562499417e-03
7.300000000000000000e+01 1.059394062500000145e-03
7.400000000000000000e+01 1.055307915625000202e-03
7.500000000000000000e+01 1.049262286718750329e-03
7.600000000000000000e+01 1.041262345312500646e-03
7.700000000000000000e+01 1.031343389062499335e-03
7.800000000000000000e+01 1.019533115156249538e-03
7.900000000000000000e+01 1.005888552890624914e-03
8.000000000000000000e+01 9.904711734374995347e-04
8.100000000000000000e+01 9.733571109374998531e-04
8.200000000000000000e+01 9.546343203124999345e-04
8.300000000000000000e+01 9.344003749999999636e-04
8.400000000000000000e+01 9.127730624999999369e-04
8.500000000000000000e+01 8.898701640624995506e-04
8.600000000000000000e+01 8.658219921875001451e-04
8.700000000000000000e+01 8.407784218749999195e-04
8.800000000000000000e+01 8.148780078125001042e-04
8.900000000000000000e+01 7.882832578124998385e-04
9.000000000000000000e+01 7.611590078124997466e-04
9.100000000000000000e+01 7.336728593749999730e-04
9.200000000000000000e+01 7.059970859375002631e-04
9.300000000000000000e+01 6.783134687499999113e-04
9.400000000000000000e+01 6.507952890624999756e-04
9.500000000000000000e+01 6.236349921874999921e-04
9.600000000000000000e+01 5.970067499999998995e-04
9.700000000000000000e+01 5.710980937500000857e-04
9.800000000000000000e+01 5.460866953125001651e-04
9.900000000000000000e+01 5.221536953124998777e-04
1.000000000000000000e+02 4.994716328125000217e-04
1.010000000000000000e+02 4.782141015625000812e-04
1.020000000000000000e+02 4.585440476562499513e-04
1.030000000000000000e+02 4.406220195312500411e-04
1.040000000000000000e+02 4.245953426562500501e-04
1.050000000000000000e+02 4.106147825000000268e-04
1.060000000000000000e+02 3.988097515624999204e-04
1.070000000000000000e+02 3.893067343750000633e-04
1.080000000000000000e+02 3.822185860156248932e-04
1.090000000000000000e+02 3.776515677343750352e-04
1.100000000000000000e+02 3.756962102031249418e-04
1.110000000000000000e+02 3.764327352343748508e-04
1.120000000000000000e+02 3.799275757812498370e-04
1.130000000000000000e+02 3.862354765624999840e-04
1.140000000000000000e+02 3.953992734374999645e-04
1.150000000000000000e+02 4.074448359374998555e-04
1.160000000000000000e+02 4.223866093750000767e-04
1.170000000000000000e+02 4.402264609375001331e-04
1.180000000000000000e+02 4.609497187500002121e-04
1.190000000000000000e+02 4.845315625000000967e-04
1.200000000000000000e+02 5.109309375000000916e-04
1.210000000000000000e+02 5.400953125000000372e-04
1.220000000000000000e+02 5.719600000000000465e-04
1.230000000000000000e+02 6.064444531250004489e-04
1.240000000000000000e+02 6.434586718750000441e-04
1.250000000000000000e+02 6.829046874999999831e-04
1.260000000000000000e+02 7.246656249999997674e-04
1.270000000000000000e+02 7.686225000000002257e-04
1.280000000000000000e+02 8.146412499999999314e-04
1.290000000000000000e+02 8.625853906249998171e-04
1.300000000000000000e+02 9.122963281249999844e-04
1.310000000000000000e+02 9.636314062499998440e-04
1.320000000000000000e+02 1.016415937500000271e-03
1.330000000000000000e+02 1.070490078125000072e-03
1.340000000000000000e+02 1.125683359374999313e-03
1.350000000000000000e+02 1.181815624999999577e-03
1.360000000000000000e+02 1.238713593749999698e-03
1.370000000000000000e+02 1.296195859374999967e-03
1.380000000000000000e+02 1.354084062500000808e-03
1.390000000000000000e+02 1.412198265624999786e-03
1.400000000000000000e+02 1.470358484374999480e-03
1.410000000000000000e+02 1.528392742187499988e-03
1.420000000000000000e+02 1.586127093750000060e-03
1.430000000000000000e+02 1.643393570312499420e-03
1.440000000000000000e+02 1.700030007812500157e-03
1.450000000000000000e+02 1.755872140625000912e-03
1.460000000000000000e+02 1.810779164062500555e-03
1.470000000000000000e+02 1.864594454687499691e-03
1.480000000000000000e+02 1.917188525781250361e-03
1.490000000000000000e+02 1.968429102343750934e-03
1.500000000000000000e+02 2.018200535937500050e-03
1.510000000000000000e+02 2.066378792187499418e-03
1.520000000000000000e+02 2.112877198437501224e-03
1.530000000000000000e+02 2.157593132812501199e-03
1.540000000000000000e+02 2.200445132812498504e-03
1.550000000000000000e+02 2.241357968749998868e-03
1.560000000000000000e+02 2.280265562499999340e-03
1.570000000000000000e+02 2.317119421093750010e-03
1.580000000000000000e+02 2.351876287499998341e-03
1.590000000000000000e+02 2.384497990781250625e-03
1.600000000000000000e+02 2.414952636484376212e-03
1.610000000000000000e+02 2.443221761718749902e-03
1.620000000000000000e+02 2.469303035937499453e-03
1.630000000000000000e+02 2.493191132812500651e-03
1.640000000000000000e+02 2.514897242187500836e-03
1.650000000000000000e+02 2.534428078125000421e-03
1.660000000000000000e+02 2.551810914062501746e-03
1.670000000000000000e+02 2.567065781249999040e-03
1.680000000000000000e+02 2.580232499999998447e-03
1.690000000000000000e+02 2.591344515624999061e-03
1.700000000000000000e+02 2.600451406250001238e-03
1.710000000000000000e+02 2.607595624999999549e-03
1.720000000000000000e+02 2.612840546874999666e-03
1.730000000000000000e+02 2.616240624999998515e-03
1.740000000000000000e+02 2.617858203124999710e-03
1.750000000000000000e+02 2.617775781250000159e-03
1.760000000000000000e+02 2.616055078124999468e-03
1.770000000000000000e+02 2.612788046874999544e-03
1.780000000000000000e+02 2.608054218750001027e-03
1.790000000000000000e+02 2.601943828124999789e-03
1.800000000000000000e+02 2.594578828125000160e-03
1.810000000000000000e+02 2.586042109375000144e-03
1.820000000000000000e+02 2.576468906250000118e-03
1.830000000000000000e+02 2.565984765624999917e-03
1.840000000000000000e+02 2.554728203125001661e-03
1.850000000000000000e+02 2.542841796875000560e-03
1.860000000000000000e+02 2.530502890624999543e-03
1.870000000000000000e+02 2.517877578125000092e-03
1.880000000000000000e+02 2.505160937500000573e-03
1.890000000000000000e+02 2.492564296874998607e-03
1.900000000000000000e+02 2.480305624999999594e-03
1.910000000000000000e+02 2.468627109374998789e-03
1.920000000000000000e+02 2.457790937499999134e-03
1.930000000000000000e+02 2.448076171874999894e-03
1.940000000000000000e+02 2.439769843750001343e-03
1.950000000000000000e+02 2.433208203125000833e-03
1.960000000000000000e+02 2.428714062499999753e-03
1.970000000000000000e+02 2.426630234375001111e-03
1.980000000000000000e+02 2.427334765625000640e-03
1.990000000000000000e+02 2.431220156249998179e-03
2.000000000000000000e+02 2.438667734375001180e-03
2.010000000000000000e+02 2.450104296874999234e-03
2.020000000000000000e+02 2.465950078124999265e-03
2.030000000000000000e+02 2.486636249999998969e-03
2.040000000000000000e+02 2.512594843749998627e-03
2.050000000000000000e+02 2.544258593749999884e-03
2.060000000000000000e+02 2.582071328125000280e-03
2.070000000000000000e+02 2.626452109374998681e-03
2.080000000000000000e+02 2.677820078124999118e-03
2.090000000000000000e+02 2.736580992187498569e-03
2.100000000000000000e+02 2.803104179687498226e-03
2.110000000000000000e+02 2.877754132812500743e-03
2.120000000000000000e+02 2.960852679687498920e-03
2.130000000000000000e+02 3.052693898437500164e-03
2.140000000000000000e+02 3.153511803124999131e-03
2.150000000000000000e+02 3.263516211718747728e-03
2.160000000000000000e+02 3.382861220000000016e-03
2.170000000000000000e+02 3.511638124218750823e-03
2.180000000000000000e+02 3.649868211718750727e-03
2.190000000000000000e+02 3.797528359375000346e-03
2.200000000000000000e+02 3.954503796875000719e-03
2.210000000000000000e+02 4.120646328124999772e-03
2.220000000000000000e+02 4.295701570312501077e-03
2.230000000000000000e+02 4.479296609374999044e-03
2.240000000000000000e+02 4.671109382812498392e-03
2.250000000000000000e+02 4.870589843749997642e-03
2.260000000000000000e+02 5.077188507812501091e-03
2.270000000000000000e+02 5.290260661718752463e-03
2.280000000000000000e+02 5.509088023437498996e-03
2.290000000000000000e+02 5.732881712499999539e-03
2.300000000000000000e+02 5.960784299218752427e-03
2.310000000000000000e+02 6.191823305468750933e-03
2.320000000000000000e+02 6.425006780468749124e-03
2.330000000000000000e+02 6.659313735156249282e-03
2.340000000000000000e+02 6.893652942187500007e-03
2.350000000000000000e+02 7.126810679687498040e-03
2.360000000000000000e+02 7.357669391406251869e-03
2.370000000000000000e+02 7.584995099296872566e-03
2.380000000000000000e+02 7.807603324218750571e-03
2.390000000000000000e+02 8.024230609374998630e-03
2.400000000000000000e+02 8.233676385937497774e-03
2.410000000000000000e+02 8.434715232031248996e-03
2.420000000000000000e+02 8.626236031249998049e-03
2.430000000000000000e+02 8.806998373437496114e-03
2.440000000000000000e+02 8.976035846875002680e-03
2.450000000000000000e+02 9.132218283593755356e-03
2.460000000000000000e+02 9.274633820312499360e-03
2.470000000000000000e+02 9.402351702343743692e-03
2.480000000000000000e+02 9.514583742187497292e-03
2.490000000000000000e+02 9.610710765625002372e-03
2.500000000000000000e+02 9.690050285937498037e-03
2.510000000000000000e+02 9.752193853906252277e-03
2.520000000000000000e+02 9.796730429687500880e-03
2.530000000000000000e+02 9.823486330468755856e-03
2.540000000000000000e+02 9.832365570312506450e-03
2.550000000000000000e+02 9.823306515624999694e-03
2.560000000000000000e+02 9.796629906249999797e-03
2.570000000000000000e+02 9.752503679687505103e-03
2.580000000000000000e+02 9.691462687499999284e-03
2.590000000000000000e+02 9.614108140624993970e-03
2.600000000000000000e+02 9.521075976562501375e-03
2.610000000000000000e+02 9.413293570312498276e-03
2.620000000000000000e+02 9.291723890625006033e-03
2.630000000000000000e+02 9.157361328124996938e-03
2.640000000000000000e+02 9.011522906250001366e-03
2.650000000000000000e+02 8.855445906250005578e-03
2.660000000000000000e+02 8.690554140625002602e-03
2.670000000000000000e+02 8.518308593750002766e-03
2.680000000000000000e+02 8.340277031250000958e-03
2.690000000000000000e+02 8.158066953125001075e-03
2.700000000000000000e+02 7.973343750000002131e-03
2.710000000000000000e+02 7.787721328125002049e-03
2.720000000000000000e+02 7.603007812499996271e-03
2.730000000000000000e+02 7.420872109374997139e-03
2.740000000000000000e+02 7.243085234374998377e-03
2.750000000000000000e+02 7.071358750000002018e-03
2.760000000000000000e+02 6.907318906250000355e-03
2.770000000000000000e+02 6.752597812500002981e-03
2.780000000000000000e+02 6.608823828125003248e-03
2.790000000000000000e+02 6.477481773437500021e-03
2.800000000000000000e+02 6.360012820312499308e-03
2.810000000000000000e+02 6.257770078125000565e-03
2.820000000000000000e+02 6.171996117187500061e-03
2.830000000000000000e+02 6.103873900859376790e-03
2.840000000000000000e+02 6.054427367187499402e-03
2.850000000000000000e+02 6.024562343749995282e-03
2.860000000000000000e+02 6.015106531250001554e-03
2.870000000000000000e+02 6.026715296875000474e-03
2.880000000000000000e+02 6.059953992187499562e-03
2.890000000000000000e+02 6.115201242187499019e-03
2.900000000000000000e+02 6.192751828125000677e-03
2.910000000000000000e+02 6.292794814843752360e-03
2.920000000000000000e+02 6.415270382812500276e-03
2.930000000000000000e+02 6.560127109374999307e-03
2.940000000000000000e+02 6.727109296874999624e-03
2.950000000000000000e+02 6.915809921874996671e-03
2.960000000000000000e+02 7.125827499999994909e-03
2.970000000000000000e+02 7.356523593749999916e-03
2.980000000000000000e+02 7.607251874999997575e-03
2.990000000000000000e+02 7.877231562499998133e-03
3.000000000000000000e+02 8.165493593749999918e-03
3.010000000000000000e+02 8.471218906250001235e-03
3.020000000000000000e+02 8.793271093750000891e-03
3.030000000000000000e+02 9.130655078124997465e-03
3.040000000000000000e+02 9.482102109375001309e-03
3.050000000000000000e+02 9.846547656250008093e-03
3.060000000000000000e+02 1.022270898437499520e-02
3.070000000000000000e+02 1.060925660937499931e-02
3.080000000000000000e+02 1.100501814062500305e-02
3.090000000000000000e+02 1.140851404374999649e-02
3.100000000000000000e+02 1.181870723437499805e-02
3.110000000000000000e+02 1.223407606249999995e-02
3.120000000000000000e+02 1.265347921875000295e-02
3.130000000000000000e+02 1.307542656250000254e-02
3.140000000000000000e+02 1.349887359374999686e-02
3.150000000000000000e+02 1.392245062500000082e-02
3.160000000000000000e+02 1.434497445312499925e-02
3.170000000000000000e+02 1.476517578124999716e-02
3.180000000000000000e+02 1.518207031250000567e-02
3.190000000000000000e+02 1.559451406250000199e-02
3.200000000000000000e+02 1.600139062500001083e-02
3.210000000000000000e+02 1.640161250000000612e-02
3.220000000000000000e+02 1.679436718749999571e-02
3.230000000000000000e+02 1.717859843750000476e-02
3.240000000000000000e+02 1.755341953124998911e-02
3.250000000000000000e+02 1.791800546874999095e-02
3.260000000000000000e+02 1.827142343749998954e-02
3.270000000000000000e+02 1.861310468749999281e-02
3.280000000000000000e+02 1.894217968749999439e-02
3.290000000000000000e+02 1.925792265625000943e-02
3.300000000000000000e+02 1.955978984374999452e-02
3.310000000000000000e+02 1.984691328125000320e-02
3.320000000000000000e+02 2.011891640625000297e-02
3.330000000000000000e+02 2.037511171874999832e-02
3.340000000000000000e+02 2.061492968749998461e-02
3.350000000000000000e+02 2.083791562500000513e-02
3.360000000000000000e+02 2.104361249999999600e-02
3.370000000000000000e+02 2.123140156250000535e-02
3.380000000000000000e+02 2.140106796874999273e-02
3.390000000000000000e+02 2.155214609375000201e-02
3.400000000000000000e+02 2.168436171874999624e-02
3.410000000000000000e+02 2.179727890625000539e-02
3.420000000000000000e+02 2.189087500000000755e-02
3.430000000000000000e+02 2.196475234375000127e-02
3.440000000000000000e+02 2.201887968750000993e-02
3.450000000000000000e+02 2.205303437499999894e-02
3.460000000000000000e+02 2.206736640625000731e-02
3.470000000000000000e+02 2.206167421874999021e-02
3.480000000000000000e+02 2.203599921874999784e-02
3.490000000000000000e+02 2.199033906249999587e-02
3.500000000000000000e+02 2.192492500000000483e-02
3.510000000000000000e+02 2.183968906249999717e-02
3.520000000000000000e+02 2.173484921875000128e-02
3.530000000000000000e+02 2.161054999999998880e-02
3.540000000000000000e+02 2.146696875000000254e-02
3.550000000000000000e+02 2.130434999999999621e-02
3.560000000000000000e+02 2.112293359375000401e-02
3.570000000000000000e+02 2.092310468750001665e-02
3.580000000000000000e+02 2.070531015624999666e-02
3.590000000000000000e+02 2.046977109375000894e-02
3.600000000000000000e+02 2.021726015625000678e-02
3.610000000000000000e+02 1.994843828124999788e-02
3.620000000000000000e+02 1.966397515624998538e-02
3.630000000000000000e+02 1.936475726562499403e-02
3.640000000000000000e+02 1.905178179687500375e-02
3.650000000000000000e+02 1.872608984374998786e-02
3.660000000000000000e+02 1.838884796875000366e-02
3.670000000000000000e+02 1.804143265624999840e-02
3.680000000000000000e+02 1.768503859375001111e-02
3.690000000000000000e+02 1.732110249999999768e-02
3.700000000000000000e+02 1.695103468749998774e-02
3.710000000000000000e+02 1.657637828124998783e-02
3.720000000000000000e+02 1.619849325000000811e-02
3.730000000000000000e+02 1.581886661718749296e-02
3.740000000000000000e+02 1.543897536718749804e-02
3.750000000000000000e+02 1.506017242187499341e-02
3.760000000000000000e+02 1.468395276804687274e-02
3.770000000000000000e+02 1.431157945859375460e-02
3.780000000000000000e+02 1.394441337499998691e-02
3.790000000000000000e+02 1.358375081250000165e-02
3.800000000000000000e+02 1.323080732812500701e-02
3.810000000000000000e+02 1.288681040624999399e-02
3.820000000000000000e+02 1.255286950781250507e-02
3.830000000000000000e+02 1.223006884062500729e-02
3.840000000000000000e+02 1.191955015624999829e-02
3.850000000000000000e+02 1.162220677351562953e-02
3.860000000000000000e+02 1.133898284176562687e-02
3.870000000000000000e+02 1.107075804117186625e-02
3.880000000000000000e+02 1.081821612960937387e-02
3.890000000000000000e+02 1.058201857187500601e-02
3.900000000000000000e+02 1.036272174765625470e-02
3.910000000000000000e+02 1.016071601562499975e-02
3.920000000000000000e+02 9.976348851562502271e-03
3.930000000000000000e+02 9.809780757812500834e-03
3.940000000000000000e+02 9.661103429687492930e-03
3.950000000000000000e+02 9.530161875000001809e-03
3.960000000000000000e+02 9.416900000000002352e-03
3.970000000000000000e+02 9.320964296875003038e-03
3.980000000000000000e+02 9.241933281249998036e-03
3.990000000000000000e+02 9.179346015625004448e-03
4.000000000000000000e+02 9.132530156250000600e-03
4.010000000000000000e+02 9.100880625000000099e-03
4.020000000000000000e+02 9.083634609374998531e-03
4.030000000000000000e+02 9.079954765625002089e-03
4.040000000000000000e+02 9.088987656249998548e-03
4.050000000000000000e+02 9.109921562499992756e-03
4.060000000000000000e+02 9.141777734374995079e-03
4.070000000000000000e+02 9.183759374999996006e-03
4.080000000000000000e+02 9.234955468749996704e-03
4.090000000000000000e+02 9.294532031250000298e-03
4.100000000000000000e+02 9.361710937499996554e-03
4.110000000000000000e+02 9.435772656249999044e-03
4.120000000000000000e+02 9.515987500000004998e-03
4.130000000000000000e+02 9.601842187500000958e-03
4.140000000000000000e+02 9.692837500000002493e-03
4.150000000000000000e+02 9.788407812499995073e-03
4.160000000000000000e+02 9.888240625000000936e-03
4.170000000000000000e+02 9.992009375000004620e-03
4.180000000000000000e+02 1.009951484374999910e-02
4.190000000000000000e+02 1.021046093749999710e-02
4.200000000000000000e+02 1.032473828124999896e-02
4.210000000000000000e+02 1.044223984375000115e-02
4.220000000000000000e+02 1.056286718749999999e-02
4.230000000000000000e+02 1.068659687500000260e-02
4.240000000000000000e+02 1.081341015625000498e-02
4.250000000000000000e+02 1.094325937500000533e-02
4.260000000000000000e+02 1.107616093749999586e-02
4.270000000000000000e+02 1.121210624999999586e-02
4.280000000000000000e+02 1.135100156250000610e-02
4.290000000000000000e+02 1.149279375000000075e-02
4.300000000000000000e+02 1.163730312500000155e-02
4.310000000000000000e+02 1.178429140624999774e-02
4.320000000000000000e+02 1.193347968749999821e-02
4.330000000000000000e+02 1.208443281250001430e-02
4.340000000000000000e+02 1.223662343749999833e-02
4.350000000000000000e+02 1.238959609375000180e-02
4.360000000000000000e+02 1.254260859374999905e-02
4.370000000000000000e+02 1.269492421874999707e-02
4.380000000000000000e+02 1.284581796875000972e-02
4.390000000000000000e+02 1.299455078125000621e-02
4.400000000000000000e+02 1.314014999999999454e-02
4.410000000000000000e+02 1.328192734375000482e-02
4.420000000000000000e+02 1.341886953125000399e-02
4.430000000000000000e+02 1.355010546875000041e-02
4.440000000000000000e+02 1.367470734374999844e-02
4.450000000000000000e+02 1.379172312499999525e-02
4.460000000000000000e+02 1.390020210937499903e-02
4.470000000000000000e+02 1.399909242187500485e-02
4.480000000000000000e+02 1.408726007812500028e-02
4.490000000000000000e+02 1.416373507812501015e-02
4.500000000000000000e+02 1.422725742187500551e-02
4.510000000000000000e+02 1.427658289062501418e-02
4.520000000000000000e+02 1.431043296874999829e-02
4.530000000000000000e+02 1.432745882812500038e-02
4.540000000000000000e+02 1.432629453124999695e-02
4.550000000000000000e+02 1.430544593749999774e-02
4.560000000000000000e+02 1.426346906249999907e-02
4.570000000000000000e+02 1.419910156250000360e-02
4.580000000000000000e+02 1.411089609375000033e-02
4.590000000000000000e+02 1.399787578124999689e-02
4.600000000000000000e+02 1.385909218749999984e-02
4.610000000000000000e+02 1.369405078125000320e-02
4.620000000000000000e+02 1.350267265624999387e-02
4.630000000000000000e+02 1.328526718749999634e-02
4.640000000000000000e+02 1.304273281250000090e-02
4.650000000000000000e+02 1.277656874999999644e-02
4.660000000000000000e+02 1.248883125000000045e-02
4.670000000000000000e+02 1.218210468750000053e-02
4.680000000000000000e+02 1.185943124999999307e-02
4.690000000000000000e+02 1.152443828124999695e-02
4.700000000000000000e+02 1.118111484374999763e-02
4.710000000000000000e+02 1.083359687499999696e-02
4.720000000000000000e+02 1.048630703124999765e-02
4.730000000000000000e+02 1.014358515624999221e-02
4.740000000000000000e+02 9.809721562500000117e-03
4.750000000000000000e+02 9.488778906250001921e-03
4.760000000000000000e+02 9.184386250000000848e-03
4.770000000000000000e+02 8.899934921875003388e-03
4.780000000000000000e+02 8.637930468750000881e-03
4.790000000000000000e+02 8.400351328125004943e-03
4.800000000000000000e+02 8.188336406249998103e-03
4.810000000000000000e+02 8.002070937500001258e-03
4.820000000000000000e+02 7.840760156249999488e-03
4.830000000000000000e+02 7.702614062500001690e-03
4.840000000000000000e+02 7.584584062500000085e-03
4.850000000000000000e+02 7.482768124999996349e-03
4.860000000000000000e+02 7.392018984375000115e-03
4.870000000000000000e+02 7.306520390624999736e-03
4.880000000000000000e+02 7.219708437499998931e-03
4.890000000000000000e+02 7.124734453124999083e-03
4.900000000000000000e+02 7.014831953125000817e-03
4.910000000000000000e+02 6.883739062499998930e-03
4.920000000000000000e+02 6.726122421874999521e-03
4.930000000000000000e+02 6.538175156249999287e-03
4.940000000000000000e+02 6.318037343750001859e-03
4.950000000000000000e+02 6.066017656250000459e-03
4.960000000000000000e+02 5.784839140624999446e-03
4.970000000000000000e+02 5.479583046875000953e-03
4.980000000000000000e+02 5.157379140624999622e-03
4.990000000000000000e+02 4.826892250000000030e-03
5.000000000000000000e+02 4.497577492187499956e-03
5.010000000000000000e+02 4.178841831250000236e-03
5.020000000000000000e+02 3.879305226562502259e-03
5.030000000000000000e+02 3.606410632812500315e-03
5.040000000000000000e+02 3.367044742187498985e-03
5.050000000000000000e+02 3.169777976562500495e-03
5.060000000000000000e+02 3.029944078125000519e-03
5.070000000000000000e+02 2.979204062499998720e-03
5.080000000000000000e+02 3.081899296875000201e-03
5.090000000000000000e+02 3.461496640625000634e-03
5.100000000000000000e+02 4.341614921874999665e-03
5.110000000000000000e+02 6.108115234375001076e-03
