0.000000000000000000e+00 1.401927388281250329e-03
1.000000000000000000e+00 1.397913676562499794e-03
2.000000000000000000e+00 1.389906806250000137e-03
3.000000000000000000e+00 1.377972161718750248e-03
4.000000000000000000e+00 1.362195477343750103e-03
5.000000000000000000e+00 1.342692940624999696e-03
6.000000000000000000e+00 1.319602820312499800e-03
7.000000000000000000e+00 1.293105123437500144e-03
8.000000000000000000e+00 1.263386683593750205e-03
9.000000000000000000e+00 1.230656124218750414e-03
1.000000000000000000e+01 1.195164044531249860e-03
1.100000000000000000e+01 1.157172054687499903e-03
1.200000000000000000e+01 1.116952211718750003e-03
1.300000000000000000e+01 1.074796492968750281e-03
1.400000000000000000e+01 1.031015691406249888e-03
1.500000000000000000e+01 9.859262179687500703e-04
1.600000000000000000e+01 9.398577015625000398e-04
1.700000000000000000e+01 8.931448359375002231e-04
1.800000000000000000e+01 8.461297578124997529e-04
1.900000000000000000e+01 7.991556796874999284e-04
2.000000000000000000e+01 7.525632500000002320e-04
2.100000000000000000e+01 7.066846796875000340e-04
2.200000000000000000e+01 6.618615929687499729e-04
2.300000000000000000e+01 6.184182843750001381e-04
2.400000000000000000e+01 5.766677250000001387e-04
2.500000000000000000e+01 5.369170304687500639e-04
2.600000000000000000e+01 4.994520578124997433e-04
2.700000000000000000e+01 4.645500859374998895e-04
2.800000000000000000e+01 4.324619374999999727e-04
2.900000000000000000e+01 4.034257890625000801e-04
3.000000000000000000e+01 3.776543515625001399e-04
3.100000000000000000e+01 3.553392812499998866e-04
3.200000000000000000e+01 3.366474296874999677e-04
3.300000000000000000e+01 3.217204218749999977e-04
3.400000000000000000e+01 3.106746093749999374e-04
3.500000000000000000e+01 3.036002968749999592e-04
3.600000000000000000e+01 3.005600390625001511e-04
3.700000000000000000e+01 3.015887343749999792e-04
3.800000000000000000e+01 3.066954921875000698e-04
3.900000000000000000e+01 3.158604687499999173e-04
4.000000000000000000e+01 3.290386015625000387e-04
4.100000000000000000e+01 3.461581640625001322e-04
4.200000000000000000e+01 3.671208203124999158e-04
4.300000000000000000e+01 3.918040390624998623e-04
4.400000000000000000e+01 4.200629921874998751e-04
4.500000000000000000e+01 4.517271249999999547e-04
4.600000000000000000e+01 4.866095937499998933e-04
4.700000000000000000e+01 5.244990937499999445e-04
4.800000000000000000e+01 5.651645546874998691e-04
4.900000000000000000e+01 6.083714375000001152e-04
5.000000000000000000e+01 6.538519140625001676e-04
5.100000000000000000e+01 7.013408023437499826e-04
5.200000000000000000e+01 7.505525656249998874e-04
5.300000000000000000e+01 8.011913803906252829e-04
5.400000000000000000e+01 8.529737746875000557e-04
5.500000000000000000e+01 9.055849078124999455e-04
5.600000000000000000e+01 9.587196710937498194e-04
5.700000000000000000e+01 1.012077435156250125e-03
5.800000000000000000e+01 1.065349353906250600e-03
5.900000000000000000e+01 1.118233487890625630e-03
6.000000000000000000e+01 1.170434054687499248e-03
6.100000000000000000e+01 1.221676378125000160e-03
6.200000000000000000e+01 1.271658078125000339e-03
6.300000000000000000e+01 1.320109382812499448e-03
6.400000000000000000e+01 1.366797953125000690e-03
6.500000000000000000e+01 1.411457804687499869e-03
6.600000000000000000e+01 1.453867335937499570e-03
6.700000000000000000e+01 1.493812249999998962e-03
6.800000000000000000e+01 1.531102343749999282e-03
6.900000000000000000e+01 1.565556796875000297e-03
7.000000000000000000e+01 1.597022499999999762e-03
7.100000000000000000e+01 1.625362031250000621e-03
7.200000000000000000e+01 1.650460312499999480e-03
7.300000000000000000e+01 1.672218359374999866e-03
7.400000000000000000e+01 1.690574140625000169e-03
7.500000000000000000e+01 1.705460624999999677e-03
7.600000000000000000e+01 1.716871406250000459e-03
7.700000000000000000e+01 1.724778281250000014e-03
7.800000000000000000e+01 1.729200546875000110e-03
7.900000000000000000e+01 1.730183671875000018e-03
8.000000000000000000e+01 1.727766249999999589e-03
8.100000000000000000e+01 1.722041875000000517e-03
8.200000000000000000e+01 1.713094765625000323e-03
8.300000000000000000e+01 1.701040937499999958e-03
8.400000000000000000e+01 1.686009843750000022e-03
8.500000000000000000e+01 1.668150312499999373e-03
8.600000000000000000e+01 1.647617421874999219e-03
8.700000000000000000e+01 1.624604921875000361e-03
8.800000000000000000e+01 1.599287578125000364e-03
8.900000000000000000e+01 1.571865390624999559e-03
9.000000000000000000e+01 1.542562421875000572e-03
9.100000000000000000e+01 1.511581328125000600e-03
9.200000000000000000e+01 1.479165781249999756e-03
9.300000000000000000e+01 1.445536953125000235e-03
9.400000000000000000e+01 1.410936093750000389e-03
9.500000000000000000e+01 1.375604218750000208e-03
9.600000000000000000e+01 1.339777109374999187e-03
9.700000000000000000e+01 1.303696093749999538e-03
9.800000000000000000e+01 1.267613984375000249e-03
9.900000000000000000e+01 1.231751484374999858e-03
1.000000000000000000e+02 1.196348203125000183e-03
1.010000000000000000e+02 1.161624609375000103e-03
1.020000000000000000e+02 1.127807890624999950e-03
1.030000000000000000e+02 1.095104687499999811e-03
1.040000000000000000e+02 1.063716718750000196e-03
1.050000000000000000e+02 1.033833671875000141e-03
1.060000000000000000e+02 1.005641992187500172e-03
1.070000000000000000e+02 9.793036328125000450e-04
1.080000000000000000e+02 9.549720156250001042e-04
1.090000000000000000e+02 9.327899296875001101e-04
1.100000000000000000e+02 9.128772578124996285e-04
1.110000000000000000e+02 8.953509344531251739e-04
1.120000000000000000e+02 8.802985109375000526e-04
1.130000000000000000e+02 8.678030312499999824e-04
1.140000000000000000e+02 8.579249609374999625e-04
1.150000000000000000e+02 8.507113671874998954e-04
1.160000000000000000e+02 8.461819375000002603e-04
1.170000000000000000e+02 8.443553828124998823e-04
1.180000000000000000e+02 8.452264078124997271e-04
1.190000000000000000e+02 8.487729835937500925e-04
1.200000000000000000e+02 8.549544735156250396e-04
1.210000000000000000e+02 8.637294014843750799e-04
1.220000000000000000e+02 8.750176710937501929e-04
1.230000000000000000e+02 8.887455468749998503e-04
1.240000000000000000e+02 9.048159023437496364e-04
1.250000000000000000e+02 9.231148203124999460e-04
1.260000000000000000e+02 9.435314609375003566e-04
1.270000000000000000e+02 9.659308437499997081e-04
1.280000000000000000e+02 9.901674218749999083e-04
1.290000000000000000e+02 1.016103507812500138e-03
1.300000000000000000e+02 1.043568523437500518e-03
1.310000000000000000e+02 1.072407289062499896e-03
1.320000000000000000e+02 1.102437265624999808e-03
1.330000000000000000e+02 1.133500687500000031e-03
1.340000000000000000e+02 1.165405156249999484e-03
1.350000000000000000e+02 1.197980078124999924e-03
1.360000000000000000e+02 1.231042734375000164e-03
1.370000000000000000e+02 1.264418671875000523e-03
1.380000000000000000e+02 1.297920078124999892e-03
1.390000000000000000e+02 1.331385312500000520e-03
1.400000000000000000e+02 1.364641015624999979e-03
1.410000000000000000e+02 1.397519453125000040e-03
1.420000000000000000e+02 1.429866875000000313e-03
1.430000000000000000e+02 1.461529453125000018e-03
1.440000000000000000e+02 1.492371171875000492e-03
1.450000000000000000e+02 1.522260468750000076e-03
1.460000000000000000e+02 1.551068828125000713e-03
1.470000000000000000e+02 1.578682578124999568e-03
1.480000000000000000e+02 1.605011015625000146e-03
1.490000000000000000e+02 1.629966015624999612e-03
1.500000000000000000e+02 1.653459062499999885e-03
1.510000000000000000e+02 1.675437968750000247e-03
1.520000000000000000e+02 1.695845757812500763e-03
1.530000000000000000e+02 1.714646265624999869e-03
1.540000000000000000e+02 1.731802414062499299e-03
1.550000000000000000e+02 1.747300859374999790e-03
1.560000000000000000e+02 1.761141765624999952e-03
1.570000000000000000e+02 1.773326445312499531e-03
1.580000000000000000e+02 1.783865585937501139e-03
1.590000000000000000e+02 1.792789365625001123e-03
1.600000000000000000e+02 1.800122425781250455e-03
1.610000000000000000e+02 1.805908486796874894e-03
1.620000000000000000e+02 1.810192708593750047e-03
1.630000000000000000e+02 1.813012725781248816e-03
1.640000000000000000e+02 1.814438132812500179e-03
1.650000000000000000e+02 1.814515929687499128e-03
1.660000000000000000e+02 1.813306874999999745e-03
1.670000000000000000e+02 1.810871296874999765e-03
1.680000000000000000e+02 1.807256445312499689e-03
1.690000000000000000e+02 1.802530187499999572e-03
1.700000000000000000e+02 1.796740914062499531e-03
1.710000000000000000e+02 1.789943515625000165e-03
1.720000000000000000e+02 1.782188125000000456e-03
1.730000000000000000e+02 1.773524296875000125e-03
1.740000000000000000e+02 1.763993359375000403e-03
1.750000000000000000e+02 1.753634687499999430e-03
1.760000000000000000e+02 1.742496562500000633e-03
1.770000000000000000e+02 1.730618281250000026e-03
1.780000000000000000e+02 1.718022734375000303e-03
1.790000000000000000e+02 1.704776718749998615e-03
1.800000000000000000e+02 1.690906796875000064e-03
1.810000000000000000e+02 1.676455078125000699e-03
1.820000000000000000e+02 1.661497656249999932e-03
1.830000000000000000e+02 1.646082421874999445e-03
1.840000000000000000e+02 1.630286718749999727e-03
1.850000000000000000e+02 1.614205390625000078e-03
1.860000000000000000e+02 1.597935781249999352e-03
1.870000000000000000e+02 1.581611171875000471e-03
1.880000000000000000e+02 1.565359921875000056e-03
1.890000000000000000e+02 1.549372109374999107e-03
1.900000000000000000e+02 1.533821484375000495e-03
1.910000000000000000e+02 1.518943515624999758e-03
1.920000000000000000e+02 1.504990312500000590e-03
1.930000000000000000e+02 1.492236171874999342e-03
1.940000000000000000e+02 1.481007500000000501e-03
1.950000000000000000e+02 1.471631953125000737e-03
1.960000000000000000e+02 1.464512890625000461e-03
1.970000000000000000e+02 1.460047882812500093e-03
1.980000000000000000e+02 1.458681828125000732e-03
1.990000000000000000e+02 1.460889796875000386e-03
2.000000000000000000e+02 1.467165468750000062e-03
2.010000000000000000e+02 1.478032460937500408e-03
2.020000000000000000e+02 1.494039570312499657e-03
2.030000000000000000e+02 1.515740593750000567e-03
2.040000000000000000e+02 1.543704921875000292e-03
2.050000000000000000e+02 1.578501734375000213e-03
2.060000000000000000e+02 1.620711679687500233e-03
2.070000000000000000e+02 1.670896999999999530e-03
2.080000000000000000e+02 1.729598992187499637e-03
2.090000000000000000e+02 1.797361835937500351e-03
2.100000000000000000e+02 1.874672867187499514e-03
2.110000000000000000e+02 1.961994455468749846e-03
2.120000000000000000e+02 2.059737560937499427e-03
2.130000000000000000e+02 2.168270391406249779e-03
2.140000000000000000e+02 2.287897313281250875e-03
2.150000000000000000e+02 2.418831931249999616e-03
2.160000000000000000e+02 2.561245796874999335e-03
2.170000000000000000e+02 2.715213169531248590e-03
2.180000000000000000e+02 2.880710320312500784e-03
2.190000000000000000e+02 3.057638722656250922e-03
2.200000000000000000e+02 3.245805098437498648e-03
2.210000000000000000e+02 3.444886693750000024e-03
2.220000000000000000e+02 3.654471238281249614e-03
2.230000000000000000e+02 3.874094704015625546e-03
2.240000000000000000e+02 4.103087030468749105e-03
2.250000000000000000e+02 4.340791492187499184e-03
2.260000000000000000e+02 4.586354668749998906e-03
2.270000000000000000e+02 4.838902435156250403e-03
2.280000000000000000e+02 5.097392724999999340e-03
2.290000000000000000e+02 5.360780820312500104e-03
2.300000000000000000e+02 5.627914937499998126e-03
2.310000000000000000e+02 5.897540540625002825e-03
2.320000000000000000e+02 6.168380142968751638e-03
2.330000000000000000e+02 6.439134000000000004e-03
2.340000000000000000e+02 6.708368415624999838e-03
2.350000000000000000e+02 6.974758885156254890e-03
2.360000000000000000e+02 7.236875878125000917e-03
2.370000000000000000e+02 7.493291164062497976e-03
2.380000000000000000e+02 7.742664625781251267e-03
2.390000000000000000e+02 7.983610939062501730e-03
2.400000000000000000e+02 8.214812953124997486e-03
2.410000000000000000e+02 8.435017224999999050e-03
2.420000000000000000e+02 8.643034305390628544e-03
2.430000000000000000e+02 8.837737765625002656e-03
2.440000000000000000e+02 9.018108742187497598e-03
2.450000000000000000e+02 9.183252255468749709e-03
2.460000000000000000e+02 9.332348964062502431e-03
2.470000000000000000e+02 9.464711539062501885e-03
2.480000000000000000e+02 9.579802164062496336e-03
2.490000000000000000e+02 9.677141649999998485e-03
2.500000000000000000e+02 9.756570463281251035e-03
2.510000000000000000e+02 9.817871023437499053e-03
2.520000000000000000e+02 9.861042453124998011e-03
2.530000000000000000e+02 9.886273429687505304e-03
2.540000000000000000e+02 9.893821351562494953e-03
2.550000000000000000e+02 9.884187023437494141e-03
2.560000000000000000e+02 9.857927515624998263e-03
2.570000000000000000e+02 9.815675703124995127e-03
2.580000000000000000e+02 9.758323132812499884e-03
2.590000000000000000e+02 9.686846851562498292e-03
2.600000000000000000e+02 9.602186171875004214e-03
2.610000000000000000e+02 9.505617968750008223e-03
2.620000000000000000e+02 9.398273789062503228e-03
2.630000000000000000e+02 9.281536109375003799e-03
2.640000000000000000e+02 9.156699117187503539e-03
2.650000000000000000e+02 9.025187691406248713e-03
2.660000000000000000e+02 8.888471406249997403e-03
2.670000000000000000e+02 8.747992460937497813e-03
2.680000000000000000e+02 8.605192992187498183e-03
2.690000000000000000e+02 8.461590429687498860e-03
2.700000000000000000e+02 8.318596953124998347e-03
2.710000000000000000e+02 8.177671249999999073e-03
2.720000000000000000e+02 8.040155390624999579e-03
2.730000000000000000e+02 7.907387656249998883e-03
2.740000000000000000e+02 7.780641015625000025e-03
2.750000000000000000e+02 7.661107812499999906e-03
2.760000000000000000e+02 7.549918515625002845e-03
2.770000000000000000e+02 7.448133984375000793e-03
2.780000000000000000e+02 7.356674062500001381e-03
2.790000000000000000e+02 7.276426406250004024e-03
2.800000000000000000e+02 7.208157968750000116e-03
2.810000000000000000e+02 7.152566640624998320e-03
2.820000000000000000e+02 7.110248906249999092e-03
2.830000000000000000e+02 7.081683203125002136e-03
2.840000000000000000e+02 7.067263281249999696e-03
2.850000000000000000e+02 7.067325390624998663e-03
2.860000000000000000e+02 7.082141023437495131e-03
2.870000000000000000e+02 7.111809867187500814e-03
2.880000000000000000e+02 7.156421211328123887e-03
2.890000000000000000e+02 7.216055757812500984e-03
2.900000000000000000e+02 7.290629296874998402e-03
2.910000000000000000e+02 7.380018671875001289e-03
2.920000000000000000e+02 7.484135234375004046e-03
2.930000000000000000e+02 7.602762265624998447e-03
2.940000000000000000e+02 7.735717265625002489e-03
2.950000000000000000e+02 7.882685078124998176e-03
2.960000000000000000e+02 8.043452578125000543e-03
2.970000000000000000e+02 8.217790937500000364e-03
2.980000000000000000e+02 8.405337500000002043e-03
2.990000000000000000e+02 8.605852578124996433e-03
3.000000000000000000e+02 8.819011562499999568e-03
3.010000000000000000e+02 9.044602343749994292e-03
3.020000000000000000e+02 9.282306874999998389e-03
3.030000000000000000e+02 9.531860117187495457e-03
3.040000000000000000e+02 9.792981023437501154e-03
3.050000000000000000e+02 1.006550528125000135e-02
3.060000000000000000e+02 1.034918349218750394e-02
3.070000000000000000e+02 1.064373217187499637e-02
3.080000000000000000e+02 1.094902335937500415e-02
3.090000000000000000e+02 1.126478505703125063e-02
3.100000000000000000e+02 1.159089956249999970e-02
3.110000000000000000e+02 1.192704023437500017e-02
3.120000000000000000e+02 1.227312075000000155e-02
3.130000000000000000e+02 1.262879580468749367e-02
3.140000000000000000e+02 1.299390532031250399e-02
3.150000000000000000e+02 1.336821431250000310e-02
3.160000000000000000e+02 1.375133183593750183e-02
3.170000000000000000e+02 1.414303873437500192e-02
3.180000000000000000e+02 1.454294754687500586e-02
3.190000000000000000e+02 1.495060429687500130e-02
3.200000000000000000e+02 1.536575304687499803e-02
3.210000000000000000e+02 1.578765539062499529e-02
3.220000000000000000e+02 1.621581968749999728e-02
3.230000000000000000e+02 1.664974781250000424e-02
3.240000000000000000e+02 1.708864445312499591e-02
3.250000000000000000e+02 1.753172421874999928e-02
3.260000000000000000e+02 1.797832890625000388e-02
3.270000000000000000e+02 1.842728046875000136e-02
3.280000000000000000e+02 1.887781640624999410e-02
3.290000000000000000e+02 1.932881718749999977e-02
3.300000000000000000e+02 1.977902187500000727e-02
3.310000000000000000e+02 2.022739921874999389e-02
3.320000000000000000e+02 2.067256875000000535e-02
3.330000000000000000e+02 2.111328359374999714e-02
3.340000000000000000e+02 2.154807265624998983e-02
3.350000000000000000e+02 2.197552499999999923e-02
3.360000000000000000e+02 2.239421484375000992e-02
3.370000000000000000e+02 2.280265546875001256e-02
3.380000000000000000e+02 2.319935859374999687e-02
3.390000000000000000e+02 2.358285312500000772e-02
3.400000000000000000e+02 2.395164296874999904e-02
3.410000000000000000e+02 2.430428046875000164e-02
3.420000000000000000e+02 2.463943906250000426e-02
3.430000000000000000e+02 2.495571015625000499e-02
3.440000000000000000e+02 2.525169843750000448e-02
3.450000000000000000e+02 2.552621406249999322e-02
3.460000000000000000e+02 2.577786562500000364e-02
3.470000000000000000e+02 2.600566640624998871e-02
3.480000000000000000e+02 2.620826406250000365e-02
3.490000000000000000e+02 2.638462968750001497e-02
3.500000000000000000e+02 2.653378984375000943e-02
3.510000000000000000e+02 2.665478515624999586e-02
3.520000000000000000e+02 2.674671718749999788e-02
3.530000000000000000e+02 2.680873710937501861e-02
3.540000000000000000e+02 2.684031796874999931e-02
3.550000000000000000e+02 2.684075914062499305e-02
3.560000000000000000e+02 2.680975671874999758e-02
3.570000000000000000e+02 2.674697507812499875e-02
3.580000000000000000e+02 2.665244007812501287e-02
3.590000000000000000e+02 2.652615046875000243e-02
3.600000000000000000e+02 2.636841023437500389e-02
3.610000000000000000e+02 2.617980570312498922e-02
3.620000000000000000e+02 2.596088124999999802e-02
3.630000000000000000e+02 2.571248066406249533e-02
3.640000000000000000e+02 2.543570066406247721e-02
3.650000000000000000e+02 2.513167215625002060e-02
3.660000000000000000e+02 2.480178244531248272e-02
3.670000000000000000e+02 2.444736391718750276e-02
3.680000000000000000e+02 2.407012723124998463e-02
3.690000000000000000e+02 2.367181776406248120e-02
3.700000000000000000e+02 2.325409827500001664e-02
3.710000000000000000e+02 2.281905342968750319e-02
3.720000000000000000e+02 2.236858507031247445e-02
3.730000000000000000e+02 2.190484650781250250e-02
3.740000000000000000e+02 2.143007001562500027e-02
3.750000000000000000e+02 2.094641204687500494e-02
3.760000000000000000e+02 2.045630399218750436e-02
3.770000000000000000e+02 1.996201285156250921e-02
3.780000000000000000e+02 1.946597958437499415e-02
3.790000000000000000e+02 1.897062106328124831e-02
3.800000000000000000e+02 1.847831351445311868e-02
3.810000000000000000e+02 1.799132767656248452e-02
3.820000000000000000e+02 1.751205361071094327e-02
3.830000000000000000e+02 1.704262722812500269e-02
3.840000000000000000e+02 1.658504995390624667e-02
3.850000000000000000e+02 1.614142081249999444e-02
3.860000000000000000e+02 1.571342008593749548e-02
3.870000000000000000e+02 1.530272389062500328e-02
3.880000000000000000e+02 1.491091296875000742e-02
3.890000000000000000e+02 1.453918394531249388e-02
3.900000000000000000e+02 1.418869019531250261e-02
3.910000000000000000e+02 1.386033301562499161e-02
3.920000000000000000e+02 1.355494671874999182e-02
3.930000000000000000e+02 1.327306992187499840e-02
3.940000000000000000e+02 1.301513046874999170e-02
3.950000000000000000e+02 1.278124531249999994e-02
3.960000000000000000e+02 1.257153914062499912e-02
3.970000000000000000e+02 1.238580601562500050e-02
3.980000000000000000e+02 1.222365406249999523e-02
3.990000000000000000e+02 1.208459210937499681e-02
4.000000000000000000e+02 1.196791843749999557e-02
4.010000000000000000e+02 1.187274742187500662e-02
4.020000000000000000e+02 1.179792664062500468e-02
4.030000000000000000e+02 1.174235898437500127e-02
4.040000000000000000e+02 1.170458382812500538e-02
4.050000000000000000e+02 1.168321499999999853e-02
4.060000000000000000e+02 1.167662578124999823e-02
4.070000000000000000e+02 1.168311335937499869e-02
4.080000000000000000e+02 1.170097789062498998e-02
4.090000000000000000e+02 1.172843859374999784e-02
4.100000000000000000e+02 1.176368039062499968e-02
4.110000000000000000e+02 1.180494242187499557e-02
4.120000000000000000e+02 1.185040890625000190e-02
4.130000000000000000e+02 1.189838445312499035e-02
4.140000000000000000e+02 1.194729171874999406e-02
4.150000000000000000e+02 1.199556835937499837e-02
4.160000000000000000e+02 1.204186632812499422e-02
4.170000000000000000e+02 1.208492921875001062e-02
4.180000000000000000e+02 1.212360570312500004e-02
4.190000000000000000e+02 1.215712804687499489e-02
4.200000000000000000e+02 1.218464773437499295e-02
4.210000000000000000e+02 1.220568281250000719e-02
4.220000000000000000e+02 1.221991390624999584e-02
4.230000000000000000e+02 1.222713812500000365e-02
4.240000000000000000e+02 1.222730046874999886e-02
4.250000000000000000e+02 1.222050070312499272e-02
4.260000000000000000e+02 1.220698218749999980e-02
4.270000000000000000e+02 1.218705187500000037e-02
4.280000000000000000e+02 1.216110500000000712e-02
4.290000000000000000e+02 1.212962742187499721e-02
4.300000000000000000e+02 1.209323312499999657e-02
4.310000000000000000e+02 1.205255351562500334e-02
4.320000000000000000e+02 1.200838031250000583e-02
4.330000000000000000e+02 1.196150562499999868e-02
4.340000000000000000e+02 1.191285945312500934e-02
4.350000000000000000e+02 1.186338960937499513e-02
4.360000000000000000e+02 1.181413656250000083e-02
4.370000000000000000e+02 1.176613820312499836e-02
4.380000000000000000e+02 1.172045695312499622e-02
4.390000000000000000e+02 1.167823562499999655e-02
4.400000000000000000e+02 1.164046164062500568e-02
4.410000000000000000e+02 1.160801421875000926e-02
4.420000000000000000e+02 1.158186468749998997e-02
4.430000000000000000e+02 1.156268835937499830e-02
4.440000000000000000e+02 1.155105156249999591e-02
4.450000000000000000e+02 1.154716265624999676e-02
4.460000000000000000e+02 1.155105976562499637e-02
4.470000000000000000e+02 1.156242085937500726e-02
4.480000000000000000e+02 1.158052624999999884e-02
4.490000000000000000e+02 1.160421398437499682e-02
4.500000000000000000e+02 1.163195320312500163e-02
4.510000000000000000e+02 1.166176820312500063e-02
4.520000000000000000e+02 1.169130914062500338e-02
4.530000000000000000e+02 1.171779335937500263e-02
4.540000000000000000e+02 1.173811718750000094e-02
4.550000000000000000e+02 1.174914898437499390e-02
4.560000000000000000e+02 1.174753984374999824e-02
4.570000000000000000e+02 1.172993226562499790e-02
4.580000000000000000e+02 1.169306539062500531e-02
4.590000000000000000e+02 1.163417296874999333e-02
4.600000000000000000e+02 1.155048281249999691e-02
4.610000000000000000e+02 1.143995093749999858e-02
4.620000000000000000e+02 1.130089609375000033e-02
4.630000000000000000e+02 1.113248906250000059e-02
4.640000000000000000e+02 1.093434453125000094e-02
4.650000000000000000e+02 1.070688515624998623e-02
4.660000000000000000e+02 1.045132499999999569e-02
4.670000000000000000e+02 1.016947890625000128e-02
4.680000000000000000e+02 9.864062499999994363e-03
4.690000000000000000e+02 9.538493749999999924e-03
4.700000000000000000e+02 9.196830468750001944e-03
4.710000000000000000e+02 8.843801562499998062e-03
4.720000000000000000e+02 8.484712499999999893e-03
4.730000000000000000e+02 8.125385156249996174e-03
4.740000000000000000e+02 7.771900781250000445e-03
4.750000000000000000e+02 7.430510156250001198e-03
4.760000000000000000e+02 7.107393515625001941e-03
4.770000000000000000e+02 6.808535468749998994e-03
4.780000000000000000e+02 6.539281953125002621e-03
4.790000000000000000e+02 6.304221718749998364e-03
4.800000000000000000e+02 6.106870078125001614e-03
4.810000000000000000e+02 5.949381796874999261e-03
4.820000000000000000e+02 5.832326171874997398e-03
4.830000000000000000e+02 5.754593398437497093e-03
4.840000000000000000e+02 5.713267593749998124e-03
4.850000000000000000e+02 5.703581250000002573e-03
4.860000000000000000e+02 5.719063656250000446e-03
4.870000000000000000e+02 5.751712601562501172e-03
4.880000000000000000e+02 5.792526179687501088e-03
4.890000000000000000e+02 5.831522365625000336e-03
4.900000000000000000e+02 5.858820267968746845e-03
4.910000000000000000e+02 5.864836976562501011e-03
4.920000000000000000e+02 5.841108671875002920e-03
4.930000000000000000e+02 5.780960304687499975e-03
4.940000000000000000e+02 5.680017763281248848e-03
4.950000000000000000e+02 5.536928554687498179e-03
4.960000000000000000e+02 5.353566992187501136e-03
4.970000000000000000e+02 5.135464778906252171e-03
4.980000000000000000e+02 4.891499351562498404e-03
4.990000000000000000e+02 4.633709937500000119e-03
5.000000000000000000e+02 4.376246031249999419e-03
5.010000000000000000e+02 4.134221406250001077e-03
5.020000000000000000e+02 3.922062929687501059e-03
5.030000000000000000e+02 3.751840541640624489e-03
5.040000000000000000e+02 3.632047401562500492e-03
5.050000000000000000e+02 3.567773249999999646e-03
5.060000000000000000e+02 3.563752109374999401e-03
5.070000000000000000e+02 3.632541523437500357e-03
5.080000000000000000e+02 3.811133531250001424e-03
5.090000000000000000e+02 4.190901250000000217e-03
5.100000000000000000e+02 4.967492093749998651e-03
5.110000000000000000e+02 6.521004296874998926e-03
