0.000000000000000000e+00 1.769533945312499719e-03
1.000000000000000000e+00 1.764326125000000023e-03
2.000000000000000000e+00 1.753945195312499707e-03
3.000000000000000000e+00 1.738459968750000716e-03
4.000000000000000000e+00 1.717982796875000290e-03
5.000000000000000000e+00 1.692665265625000392e-03
6.000000000000000000e+00 1.662668218749999626e-03
7.000000000000000000e+00 1.628209328125000081e-03
8.000000000000000000e+00 1.589526304687499799e-03
9.000000000000000000e+00 1.546894382812500279e-03
1.000000000000000000e+01 1.500599218750000132e-03
1.100000000000000000e+01 1.450971460937500093e-03
1.200000000000000000e+01 1.398345914062499142e-03
1.300000000000000000e+01 1.343100437499999836e-03
1.400000000000000000e+01 1.285600085937500412e-03
1.500000000000000000e+01 1.226256867187500849e-03
1.600000000000000000e+01 1.165469046874999248e-03
1.700000000000000000e+01 1.103655195312499724e-03
1.800000000000000000e+01 1.041243826562500158e-03
1.900000000000000000e+01 9.786621929687500717e-04
2.000000000000000000e+01 9.163246656249998245e-04
2.100000000000000000e+01 8.546692906250003691e-04
2.200000000000000000e+01 7.941030632812502450e-04
2.300000000000000000e+01 7.350410667187498538e-04
2.400000000000000000e+01 6.778763410398435003e-04
2.500000000000000000e+01 6.229896420312501125e-04
2.600000000000000000e+01 5.707562232031250992e-04
2.700000000000000000e+01 5.215163257812499304e-04
2.800000000000000000e+01 4.755928321093750525e-04
2.900000000000000000e+01 4.332895023437500982e-04
3.000000000000000000e+01 3.948849937500000635e-04
3.100000000000000000e+01 3.606226328125000506e-04
3.200000000000000000e+01 3.307253359375000152e-04
3.300000000000000000e+01 3.053825468750000216e-04
3.400000000000000000e+01 2.847521328124999712e-04
3.500000000000000000e+01 2.689614765625000900e-04
3.600000000000000000e+01 2.581050312500000475e-04
3.700000000000000000e+01 2.522438984375001002e-04
3.800000000000000000e+01 2.514067421874999057e-04
3.900000000000000000e+01 2.555894296874999588e-04
4.000000000000000000e+01 2.647564999999998969e-04
4.100000000000000000e+01 2.788383906250001764e-04
4.200000000000000000e+01 2.977371328125002136e-04
4.300000000000000000e+01 3.213220468749999458e-04
4.400000000000000000e+01 3.494354453124999191e-04
4.500000000000000000e+01 3.818925468749995449e-04
4.600000000000000000e+01 4.184814062499999559e-04
4.700000000000000000e+01 4.589646406250001698e-04
4.800000000000000000e+01 5.030890859374999215e-04
4.900000000000000000e+01 5.505710937500000839e-04
5.000000000000000000e+01 6.011186171875000954e-04
5.100000000000000000e+01 6.544165203125001202e-04
5.200000000000000000e+01 7.101418070312497327e-04
5.300000000000000000e+01 7.679551031249993867e-04
5.400000000000000000e+01 8.275078359375001059e-04
5.500000000000000000e+01 8.884514445312507395e-04
5.600000000000000000e+01 9.504202304687497677e-04
5.700000000000000000e+01 1.013065671874999922e-03
5.800000000000000000e+01 1.076013602343749978e-03
5.900000000000000000e+01 1.138921737499999642e-03
6.000000000000000000e+01 1.201434503906249982e-03
6.100000000000000000e+01 1.263201429687499811e-03
6.200000000000000000e+01 1.323894179687500061e-03
6.300000000000000000e+01 1.383189539062499879e-03
6.400000000000000000e+01 1.440768882812500876e-03
6.500000000000000000e+01 1.496342140625000041e-03
6.600000000000000000e+01 1.549631859374999863e-03
6.700000000000000000e+01 1.600374296874999954e-03
6.800000000000000000e+01 1.648325625000001153e-03
6.900000000000000000e+01 1.693263359375000434e-03
7.000000000000000000e+01 1.734997578125000188e-03
7.100000000000000000e+01 1.773335312499999634e-03
7.200000000000000000e+01 1.808143046874999878e-03
7.300000000000000000e+01 1.839258906250000039e-03
7.400000000000000000e+01 1.866604374999999809e-03
7.500000000000000000e+01 1.890087890625000112e-03
7.600000000000000000e+01 1.909654453125000191e-03
7.700000000000000000e+01 1.925263671875000271e-03
7.800000000000000000e+01 1.936913828125000608e-03
7.900000000000000000e+01 1.944612578124999772e-03
8.000000000000000000e+01 1.948404453125000780e-03
8.100000000000000000e+01 1.948346171875000232e-03
8.200000000000000000e+01 1.944515937499999248e-03
8.300000000000000000e+01 1.937019843749999450e-03
8.400000000000000000e+01 1.925985078124998725e-03
8.500000000000000000e+01 1.911540156250000335e-03
8.600000000000000000e+01 1.893854453124999915e-03
8.700000000000000000e+01 1.873093906249999026e-03
8.800000000000000000e+01 1.849460078124999778e-03
8.900000000000000000e+01 1.823147031250000206e-03
9.000000000000000000e+01 1.794362656250000389e-03
9.100000000000000000e+01 1.763338046874999470e-03
9.200000000000000000e+01 1.730315859374999612e-03
9.300000000000000000e+01 1.695522578125000434e-03
9.400000000000000000e+01 1.659207968749999923e-03
9.500000000000000000e+01 1.621628750000000214e-03
9.600000000000000000e+01 1.583028828124999994e-03
9.700000000000000000e+01 1.543670000000000025e-03
9.800000000000000000e+01 1.503801718749999978e-03
9.900000000000000000e+01 1.463669765625000155e-03
1.000000000000000000e+02 1.423518828125000350e-03
1.010000000000000000e+02 1.383607499999999543e-03
1.020000000000000000e+02 1.344151874999999783e-03
1.030000000000000000e+02 1.305393671875000041e-03
1.040000000000000000e+02 1.267537187499999688e-03
1.050000000000000000e+02 1.230804453124999817e-03
1.060000000000000000e+02 1.195380078125000403e-03
1.070000000000000000e+02 1.161458515625000141e-03
1.080000000000000000e+02 1.129205820312499881e-03
1.090000000000000000e+02 1.098783210937500201e-03
1.100000000000000000e+02 1.070323992187500106e-03
1.110000000000000000e+02 1.043965554687500139e-03
1.120000000000000000e+02 1.019817144531250152e-03
1.130000000000000000e+02 9.979724336718746348e-04
1.140000000000000000e+02 9.785121523437497696e-04
1.150000000000000000e+02 9.615012898437502601e-04
1.160000000000000000e+02 9.469777890624996898e-04
1.170000000000000000e+02 9.349705546875001702e-04
1.180000000000000000e+02 9.254994218750003032e-04
1.190000000000000000e+02 9.185579531250002245e-04
1.200000000000000000e+02 9.141181015625000602e-04
1.210000000000000000e+02 9.121523515624998732e-04
1.220000000000000000e+02 9.126076875000002468e-04
1.230000000000000000e+02 9.154187320312503779e-04
1.240000000000000000e+02 9.205039210937498084e-04
1.250000000000000000e+02 9.277765070312502665e-04
1.260000000000000000e+02 9.371256367187499057e-04
1.270000000000000000e+02 9.484394722656254006e-04
1.280000000000000000e+02 9.615922203125003851e-04
1.290000000000000000e+02 9.764506007812502868e-04
1.300000000000000000e+02 9.928709687500002212e-04
1.310000000000000000e+02 1.010707531250000166e-03
1.320000000000000000e+02 1.029796515625000086e-03
1.330000000000000000e+02 1.049991570312499818e-03
1.340000000000000000e+02 1.071123203125000107e-03
1.350000000000000000e+02 1.093030414062500042e-03
1.360000000000000000e+02 1.115545367187500145e-03
1.370000000000000000e+02 1.138505640624999822e-03
1.380000000000000000e+02 1.161749671875000412e-03
1.390000000000000000e+02 1.185129101562499773e-03
1.400000000000000000e+02 1.208480374999999427e-03
1.410000000000000000e+02 1.231651125000000424e-03
1.420000000000000000e+02 1.254512265624999371e-03
1.430000000000000000e+02 1.276922343749999815e-03
1.440000000000000000e+02 1.298760468750000336e-03
1.450000000000000000e+02 1.319911015625000210e-03
1.460000000000000000e+02 1.340258515624999933e-03
1.470000000000000000e+02 1.359724140625000015e-03
1.480000000000000000e+02 1.378209531249999318e-03
1.490000000000000000e+02 1.395652500000000001e-03
1.500000000000000000e+02 1.411982265625000505e-03
1.510000000000000000e+02 1.427166640624999558e-03
1.520000000000000000e+02 1.441157210937499874e-03
1.530000000000000000e+02 1.453934085937499997e-03
1.540000000000000000e+02 1.465485156250000229e-03
1.550000000000000000e+02 1.475805210937499844e-03
1.560000000000000000e+02 1.484902898437500361e-03
1.570000000000000000e+02 1.492798343750000294e-03
1.580000000000000000e+02 1.499518992187499943e-03
1.590000000000000000e+02 1.505101500781249593e-03
1.600000000000000000e+02 1.509582823437500242e-03
1.610000000000000000e+02 1.513017537578125208e-03
1.620000000000000000e+02 1.515444239843750235e-03
1.630000000000000000e+02 1.516927018749999545e-03
1.640000000000000000e+02 1.517526898437500122e-03
1.650000000000000000e+02 1.517289312499999843e-03
1.660000000000000000e+02 1.516278710937500520e-03
1.670000000000000000e+02 1.514552320312500221e-03
1.680000000000000000e+02 1.512157328125000345e-03
1.690000000000000000e+02 1.509137335937500062e-03
1.700000000000000000e+02 1.505555703124999848e-03
1.710000000000000000e+02 1.501430078125000171e-03
1.720000000000000000e+02 1.496811484374999113e-03
1.730000000000000000e+02 1.491713593749999667e-03
1.740000000000000000e+02 1.486171562499999594e-03
1.750000000000000000e+02 1.480197265625000230e-03
1.760000000000000000e+02 1.473814687500000012e-03
1.770000000000000000e+02 1.467020468750000707e-03
1.780000000000000000e+02 1.459838906250000368e-03
1.790000000000000000e+02 1.452270781249999886e-03
1.800000000000000000e+02 1.444334296875000520e-03
1.810000000000000000e+02 1.436036640624999789e-03
1.820000000000000000e+02 1.427411875000000148e-03
1.830000000000000000e+02 1.418482890625000822e-03
1.840000000000000000e+02 1.409293046875000023e-03
1.850000000000000000e+02 1.399910781250000109e-03
1.860000000000000000e+02 1.390394843749999648e-03
1.870000000000000000e+02 1.380856796874999981e-03
1.880000000000000000e+02 1.371418828124999680e-03
1.890000000000000000e+02 1.362211484375000286e-03
1.900000000000000000e+02 1.353434296874999774e-03
1.910000000000000000e+02 1.345277624999999212e-03
1.920000000000000000e+02 1.337991468749999717e-03
1.930000000000000000e+02 1.331850242187499964e-03
1.940000000000000000e+02 1.327169843749999778e-03
1.950000000000000000e+02 1.324297593750000659e-03
1.960000000000000000e+02 1.323626367187500296e-03
1.970000000000000000e+02 1.325576703125000248e-03
1.980000000000000000e+02 1.330604469531250023e-03
1.990000000000000000e+02 1.339207448437499184e-03
2.000000000000000000e+02 1.351905699999999405e-03
2.010000000000000000e+02 1.369241531250001229e-03
2.020000000000000000e+02 1.391790117187499676e-03
2.030000000000000000e+02 1.420143601562500347e-03
2.040000000000000000e+02 1.454889390624999586e-03
2.050000000000000000e+02 1.496634968749999215e-03
2.060000000000000000e+02 1.545978984375000718e-03
2.070000000000000000e+02 1.603521004687501585e-03
2.080000000000000000e+02 1.669819940625000753e-03
2.090000000000000000e+02 1.745434640580469229e-03
2.100000000000000000e+02 1.830874829687499823e-03
2.110000000000000000e+02 1.926610443749999461e-03
2.120000000000000000e+02 2.033038203125000793e-03
2.130000000000000000e+02 2.150537929687498968e-03
2.140000000000000000e+02 2.279376195312500172e-03
2.150000000000000000e+02 2.419778226562500131e-03
2.160000000000000000e+02 2.571859747656249535e-03
2.170000000000000000e+02 2.735649187499999621e-03
2.180000000000000000e+02 2.911089694531250605e-03
2.190000000000000000e+02 3.098020751562500542e-03
2.200000000000000000e+02 3.296162168046874643e-03
2.210000000000000000e+02 3.505155578906251311e-03
2.220000000000000000e+02 3.724480992968751559e-03
2.230000000000000000e+02 3.953544856250003868e-03
2.240000000000000000e+02 4.191668635781247917e-03
2.250000000000000000e+02 4.438023346874999352e-03
2.260000000000000000e+02 4.691683601562499778e-03
2.270000000000000000e+02 4.951636199218750582e-03
2.280000000000000000e+02 5.216784027187498264e-03
2.290000000000000000e+02 5.485962713281253116e-03
2.300000000000000000e+02 5.757880546874999221e-03
2.310000000000000000e+02 6.031225692187497725e-03
2.320000000000000000e+02 6.304665958359374593e-03
2.330000000000000000e+02 6.576748000000001183e-03
2.340000000000000000e+02 6.846035067187498067e-03
2.350000000000000000e+02 7.111091984375001590e-03
2.360000000000000000e+02 7.370452802343751761e-03
2.370000000000000000e+02 7.622741606171871097e-03
2.380000000000000000e+02 7.866550752343749731e-03
2.390000000000000000e+02 8.100430507812500860e-03
2.400000000000000000e+02 8.323248669531251726e-03
2.410000000000000000e+02 8.533679293749995426e-03
2.420000000000000000e+02 8.730652988281246973e-03
2.430000000000000000e+02 8.913071937500004552e-03
2.440000000000000000e+02 9.080091121874998145e-03
2.450000000000000000e+02 9.230857981250001690e-03
2.460000000000000000e+02 9.364761648437497366e-03
2.470000000000000000e+02 9.481196945312500915e-03
2.480000000000000000e+02 9.579852576562495475e-03
2.490000000000000000e+02 9.660449960937497749e-03
2.500000000000000000e+02 9.722940314062499326e-03
2.510000000000000000e+02 9.767304708593750606e-03
2.520000000000000000e+02 9.793831062499999338e-03
2.530000000000000000e+02 9.802809687500000507e-03
2.540000000000000000e+02 9.794794914062494862e-03
2.550000000000000000e+02 9.770452453125003447e-03
2.560000000000000000e+02 9.730470703125000675e-03
2.570000000000000000e+02 9.675802179687506901e-03
2.580000000000000000e+02 9.607485554687503204e-03
2.590000000000000000e+02 9.526504843750003768e-03
2.600000000000000000e+02 9.434244921874996095e-03
2.610000000000000000e+02 9.331844999999998336e-03
2.620000000000000000e+02 9.220665234375003197e-03
2.630000000000000000e+02 9.102168671874999104e-03
2.640000000000000000e+02 8.977704109375001656e-03
2.650000000000000000e+02 8.848778218749995400e-03
2.660000000000000000e+02 8.716830507812502182e-03
2.670000000000000000e+02 8.583289906250003015e-03
2.680000000000000000e+02 8.449685599218752924e-03
2.690000000000000000e+02 8.317331424218745925e-03
2.700000000000000000e+02 8.187655140624998037e-03
2.710000000000000000e+02 8.061929531250002987e-03
2.720000000000000000e+02 7.941437437500000612e-03
2.730000000000000000e+02 7.827376109375002583e-03
2.740000000000000000e+02 7.720805390624997482e-03
2.750000000000000000e+02 7.622808593749996232e-03
2.760000000000000000e+02 7.534268046874997155e-03
2.770000000000000000e+02 7.456074062499995665e-03
2.780000000000000000e+02 7.388922421874999369e-03
2.790000000000000000e+02 7.333519453125003813e-03
2.800000000000000000e+02 7.290387578124996396e-03
2.810000000000000000e+02 7.260024374999996671e-03
2.820000000000000000e+02 7.242794296875001460e-03
2.830000000000000000e+02 7.239019765624999346e-03
2.840000000000000000e+02 7.248895617187502485e-03
2.850000000000000000e+02 7.272586539062499654e-03
2.860000000000000000e+02 7.310129156249998462e-03
2.870000000000000000e+02 7.361539265624999703e-03
2.880000000000000000e+02 7.426851773437500616e-03
2.890000000000000000e+02 7.505875859375002977e-03
2.900000000000000000e+02 7.598551093749998479e-03
2.910000000000000000e+02 7.704735937500000256e-03
2.920000000000000000e+02 7.824208515624996724e-03
2.930000000000000000e+02 7.956759609374999126e-03
2.940000000000000000e+02 8.102268437500002515e-03
2.950000000000000000e+02 8.260453281249999918e-03
2.960000000000000000e+02 8.431182343749997823e-03
2.970000000000000000e+02 8.614142499999999716e-03
2.980000000000000000e+02 8.809321328125006498e-03
2.990000000000000000e+02 9.016446015625002169e-03
3.000000000000000000e+02 9.235349453124999664e-03
3.010000000000000000e+02 9.466022421874999496e-03
3.020000000000000000e+02 9.708271937499998727e-03
3.030000000000000000e+02 9.961989414062500520e-03
3.040000000000000000e+02 1.022719547656249402e-02
3.050000000000000000e+02 1.050370905390625269e-02
3.060000000000000000e+02 1.079163828906250233e-02
3.070000000000000000e+02 1.109093034609374799e-02
3.080000000000000000e+02 1.140144460312499976e-02
3.090000000000000000e+02 1.172329820000000272e-02
3.100000000000000000e+02 1.205633635156249175e-02
3.110000000000000000e+02 1.240055687499999962e-02
3.120000000000000000e+02 1.275591328124999965e-02
3.130000000000000000e+02 1.312227445312499907e-02
3.140000000000000000e+02 1.349955429687499202e-02
3.150000000000000000e+02 1.388759828124999998e-02
3.160000000000000000e+02 1.428617961718749510e-02
3.170000000000000000e+02 1.469499563281250094e-02
3.180000000000000000e+02 1.511374953124999809e-02
3.190000000000000000e+02 1.554199117968749905e-02
3.200000000000000000e+02 1.597934781249999575e-02
3.210000000000000000e+02 1.642527945312498988e-02
3.220000000000000000e+02 1.687909273437501051e-02
3.230000000000000000e+02 1.734019070312499758e-02
3.240000000000000000e+02 1.780769281250000821e-02
3.250000000000000000e+02 1.828076484374999491e-02
3.260000000000000000e+02 1.875838984374999033e-02
3.270000000000000000e+02 1.923952890624999745e-02
3.280000000000000000e+02 1.972298750000000406e-02
3.290000000000000000e+02 2.020748984374998516e-02
3.300000000000000000e+02 2.069179999999998937e-02
3.310000000000000000e+02 2.117439374999999929e-02
3.320000000000000000e+02 2.165385859375000208e-02
3.330000000000000000e+02 2.212853671875000122e-02
3.340000000000000000e+02 2.259682734375000057e-02
3.350000000000000000e+02 2.305718046874999719e-02
3.360000000000000000e+02 2.350782656249999006e-02
3.370000000000000000e+02 2.394722343750001203e-02
3.380000000000000000e+02 2.437353515624999384e-02
3.390000000000000000e+02 2.478508906250000143e-02
3.400000000000000000e+02 2.518036953124998950e-02
3.410000000000000000e+02 2.555775703124998910e-02
3.420000000000000000e+02 2.591557734375000630e-02
3.430000000000000000e+02 2.625237578125000359e-02
3.440000000000000000e+02 2.656667343749997273e-02
3.450000000000000000e+02 2.685712734374999522e-02
3.460000000000000000e+02 2.712231171874998972e-02
3.470000000000000000e+02 2.736090625000000068e-02
3.480000000000000000e+02 2.757176015625001017e-02
3.490000000000000000e+02 2.775372343750000942e-02
3.500000000000000000e+02 2.790567968750001446e-02
3.510000000000000000e+02 2.802661171875000037e-02
3.520000000000000000e+02 2.811585078125000345e-02
3.530000000000000000e+02 2.817245945312500319e-02
3.540000000000000000e+02 2.819584812499998511e-02
3.550000000000000000e+02 2.818555523437499960e-02
3.560000000000000000e+02 2.814137953125000341e-02
3.570000000000000000e+02 2.806308234374999336e-02
3.580000000000000000e+02 2.795086093750002304e-02
3.590000000000000000e+02 2.780485492187499338e-02
3.600000000000000000e+02 2.762565124999999053e-02
3.610000000000000000e+02 2.741379218750001831e-02
3.620000000000000000e+02 2.717026570312498779e-02
3.630000000000000000e+02 2.689601698437498953e-02
3.640000000000000000e+02 2.659223445312498477e-02
3.650000000000000000e+02 2.626034360156248235e-02
3.660000000000000000e+02 2.590184946874999825e-02
3.670000000000000000e+02 2.551830747812500882e-02
3.680000000000000000e+02 2.511169347109376213e-02
3.690000000000000000e+02 2.468369830156250111e-02
3.700000000000000000e+02 2.423646995312499913e-02
3.710000000000000000e+02 2.377209978906251464e-02
3.720000000000000000e+02 2.329287432812501141e-02
3.730000000000000000e+02 2.280109699999999587e-02
3.740000000000000000e+02 2.229928075000000079e-02
3.750000000000000000e+02 2.178986182031248178e-02
3.760000000000000000e+02 2.127548474218748584e-02
3.770000000000000000e+02 2.075876035937499961e-02
3.780000000000000000e+02 2.024227324218749388e-02
3.790000000000000000e+02 1.972865176796873704e-02
3.800000000000000000e+02 1.922053118437500041e-02
3.810000000000000000e+02 1.872033060078125144e-02
3.820000000000000000e+02 1.823051919687500647e-02
3.830000000000000000e+02 1.775329956738280410e-02
3.840000000000000000e+02 1.729094315937498849e-02
3.850000000000000000e+02 1.684526563359373813e-02
3.860000000000000000e+02 1.641819438749999097e-02
3.870000000000000000e+02 1.601124402968749291e-02
3.880000000000000000e+02 1.562585545312500379e-02
3.890000000000000000e+02 1.526330603124999470e-02
3.900000000000000000e+02 1.492452751562499923e-02
3.910000000000000000e+02 1.461035021875000187e-02
3.920000000000000000e+02 1.432139228124999601e-02
3.930000000000000000e+02 1.405805281249999233e-02
3.940000000000000000e+02 1.382043263281250087e-02
3.950000000000000000e+02 1.360860839062500056e-02
3.960000000000000000e+02 1.342231117187500482e-02
3.970000000000000000e+02 1.326109486718749647e-02
3.980000000000000000e+02 1.312435078124999689e-02
3.990000000000000000e+02 1.301115085937500776e-02
4.000000000000000000e+02 1.292054617187500011e-02
4.010000000000000000e+02 1.285129343749999951e-02
4.020000000000000000e+02 1.280197656249999934e-02
4.030000000000000000e+02 1.277101773437500608e-02
4.040000000000000000e+02 1.275673632812499708e-02
4.050000000000000000e+02 1.275723234374999578e-02
4.060000000000000000e+02 1.277065171875000314e-02
4.070000000000000000e+02 1.279489679687500180e-02
4.080000000000000000e+02 1.282795929687500364e-02
4.090000000000000000e+02 1.286763171874999098e-02
4.100000000000000000e+02 1.291180835937499709e-02
4.110000000000000000e+02 1.295833867187500162e-02
4.120000000000000000e+02 1.300522585937499698e-02
4.130000000000000000e+02 1.305040585937499928e-02
4.140000000000000000e+02 1.309207187499999807e-02
4.150000000000000000e+02 1.312841187499999736e-02
4.160000000000000000e+02 1.315786437499999982e-02
4.170000000000000000e+02 1.317904125000000058e-02
4.180000000000000000e+02 1.319073648437500169e-02
4.190000000000000000e+02 1.319195710937499932e-02
4.200000000000000000e+02 1.318198539062499265e-02
4.210000000000000000e+02 1.316031078125000017e-02
4.220000000000000000e+02 1.312655218749999957e-02
4.230000000000000000e+02 1.308060359375000370e-02
4.240000000000000000e+02 1.302256414062499291e-02
4.250000000000000000e+02 1.295267218749999831e-02
4.260000000000000000e+02 1.287131320312500174e-02
4.270000000000000000e+02 1.277905671874999920e-02
4.280000000000000000e+02 1.267669976562499183e-02
4.290000000000000000e+02 1.256503968750000491e-02
4.300000000000000000e+02 1.244511804687499328e-02
4.310000000000000000e+02 1.231803687500000397e-02
4.320000000000000000e+02 1.218521718749998942e-02
4.330000000000000000e+02 1.204795890625000136e-02
4.340000000000000000e+02 1.190784187500000708e-02
4.350000000000000000e+02 1.176653437500000711e-02
4.360000000000000000e+02 1.162560601562499622e-02
4.370000000000000000e+02 1.148694265625000398e-02
4.380000000000000000e+02 1.135217585937500252e-02
4.390000000000000000e+02 1.122314718749999399e-02
4.400000000000000000e+02 1.110137999999999403e-02
4.410000000000000000e+02 1.098848468750000286e-02
4.420000000000000000e+02 1.088586468750000688e-02
4.430000000000000000e+02 1.079467429687500264e-02
4.440000000000000000e+02 1.071580968749999072e-02
4.450000000000000000e+02 1.064978898437499329e-02
4.460000000000000000e+02 1.059685031249999777e-02
4.470000000000000000e+02 1.055676882812500196e-02
4.480000000000000000e+02 1.052871585937498883e-02
4.490000000000000000e+02 1.051154593750000532e-02
4.500000000000000000e+02 1.050338726562500408e-02
4.510000000000000000e+02 1.050206117187500211e-02
4.520000000000000000e+02 1.050494234374998830e-02
4.530000000000000000e+02 1.050883132812499218e-02
4.540000000000000000e+02 1.051047148437500231e-02
4.550000000000000000e+02 1.050625656249999131e-02
4.560000000000000000e+02 1.049260382812500572e-02
4.570000000000000000e+02 1.046573859374999929e-02
4.580000000000000000e+02 1.042229851562500621e-02
4.590000000000000000e+02 1.035898859375000355e-02
4.600000000000000000e+02 1.027300804687499708e-02
4.610000000000000000e+02 1.016194593750000159e-02
4.620000000000000000e+02 1.002399992187500213e-02
4.630000000000000000e+02 9.857886249999996131e-03
4.640000000000000000e+02 9.663085781250005737e-03
4.650000000000000000e+02 9.439926562500004434e-03
4.660000000000000000e+02 9.189326562499995632e-03
4.670000000000000000e+02 8.913018749999997853e-03
4.680000000000000000e+02 8.613692968749999540e-03
4.690000000000000000e+02 8.294655468749996888e-03
4.700000000000000000e+02 7.960121874999996627e-03
4.710000000000000000e+02 7.614909375000001104e-03
4.720000000000000000e+02 7.264542187499997868e-03
4.730000000000000000e+02 6.915007031249997306e-03
4.740000000000000000e+02 6.572669921875001417e-03
4.750000000000000000e+02 6.244006328125000990e-03
4.760000000000000000e+02 5.935481562499999968e-03
4.770000000000000000e+02 5.653160312500002393e-03
4.780000000000000000e+02 5.402577890624997783e-03
4.790000000000000000e+02 5.188310937500001038e-03
4.800000000000000000e+02 5.013876015625000002e-03
4.810000000000000000e+02 4.881230468749999177e-03
4.820000000000000000e+02 4.790801968749997669e-03
4.830000000000000000e+02 4.741112525781250586e-03
4.840000000000000000e+02 4.728840054687501702e-03
4.850000000000000000e+02 4.748700476562501063e-03
4.860000000000000000e+02 4.793699593750000779e-03
4.870000000000000000e+02 4.855279562499999375e-03
4.880000000000000000e+02 4.923673101562500536e-03
4.890000000000000000e+02 4.988533968749999346e-03
4.900000000000000000e+02 5.039262171875000425e-03
4.910000000000000000e+02 5.065867882812500993e-03
4.920000000000000000e+02 5.059567421875002004e-03
4.930000000000000000e+02 5.013540983593753678e-03
4.940000000000000000e+02 4.923765187499999987e-03
4.950000000000000000e+02 4.789525710937501783e-03
4.960000000000000000e+02 4.614159028124999347e-03
4.970000000000000000e+02 4.405228054687499936e-03
4.980000000000000000e+02 4.174528585156250977e-03
4.990000000000000000e+02 3.937575671875000530e-03
5.000000000000000000e+02 3.712511437500000139e-03
5.010000000000000000e+02 3.518439367187499531e-03
5.020000000000000000e+02 3.373195625000000378e-03
5.030000000000000000e+02 3.290946960937498299e-03
5.040000000000000000e+02 3.280120101562500681e-03
5.050000000000000000e+02 3.342667722656249632e-03
5.060000000000000000e+02 3.476299148437500108e-03
5.070000000000000000e+02 3.682072871093751594e-03
5.080000000000000000e+02 3.980877460937499827e-03
5.090000000000000000e+02 4.444084540625000551e-03
5.100000000000000000e+02 5.245768679687502073e-03
5.110000000000000000e+02 6.747626484375002405e-03
