0.000000000000000000e+00 1.679293406249999891e-03
1.000000000000000000e+00 1.674440999999999386e-03
2.000000000000000000e+00 1.664764539062500801e-03
3.000000000000000000e+00 1.650342148437499877e-03
4.000000000000000000e+00 1.631265765625000263e-03
5.000000000000000000e+00 1.607670984374999978e-03
6.000000000000000000e+00 1.579721507812499376e-03
7.000000000000000000e+00 1.547616414062500789e-03
8.000000000000000000e+00 1.511587500000000171e-03
9.000000000000000000e+00 1.471872601562499838e-03
1.000000000000000000e+01 1.428760781249999862e-03
1.100000000000000000e+01 1.382544296874999717e-03
1.200000000000000000e+01 1.333547578124999727e-03
1.300000000000000000e+01 1.282113659375000003e-03
1.400000000000000000e+01 1.228593280468749833e-03
1.500000000000000000e+01 1.173364834374999955e-03
1.600000000000000000e+01 1.116806641406249863e-03
1.700000000000000000e+01 1.059307784374999631e-03
1.800000000000000000e+01 1.001267867187499673e-03
1.900000000000000000e+01 9.430866542968749161e-04
2.000000000000000000e+01 8.851548497656250292e-04
2.100000000000000000e+01 8.278737174375001623e-04
2.200000000000000000e+01 7.716356115624998678e-04
2.300000000000000000e+01 7.168142843750001901e-04
2.400000000000000000e+01 6.637892296874997296e-04
2.500000000000000000e+01 6.129085749999998783e-04
2.600000000000000000e+01 5.645254492187502717e-04
2.700000000000000000e+01 5.189541049218750809e-04
2.800000000000000000e+01 4.764977585937498167e-04
2.900000000000000000e+01 4.374431359375001134e-04
3.000000000000000000e+01 4.020405234375000426e-04
3.100000000000000000e+01 3.705252187500000685e-04
3.200000000000000000e+01 3.430983125000000122e-04
3.300000000000000000e+01 3.199359453124999146e-04
3.400000000000000000e+01 3.011858749999999025e-04
3.500000000000000000e+01 2.869630859375000057e-04
3.600000000000000000e+01 2.773540468750000849e-04
3.700000000000000000e+01 2.724136562499999753e-04
3.800000000000000000e+01 2.721667187500000106e-04
3.900000000000000000e+01 2.766062265625000849e-04
4.000000000000000000e+01 2.856947968750000338e-04
4.100000000000000000e+01 2.993658203125001689e-04
4.200000000000000000e+01 3.175229765624999604e-04
4.300000000000000000e+01 3.400417968749998169e-04
4.400000000000000000e+01 3.667708281250000387e-04
4.500000000000000000e+01 3.975335546874996981e-04
4.600000000000000000e+01 4.321279375000001348e-04
4.700000000000000000e+01 4.703305624999997358e-04
4.800000000000000000e+01 5.118951953125000639e-04
4.900000000000000000e+01 5.565599062499998299e-04
5.000000000000000000e+01 6.040444687500000570e-04
5.100000000000000000e+01 6.540466804687498480e-04
5.200000000000000000e+01 7.062661820312501979e-04
5.300000000000000000e+01 7.603792664843749775e-04
5.400000000000000000e+01 8.160542904843747034e-04
5.500000000000000000e+01 8.729679843750002329e-04
5.600000000000000000e+01 9.307724421875003323e-04
5.700000000000000000e+01 9.891322374999999070e-04
5.800000000000000000e+01 1.047705965625000653e-03
5.900000000000000000e+01 1.106167136718750601e-03
6.000000000000000000e+01 1.164178666406250583e-03
6.100000000000000000e+01 1.221405361718749197e-03
6.200000000000000000e+01 1.277547796874999768e-03
6.300000000000000000e+01 1.332298648437500515e-03
6.400000000000000000e+01 1.385368703125001034e-03
6.500000000000000000e+01 1.436470921875000620e-03
6.600000000000000000e+01 1.485352882812500082e-03
6.700000000000000000e+01 1.531768351562500874e-03
6.800000000000000000e+01 1.575498749999999651e-03
6.900000000000000000e+01 1.616322031250000098e-03
7.000000000000000000e+01 1.654069843749999972e-03
7.100000000000000000e+01 1.688575937499999608e-03
7.200000000000000000e+01 1.719691718749999376e-03
7.300000000000000000e+01 1.747310000000000399e-03
7.400000000000000000e+01 1.771325312500000295e-03
7.500000000000000000e+01 1.791671562500000460e-03
7.600000000000000000e+01 1.808310312500000091e-03
7.700000000000000000e+01 1.821192265624999767e-03
7.800000000000000000e+01 1.830333203125000070e-03
7.900000000000000000e+01 1.835757421875000139e-03
8.000000000000000000e+01 1.837496484374999840e-03
8.100000000000000000e+01 1.835620390624999191e-03
8.200000000000000000e+01 1.830212500000000502e-03
8.300000000000000000e+01 1.821378749999999838e-03
8.400000000000000000e+01 1.809244296875000060e-03
8.500000000000000000e+01 1.793945000000000348e-03
8.600000000000000000e+01 1.775653906250000691e-03
8.700000000000000000e+01 1.754524140624999420e-03
8.800000000000000000e+01 1.730757265624999729e-03
8.900000000000000000e+01 1.704553203125000038e-03
9.000000000000000000e+01 1.676116953124999562e-03
9.100000000000000000e+01 1.645676015624999338e-03
9.200000000000000000e+01 1.613450390625000008e-03
9.300000000000000000e+01 1.579687421875000620e-03
9.400000000000000000e+01 1.544619062499999430e-03
9.500000000000000000e+01 1.508497265624999997e-03
9.600000000000000000e+01 1.471566093749999840e-03
9.700000000000000000e+01 1.434069765625000086e-03
9.800000000000000000e+01 1.396252109375000329e-03
9.900000000000000000e+01 1.358362734374999724e-03
1.000000000000000000e+02 1.320640781250000551e-03
1.010000000000000000e+02 1.283319218750000315e-03
1.020000000000000000e+02 1.246622578124999877e-03
1.030000000000000000e+02 1.210766328125000534e-03
1.040000000000000000e+02 1.175976718749999640e-03
1.050000000000000000e+02 1.142436328125000190e-03
1.060000000000000000e+02 1.110341953124999864e-03
1.070000000000000000e+02 1.079870124999999853e-03
1.080000000000000000e+02 1.051182429687500105e-03
1.090000000000000000e+02 1.024427171875000190e-03
1.100000000000000000e+02 9.997402499999999154e-04
1.110000000000000000e+02 9.772379046875002018e-04
1.120000000000000000e+02 9.570271999999997942e-04
1.130000000000000000e+02 9.391999953125001067e-04
1.140000000000000000e+02 9.238097523437500611e-04
1.150000000000000000e+02 9.109330000000000552e-04
1.160000000000000000e+02 9.005887812500000403e-04
1.170000000000000000e+02 8.928084296875001338e-04
1.180000000000000000e+02 8.875917187500000213e-04
1.190000000000000000e+02 8.849274921874999370e-04
1.200000000000000000e+02 8.847928125000001365e-04
1.210000000000000000e+02 8.871414796875000440e-04
1.220000000000000000e+02 8.919102906249997504e-04
1.230000000000000000e+02 8.990342679687501068e-04
1.240000000000000000e+02 9.084263955937499704e-04
1.250000000000000000e+02 9.199809741406252996e-04
1.260000000000000000e+02 9.335961718750004218e-04
1.270000000000000000e+02 9.491463710937500173e-04
1.280000000000000000e+02 9.664969843750000891e-04
1.290000000000000000e+02 9.855140234374998223e-04
1.300000000000000000e+02 1.006047179687499836e-03
1.310000000000000000e+02 1.027941539062499814e-03
1.320000000000000000e+02 1.051028382812499874e-03
1.330000000000000000e+02 1.075156351562499887e-03
1.340000000000000000e+02 1.100154304687499729e-03
1.350000000000000000e+02 1.125847351562499297e-03
1.360000000000000000e+02 1.152076187500000260e-03
1.370000000000000000e+02 1.178665343749999784e-03
1.380000000000000000e+02 1.205442585937500271e-03
1.390000000000000000e+02 1.232266953125000239e-03
1.400000000000000000e+02 1.258958984375000258e-03
1.410000000000000000e+02 1.285367812499999939e-03
1.420000000000000000e+02 1.311359140624999281e-03
1.430000000000000000e+02 1.336792187500000176e-03
1.440000000000000000e+02 1.361530859374999666e-03
1.450000000000000000e+02 1.385457890624999409e-03
1.460000000000000000e+02 1.408464218749999998e-03
1.470000000000000000e+02 1.430453593750000054e-03
1.480000000000000000e+02 1.451337109374999752e-03
1.490000000000000000e+02 1.471033203124999739e-03
1.500000000000000000e+02 1.489486328124999545e-03
1.510000000000000000e+02 1.506636249999999001e-03
1.520000000000000000e+02 1.522447039062499886e-03
1.530000000000000000e+02 1.536895296874999121e-03
1.540000000000000000e+02 1.549962210937499670e-03
1.550000000000000000e+02 1.561639851562499634e-03
1.560000000000000000e+02 1.571936109374999632e-03
1.570000000000000000e+02 1.580865859375000290e-03
1.580000000000000000e+02 1.588455782812500054e-03
1.590000000000000000e+02 1.594737449218750673e-03
1.600000000000000000e+02 1.599751984531249446e-03
1.610000000000000000e+02 1.603548297578124898e-03
1.620000000000000000e+02 1.606165859374999874e-03
1.630000000000000000e+02 1.607671675781249939e-03
1.640000000000000000e+02 1.608118374999999763e-03
1.650000000000000000e+02 1.607562562500000018e-03
1.660000000000000000e+02 1.606068593749999896e-03
1.670000000000000000e+02 1.603686242187499656e-03
1.680000000000000000e+02 1.600478984374999495e-03
1.690000000000000000e+02 1.596493218749999062e-03
1.700000000000000000e+02 1.591782265624999563e-03
1.710000000000000000e+02 1.586389062500000733e-03
1.720000000000000000e+02 1.580354687500000466e-03
1.730000000000000000e+02 1.573719296874999960e-03
1.740000000000000000e+02 1.566508515624999605e-03
1.750000000000000000e+02 1.558747265624999944e-03
1.760000000000000000e+02 1.550470937500000347e-03
1.770000000000000000e+02 1.541687031249999902e-03
1.780000000000000000e+02 1.532431328125000809e-03
1.790000000000000000e+02 1.522717656250000126e-03
1.800000000000000000e+02 1.512567734374999215e-03
1.810000000000000000e+02 1.502010312499999856e-03
1.820000000000000000e+02 1.491081249999999872e-03
1.830000000000000000e+02 1.479818281250000001e-03
1.840000000000000000e+02 1.468288046874999427e-03
1.850000000000000000e+02 1.456551328125000200e-03
1.860000000000000000e+02 1.444694062499999807e-03
1.870000000000000000e+02 1.432821953125000504e-03
1.880000000000000000e+02 1.421071796874999677e-03
1.890000000000000000e+02 1.409594374999999494e-03
1.900000000000000000e+02 1.398581328124999480e-03
1.910000000000000000e+02 1.388241640624999574e-03
1.920000000000000000e+02 1.378820781250000242e-03
1.930000000000000000e+02 1.370596562500000105e-03
1.940000000000000000e+02 1.363899031250000865e-03
1.950000000000000000e+02 1.359064554687500247e-03
1.960000000000000000e+02 1.356491765624998980e-03
1.970000000000000000e+02 1.356599726562501568e-03
1.980000000000000000e+02 1.359838976562500719e-03
1.990000000000000000e+02 1.366707289062500490e-03
2.000000000000000000e+02 1.377715117187499564e-03
2.010000000000000000e+02 1.393407000000000152e-03
2.020000000000000000e+02 1.414349609374999754e-03
2.030000000000000000e+02 1.441122218750000511e-03
2.040000000000000000e+02 1.474314906249999963e-03
2.050000000000000000e+02 1.514529312499999537e-03
2.060000000000000000e+02 1.562358992187499714e-03
2.070000000000000000e+02 1.618389468750000212e-03
2.080000000000000000e+02 1.683199574218750697e-03
2.090000000000000000e+02 1.757313250781248563e-03
2.100000000000000000e+02 1.841256514281250931e-03
2.110000000000000000e+02 1.935505343750000377e-03
2.120000000000000000e+02 2.040462317187500055e-03
2.130000000000000000e+02 2.156499781250000546e-03
2.140000000000000000e+02 2.283909367187499789e-03
2.150000000000000000e+02 2.422905070312500117e-03
2.160000000000000000e+02 2.573622024218751806e-03
2.170000000000000000e+02 2.736115962499997573e-03
2.180000000000000000e+02 2.910341635156249093e-03
2.190000000000000000e+02 3.096156704687501576e-03
2.200000000000000000e+02 3.293294978906249459e-03
2.210000000000000000e+02 3.501415619476561970e-03
2.220000000000000000e+02 3.720065041406249787e-03
2.230000000000000000e+02 3.948648523437501591e-03
2.240000000000000000e+02 4.186511520312500081e-03
2.250000000000000000e+02 4.432841628828124853e-03
2.260000000000000000e+02 4.686763767968748530e-03
2.270000000000000000e+02 4.947300640625001793e-03
2.280000000000000000e+02 5.213337098437497048e-03
2.290000000000000000e+02 5.483773652656254508e-03
2.300000000000000000e+02 5.757339814843750840e-03
2.310000000000000000e+02 6.032707984375005120e-03
2.320000000000000000e+02 6.308598854687498189e-03
2.330000000000000000e+02 6.583512023671876656e-03
2.340000000000000000e+02 6.856096922656255109e-03
2.350000000000000000e+02 7.124866437499999434e-03
2.360000000000000000e+02 7.388380275781246745e-03
2.370000000000000000e+02 7.645208312812500420e-03
2.380000000000000000e+02 7.893925315625001382e-03
2.390000000000000000e+02 8.133156210937500866e-03
2.400000000000000000e+02 8.361602267968745381e-03
2.410000000000000000e+02 8.577986464843749548e-03
2.420000000000000000e+02 8.781139921093750189e-03
2.430000000000000000e+02 8.970024890625006089e-03
2.440000000000000000e+02 9.143616650781248578e-03
2.450000000000000000e+02 9.301080959374995877e-03
2.460000000000000000e+02 9.441673994531250141e-03
2.470000000000000000e+02 9.564803156250007918e-03
2.480000000000000000e+02 9.669985567968747420e-03
2.490000000000000000e+02 9.757011577343750394e-03
2.500000000000000000e+02 9.825624320312500298e-03
2.510000000000000000e+02 9.875786640625001944e-03
2.520000000000000000e+02 9.907691921875001403e-03
2.530000000000000000e+02 9.921616070312503505e-03
2.540000000000000000e+02 9.917954132812500240e-03
2.550000000000000000e+02 9.897346648437497715e-03
2.560000000000000000e+02 9.860385226562498953e-03
2.570000000000000000e+02 9.808007500000000267e-03
2.580000000000000000e+02 9.741131289062496257e-03
2.590000000000000000e+02 9.660829999999996989e-03
2.600000000000000000e+02 9.568272968749990878e-03
2.610000000000000000e+02 9.464707109375003133e-03
2.620000000000000000e+02 9.351427499999991760e-03
2.630000000000000000e+02 9.229846757812505340e-03
2.640000000000000000e+02 9.101347140624998708e-03
2.650000000000000000e+02 8.967419234374999354e-03
2.660000000000000000e+02 8.829596992187497412e-03
2.670000000000000000e+02 8.689232195312500406e-03
2.680000000000000000e+02 8.547928492187497132e-03
2.690000000000000000e+02 8.407148521093747717e-03
2.700000000000000000e+02 8.268223203125001086e-03
2.710000000000000000e+02 8.132548359375000105e-03
2.720000000000000000e+02 8.001553906249998446e-03
2.730000000000000000e+02 7.876408828124997069e-03
2.740000000000000000e+02 7.758284218749997990e-03
2.750000000000000000e+02 7.648402187500001094e-03
2.760000000000000000e+02 7.547689765625002420e-03
2.770000000000000000e+02 7.457121640624998944e-03
2.780000000000000000e+02 7.377559843749998368e-03
2.790000000000000000e+02 7.309724687499999721e-03
2.800000000000000000e+02 7.254329140624999825e-03
2.810000000000000000e+02 7.211883203125001723e-03
2.820000000000000000e+02 7.182867265625000192e-03
2.830000000000000000e+02 7.167678359375003090e-03
2.840000000000000000e+02 7.166627265624996891e-03
2.850000000000000000e+02 7.179886312500001477e-03
2.860000000000000000e+02 7.207646851562500047e-03
2.870000000000000000e+02 7.249916166406248502e-03
2.880000000000000000e+02 7.306773398437503390e-03
2.890000000000000000e+02 7.378155546875002704e-03
2.900000000000000000e+02 7.463932968749998134e-03
2.910000000000000000e+02 7.563986015624999532e-03
2.920000000000000000e+02 7.678160078124998504e-03
2.930000000000000000e+02 7.806322968750003047e-03
2.940000000000000000e+02 7.948128125000000418e-03
2.950000000000000000e+02 8.103426328125003242e-03
2.960000000000000000e+02 8.271962734374999071e-03
2.970000000000000000e+02 8.453544218749999353e-03
2.980000000000000000e+02 8.647902499999996981e-03
2.990000000000000000e+02 8.854856250000004564e-03
3.000000000000000000e+02 9.074210234375004736e-03
3.010000000000000000e+02 9.305684453124997424e-03
3.020000000000000000e+02 9.549176015624999056e-03
3.030000000000000000e+02 9.804560539062492919e-03
3.040000000000000000e+02 1.007161021093749657e-02
3.050000000000000000e+02 1.035016741406249649e-02
3.060000000000000000e+02 1.064023171093750331e-02
3.070000000000000000e+02 1.094160169531250247e-02
3.080000000000000000e+02 1.125417237265625287e-02
3.090000000000000000e+02 1.157782861328124704e-02
3.100000000000000000e+02 1.191254357031250148e-02
3.110000000000000000e+02 1.225812169531249884e-02
3.120000000000000000e+02 1.261448750000000209e-02
3.130000000000000000e+02 1.298145882812499693e-02
3.140000000000000000e+02 1.335881781250000504e-02
3.150000000000000000e+02 1.374638085937500247e-02
3.160000000000000000e+02 1.414392357812500021e-02
3.170000000000000000e+02 1.455110643750000439e-02
3.180000000000000000e+02 1.496754872656250353e-02
3.190000000000000000e+02 1.539294539062499752e-02
3.200000000000000000e+02 1.582676851562499210e-02
3.210000000000000000e+02 1.626842781250000675e-02
3.220000000000000000e+02 1.671738999999999864e-02
3.230000000000000000e+02 1.717296749999999358e-02
3.240000000000000000e+02 1.763436515625000853e-02
3.250000000000000000e+02 1.810068203124999900e-02
3.260000000000000000e+02 1.857109062499999116e-02
3.270000000000000000e+02 1.904442343750000627e-02
3.280000000000000000e+02 1.951967187500000533e-02
3.290000000000000000e+02 1.999560781250000682e-02
3.300000000000000000e+02 2.047097890624999250e-02
3.310000000000000000e+02 2.094433203125000559e-02
3.320000000000000000e+02 2.141431171874999193e-02
3.330000000000000000e+02 2.187943984375000789e-02
3.340000000000000000e+02 2.233808828124999452e-02
3.350000000000000000e+02 2.278878046874999522e-02
3.360000000000000000e+02 2.322983671874998685e-02
3.370000000000000000e+02 2.365970390625000280e-02
3.380000000000000000e+02 2.407667343750000827e-02
3.390000000000000000e+02 2.447928203125000410e-02
3.400000000000000000e+02 2.486579687500000899e-02
3.410000000000000000e+02 2.523471640625001011e-02
3.420000000000000000e+02 2.558456171875000962e-02
3.430000000000000000e+02 2.591383671874999614e-02
3.440000000000000000e+02 2.622111249999998367e-02
3.450000000000000000e+02 2.650503984375000496e-02
3.460000000000000000e+02 2.676435468750000893e-02
3.470000000000000000e+02 2.699763203125001704e-02
3.480000000000000000e+02 2.720386015624999196e-02
3.490000000000000000e+02 2.738187500000000343e-02
3.500000000000000000e+02 2.753062031250000374e-02
3.510000000000000000e+02 2.764913203124998511e-02
3.520000000000000000e+02 2.773652890625000200e-02
3.530000000000000000e+02 2.779200484375000599e-02
3.540000000000000000e+02 2.781500578124999207e-02
3.550000000000000000e+02 2.780515484375000249e-02
3.560000000000000000e+02 2.776194132812499771e-02
3.570000000000000000e+02 2.768529562499998445e-02
3.580000000000000000e+02 2.757531421874999389e-02
3.590000000000000000e+02 2.743214484374998860e-02
3.600000000000000000e+02 2.725624414062500361e-02
3.610000000000000000e+02 2.704824085937499248e-02
3.620000000000000000e+02 2.680892531250000238e-02
3.630000000000000000e+02 2.653932136718749335e-02
3.640000000000000000e+02 2.624059544531251453e-02
3.650000000000000000e+02 2.591398577343750204e-02
3.660000000000000000e+02 2.556106543749999543e-02
3.670000000000000000e+02 2.518331023437500593e-02
3.680000000000000000e+02 2.478259223984375162e-02
3.690000000000000000e+02 2.436073456484374664e-02
3.700000000000000000e+02 2.391967105546875111e-02
3.710000000000000000e+02 2.346157215624999556e-02
3.720000000000000000e+02 2.298847140625001270e-02
3.730000000000000000e+02 2.250273792968749895e-02
3.740000000000000000e+02 2.200676168750000106e-02
3.750000000000000000e+02 2.150299501562500520e-02
3.760000000000000000e+02 2.099391973437500156e-02
3.770000000000000000e+02 2.048202782031250183e-02
3.780000000000000000e+02 1.996995238281251348e-02
3.790000000000000000e+02 1.946024636953123943e-02
3.800000000000000000e+02 1.895537877500000704e-02
3.810000000000000000e+02 1.845784962500000154e-02
3.820000000000000000e+02 1.797004817656250308e-02
3.830000000000000000e+02 1.749417746664063550e-02
3.840000000000000000e+02 1.703244011249999482e-02
3.850000000000000000e+02 1.658673781796876287e-02
3.860000000000000000e+02 1.615890334062499920e-02
3.870000000000000000e+02 1.575056872656250412e-02
3.880000000000000000e+02 1.536318828906249254e-02
3.890000000000000000e+02 1.499792781250000595e-02
3.900000000000000000e+02 1.465588482031251159e-02
3.910000000000000000e+02 1.433795266406248659e-02
3.920000000000000000e+02 1.404473400000000143e-02
3.930000000000000000e+02 1.377667015624999859e-02
3.940000000000000000e+02 1.353400642187499621e-02
3.950000000000000000e+02 1.331680499999999233e-02
3.960000000000000000e+02 1.312490475000001149e-02
3.970000000000000000e+02 1.295793335937500158e-02
3.980000000000000000e+02 1.281527515624999308e-02
3.990000000000000000e+02 1.269632492187499836e-02
4.000000000000000000e+02 1.259998796874999515e-02
4.010000000000000000e+02 1.252512523437500011e-02
4.020000000000000000e+02 1.247054414062500477e-02
4.030000000000000000e+02 1.243462000000000386e-02
4.040000000000000000e+02 1.241589257812499882e-02
4.050000000000000000e+02 1.241253507812499490e-02
4.060000000000000000e+02 1.242268164062499715e-02
4.070000000000000000e+02 1.244439046875000024e-02
4.080000000000000000e+02 1.247577093750000012e-02
4.090000000000000000e+02 1.251467843750000107e-02
4.100000000000000000e+02 1.255913882812500180e-02
4.110000000000000000e+02 1.260708609375000254e-02
4.120000000000000000e+02 1.265657906249999937e-02
4.130000000000000000e+02 1.270571046875000089e-02
4.140000000000000000e+02 1.275263523437501247e-02
4.150000000000000000e+02 1.279570812499999412e-02
4.160000000000000000e+02 1.283337882812499685e-02
4.170000000000000000e+02 1.286429320312500353e-02
4.180000000000000000e+02 1.288736890625000533e-02
4.190000000000000000e+02 1.290155875000000181e-02
4.200000000000000000e+02 1.290614726562500439e-02
4.210000000000000000e+02 1.290061195312500186e-02
4.220000000000000000e+02 1.288465140624999762e-02
4.230000000000000000e+02 1.285801484374999790e-02
4.240000000000000000e+02 1.282088898437500069e-02
4.250000000000000000e+02 1.277336945312500249e-02
4.260000000000000000e+02 1.271577343750000116e-02
4.270000000000000000e+02 1.264871015624999782e-02
4.280000000000000000e+02 1.257272406250000037e-02
4.290000000000000000e+02 1.248848992187499320e-02
4.300000000000000000e+02 1.239700976562500313e-02
4.310000000000000000e+02 1.229919343750000664e-02
4.320000000000000000e+02 1.219614617187500701e-02
4.330000000000000000e+02 1.208910265624999446e-02
4.340000000000000000e+02 1.197943187499999479e-02
4.350000000000000000e+02 1.186844773437500423e-02
4.360000000000000000e+02 1.175776093750000029e-02
4.370000000000000000e+02 1.164873695312500408e-02
4.380000000000000000e+02 1.154300632812499047e-02
4.390000000000000000e+02 1.144207062500000698e-02
4.400000000000000000e+02 1.134733648437500492e-02
4.410000000000000000e+02 1.126022015625000386e-02
4.420000000000000000e+02 1.118189039062499404e-02
4.430000000000000000e+02 1.111346304687501306e-02
4.440000000000000000e+02 1.105561468750000317e-02
4.450000000000000000e+02 1.100889429687499851e-02
4.460000000000000000e+02 1.097343789062500685e-02
4.470000000000000000e+02 1.094893132812499795e-02
4.480000000000000000e+02 1.093467351562500169e-02
4.490000000000000000e+02 1.092944296875000311e-02
4.500000000000000000e+02 1.093155554687499573e-02
4.510000000000000000e+02 1.093881671875000100e-02
4.520000000000000000e+02 1.094863390624999447e-02
4.530000000000000000e+02 1.095807242187498906e-02
4.540000000000000000e+02 1.096376531250000709e-02
4.550000000000000000e+02 1.096231656249999770e-02
4.560000000000000000e+02 1.095015140624999890e-02
4.570000000000000000e+02 1.092363500000000792e-02
4.580000000000000000e+02 1.087948710937499883e-02
4.590000000000000000e+02 1.081446500000000401e-02
4.600000000000000000e+02 1.072579718749999515e-02
4.610000000000000000e+02 1.061119109375000848e-02
4.620000000000000000e+02 1.046890921874999401e-02
4.630000000000000000e+02 1.029782640625000710e-02
4.640000000000000000e+02 1.009751796874999892e-02
4.650000000000000000e+02 9.868247656250000652e-03
4.660000000000000000e+02 9.611131249999998322e-03
4.670000000000000000e+02 9.327960937499999231e-03
4.680000000000000000e+02 9.021448437499997655e-03
4.690000000000000000e+02 8.695021874999993294e-03
4.700000000000000000e+02 8.352813281249997848e-03
4.710000000000000000e+02 7.999810156250000345e-03
4.720000000000000000e+02 7.641406250000004098e-03
4.730000000000000000e+02 7.283707812500000815e-03
4.740000000000000000e+02 6.933025000000001513e-03
4.750000000000000000e+02 6.595777343749994331e-03
4.760000000000000000e+02 6.278540624999997925e-03
4.770000000000000000e+02 5.987369765625000229e-03
4.780000000000000000e+02 5.727777578124995661e-03
4.790000000000000000e+02 5.504437187499999946e-03
4.800000000000000000e+02 5.320874843749997564e-03
4.810000000000000000e+02 5.179190468750000803e-03
4.820000000000000000e+02 5.079838789062502552e-03
4.830000000000000000e+02 5.021452984375001684e-03
4.840000000000000000e+02 5.000822039062500016e-03
4.850000000000000000e+02 5.012769726562501388e-03
4.860000000000000000e+02 5.050472937499999801e-03
4.870000000000000000e+02 5.105432210937501866e-03
4.880000000000000000e+02 5.168067195312498960e-03
4.890000000000000000e+02 5.228014968749999936e-03
4.900000000000000000e+02 5.274799171874997895e-03
4.910000000000000000e+02 5.298425642187501797e-03
4.920000000000000000e+02 5.290101227031250748e-03
4.930000000000000000e+02 5.242875835937499916e-03
4.940000000000000000e+02 5.152437531250000750e-03
4.950000000000000000e+02 5.017764820312498562e-03
4.960000000000000000e+02 4.841523117187501377e-03
4.970000000000000000e+02 4.630485000000000156e-03
4.980000000000000000e+02 4.395409637734375152e-03
4.990000000000000000e+02 4.150618296875001161e-03
5.000000000000000000e+02 3.913005734375001564e-03
5.010000000000000000e+02 3.700519421875001717e-03
5.020000000000000000e+02 3.530141328125000356e-03
5.030000000000000000e+02 3.415764484374999698e-03
5.040000000000000000e+02 3.366347695312499420e-03
5.050000000000000000e+02 3.385492031249999045e-03
5.060000000000000000e+02 3.473944695312502096e-03
5.070000000000000000e+02 3.637304953125002158e-03
5.080000000000000000e+02 3.902534773437501148e-03
5.090000000000000000e+02 4.348327687499998692e-03
5.100000000000000000e+02 5.156527101562498154e-03
5.110000000000000000e+02 6.695367289062501177e-03
