0.000000000000000000e+00 1.967476078124999212e-03
1.000000000000000000e+00 1.960798374999999944e-03
2.000000000000000000e+00 1.947483656250000158e-03
3.000000000000000000e+00 1.927633570312500561e-03
4.000000000000000000e+00 1.901392937500000170e-03
5.000000000000000000e+00 1.868944476562500604e-03
6.000000000000000000e+00 1.830535421874999449e-03
7.000000000000000000e+00 1.786443296874999382e-03
8.000000000000000000e+00 1.736983398437499894e-03
9.000000000000000000e+00 1.682517187499999812e-03
1.000000000000000000e+01 1.623437000000000144e-03
1.100000000000000000e+01 1.560185351562499989e-03
1.200000000000000000e+01 1.493196203125000563e-03
1.300000000000000000e+01 1.422975062500000118e-03
1.400000000000000000e+01 1.350021296875000354e-03
1.500000000000000000e+01 1.274865617187500352e-03
1.600000000000000000e+01 1.198051070312499636e-03
1.700000000000000000e+01 1.120128226562499846e-03
1.800000000000000000e+01 1.041660351562500274e-03
1.900000000000000000e+01 9.632174375000001395e-04
2.000000000000000000e+01 8.853581445312502926e-04
2.100000000000000000e+01 8.086475929687499597e-04
2.200000000000000000e+01 7.336337320312502066e-04
2.300000000000000000e+01 6.608597656249999997e-04
2.400000000000000000e+01 5.908418038281249831e-04
2.500000000000000000e+01 5.240963006875000094e-04
2.600000000000000000e+01 4.610917189062501841e-04
2.700000000000000000e+01 4.022893820312500694e-04
2.800000000000000000e+01 3.481100406249999454e-04
2.900000000000000000e+01 2.989484757812500078e-04
3.000000000000000000e+01 2.551631437500000046e-04
3.100000000000000000e+01 2.170758234374999668e-04
3.200000000000000000e+01 1.849686148437499776e-04
3.300000000000000000e+01 1.590843062500000335e-04
3.400000000000000000e+01 1.396245273437500241e-04
3.500000000000000000e+01 1.267472179687500079e-04
3.600000000000000000e+01 1.205672542187500137e-04
3.700000000000000000e+01 1.211556485156250188e-04
3.800000000000000000e+01 1.285402367187499749e-04
3.900000000000000000e+01 1.427050765625000430e-04
4.000000000000000000e+01 1.635908718749999830e-04
4.100000000000000000e+01 1.910969531250000960e-04
4.200000000000000000e+01 2.250804765624999726e-04
4.300000000000000000e+01 2.653609484374999986e-04
4.400000000000000000e+01 3.117180382812501853e-04
4.500000000000000000e+01 3.638953476562501810e-04
4.600000000000000000e+01 4.216048937500000717e-04
4.700000000000000000e+01 4.845254025781252686e-04
4.800000000000000000e+01 5.523036164062496926e-04
4.900000000000000000e+01 6.245662710937499975e-04
5.000000000000000000e+01 7.009125980468755178e-04
5.100000000000000000e+01 7.809225695312500435e-04
5.200000000000000000e+01 8.641525351562505614e-04
5.300000000000000000e+01 9.501502414062498909e-04
5.400000000000000000e+01 1.038453296874999789e-03
5.500000000000000000e+01 1.128586148437500138e-03
5.600000000000000000e+01 1.220073414062499469e-03
5.700000000000000000e+01 1.312424335937499575e-03
5.800000000000000000e+01 1.405167453125000547e-03
5.900000000000000000e+01 1.497817421874999807e-03
6.000000000000000000e+01 1.589915625000001094e-03
6.100000000000000000e+01 1.680987890624999420e-03
6.200000000000000000e+01 1.770595703124999655e-03
6.300000000000000000e+01 1.858302890625000009e-03
6.400000000000000000e+01 1.943685546874999396e-03
6.500000000000000000e+01 2.026357031249999448e-03
6.600000000000000000e+01 2.105933359374999748e-03
6.700000000000000000e+01 2.182066875000000707e-03
6.800000000000000000e+01 2.254422890625000248e-03
6.900000000000000000e+01 2.322700234374999902e-03
7.000000000000000000e+01 2.386632343750000329e-03
7.100000000000000000e+01 2.445964140624998749e-03
7.200000000000000000e+01 2.500494062500001075e-03
7.300000000000000000e+01 2.550022421874999223e-03
7.400000000000000000e+01 2.594403515625000496e-03
7.500000000000000000e+01 2.633507500000000813e-03
7.600000000000000000e+01 2.667248046875000944e-03
7.700000000000000000e+01 2.695558203125000135e-03
7.800000000000000000e+01 2.718409609374999869e-03
7.900000000000000000e+01 2.735800156249999955e-03
8.000000000000000000e+01 2.747759843750000649e-03
8.100000000000000000e+01 2.754346328125001093e-03
8.200000000000000000e+01 2.755645937500000083e-03
8.300000000000000000e+01 2.751757968750000432e-03
8.400000000000000000e+01 2.742831796874999409e-03
8.500000000000000000e+01 2.729026015624998972e-03
8.600000000000000000e+01 2.710518906249999825e-03
8.700000000000000000e+01 2.687517890625001644e-03
8.800000000000000000e+01 2.660236171875000194e-03
8.900000000000000000e+01 2.628928515625000156e-03
9.000000000000000000e+01 2.593830937500001335e-03
9.100000000000000000e+01 2.555227812500000199e-03
9.200000000000000000e+01 2.513395234375001043e-03
9.300000000000000000e+01 2.468622656250000266e-03
9.400000000000000000e+01 2.421203203124999703e-03
9.500000000000000000e+01 2.371447421874999396e-03
9.600000000000000000e+01 2.319668203125000317e-03
9.700000000000000000e+01 2.266164609374999878e-03
9.800000000000000000e+01 2.211254921874999686e-03
9.900000000000000000e+01 2.155249843750000564e-03
1.000000000000000000e+02 2.098458437500000731e-03
1.010000000000000000e+02 2.041176562500000152e-03
1.020000000000000000e+02 1.983712499999999625e-03
1.030000000000000000e+02 1.926336406250000067e-03
1.040000000000000000e+02 1.869344296874999407e-03
1.050000000000000000e+02 1.812994296875000775e-03
1.060000000000000000e+02 1.757547734375000410e-03
1.070000000000000000e+02 1.703249999999999903e-03
1.080000000000000000e+02 1.650322968749999564e-03
1.090000000000000000e+02 1.598986328124999768e-03
1.100000000000000000e+02 1.549436484375000134e-03
1.110000000000000000e+02 1.501851562500000148e-03
1.120000000000000000e+02 1.456401195312499860e-03
1.130000000000000000e+02 1.413221890625000277e-03
1.140000000000000000e+02 1.372447429687500154e-03
1.150000000000000000e+02 1.334187813281249770e-03
1.160000000000000000e+02 1.298527310296874841e-03
1.170000000000000000e+02 1.265538994531249534e-03
1.180000000000000000e+02 1.235277585937500028e-03
1.190000000000000000e+02 1.207775898437500085e-03
1.200000000000000000e+02 1.183046843750000304e-03
1.210000000000000000e+02 1.161087289062499948e-03
1.220000000000000000e+02 1.141878039062500013e-03
1.230000000000000000e+02 1.125381968749999658e-03
1.240000000000000000e+02 1.111544648437499776e-03
1.250000000000000000e+02 1.100297718750000570e-03
1.260000000000000000e+02 1.091562507812499430e-03
1.270000000000000000e+02 1.085234242187499898e-03
1.280000000000000000e+02 1.081215015624999946e-03
1.290000000000000000e+02 1.079371117187499698e-03
1.300000000000000000e+02 1.079593000000000219e-03
1.310000000000000000e+02 1.081720351562500022e-03
1.320000000000000000e+02 1.085615492187499802e-03
1.330000000000000000e+02 1.091127990624999895e-03
1.340000000000000000e+02 1.098097082812500482e-03
1.350000000000000000e+02 1.106361573437499891e-03
1.360000000000000000e+02 1.115758498437500155e-03
1.370000000000000000e+02 1.126135380859375401e-03
1.380000000000000000e+02 1.137312953828124905e-03
1.390000000000000000e+02 1.149137332109374451e-03
1.400000000000000000e+02 1.161453792968749916e-03
1.410000000000000000e+02 1.174106578906249825e-03
1.420000000000000000e+02 1.186955265624998947e-03
1.430000000000000000e+02 1.199850692968750009e-03
1.440000000000000000e+02 1.212671275781249634e-03
1.450000000000000000e+02 1.225292140624999930e-03
1.460000000000000000e+02 1.237602054687499727e-03
1.470000000000000000e+02 1.249492000000000267e-03
1.480000000000000000e+02 1.260889226562499944e-03
1.490000000000000000e+02 1.271695539062499920e-03
1.500000000000000000e+02 1.281869390624999945e-03
1.510000000000000000e+02 1.291341453125000299e-03
1.520000000000000000e+02 1.300073140624999823e-03
1.530000000000000000e+02 1.308054703124999964e-03
1.540000000000000000e+02 1.315248601562500315e-03
1.550000000000000000e+02 1.321665640625000176e-03
1.560000000000000000e+02 1.327310960937499659e-03
1.570000000000000000e+02 1.332189179687499588e-03
1.580000000000000000e+02 1.336337765625000623e-03
1.590000000000000000e+02 1.339794117187500426e-03
1.600000000000000000e+02 1.342595593750000368e-03
1.610000000000000000e+02 1.344788872656249102e-03
1.620000000000000000e+02 1.346415132031251061e-03
1.630000000000000000e+02 1.347539960937500390e-03
1.640000000000000000e+02 1.348209543046875432e-03
1.650000000000000000e+02 1.348483660156250775e-03
1.660000000000000000e+02 1.348392707031249860e-03
1.670000000000000000e+02 1.347995922656249849e-03
1.680000000000000000e+02 1.347328453124998745e-03
1.690000000000000000e+02 1.346433500000000349e-03
1.700000000000000000e+02 1.345326210937500093e-03
1.710000000000000000e+02 1.344020257812500322e-03
1.720000000000000000e+02 1.342527820312500479e-03
1.730000000000000000e+02 1.340853367187500164e-03
1.740000000000000000e+02 1.338969992187499878e-03
1.750000000000000000e+02 1.336876640625000176e-03
1.760000000000000000e+02 1.334529218750000416e-03
1.770000000000000000e+02 1.331903906249998389e-03
1.780000000000000000e+02 1.328943906250000355e-03
1.790000000000000000e+02 1.325611640624999640e-03
1.800000000000000000e+02 1.321859296875001243e-03
1.810000000000000000e+02 1.317642734374999559e-03
1.820000000000000000e+02 1.312913281250000039e-03
1.830000000000000000e+02 1.307643749999999648e-03
1.840000000000000000e+02 1.301802109375000283e-03
1.850000000000000000e+02 1.295376328125000471e-03
1.860000000000000000e+02 1.288375937499999964e-03
1.870000000000000000e+02 1.280827812499999796e-03
1.880000000000000000e+02 1.272785390625000247e-03
1.890000000000000000e+02 1.264328515625000055e-03
1.900000000000000000e+02 1.255573101562500009e-03
1.910000000000000000e+02 1.246665664062500617e-03
1.920000000000000000e+02 1.237794804687499754e-03
1.930000000000000000e+02 1.229184460937500544e-03
1.940000000000000000e+02 1.221101562500000832e-03
1.950000000000000000e+02 1.213860864062499918e-03
1.960000000000000000e+02 1.207816031249999778e-03
1.970000000000000000e+02 1.203355304687500193e-03
1.980000000000000000e+02 1.200928078125000588e-03
1.990000000000000000e+02 1.201003054687499938e-03
2.000000000000000000e+02 1.204098476562499550e-03
2.010000000000000000e+02 1.210759054687499591e-03
2.020000000000000000e+02 1.221558328125000020e-03
2.030000000000000000e+02 1.237092809375000364e-03
2.040000000000000000e+02 1.257977019531249848e-03
2.050000000000000000e+02 1.284834471875000769e-03
2.060000000000000000e+02 1.318291005468749666e-03
2.070000000000000000e+02 1.358959784375000143e-03
2.080000000000000000e+02 1.407456609374999317e-03
2.090000000000000000e+02 1.464345085937500098e-03
2.100000000000000000e+02 1.530183269531250247e-03
2.110000000000000000e+02 1.605473271875000650e-03
2.120000000000000000e+02 1.690665140624999976e-03
2.130000000000000000e+02 1.786151578125000274e-03
2.140000000000000000e+02 1.892262429687499364e-03
2.150000000000000000e+02 2.009241553906250012e-03
2.160000000000000000e+02 2.137251390624999962e-03
2.170000000000000000e+02 2.276359861718749242e-03
2.180000000000000000e+02 2.426558248437500707e-03
2.190000000000000000e+02 2.587705100000001375e-03
2.200000000000000000e+02 2.759576426562499428e-03
2.210000000000000000e+02 2.941861067187501264e-03
2.220000000000000000e+02 3.134083614843749879e-03
2.230000000000000000e+02 3.335706406250001869e-03
2.240000000000000000e+02 3.546106460937499365e-03
2.250000000000000000e+02 3.764508859374999291e-03
2.260000000000000000e+02 3.990071871093749632e-03
2.270000000000000000e+02 4.221890007812499623e-03
2.280000000000000000e+02 4.458887664062500221e-03
2.290000000000000000e+02 4.700055820312497475e-03
2.300000000000000000e+02 4.944204195312501202e-03
2.310000000000000000e+02 5.190174835937496831e-03
2.320000000000000000e+02 5.436698859375000206e-03
2.330000000000000000e+02 5.682500554687496507e-03
2.340000000000000000e+02 5.926407523437500664e-03
2.350000000000000000e+02 6.167047539062500520e-03
2.360000000000000000e+02 6.403200718749995669e-03
2.370000000000000000e+02 6.633684507812503788e-03
2.380000000000000000e+02 6.857278343749997722e-03
2.390000000000000000e+02 7.072895367187500941e-03
2.400000000000000000e+02 7.279390476562499698e-03
2.410000000000000000e+02 7.475908945312502614e-03
2.420000000000000000e+02 7.661516624999998963e-03
2.430000000000000000e+02 7.835391398437502319e-03
2.440000000000000000e+02 7.996895406249999311e-03
2.450000000000000000e+02 8.145467015624994339e-03
2.460000000000000000e+02 8.280593015624998846e-03
2.470000000000000000e+02 8.402038210937500667e-03
2.480000000000000000e+02 8.509570390624996913e-03
2.490000000000000000e+02 8.603086507812503225e-03
2.500000000000000000e+02 8.682719554687497523e-03
2.510000000000000000e+02 8.748555222656257888e-03
2.520000000000000000e+02 8.800935023437506458e-03
2.530000000000000000e+02 8.840238476562494591e-03
2.540000000000000000e+02 8.867023726562501054e-03
2.550000000000000000e+02 8.881890203125002853e-03
2.560000000000000000e+02 8.885448507812502769e-03
2.570000000000000000e+02 8.878594843750003962e-03
2.580000000000000000e+02 8.862059374999996589e-03
2.590000000000000000e+02 8.836793828124996433e-03
2.600000000000000000e+02 8.803769921874999432e-03
2.610000000000000000e+02 8.763919062499998455e-03
2.620000000000000000e+02 8.718225625000002726e-03
2.630000000000000000e+02 8.667741640625002339e-03
2.640000000000000000e+02 8.613450624999996127e-03
2.650000000000000000e+02 8.556427578125004596e-03
2.660000000000000000e+02 8.497456640625001417e-03
2.670000000000000000e+02 8.437605468749999685e-03
2.680000000000000000e+02 8.377747890624998722e-03
2.690000000000000000e+02 8.318767265624998908e-03
2.700000000000000000e+02 8.261428046874998155e-03
2.710000000000000000e+02 8.206510156249999244e-03
2.720000000000000000e+02 8.154633828125005743e-03
2.730000000000000000e+02 8.106491015624996480e-03
2.740000000000000000e+02 8.062594609375001165e-03
2.750000000000000000e+02 8.023510859375001039e-03
2.760000000000000000e+02 7.989602390624999523e-03
2.770000000000000000e+02 7.961298527343748863e-03
2.780000000000000000e+02 7.938835210937503564e-03
2.790000000000000000e+02 7.922653570312500337e-03
2.800000000000000000e+02 7.912838281249999148e-03
2.810000000000000000e+02 7.909621742187501053e-03
2.820000000000000000e+02 7.913154210937500474e-03
2.830000000000000000e+02 7.923621640624997978e-03
2.840000000000000000e+02 7.941122859375000093e-03
2.850000000000000000e+02 7.965771539062494258e-03
2.860000000000000000e+02 7.997658559375000684e-03
2.870000000000000000e+02 8.036908039062503825e-03
2.880000000000000000e+02 8.083616148437501939e-03
2.890000000000000000e+02 8.138005859375001955e-03
2.900000000000000000e+02 8.200178203124996665e-03
2.910000000000000000e+02 8.270389140625000746e-03
2.920000000000000000e+02 8.348816874999999763e-03
2.930000000000000000e+02 8.435733671874997425e-03
2.940000000000000000e+02 8.531545234375000064e-03
2.950000000000000000e+02 8.636454843750000429e-03
2.960000000000000000e+02 8.750959570312499478e-03
2.970000000000000000e+02 8.875444523437497901e-03
2.980000000000000000e+02 9.010394695312503449e-03
2.990000000000000000e+02 9.156277727343750325e-03
3.000000000000000000e+02 9.313679156250000840e-03
3.010000000000000000e+02 9.483119006406252188e-03
3.020000000000000000e+02 9.665118421093750467e-03
3.030000000000000000e+02 9.860360112500002674e-03
3.040000000000000000e+02 1.006939681250000260e-02
3.050000000000000000e+02 1.029276840625000140e-02
3.060000000000000000e+02 1.053111763281249641e-02
3.070000000000000000e+02 1.078490253906250196e-02
3.080000000000000000e+02 1.105471201484374902e-02
3.090000000000000000e+02 1.134094878906250457e-02
3.100000000000000000e+02 1.164404734375000181e-02
3.110000000000000000e+02 1.196440984375000266e-02
3.120000000000000000e+02 1.230217007812500069e-02
3.130000000000000000e+02 1.265767273437499313e-02
3.140000000000000000e+02 1.303096000000000289e-02
3.150000000000000000e+02 1.342201890625000643e-02
3.160000000000000000e+02 1.383072968749999611e-02
3.170000000000000000e+02 1.425692170312500839e-02
3.180000000000000000e+02 1.470027919531250588e-02
3.190000000000000000e+02 1.516023485156250961e-02
3.200000000000000000e+02 1.563632576562499349e-02
3.210000000000000000e+02 1.612774242187500068e-02
3.220000000000000000e+02 1.663362437499999250e-02
3.230000000000000000e+02 1.715306664062500250e-02
3.240000000000000000e+02 1.768487054687499158e-02
3.250000000000000000e+02 1.822778437500000362e-02
3.260000000000000000e+02 1.878035546874999920e-02
3.270000000000000000e+02 1.934117109374999116e-02
3.280000000000000000e+02 1.990845390625000516e-02
3.290000000000000000e+02 2.048043749999999691e-02
3.300000000000000000e+02 2.105534296875000155e-02
3.310000000000000000e+02 2.163103515624999196e-02
3.320000000000000000e+02 2.220552421874999807e-02
3.330000000000000000e+02 2.277665390624998912e-02
3.340000000000000000e+02 2.334226250000001612e-02
3.350000000000000000e+02 2.390008984374999285e-02
3.360000000000000000e+02 2.444793125000001982e-02
3.370000000000000000e+02 2.498353749999999290e-02
3.380000000000000000e+02 2.550468437499999602e-02
3.390000000000000000e+02 2.600915156250000262e-02
3.400000000000000000e+02 2.649480312500001808e-02
3.410000000000000000e+02 2.695956718750000189e-02
3.420000000000000000e+02 2.740142265625000045e-02
3.430000000000000000e+02 2.781832578124999664e-02
3.440000000000000000e+02 2.820849296875001591e-02
3.450000000000000000e+02 2.857003984375001276e-02
3.460000000000000000e+02 2.890124999999999986e-02
3.470000000000000000e+02 2.920054140625000932e-02
3.480000000000000000e+02 2.946637968749999531e-02
3.490000000000000000e+02 2.969718359375000255e-02
3.500000000000000000e+02 2.989196249999999042e-02
3.510000000000000000e+02 3.004930179687500050e-02
3.520000000000000000e+02 3.016838890624996480e-02
3.530000000000000000e+02 3.024823585937500003e-02
3.540000000000000000e+02 3.028845554687498859e-02
3.550000000000000000e+02 3.028845976562499070e-02
3.560000000000000000e+02 3.024816539062499116e-02
3.570000000000000000e+02 3.016756679687499637e-02
3.580000000000000000e+02 3.004684734374998833e-02
3.590000000000000000e+02 2.988659742187500801e-02
3.600000000000000000e+02 2.968746195312499739e-02
3.610000000000000000e+02 2.945028593750001478e-02
3.620000000000000000e+02 2.917633898437499082e-02
3.630000000000000000e+02 2.886681242187499885e-02
3.640000000000000000e+02 2.852315680468748421e-02
3.650000000000000000e+02 2.814712112499999017e-02
3.660000000000000000e+02 2.774052522656250686e-02
3.670000000000000000e+02 2.730528347656249050e-02
3.680000000000000000e+02 2.684369389062500263e-02
3.690000000000000000e+02 2.635792114062499025e-02
3.700000000000000000e+02 2.585069316406249026e-02
3.710000000000000000e+02 2.532441461640625932e-02
3.720000000000000000e+02 2.478202902187500931e-02
3.730000000000000000e+02 2.422641271328123888e-02
3.740000000000000000e+02 2.366061029531249874e-02
3.750000000000000000e+02 2.308772486718749239e-02
3.760000000000000000e+02 2.251091441406250296e-02
3.770000000000000000e+02 2.193331335546874414e-02
3.780000000000000000e+02 2.135815715421874109e-02
3.790000000000000000e+02 2.078851549140625990e-02
3.800000000000000000e+02 2.022735847656248476e-02
3.810000000000000000e+02 1.967758420312501130e-02
3.820000000000000000e+02 1.914190009687500790e-02
3.830000000000000000e+02 1.862296287500000286e-02
3.840000000000000000e+02 1.812298164531249076e-02
3.850000000000000000e+02 1.764426173984375706e-02
3.860000000000000000e+02 1.718864386718749887e-02
3.870000000000000000e+02 1.675792824218749061e-02
3.880000000000000000e+02 1.635347714843751396e-02
3.890000000000000000e+02 1.597667356250000517e-02
3.900000000000000000e+02 1.562846904687500288e-02
3.910000000000000000e+02 1.530967524999999815e-02
3.920000000000000000e+02 1.502081486718749061e-02
3.930000000000000000e+02 1.476230667968750007e-02
3.940000000000000000e+02 1.453405206250000387e-02
3.950000000000000000e+02 1.433597774218749697e-02
3.960000000000000000e+02 1.416769188281250154e-02
3.970000000000000000e+02 1.402844357812500775e-02
3.980000000000000000e+02 1.391743342187499836e-02
3.990000000000000000e+02 1.383344242187500676e-02
4.000000000000000000e+02 1.377511820312500926e-02
4.010000000000000000e+02 1.374084539062499395e-02
4.020000000000000000e+02 1.372882203125000943e-02
4.030000000000000000e+02 1.373699859374999388e-02
4.040000000000000000e+02 1.376310023437500238e-02
4.050000000000000000e+02 1.380475445312499480e-02
4.060000000000000000e+02 1.385947179687500169e-02
4.070000000000000000e+02 1.392452070312500019e-02
4.080000000000000000e+02 1.399712320312499793e-02
4.090000000000000000e+02 1.407444343749999702e-02
4.100000000000000000e+02 1.415364601562500539e-02
4.110000000000000000e+02 1.423191843750000116e-02
4.120000000000000000e+02 1.430642679687500404e-02
4.130000000000000000e+02 1.437452007812500994e-02
4.140000000000000000e+02 1.443359242187500571e-02
4.150000000000000000e+02 1.448136070312500308e-02
4.160000000000000000e+02 1.451566718749999242e-02
4.170000000000000000e+02 1.453455468750000125e-02
4.180000000000000000e+02 1.453652140624999561e-02
4.190000000000000000e+02 1.452011460937499727e-02
4.200000000000000000e+02 1.448429750000000162e-02
4.210000000000000000e+02 1.442837031250000616e-02
4.220000000000000000e+02 1.435179078125000188e-02
4.230000000000000000e+02 1.425435820312500115e-02
4.240000000000000000e+02 1.413624578124999566e-02
4.250000000000000000e+02 1.399780078125000167e-02
4.260000000000000000e+02 1.383959328125000492e-02
4.270000000000000000e+02 1.366265234374999804e-02
4.280000000000000000e+02 1.346806718750000534e-02
4.290000000000000000e+02 1.325739999999999037e-02
4.300000000000000000e+02 1.303236718749999426e-02
4.310000000000000000e+02 1.279488046875000909e-02
4.320000000000000000e+02 1.254710078124999899e-02
4.330000000000000000e+02 1.229147734374999405e-02
4.340000000000000000e+02 1.203053124999999522e-02
4.350000000000000000e+02 1.176691484375000200e-02
4.360000000000000000e+02 1.150342890624999476e-02
4.370000000000000000e+02 1.124287812500000296e-02
4.380000000000000000e+02 1.098814140625000574e-02
4.390000000000000000e+02 1.074184765625000107e-02
4.400000000000000000e+02 1.050678671875000282e-02
4.410000000000000000e+02 1.028544062500000647e-02
4.420000000000000000e+02 1.008002500000000114e-02
4.430000000000000000e+02 9.892497656250000618e-03
4.440000000000000000e+02 9.724425781249998804e-03
4.450000000000000000e+02 9.576971874999997900e-03
4.460000000000000000e+02 9.450632812500001784e-03
4.470000000000000000e+02 9.345558593750002627e-03
4.480000000000000000e+02 9.261257812500003211e-03
4.490000000000000000e+02 9.196467343749997053e-03
4.500000000000000000e+02 9.149615937500002807e-03
4.510000000000000000e+02 9.118413359374993865e-03
4.520000000000000000e+02 9.100150312499997660e-03
4.530000000000000000e+02 9.091657031250005572e-03
4.540000000000000000e+02 9.089458203124994168e-03
4.550000000000000000e+02 9.089783593750002874e-03
4.560000000000000000e+02 9.088752187500000190e-03
4.570000000000000000e+02 9.082512734374999230e-03
4.580000000000000000e+02 9.067229296874999844e-03
4.590000000000000000e+02 9.039269765624994776e-03
4.600000000000000000e+02 8.995277109375001551e-03
4.610000000000000000e+02 8.932277578125005085e-03
4.620000000000000000e+02 8.847741015625002273e-03
4.630000000000000000e+02 8.739681406250001533e-03
4.640000000000000000e+02 8.606691015624997471e-03
4.650000000000000000e+02 8.448064218750000673e-03
4.660000000000000000e+02 8.263810937499995943e-03
4.670000000000000000e+02 8.054740625000000875e-03
4.680000000000000000e+02 7.822508593749999406e-03
4.690000000000000000e+02 7.569609140624997470e-03
4.700000000000000000e+02 7.299296640625000353e-03
4.710000000000000000e+02 7.015664218749998599e-03
4.720000000000000000e+02 6.723528828124996845e-03
4.730000000000000000e+02 6.428227812500002074e-03
4.740000000000000000e+02 6.135571953125004523e-03
4.750000000000000000e+02 5.851681562500004978e-03
4.760000000000000000e+02 5.582681953125000728e-03
4.770000000000000000e+02 5.334453125000000219e-03
4.780000000000000000e+02 5.112420781249998186e-03
4.790000000000000000e+02 4.921255312500000083e-03
4.800000000000000000e+02 4.764500234374999081e-03
4.810000000000000000e+02 4.644305234374999924e-03
4.820000000000000000e+02 4.561368671874998885e-03
4.830000000000000000e+02 4.514551250000002798e-03
4.840000000000000000e+02 4.500866796874999215e-03
4.850000000000000000e+02 4.515586328125000513e-03
4.860000000000000000e+02 4.552204481249998852e-03
4.870000000000000000e+02 4.602774689062502818e-03
4.880000000000000000e+02 4.658097781250000388e-03
4.890000000000000000e+02 4.708312656249999742e-03
4.900000000000000000e+02 4.743458820312500095e-03
4.910000000000000000e+02 4.754030976562501239e-03
4.920000000000000000e+02 4.731874726562498162e-03
4.930000000000000000e+02 4.671034570312498739e-03
4.940000000000000000e+02 4.568652765624999466e-03
4.950000000000000000e+02 4.425703285937498954e-03
4.960000000000000000e+02 4.247760140624998355e-03
4.970000000000000000e+02 4.045267148437499231e-03
4.980000000000000000e+02 3.833283758593750146e-03
4.990000000000000000e+02 3.630733960937500282e-03
5.000000000000000000e+02 3.458764156249999073e-03
5.010000000000000000e+02 3.338437859374999202e-03
5.020000000000000000e+02 3.287720312499999888e-03
5.030000000000000000e+02 3.318208359374999385e-03
5.040000000000000000e+02 3.432179609375000159e-03
5.050000000000000000e+02 3.621011210937499607e-03
5.060000000000000000e+02 3.866791789062499866e-03
5.070000000000000000e+02 4.149566039062500128e-03
5.080000000000000000e+02 4.464364695312499597e-03
5.090000000000000000e+02 4.853814523437499640e-03
5.100000000000000000e+02 5.465246953124999925e-03
5.110000000000000000e+02 6.644647812500000493e-03
