0.000000000000000000e+00 4.191417968750000590e-03
1.000000000000000000e+00 4.179403125000000739e-03
2.000000000000000000e+00 4.155433984374999959e-03
3.000000000000000000e+00 4.119678593750000437e-03
4.000000000000000000e+00 4.072360078125001823e-03
5.000000000000000000e+00 4.013773593749997079e-03
6.000000000000000000e+00 3.944305312500001950e-03
7.000000000000000000e+00 3.864370937499999291e-03
8.000000000000000000e+00 3.774489218749997512e-03
9.000000000000000000e+00 3.675220312499999278e-03
1.000000000000000000e+01 3.567194609375001074e-03
1.100000000000000000e+01 3.451078437499997820e-03
1.200000000000000000e+01 3.327605390624998900e-03
1.300000000000000000e+01 3.197526328124998974e-03
1.400000000000000000e+01 3.061646093750001584e-03
1.500000000000000000e+01 2.920817343750001151e-03
1.600000000000000000e+01 2.775876171875000815e-03
1.700000000000000000e+01 2.627718749999998112e-03
1.800000000000000000e+01 2.477231015624999002e-03
1.900000000000000000e+01 2.325310234375000014e-03
2.000000000000000000e+01 2.172858124999998801e-03
2.100000000000000000e+01 2.020768984374999092e-03
2.200000000000000000e+01 1.869933281249999473e-03
2.300000000000000000e+01 1.721218828125000702e-03
2.400000000000000000e+01 1.575466718750000465e-03
2.500000000000000000e+01 1.433492109375000996e-03
2.600000000000000000e+01 1.296087265625000097e-03
2.700000000000000000e+01 1.163985937500000133e-03
2.800000000000000000e+01 1.037896015624999732e-03
2.900000000000000000e+01 9.184789062499999811e-04
3.000000000000000000e+01 8.063376562500002660e-04
3.100000000000000000e+01 7.020219531250004126e-04
3.200000000000000000e+01 6.060325781249998591e-04
3.300000000000000000e+01 5.187993750000000374e-04
3.400000000000000000e+01 4.407004687500000028e-04
3.500000000000000000e+01 3.720486171874999863e-04
3.600000000000000000e+01 3.130914296875000869e-04
3.700000000000000000e+01 2.640132031250000096e-04
3.800000000000000000e+01 2.249346406250000811e-04
3.900000000000000000e+01 1.959112984375000019e-04
4.000000000000000000e+01 1.769361756250000450e-04
4.100000000000000000e+01 1.679389999999999789e-04
4.200000000000000000e+01 1.687909124999999199e-04
4.300000000000000000e+01 1.793034956250000398e-04
4.400000000000000000e+01 1.992320933593748973e-04
4.500000000000000000e+01 2.282798743750000714e-04
4.600000000000000000e+01 2.660995656249999638e-04
4.700000000000000000e+01 3.122970182031250511e-04
4.800000000000000000e+01 3.664335241406251010e-04
4.900000000000000000e+01 4.280315484375001077e-04
5.000000000000000000e+01 4.965822062500003381e-04
5.100000000000000000e+01 5.715350821953125906e-04
5.200000000000000000e+01 6.523239054687497923e-04
5.300000000000000000e+01 7.383521476562503530e-04
5.400000000000000000e+01 8.290057734374997643e-04
5.500000000000000000e+01 9.236625078125000653e-04
5.600000000000000000e+01 1.021677054687500537e-03
5.700000000000000000e+01 1.122413460937499814e-03
5.800000000000000000e+01 1.225229265625000065e-03
5.900000000000000000e+01 1.329481015624999971e-03
6.000000000000000000e+01 1.434528828125000016e-03
6.100000000000000000e+01 1.539751562500000148e-03
6.200000000000000000e+01 1.644547968750000033e-03
6.300000000000000000e+01 1.748320312500000308e-03
6.400000000000000000e+01 1.850499609374999703e-03
6.500000000000000000e+01 1.950531171875000483e-03
6.600000000000000000e+01 2.047900703125000131e-03
6.700000000000000000e+01 2.142117656249999894e-03
6.800000000000000000e+01 2.232717578125000945e-03
6.900000000000000000e+01 2.319275937500000356e-03
7.000000000000000000e+01 2.401397734375000474e-03
7.100000000000000000e+01 2.478735390624999934e-03
7.200000000000000000e+01 2.550961796874999608e-03
7.300000000000000000e+01 2.617797109374999341e-03
7.400000000000000000e+01 2.679010859374999880e-03
7.500000000000000000e+01 2.734378750000000021e-03
7.600000000000000000e+01 2.783762031250000372e-03
7.700000000000000000e+01 2.827012500000000879e-03
7.800000000000000000e+01 2.864065234374999283e-03
7.900000000000000000e+01 2.894856406249998824e-03
8.000000000000000000e+01 2.919377265624999336e-03
8.100000000000000000e+01 2.937660859375000339e-03
8.200000000000000000e+01 2.949751015625000014e-03
8.300000000000000000e+01 2.955749531250000291e-03
8.400000000000000000e+01 2.955776328124999630e-03
8.500000000000000000e+01 2.949990937499999497e-03
8.600000000000000000e+01 2.938558437499998871e-03
8.700000000000000000e+01 2.921695625000001167e-03
8.800000000000000000e+01 2.899627421875000319e-03
8.900000000000000000e+01 2.872607343749999497e-03
9.000000000000000000e+01 2.840903515625001121e-03
9.100000000000000000e+01 2.804810234374999472e-03
9.200000000000000000e+01 2.764614765624999037e-03
9.300000000000000000e+01 2.720647421875001595e-03
9.400000000000000000e+01 2.673232578124998173e-03
9.500000000000000000e+01 2.622695390624999335e-03
9.600000000000000000e+01 2.569380781249999170e-03
9.700000000000000000e+01 2.513637578124998818e-03
9.800000000000000000e+01 2.455798906249999879e-03
9.900000000000000000e+01 2.396215156250000068e-03
1.000000000000000000e+02 2.335229453125000059e-03
1.010000000000000000e+02 2.273181093750001238e-03
1.020000000000000000e+02 2.210396249999999757e-03
1.030000000000000000e+02 2.147193828124999929e-03
1.040000000000000000e+02 2.083903828124999795e-03
1.050000000000000000e+02 2.020815859374999572e-03
1.060000000000000000e+02 1.958218906249999808e-03
1.070000000000000000e+02 1.896398593750000215e-03
1.080000000000000000e+02 1.835605234374999362e-03
1.090000000000000000e+02 1.776089609374999906e-03
1.100000000000000000e+02 1.718077343749999748e-03
1.110000000000000000e+02 1.661774687499999832e-03
1.120000000000000000e+02 1.607378523437500394e-03
1.130000000000000000e+02 1.555053945312499970e-03
1.140000000000000000e+02 1.504954468750000158e-03
1.150000000000000000e+02 1.457219929687500861e-03
1.160000000000000000e+02 1.411946739062500296e-03
1.170000000000000000e+02 1.369234836867187517e-03
1.180000000000000000e+02 1.329154376562499858e-03
1.190000000000000000e+02 1.291750859374999694e-03
1.200000000000000000e+02 1.257064242187499884e-03
1.210000000000000000e+02 1.225098960937500130e-03
1.220000000000000000e+02 1.195842195312499376e-03
1.230000000000000000e+02 1.169288828124999879e-03
1.240000000000000000e+02 1.145379531249999692e-03
1.250000000000000000e+02 1.124056093750000398e-03
1.260000000000000000e+02 1.105246687499999905e-03
1.270000000000000000e+02 1.088870992187499940e-03
1.280000000000000000e+02 1.074814468750000295e-03
1.290000000000000000e+02 1.062970695312499738e-03
1.300000000000000000e+02 1.053211859375000059e-03
1.310000000000000000e+02 1.045405359374999930e-03
1.320000000000000000e+02 1.039409515624999981e-03
1.330000000000000000e+02 1.035076437499999778e-03
1.340000000000000000e+02 1.032252007812500209e-03
1.350000000000000000e+02 1.030780796875000469e-03
1.360000000000000000e+02 1.030507601562500068e-03
1.370000000000000000e+02 1.031277070312500111e-03
1.380000000000000000e+02 1.032927742187500150e-03
1.390000000000000000e+02 1.035309989843749817e-03
1.400000000000000000e+02 1.038273960937500292e-03
1.410000000000000000e+02 1.041685153125000186e-03
1.420000000000000000e+02 1.045403452343750218e-03
1.430000000000000000e+02 1.049298501796875043e-03
1.440000000000000000e+02 1.053273027656250090e-03
1.450000000000000000e+02 1.057205176796874964e-03
1.460000000000000000e+02 1.061015539843750003e-03
1.470000000000000000e+02 1.064623889062499620e-03
1.480000000000000000e+02 1.067968589062499819e-03
1.490000000000000000e+02 1.071001296093750024e-03
1.500000000000000000e+02 1.073681682812500059e-03
1.510000000000000000e+02 1.076000678124999863e-03
1.520000000000000000e+02 1.077948593749999484e-03
1.530000000000000000e+02 1.079544929687499717e-03
1.540000000000000000e+02 1.080803921875000137e-03
1.550000000000000000e+02 1.081769531249999940e-03
1.560000000000000000e+02 1.082499179687499693e-03
1.570000000000000000e+02 1.083048664062500168e-03
1.580000000000000000e+02 1.083492523437500727e-03
1.590000000000000000e+02 1.083909450781250523e-03
1.600000000000000000e+02 1.084377818750000390e-03
1.610000000000000000e+02 1.084996389843749694e-03
1.620000000000000000e+02 1.085855327343749916e-03
1.630000000000000000e+02 1.087039628125000511e-03
1.640000000000000000e+02 1.088634729687499659e-03
1.650000000000000000e+02 1.090725092968750174e-03
1.660000000000000000e+02 1.093380863281250221e-03
1.670000000000000000e+02 1.096657652343749996e-03
1.680000000000000000e+02 1.100606886718750142e-03
1.690000000000000000e+02 1.105262064062499964e-03
1.700000000000000000e+02 1.110631210156249118e-03
1.710000000000000000e+02 1.116720459375000361e-03
1.720000000000000000e+02 1.123493752343750597e-03
1.730000000000000000e+02 1.130913546874999596e-03
1.740000000000000000e+02 1.138914064843750146e-03
1.750000000000000000e+02 1.147404290625000283e-03
1.760000000000000000e+02 1.156284500000000432e-03
1.770000000000000000e+02 1.165421820312500037e-03
1.780000000000000000e+02 1.174679171874999347e-03
1.790000000000000000e+02 1.183898984375000201e-03
1.800000000000000000e+02 1.192910624999999171e-03
1.810000000000000000e+02 1.201553953125000318e-03
1.820000000000000000e+02 1.209641406249999801e-03
1.830000000000000000e+02 1.216991687499999371e-03
1.840000000000000000e+02 1.223449656250000022e-03
1.850000000000000000e+02 1.228848789062500502e-03
1.860000000000000000e+02 1.233058648437499209e-03
1.870000000000000000e+02 1.235966351562499616e-03
1.880000000000000000e+02 1.237474790624999623e-03
1.890000000000000000e+02 1.237555281250000711e-03
1.900000000000000000e+02 1.236184765625000228e-03
1.910000000000000000e+02 1.233411453124999774e-03
1.920000000000000000e+02 1.229318879687500438e-03
1.930000000000000000e+02 1.224062982812500373e-03
1.940000000000000000e+02 1.217842117187499735e-03
1.950000000000000000e+02 1.210925813281250353e-03
1.960000000000000000e+02 1.203633782031249396e-03
1.970000000000000000e+02 1.196372507343749928e-03
1.980000000000000000e+02 1.189583700937499799e-03
1.990000000000000000e+02 1.183798726406249616e-03
2.000000000000000000e+02 1.179583767656249872e-03
2.010000000000000000e+02 1.177572004453124495e-03
2.020000000000000000e+02 1.178443203125000048e-03
2.030000000000000000e+02 1.182917542187499451e-03
2.040000000000000000e+02 1.191751812500000231e-03
2.050000000000000000e+02 1.205721200546875206e-03
2.060000000000000000e+02 1.225638001796875180e-03
2.070000000000000000e+02 1.252297779687499115e-03
2.080000000000000000e+02 1.286503115625000498e-03
2.090000000000000000e+02 1.329033025781250262e-03
2.100000000000000000e+02 1.380647287890625656e-03
2.110000000000000000e+02 1.442059632109375352e-03
2.120000000000000000e+02 1.513918495312499514e-03
2.130000000000000000e+02 1.596830714062500139e-03
2.140000000000000000e+02 1.691314343750000655e-03
2.150000000000000000e+02 1.797796406250000379e-03
2.160000000000000000e+02 1.916616007812500322e-03
2.170000000000000000e+02 2.048007429687500117e-03
2.180000000000000000e+02 2.192083578124998881e-03
2.190000000000000000e+02 2.348846101562499650e-03
2.200000000000000000e+02 2.518178632812500140e-03
2.210000000000000000e+02 2.699818945312499382e-03
2.220000000000000000e+02 2.893396914062500939e-03
2.230000000000000000e+02 3.098415859374999311e-03
2.240000000000000000e+02 3.314236640625000015e-03
2.250000000000000000e+02 3.540129218749999383e-03
2.260000000000000000e+02 3.775215937500001409e-03
2.270000000000000000e+02 4.018531953125000465e-03
2.280000000000000000e+02 4.269023515625000424e-03
2.290000000000000000e+02 4.525525234375001905e-03
2.300000000000000000e+02 4.786815781249999409e-03
2.310000000000000000e+02 5.051587734374998924e-03
2.320000000000000000e+02 5.318582031250000501e-03
2.330000000000000000e+02 5.586337812499999819e-03
2.340000000000000000e+02 5.853496328125001695e-03
2.350000000000000000e+02 6.118697578125005532e-03
2.360000000000000000e+02 6.380545390625000715e-03
2.370000000000000000e+02 6.637699765625000407e-03
2.380000000000000000e+02 6.888824921874996468e-03
2.390000000000000000e+02 7.132742578125000205e-03
2.400000000000000000e+02 7.368208750000004165e-03
2.410000000000000000e+02 7.594183851562498477e-03
2.420000000000000000e+02 7.809637148437502223e-03
2.430000000000000000e+02 8.013644140624999815e-03
2.440000000000000000e+02 8.205522765624998979e-03
2.450000000000000000e+02 8.384476492187504376e-03
2.460000000000000000e+02 8.550039898437500341e-03
2.470000000000000000e+02 8.701766367187498824e-03
2.480000000000000000e+02 8.839375710937494648e-03
2.490000000000000000e+02 8.962693718749999497e-03
2.500000000000000000e+02 9.071657976562503070e-03
2.510000000000000000e+02 9.166345710937502667e-03
2.520000000000000000e+02 9.246944804687504127e-03
2.530000000000000000e+02 9.313780625000000341e-03
2.540000000000000000e+02 9.367226250000002669e-03
2.550000000000000000e+02 9.407725156249996043e-03
2.560000000000000000e+02 9.435905625000001046e-03
2.570000000000000000e+02 9.452430546874999659e-03
2.580000000000000000e+02 9.457948281249999728e-03
2.590000000000000000e+02 9.453200468749993826e-03
2.600000000000000000e+02 9.439003203125002558e-03
2.610000000000000000e+02 9.416221484375000839e-03
2.620000000000000000e+02 9.385657734375002156e-03
2.630000000000000000e+02 9.348189570312494950e-03
2.640000000000000000e+02 9.304640023437499644e-03
2.650000000000000000e+02 9.255873031250000382e-03
2.660000000000000000e+02 9.202712718749998799e-03
2.670000000000000000e+02 9.145987070312501868e-03
2.680000000000000000e+02 9.086486546093749603e-03
2.690000000000000000e+02 9.024987007812495382e-03
2.700000000000000000e+02 8.962192390625003599e-03
2.710000000000000000e+02 8.898761687500002932e-03
2.720000000000000000e+02 8.835410289062499770e-03
2.730000000000000000e+02 8.772746796875004888e-03
2.740000000000000000e+02 8.711367578124995167e-03
2.750000000000000000e+02 8.651832812499999498e-03
2.760000000000000000e+02 8.594705937500002335e-03
2.770000000000000000e+02 8.540492421874998699e-03
2.780000000000000000e+02 8.489717890625001623e-03
2.790000000000000000e+02 8.442833281250002736e-03
2.800000000000000000e+02 8.400400234374995681e-03
2.810000000000000000e+02 8.362858359374997566e-03
2.820000000000000000e+02 8.330721414062504035e-03
2.830000000000000000e+02 8.304470234375005075e-03
2.840000000000000000e+02 8.284661992187501017e-03
2.850000000000000000e+02 8.271822068750003809e-03
2.860000000000000000e+02 8.266553781250001592e-03
2.870000000000000000e+02 8.269398984375002370e-03
2.880000000000000000e+02 8.281005406249999923e-03
2.890000000000000000e+02 8.302054687499999322e-03
2.900000000000000000e+02 8.333214023437498716e-03
2.910000000000000000e+02 8.375219289062506289e-03
2.920000000000000000e+02 8.428810453906247779e-03
2.930000000000000000e+02 8.494780679687502847e-03
2.940000000000000000e+02 8.573837156250001604e-03
2.950000000000000000e+02 8.666959882812502042e-03
2.960000000000000000e+02 8.774899798437502813e-03
2.970000000000000000e+02 8.898478495312498945e-03
2.980000000000000000e+02 9.038625226562501183e-03
2.990000000000000000e+02 9.196036414062502481e-03
3.000000000000000000e+02 9.371688414062502581e-03
3.010000000000000000e+02 9.566239515624999981e-03
3.020000000000000000e+02 9.780508578124997784e-03
3.030000000000000000e+02 1.001519878906250056e-02
3.040000000000000000e+02 1.027095905468750070e-02
3.050000000000000000e+02 1.054837767187499775e-02
3.060000000000000000e+02 1.084786060937499574e-02
3.070000000000000000e+02 1.116995882734375146e-02
3.080000000000000000e+02 1.151491585156250164e-02
3.090000000000000000e+02 1.188296046875000032e-02
3.100000000000000000e+02 1.227408007812499750e-02
3.110000000000000000e+02 1.268833421875000499e-02
3.120000000000000000e+02 1.312556093750000090e-02
3.130000000000000000e+02 1.358531929687500917e-02
3.140000000000000000e+02 1.406724335937500035e-02
3.150000000000000000e+02 1.457066717187499756e-02
3.160000000000000000e+02 1.509500687499999889e-02
3.170000000000000000e+02 1.563914738593749978e-02
3.180000000000000000e+02 1.620211007812499132e-02
3.190000000000000000e+02 1.678267477343749203e-02
3.200000000000000000e+02 1.737955539062500249e-02
3.210000000000000000e+02 1.799115554687500881e-02
3.220000000000000000e+02 1.861569046875000827e-02
3.230000000000000000e+02 1.925171531250001455e-02
3.240000000000000000e+02 1.989692812500000116e-02
3.250000000000000000e+02 2.054942421875000091e-02
3.260000000000000000e+02 2.120696562499999049e-02
3.270000000000000000e+02 2.186726953125000747e-02
3.280000000000000000e+02 2.252784609374999109e-02
3.290000000000000000e+02 2.318618671875000495e-02
3.300000000000000000e+02 2.383989375000000049e-02
3.310000000000000000e+02 2.448623124999999012e-02
3.320000000000000000e+02 2.512248515624998513e-02
3.330000000000000000e+02 2.574618593750000947e-02
3.340000000000000000e+02 2.635456953124997934e-02
3.350000000000000000e+02 2.694494609375000863e-02
3.360000000000000000e+02 2.751496796874999817e-02
3.370000000000000000e+02 2.806198203125000526e-02
3.380000000000000000e+02 2.858361015625000834e-02
3.390000000000000000e+02 2.907761328124999420e-02
3.400000000000000000e+02 2.954178828124999837e-02
3.410000000000000000e+02 2.997389999999999430e-02
3.420000000000000000e+02 3.037209375000001627e-02
3.430000000000000000e+02 3.073449453124999647e-02
3.440000000000000000e+02 3.105937343749999233e-02
3.450000000000000000e+02 3.134512578124998283e-02
3.460000000000000000e+02 3.159038593749999291e-02
3.470000000000000000e+02 3.179382187499999596e-02
3.480000000000000000e+02 3.195436875000001731e-02
3.490000000000000000e+02 3.207128906249998718e-02
3.500000000000000000e+02 3.214367812499999838e-02
3.510000000000000000e+02 3.217118359374999959e-02
3.520000000000000000e+02 3.215368359374999596e-02
3.530000000000000000e+02 3.209109531250001202e-02
3.540000000000000000e+02 3.198376874999999536e-02
3.550000000000000000e+02 3.183214843749998524e-02
3.560000000000000000e+02 3.163716093749999875e-02
3.570000000000000000e+02 3.139964296875000227e-02
3.580000000000000000e+02 3.112092968750000688e-02
3.590000000000000000e+02 3.080243437500000334e-02
3.600000000000000000e+02 3.044576960937499938e-02
3.610000000000000000e+02 3.005274312499999628e-02
3.620000000000000000e+02 2.962531398437500546e-02
3.630000000000000000e+02 2.916570421875000832e-02
3.640000000000000000e+02 2.867617101562498425e-02
3.650000000000000000e+02 2.815925593750000233e-02
3.660000000000000000e+02 2.761775117187500669e-02
3.670000000000000000e+02 2.705429148437498918e-02
3.680000000000000000e+02 2.647208914062498461e-02
3.690000000000000000e+02 2.587426687499999253e-02
3.700000000000000000e+02 2.526415101562498253e-02
3.710000000000000000e+02 2.464521874999999265e-02
3.720000000000000000e+02 2.402101054687500251e-02
3.730000000000000000e+02 2.339517070312500599e-02
3.740000000000000000e+02 2.277133828125000106e-02
3.750000000000000000e+02 2.215314203124999631e-02
3.760000000000000000e+02 2.154417118750000942e-02
3.770000000000000000e+02 2.094794506250000077e-02
3.780000000000000000e+02 2.036780590624999790e-02
3.790000000000000000e+02 1.980694246093749056e-02
3.800000000000000000e+02 1.926839328906250481e-02
3.810000000000000000e+02 1.875485474218750032e-02
3.820000000000000000e+02 1.826909779687500499e-02
3.830000000000000000e+02 1.781323353906249726e-02
3.840000000000000000e+02 1.738944421953125818e-02
3.850000000000000000e+02 1.699942268359375813e-02
3.860000000000000000e+02 1.664482991124999547e-02
3.870000000000000000e+02 1.632675313437500011e-02
3.880000000000000000e+02 1.604617609531251363e-02
3.890000000000000000e+02 1.580370768281250116e-02
3.900000000000000000e+02 1.559968457812500355e-02
3.910000000000000000e+02 1.543417817187500533e-02
3.920000000000000000e+02 1.530685427343749481e-02
3.930000000000000000e+02 1.521711779687499357e-02
3.940000000000000000e+02 1.516403043750000519e-02
3.950000000000000000e+02 1.514638013359375333e-02
3.960000000000000000e+02 1.516269488750000491e-02
3.970000000000000000e+02 1.521103433515624478e-02
3.980000000000000000e+02 1.528932067656249734e-02
3.990000000000000000e+02 1.539510461796875056e-02
4.000000000000000000e+02 1.552568428125000038e-02
4.010000000000000000e+02 1.567808650781250118e-02
4.020000000000000000e+02 1.584914990624999506e-02
4.030000000000000000e+02 1.603539612499998990e-02
4.040000000000000000e+02 1.623319856250000220e-02
4.050000000000000000e+02 1.643875015625000796e-02
4.060000000000000000e+02 1.664816406250000519e-02
4.070000000000000000e+02 1.685748609374999527e-02
4.080000000000000000e+02 1.706261296874999472e-02
4.090000000000000000e+02 1.725954171875000373e-02
4.100000000000000000e+02 1.744440203125001074e-02
4.110000000000000000e+02 1.761324195312501117e-02
4.120000000000000000e+02 1.776256617187499734e-02
4.130000000000000000e+02 1.788891999999999913e-02
4.140000000000000000e+02 1.798917023437499041e-02
4.150000000000000000e+02 1.806055617187501267e-02
4.160000000000000000e+02 1.810067929687499133e-02
4.170000000000000000e+02 1.810735609374998500e-02
4.180000000000000000e+02 1.807905281249999607e-02
4.190000000000000000e+02 1.801443109375000518e-02
4.200000000000000000e+02 1.791267500000001678e-02
4.210000000000000000e+02 1.777337421874999879e-02
4.220000000000000000e+02 1.759656171874999370e-02
4.230000000000000000e+02 1.738267265625000058e-02
4.240000000000000000e+02 1.713260781249999545e-02
4.250000000000000000e+02 1.684767499999999599e-02
4.260000000000000000e+02 1.652970468750000060e-02
4.270000000000000000e+02 1.618084375000000685e-02
4.280000000000000000e+02 1.580368750000000350e-02
4.290000000000000000e+02 1.540118359374999246e-02
4.300000000000000000e+02 1.497670468750000351e-02
4.310000000000000000e+02 1.453378046874999503e-02
4.320000000000000000e+02 1.407629062500000139e-02
4.330000000000000000e+02 1.360837734375000205e-02
4.340000000000000000e+02 1.313428671874999204e-02
4.350000000000000000e+02 1.265840000000000541e-02
4.360000000000000000e+02 1.218508515625001121e-02
4.370000000000000000e+02 1.171876796874998967e-02
4.380000000000000000e+02 1.126373046875000367e-02
4.390000000000000000e+02 1.082422578125000201e-02
4.400000000000000000e+02 1.040415156249999661e-02
4.410000000000000000e+02 1.000703437499999432e-02
4.420000000000000000e+02 9.636231249999994974e-03
4.430000000000000000e+02 9.294367968749999917e-03
4.440000000000000000e+02 8.983607031249996738e-03
4.450000000000000000e+02 8.705600781250003029e-03
4.460000000000000000e+02 8.461188281249996945e-03
4.470000000000000000e+02 8.250594531249998836e-03
4.480000000000000000e+02 8.073450000000001112e-03
4.490000000000000000e+02 7.928556250000003136e-03
4.500000000000000000e+02 7.814179140624995246e-03
4.510000000000000000e+02 7.727828281250005010e-03
4.520000000000000000e+02 7.666650078125001808e-03
4.530000000000000000e+02 7.627227343750001866e-03
4.540000000000000000e+02 7.605686718750003482e-03
4.550000000000000000e+02 7.597973046875000462e-03
4.560000000000000000e+02 7.599726874999998896e-03
4.570000000000000000e+02 7.606465156250001407e-03
4.580000000000000000e+02 7.613816874999996751e-03
4.590000000000000000e+02 7.617112265625001696e-03
4.600000000000000000e+02 7.612194374999999881e-03
4.610000000000000000e+02 7.594902890624998827e-03
4.620000000000000000e+02 7.561606015624998053e-03
4.630000000000000000e+02 7.508899765624998598e-03
4.640000000000000000e+02 7.434213046874996351e-03
4.650000000000000000e+02 7.335425156249997768e-03
4.660000000000000000e+02 7.211296406250003108e-03
4.670000000000000000e+02 7.061378906250001357e-03
4.680000000000000000e+02 6.886127187499996131e-03
4.690000000000000000e+02 6.686930859374996296e-03
4.700000000000000000e+02 6.466086718749999851e-03
4.710000000000000000e+02 6.226892734374998677e-03
4.720000000000000000e+02 5.973351249999999876e-03
4.730000000000000000e+02 5.710431171874998796e-03
4.740000000000000000e+02 5.443558281250002705e-03
4.750000000000000000e+02 5.178702109375003283e-03
4.760000000000000000e+02 4.921970078124998996e-03
4.770000000000000000e+02 4.679384062499999941e-03
4.780000000000000000e+02 4.456632890625002001e-03
4.790000000000000000e+02 4.258655781250001403e-03
4.800000000000000000e+02 4.089462734375000352e-03
4.810000000000000000e+02 3.951755156250000289e-03
4.820000000000000000e+02 3.846813515624999437e-03
4.830000000000000000e+02 3.774257656250001002e-03
4.840000000000000000e+02 3.731855937499998707e-03
4.850000000000000000e+02 3.715679765624999541e-03
4.860000000000000000e+02 3.719923617187498137e-03
4.870000000000000000e+02 3.737334531249998995e-03
4.880000000000000000e+02 3.759266511718751397e-03
4.890000000000000000e+02 3.776355364843749299e-03
4.900000000000000000e+02 3.778999210937501740e-03
4.910000000000000000e+02 3.758275023437500362e-03
4.920000000000000000e+02 3.706836328125001374e-03
4.930000000000000000e+02 3.619993203124999628e-03
4.940000000000000000e+02 3.496673046874999597e-03
4.950000000000000000e+02 3.340329929687500116e-03
4.960000000000000000e+02 3.159515132812500040e-03
4.970000000000000000e+02 2.967926218749999522e-03
4.980000000000000000e+02 2.783923617187499672e-03
4.990000000000000000e+02 2.629290359375001818e-03
5.000000000000000000e+02 2.527218399726562960e-03
5.010000000000000000e+02 2.499398429687499888e-03
5.020000000000000000e+02 2.562606640625000355e-03
5.030000000000000000e+02 2.724739960937500472e-03
5.040000000000000000e+02 2.981247335937500277e-03
5.050000000000000000e+02 3.312771375000000181e-03
5.060000000000000000e+02 3.685913601562501064e-03
5.070000000000000000e+02 4.059962820312500512e-03
5.080000000000000000e+02 4.404216009374998901e-03
5.090000000000000000e+02 4.732707242187500149e-03
5.100000000000000000e+02 5.167094999999998287e-03
5.110000000000000000e+02 6.043940148437500388e-03
