0.000000000000000000e+00 5.031336796875001717e-03
1.000000000000000000e+00 5.016944765625000642e-03
2.000000000000000000e+00 4.988254531249999846e-03
3.000000000000000000e+00 4.945435390624997388e-03
4.000000000000000000e+00 4.888773437499998806e-03
5.000000000000000000e+00 4.818615859375001767e-03
6.000000000000000000e+00 4.735396406250000877e-03
7.000000000000000000e+00 4.639644296875001205e-03
8.000000000000000000e+00 4.531954062499997729e-03
9.000000000000000000e+00 4.412995703125002084e-03
1.000000000000000000e+01 4.283501249999998456e-03
1.100000000000000000e+01 4.144275546875000361e-03
1.200000000000000000e+01 3.996179375000002282e-03
1.300000000000000000e+01 3.840108984375000846e-03
1.400000000000000000e+01 3.677019062499999220e-03
1.500000000000000000e+01 3.507900156250001213e-03
1.600000000000000000e+01 3.333765000000001120e-03
1.700000000000000000e+01 3.155659843749999884e-03
1.800000000000000000e+01 2.974639921874998056e-03
1.900000000000000000e+01 2.791763671874999703e-03
2.000000000000000000e+01 2.608103750000000543e-03
2.100000000000000000e+01 2.424723828124999720e-03
2.200000000000000000e+01 2.242661640625000490e-03
2.300000000000000000e+01 2.062945078124998714e-03
2.400000000000000000e+01 1.886586874999999965e-03
2.500000000000000000e+01 1.714539453124999929e-03
2.600000000000000000e+01 1.547734062499999362e-03
2.700000000000000000e+01 1.387060781249999878e-03
2.800000000000000000e+01 1.233343359374999837e-03
2.900000000000000000e+01 1.087362187499999822e-03
3.000000000000000000e+01 9.498385156250003201e-04
3.100000000000000000e+01 8.214274218749997858e-04
3.200000000000000000e+01 7.027141406249997170e-04
3.300000000000000000e+01 5.942235937499997477e-04
3.400000000000000000e+01 4.963944531250001320e-04
3.500000000000000000e+01 4.096050781250000733e-04
3.600000000000000000e+01 3.341530468749998777e-04
3.700000000000000000e+01 2.702632734375000432e-04
3.800000000000000000e+01 2.180825703125000015e-04
3.900000000000000000e+01 1.776852421874999441e-04
4.000000000000000000e+01 1.490700984375000480e-04
4.100000000000000000e+01 1.321645882812500384e-04
4.200000000000000000e+01 1.268249197656249813e-04
4.300000000000000000e+01 1.328404306249999687e-04
4.400000000000000000e+01 1.499339078125000208e-04
4.500000000000000000e+01 1.777671156249999520e-04
4.600000000000000000e+01 2.159431108593750813e-04
4.700000000000000000e+01 2.640100229687499639e-04
4.800000000000000000e+01 3.214672274218749828e-04
4.900000000000000000e+01 3.877673161718750471e-04
5.000000000000000000e+01 4.623208716874999645e-04
5.100000000000000000e+01 5.445029359375001213e-04
5.200000000000000000e+01 6.336557132812498236e-04
5.300000000000000000e+01 7.290977164062502434e-04
5.400000000000000000e+01 8.301250937499998674e-04
5.500000000000000000e+01 9.360193750000000848e-04
5.600000000000000000e+01 1.046042117187500221e-03
5.700000000000000000e+01 1.159453312500000229e-03
5.800000000000000000e+01 1.275519578125000912e-03
5.900000000000000000e+01 1.393496531249999214e-03
6.000000000000000000e+01 1.512657757812500186e-03
6.100000000000000000e+01 1.632287734375000108e-03
6.200000000000000000e+01 1.751684453125000075e-03
6.300000000000000000e+01 1.870161484374999921e-03
6.400000000000000000e+01 1.987063281250000136e-03
6.500000000000000000e+01 2.101760078124999785e-03
6.600000000000000000e+01 2.213642890625000439e-03
6.700000000000000000e+01 2.322156953124999198e-03
6.800000000000000000e+01 2.426757812499999879e-03
6.900000000000000000e+01 2.526953749999999790e-03
7.000000000000000000e+01 2.622290781250001101e-03
7.100000000000000000e+01 2.712349531249999470e-03
7.200000000000000000e+01 2.796757500000001014e-03
7.300000000000000000e+01 2.875195781249999250e-03
7.400000000000000000e+01 2.947353515624998640e-03
7.500000000000000000e+01 3.013009531250000674e-03
7.600000000000000000e+01 3.071960546874999160e-03
7.700000000000000000e+01 3.124043671875001340e-03
7.800000000000000000e+01 3.169141718749999507e-03
7.900000000000000000e+01 3.207198671875001027e-03
8.000000000000000000e+01 3.238174140624998105e-03
8.100000000000000000e+01 3.262091562499999219e-03
8.200000000000000000e+01 3.278984609375001393e-03
8.300000000000000000e+01 3.288956171874999473e-03
8.400000000000000000e+01 3.292109296875001239e-03
8.500000000000000000e+01 3.288605156249999918e-03
8.600000000000000000e+01 3.278632656250000596e-03
8.700000000000000000e+01 3.262406093749999764e-03
8.800000000000000000e+01 3.240160781249999764e-03
8.900000000000000000e+01 3.212170312499999271e-03
9.000000000000000000e+01 3.178718828125000079e-03
9.100000000000000000e+01 3.140106718750000636e-03
9.200000000000000000e+01 3.096653515624999287e-03
9.300000000000000000e+01 3.048716171875000269e-03
9.400000000000000000e+01 2.996632187499999843e-03
9.500000000000000000e+01 2.940764453124999553e-03
9.600000000000000000e+01 2.881482421874998791e-03
9.700000000000000000e+01 2.819151171875000552e-03
9.800000000000000000e+01 2.754154765625000008e-03
9.900000000000000000e+01 2.686862578125000494e-03
1.000000000000000000e+02 2.617650156249999929e-03
1.010000000000000000e+02 2.546892499999999990e-03
1.020000000000000000e+02 2.474950703125000998e-03
1.030000000000000000e+02 2.402173515624999797e-03
1.040000000000000000e+02 2.328927890625000999e-03
1.050000000000000000e+02 2.255530234374998957e-03
1.060000000000000000e+02 2.182314140624999795e-03
1.070000000000000000e+02 2.109599765624999793e-03
1.080000000000000000e+02 2.037669843749999755e-03
1.090000000000000000e+02 1.966801874999999766e-03
1.100000000000000000e+02 1.897259609375000645e-03
1.110000000000000000e+02 1.829288593750000433e-03
1.120000000000000000e+02 1.763118046874999692e-03
1.130000000000000000e+02 1.698944218750000510e-03
1.140000000000000000e+02 1.636951421875000416e-03
1.150000000000000000e+02 1.577308273437500429e-03
1.160000000000000000e+02 1.520156015625000363e-03
1.170000000000000000e+02 1.465613320312499990e-03
1.180000000000000000e+02 1.413785822656249413e-03
1.190000000000000000e+02 1.364747744453124936e-03
1.200000000000000000e+02 1.318559192968749884e-03
1.210000000000000000e+02 1.275259350000000494e-03
1.220000000000000000e+02 1.234869984375000116e-03
1.230000000000000000e+02 1.197389242187499748e-03
1.240000000000000000e+02 1.162797843750000126e-03
1.250000000000000000e+02 1.131055242187500040e-03
1.260000000000000000e+02 1.102116640625000086e-03
1.270000000000000000e+02 1.075907109375000021e-03
1.280000000000000000e+02 1.052348281250000111e-03
1.290000000000000000e+02 1.031339921875000206e-03
1.300000000000000000e+02 1.012773593749999703e-03
1.310000000000000000e+02 9.965344531250000699e-04
1.320000000000000000e+02 9.824847968750004962e-04
1.330000000000000000e+02 9.705025156250002023e-04
1.340000000000000000e+02 9.604298437499997213e-04
1.350000000000000000e+02 9.521377421874995363e-04
1.360000000000000000e+02 9.454608906249999285e-04
1.370000000000000000e+02 9.402588359374999078e-04
1.380000000000000000e+02 9.363769531249996553e-04
1.390000000000000000e+02 9.336694999999999890e-04
1.400000000000000000e+02 9.319918203124999629e-04
1.410000000000000000e+02 9.312008593750003898e-04
1.420000000000000000e+02 9.311716718750000319e-04
1.430000000000000000e+02 9.317707265625002188e-04
1.440000000000000000e+02 9.328960234375001034e-04
1.450000000000000000e+02 9.344291875000001937e-04
1.460000000000000000e+02 9.362806874999998015e-04
1.470000000000000000e+02 9.383795859374998360e-04
1.480000000000000000e+02 9.406557343750000322e-04
1.490000000000000000e+02 9.430549687499999514e-04
1.500000000000000000e+02 9.455479453124996433e-04
1.510000000000000000e+02 9.481017968750002529e-04
1.520000000000000000e+02 9.507192499999998032e-04
1.530000000000000000e+02 9.534084687500003936e-04
1.540000000000000000e+02 9.561825812499996028e-04
1.550000000000000000e+02 9.590803328125001737e-04
1.560000000000000000e+02 9.621515718749996775e-04
1.570000000000000000e+02 9.654516710937504319e-04
1.580000000000000000e+02 9.690512539062508040e-04
1.590000000000000000e+02 9.730231398437501301e-04
1.600000000000000000e+02 9.774476062500000659e-04
1.610000000000000000e+02 9.824011504687502408e-04
1.620000000000000000e+02 9.879766531249993978e-04
1.630000000000000000e+02 9.942505765625001251e-04
1.640000000000000000e+02 1.001306781250000657e-03
1.650000000000000000e+02 1.009205875000000188e-03
1.660000000000000000e+02 1.018014781249999834e-03
1.670000000000000000e+02 1.027776046875000619e-03
1.680000000000000000e+02 1.038510875000000274e-03
1.690000000000000000e+02 1.050258249999999746e-03
1.700000000000000000e+02 1.062992125781250449e-03
1.710000000000000000e+02 1.076692432031249721e-03
1.720000000000000000e+02 1.091309449218750031e-03
1.730000000000000000e+02 1.106767882812500006e-03
1.740000000000000000e+02 1.122963076562499656e-03
1.750000000000000000e+02 1.139791483593749705e-03
1.760000000000000000e+02 1.157096757812500288e-03
1.770000000000000000e+02 1.174718606249999797e-03
1.780000000000000000e+02 1.192475857812500201e-03
1.790000000000000000e+02 1.210167782812499558e-03
1.800000000000000000e+02 1.227574392187499646e-03
1.810000000000000000e+02 1.244485224218751023e-03
1.820000000000000000e+02 1.260672007031250373e-03
1.830000000000000000e+02 1.275911651562499282e-03
1.840000000000000000e+02 1.289993297656250038e-03
1.850000000000000000e+02 1.302703984374999806e-03
1.860000000000000000e+02 1.313870680468749675e-03
1.870000000000000000e+02 1.323328803125000015e-03
1.880000000000000000e+02 1.330960598437500465e-03
1.890000000000000000e+02 1.336675278203125093e-03
1.900000000000000000e+02 1.340437071875000188e-03
1.910000000000000000e+02 1.342252962500000216e-03
1.920000000000000000e+02 1.342188124218749020e-03
1.930000000000000000e+02 1.340370351562498964e-03
1.940000000000000000e+02 1.336987023437499755e-03
1.950000000000000000e+02 1.332299312499999732e-03
1.960000000000000000e+02 1.326626445312500870e-03
1.970000000000000000e+02 1.320363671874999392e-03
1.980000000000000000e+02 1.313965359375000082e-03
1.990000000000000000e+02 1.307968262500000750e-03
2.000000000000000000e+02 1.302946520546875058e-03
2.010000000000000000e+02 1.299555070390625601e-03
2.020000000000000000e+02 1.298484767968749063e-03
2.030000000000000000e+02 1.300475942968749897e-03
2.040000000000000000e+02 1.306301273437500236e-03
2.050000000000000000e+02 1.316766953125000179e-03
2.060000000000000000e+02 1.332682640625000494e-03
2.070000000000000000e+02 1.354872214062500602e-03
2.080000000000000000e+02 1.384140432578125296e-03
2.090000000000000000e+02 1.421280435937500967e-03
2.100000000000000000e+02 1.467052588281250475e-03
2.110000000000000000e+02 1.522162697656249042e-03
2.120000000000000000e+02 1.587269414843749723e-03
2.130000000000000000e+02 1.662948935937498974e-03
2.140000000000000000e+02 1.749713078906249769e-03
2.150000000000000000e+02 1.847961460937500152e-03
2.160000000000000000e+02 1.958003531250000415e-03
2.170000000000000000e+02 2.080042242187500352e-03
2.180000000000000000e+02 2.214163585937501105e-03
2.190000000000000000e+02 2.360320093749997735e-03
2.200000000000000000e+02 2.518358521093751537e-03
2.210000000000000000e+02 2.687978898437500333e-03
2.220000000000000000e+02 2.868779062500000088e-03
2.230000000000000000e+02 3.060221171875001332e-03
2.240000000000000000e+02 3.261637500000000994e-03
2.250000000000000000e+02 3.472271250000001468e-03
2.260000000000000000e+02 3.691245624999998053e-03
2.270000000000000000e+02 3.917582421874999526e-03
2.280000000000000000e+02 4.150243671874998853e-03
2.290000000000000000e+02 4.388060234374999494e-03
2.300000000000000000e+02 4.629893828125001241e-03
2.310000000000000000e+02 4.874465156249995282e-03
2.320000000000000000e+02 5.120527578124999847e-03
2.330000000000000000e+02 5.366792656250000092e-03
2.340000000000000000e+02 5.611996249999998305e-03
2.350000000000000000e+02 5.854861484374998711e-03
2.360000000000000000e+02 6.094111718749998900e-03
2.370000000000000000e+02 6.328623593749997320e-03
2.380000000000000000e+02 6.557185585937500005e-03
2.390000000000000000e+02 6.778815578125000664e-03
2.400000000000000000e+02 6.992492132812499171e-03
2.410000000000000000e+02 7.197324617187503965e-03
2.420000000000000000e+02 7.392531117187500084e-03
2.430000000000000000e+02 7.577459648437506745e-03
2.440000000000000000e+02 7.751462999999998368e-03
2.450000000000000000e+02 7.914192015625001742e-03
2.460000000000000000e+02 8.065276085937499867e-03
2.470000000000000000e+02 8.204478718749999913e-03
2.480000000000000000e+02 8.331726164062502535e-03
2.490000000000000000e+02 8.447024093750003446e-03
2.500000000000000000e+02 8.550466828125002222e-03
2.510000000000000000e+02 8.642282242187498617e-03
2.520000000000000000e+02 8.722808453124999625e-03
2.530000000000000000e+02 8.792411476562497774e-03
2.540000000000000000e+02 8.851600375000002671e-03
2.550000000000000000e+02 8.900877867187500375e-03
2.560000000000000000e+02 8.940802968750004992e-03
2.570000000000000000e+02 8.972024999999994588e-03
2.580000000000000000e+02 8.995259062500001943e-03
2.590000000000000000e+02 9.011064921874997399e-03
2.600000000000000000e+02 9.020257421875005691e-03
2.610000000000000000e+02 9.023424609375000488e-03
2.620000000000000000e+02 9.021340390625000316e-03
2.630000000000000000e+02 9.014636250000008025e-03
2.640000000000000000e+02 9.003990390624995802e-03
2.650000000000000000e+02 8.989958906249997939e-03
2.660000000000000000e+02 8.973242890625000162e-03
2.670000000000000000e+02 8.954301640624995340e-03
2.680000000000000000e+02 8.933712101562501368e-03
2.690000000000000000e+02 8.911898773437497770e-03
2.700000000000000000e+02 8.889378164062497825e-03
2.710000000000000000e+02 8.866550514062499985e-03
2.720000000000000000e+02 8.843780999218750147e-03
2.730000000000000000e+02 8.821393000000002024e-03
2.740000000000000000e+02 8.799801390624998818e-03
2.750000000000000000e+02 8.779283445312495784e-03
2.760000000000000000e+02 8.760109265624997990e-03
2.770000000000000000e+02 8.742659609374998225e-03
2.780000000000000000e+02 8.727159843749998647e-03
2.790000000000000000e+02 8.714003593749998500e-03
2.800000000000000000e+02 8.703420468750002262e-03
2.810000000000000000e+02 8.695892578125001202e-03
2.820000000000000000e+02 8.691717343750002267e-03
2.830000000000000000e+02 8.691316671875001093e-03
2.840000000000000000e+02 8.695226460937498583e-03
2.850000000000000000e+02 8.703892070312501880e-03
2.860000000000000000e+02 8.717879624999999230e-03
2.870000000000000000e+02 8.737766468749998128e-03
2.880000000000000000e+02 8.764266640624998952e-03
2.890000000000000000e+02 8.798028359375001384e-03
2.900000000000000000e+02 8.839798031249995053e-03
2.910000000000000000e+02 8.890498601562499617e-03
2.920000000000000000e+02 8.950797148437498324e-03
2.930000000000000000e+02 9.021663078124997001e-03
2.940000000000000000e+02 9.104031960937496518e-03
2.950000000000000000e+02 9.198779534374999789e-03
2.960000000000000000e+02 9.306958998437501671e-03
2.970000000000000000e+02 9.429434967187495450e-03
2.980000000000000000e+02 9.567252578125002779e-03
2.990000000000000000e+02 9.721335642187503914e-03
3.000000000000000000e+02 9.892575671874997284e-03
3.010000000000000000e+02 1.008196835000000138e-02
3.020000000000000000e+02 1.029022851562499952e-02
3.030000000000000000e+02 1.051826422656249385e-02
3.040000000000000000e+02 1.076673140625000226e-02
3.050000000000000000e+02 1.103642755468750049e-02
3.060000000000000000e+02 1.132775116249999832e-02
3.070000000000000000e+02 1.164119621796875018e-02
3.080000000000000000e+02 1.197710053906250217e-02
3.090000000000000000e+02 1.233572589843750025e-02
3.100000000000000000e+02 1.271717565625000469e-02
3.110000000000000000e+02 1.312126328124999831e-02
3.120000000000000000e+02 1.354811640625000306e-02
3.130000000000000000e+02 1.399708976562499645e-02
3.140000000000000000e+02 1.446780160156250702e-02
3.150000000000000000e+02 1.495961825781249796e-02
3.160000000000000000e+02 1.547173890234375231e-02
3.170000000000000000e+02 1.600319778749999602e-02
3.180000000000000000e+02 1.655301504687500466e-02
3.190000000000000000e+02 1.711974922656250148e-02
3.200000000000000000e+02 1.770206320312500345e-02
3.210000000000000000e+02 1.829848367187499394e-02
3.220000000000000000e+02 1.890715914062499406e-02
3.230000000000000000e+02 1.952628015624999908e-02
3.240000000000000000e+02 2.015385249999999961e-02
3.250000000000000000e+02 2.078778046874999244e-02
3.260000000000000000e+02 2.142586328125000231e-02
3.270000000000000000e+02 2.206570234374999676e-02
3.280000000000000000e+02 2.270493437499999934e-02
3.290000000000000000e+02 2.334103828125000044e-02
3.300000000000000000e+02 2.397146484375000525e-02
3.310000000000000000e+02 2.459360859375000000e-02
3.320000000000000000e+02 2.520488828125000760e-02
3.330000000000000000e+02 2.580272499999999511e-02
3.340000000000000000e+02 2.638446718749998601e-02
3.350000000000000000e+02 2.694775859374999583e-02
3.360000000000000000e+02 2.748999531250001169e-02
3.370000000000000000e+02 2.800879609375001023e-02
3.380000000000000000e+02 2.850184609375000511e-02
3.390000000000000000e+02 2.896709218750001882e-02
3.400000000000000000e+02 2.940219999999998252e-02
3.410000000000000000e+02 2.980537968750000127e-02
3.420000000000000000e+02 3.017460234374999897e-02
3.430000000000000000e+02 3.050821484375000961e-02
3.440000000000000000e+02 3.080458750000000800e-02
3.450000000000000000e+02 3.106230156249998459e-02
3.460000000000000000e+02 3.127990234375000594e-02
3.470000000000000000e+02 3.145639140624998525e-02
3.480000000000000000e+02 3.159089062499999268e-02
3.490000000000000000e+02 3.168255625000000048e-02
3.500000000000000000e+02 3.173098359374999095e-02
3.510000000000000000e+02 3.173586796875001864e-02
3.520000000000000000e+02 3.169708828124998684e-02
3.530000000000000000e+02 3.161507109374999541e-02
3.540000000000000000e+02 3.149013828125002412e-02
3.550000000000000000e+02 3.132302265624999776e-02
3.560000000000000000e+02 3.111461250000000997e-02
3.570000000000000000e+02 3.086604218750000836e-02
3.580000000000000000e+02 3.057858750000000750e-02
3.590000000000000000e+02 3.025383359375000483e-02
3.600000000000000000e+02 2.989343906249999558e-02
3.610000000000000000e+02 2.949917265624999937e-02
3.620000000000000000e+02 2.907316093750001579e-02
3.630000000000000000e+02 2.861745070312498099e-02
3.640000000000000000e+02 2.813449953125000264e-02
3.650000000000000000e+02 2.762675968749999864e-02
3.660000000000000000e+02 2.709702523437499885e-02
3.670000000000000000e+02 2.654805929687500954e-02
3.680000000000000000e+02 2.598297960937501552e-02
3.690000000000000000e+02 2.540497992187500109e-02
3.700000000000000000e+02 2.481746265625000072e-02
3.710000000000000000e+02 2.422380664062500494e-02
3.720000000000000000e+02 2.362755484374998508e-02
3.730000000000000000e+02 2.303224937499999056e-02
3.740000000000000000e+02 2.244150781249999380e-02
3.750000000000000000e+02 2.185880945312498186e-02
3.760000000000000000e+02 2.128763907812500702e-02
3.770000000000000000e+02 2.073127120312498461e-02
3.780000000000000000e+02 2.019291252343749163e-02
3.790000000000000000e+02 1.967569137500000537e-02
3.800000000000000000e+02 1.918223074218750046e-02
3.810000000000000000e+02 1.871524532812500127e-02
3.820000000000000000e+02 1.827706235937499868e-02
3.830000000000000000e+02 1.786978623828124058e-02
3.840000000000000000e+02 1.749528397343750111e-02
3.850000000000000000e+02 1.715502457656250396e-02
3.860000000000000000e+02 1.685040164453124878e-02
3.870000000000000000e+02 1.658229811718750155e-02
3.880000000000000000e+02 1.635143350781249894e-02
3.890000000000000000e+02 1.615817739062498648e-02
3.900000000000000000e+02 1.600259443749999302e-02
3.910000000000000000e+02 1.588441362500000315e-02
3.920000000000000000e+02 1.580304924999999944e-02
3.930000000000000000e+02 1.575771613281250205e-02
3.940000000000000000e+02 1.574710854687500286e-02
3.950000000000000000e+02 1.576981787031249763e-02
3.960000000000000000e+02 1.582402762718750772e-02
3.970000000000000000e+02 1.590764949406251252e-02
3.980000000000000000e+02 1.601833421328126283e-02
3.990000000000000000e+02 1.615345727343750135e-02
4.000000000000000000e+02 1.631011138281252340e-02
4.010000000000000000e+02 1.648509628125001056e-02
4.020000000000000000e+02 1.667517774218749832e-02
4.030000000000000000e+02 1.687664484374999663e-02
4.040000000000000000e+02 1.708586867187499372e-02
4.050000000000000000e+02 1.729888132812499799e-02
4.060000000000000000e+02 1.751181195312499425e-02
4.070000000000000000e+02 1.772051156249998191e-02
4.080000000000000000e+02 1.792103390625000847e-02
4.090000000000000000e+02 1.810941148437501119e-02
4.100000000000000000e+02 1.828169101562499010e-02
4.110000000000000000e+02 1.843420789062499843e-02
4.120000000000000000e+02 1.856344820312499574e-02
4.130000000000000000e+02 1.866618476562500670e-02
4.140000000000000000e+02 1.873943875000000370e-02
4.150000000000000000e+02 1.878067093750001443e-02
4.160000000000000000e+02 1.878758671875001285e-02
4.170000000000000000e+02 1.875831015624998890e-02
4.180000000000000000e+02 1.869137031249998998e-02
4.190000000000000000e+02 1.858582812500001250e-02
4.200000000000000000e+02 1.844098437499999688e-02
4.210000000000000000e+02 1.825664296875001771e-02
4.220000000000000000e+02 1.803315546875001313e-02
4.230000000000000000e+02 1.777120312499999577e-02
4.240000000000000000e+02 1.747203749999999209e-02
4.250000000000000000e+02 1.713718671875000613e-02
4.260000000000000000e+02 1.676888593750000891e-02
4.270000000000000000e+02 1.636952109374999881e-02
4.280000000000000000e+02 1.594206484375000621e-02
4.290000000000000000e+02 1.548981562500000193e-02
4.300000000000000000e+02 1.501631406250000973e-02
4.310000000000000000e+02 1.452557187500000228e-02
4.320000000000000000e+02 1.402161718750000521e-02
4.330000000000000000e+02 1.350883281250000144e-02
4.340000000000000000e+02 1.299161796875000080e-02
4.350000000000000000e+02 1.247460625000000600e-02
4.360000000000000000e+02 1.196224140625000085e-02
4.370000000000000000e+02 1.145915546875000447e-02
4.380000000000000000e+02 1.096969609375000529e-02
4.390000000000000000e+02 1.049801171875001243e-02
4.400000000000000000e+02 1.004820937499999872e-02
4.410000000000000000e+02 9.623794531250000339e-03
4.420000000000000000e+02 9.228009374999998626e-03
4.430000000000000000e+02 8.863514062499997653e-03
4.440000000000000000e+02 8.532562499999995012e-03
4.450000000000000000e+02 8.236591406250002093e-03
4.460000000000000000e+02 7.976674218750000322e-03
4.470000000000000000e+02 7.753016406250000381e-03
4.480000000000000000e+02 7.565251562499999971e-03
4.490000000000000000e+02 7.412390625000001877e-03
4.500000000000000000e+02 7.292760937500001803e-03
4.510000000000000000e+02 7.204175000000001897e-03
4.520000000000000000e+02 7.143871406249999341e-03
4.530000000000000000e+02 7.108623281249998663e-03
4.540000000000000000e+02 7.094897968750002275e-03
4.550000000000000000e+02 7.098661953125000833e-03
4.560000000000000000e+02 7.115777031250001064e-03
4.570000000000000000e+02 7.141881640624999326e-03
4.580000000000000000e+02 7.172345546874999388e-03
4.590000000000000000e+02 7.202671718750001256e-03
4.600000000000000000e+02 7.228303359375002138e-03
4.610000000000000000e+02 7.244951328124999736e-03
4.620000000000000000e+02 7.248456093750000294e-03
4.630000000000000000e+02 7.235089687500000609e-03
4.640000000000000000e+02 7.201645625000000113e-03
4.650000000000000000e+02 7.145467343750001518e-03
4.660000000000000000e+02 7.064583437499999050e-03
4.670000000000000000e+02 6.957825390625001043e-03
4.680000000000000000e+02 6.824832500000000031e-03
4.690000000000000000e+02 6.666222343750000112e-03
4.700000000000000000e+02 6.483534843749996952e-03
4.710000000000000000e+02 6.279202578125002952e-03
4.720000000000000000e+02 6.056655624999999002e-03
4.730000000000000000e+02 5.819999843749999735e-03
4.740000000000000000e+02 5.574182187499999476e-03
4.750000000000000000e+02 5.324502187499998221e-03
4.760000000000000000e+02 5.076569453124999722e-03
4.770000000000000000e+02 4.836036093750000972e-03
4.780000000000000000e+02 4.608284218749998835e-03
4.790000000000000000e+02 4.398178046874998658e-03
4.800000000000000000e+02 4.209782656249999241e-03
4.810000000000000000e+02 4.046191562499999901e-03
4.820000000000000000e+02 3.909202500000001114e-03
4.830000000000000000e+02 3.799306953124998755e-03
4.840000000000000000e+02 3.715384765625001726e-03
4.850000000000000000e+02 3.654759453124998940e-03
4.860000000000000000e+02 3.613159765625000800e-03
4.870000000000000000e+02 3.584929609374998532e-03
4.880000000000000000e+02 3.563149812499999836e-03
4.890000000000000000e+02 3.540224492187498892e-03
4.900000000000000000e+02 3.508391898437499337e-03
4.910000000000000000e+02 3.460498214062499717e-03
4.920000000000000000e+02 3.391033203125000655e-03
4.930000000000000000e+02 3.296900421874999088e-03
4.940000000000000000e+02 3.178394953125000116e-03
4.950000000000000000e+02 3.039902374999999945e-03
4.960000000000000000e+02 2.890273546875000640e-03
4.970000000000000000e+02 2.742802427343751012e-03
4.980000000000000000e+02 2.614592485468750054e-03
4.990000000000000000e+02 2.525289775781250443e-03
5.000000000000000000e+02 2.495091892968750655e-03
5.010000000000000000e+02 2.541984992187500732e-03
5.020000000000000000e+02 2.678381179687499333e-03
5.030000000000000000e+02 2.907341101562499648e-03
5.040000000000000000e+02 3.219033226562499281e-03
5.050000000000000000e+02 3.588293199218749781e-03
5.060000000000000000e+02 3.975352312499999541e-03
5.070000000000000000e+02 4.332596640625001154e-03
5.080000000000000000e+02 4.622116640624999995e-03
5.090000000000000000e+02 4.851915078125001307e-03
5.100000000000000000e+02 5.141424359375000586e-03
5.110000000000000000e+02 5.834695781249996972e-03
