0.000000000000000000e+00 5.356220937499996115e-03
1.000000000000000000e+00 5.340566874999997521e-03
2.000000000000000000e+00 5.309394687500000772e-03
3.000000000000000000e+00 5.262912109375000175e-03
4.000000000000000000e+00 5.201363515624998941e-03
5.000000000000000000e+00 5.125167421875001864e-03
6.000000000000000000e+00 5.034820156249997063e-03
7.000000000000000000e+00 4.930886484374994751e-03
8.000000000000000000e+00 4.814020546874999730e-03
9.000000000000000000e+00 4.684948437499999313e-03
1.000000000000000000e+01 4.544498984375000897e-03
1.100000000000000000e+01 4.393543203124999214e-03
1.200000000000000000e+01 4.233026406250001497e-03
1.300000000000000000e+01 4.063932656250000656e-03
1.400000000000000000e+01 3.887320546874998943e-03
1.500000000000000000e+01 3.704277656249999832e-03
1.600000000000000000e+01 3.515898124999999874e-03
1.700000000000000000e+01 3.323350546874998934e-03
1.800000000000000000e+01 3.127783046875001575e-03
1.900000000000000000e+01 2.930357734374999367e-03
2.000000000000000000e+01 2.732252265624997810e-03
2.100000000000000000e+01 2.534616796875001268e-03
2.200000000000000000e+01 2.338603437499999632e-03
2.300000000000000000e+01 2.145332421875000440e-03
2.400000000000000000e+01 1.955895234374999472e-03
2.500000000000000000e+01 1.771342421875001048e-03
2.600000000000000000e+01 1.592696171875000559e-03
2.700000000000000000e+01 1.420907031250000533e-03
2.800000000000000000e+01 1.256883828124999870e-03
2.900000000000000000e+01 1.101466250000000249e-03
3.000000000000000000e+01 9.554307031249997979e-04
3.100000000000000000e+01 8.194892968749996950e-04
3.200000000000000000e+01 6.942714843749998475e-04
3.300000000000000000e+01 5.803364843749999431e-04
3.400000000000000000e+01 4.781569531249999666e-04
3.500000000000000000e+01 3.881304687500001182e-04
3.600000000000000000e+01 3.105688281249998879e-04
3.700000000000000000e+01 2.457028437500000844e-04
3.800000000000000000e+01 1.936798046874999154e-04
3.900000000000000000e+01 1.545642656250000426e-04
4.000000000000000000e+01 1.283402453125000306e-04
4.100000000000000000e+01 1.149120516406249904e-04
4.200000000000000000e+01 1.141074299999999728e-04
4.300000000000000000e+01 1.256789242187499782e-04
4.400000000000000000e+01 1.493092171093749691e-04
4.500000000000000000e+01 1.846121944531250569e-04
4.600000000000000000e+01 2.311397156250000109e-04
4.700000000000000000e+01 2.883844917187500093e-04
4.800000000000000000e+01 3.557824292187502396e-04
4.900000000000000000e+01 4.327248036484374017e-04
5.000000000000000000e+01 5.185535398437501539e-04
5.100000000000000000e+01 6.125732890625000017e-04
5.200000000000000000e+01 7.140620671875002549e-04
5.300000000000000000e+01 8.222531960937495311e-04
5.400000000000000000e+01 9.363765312499997689e-04
5.500000000000000000e+01 1.055630179687499582e-03
5.600000000000000000e+01 1.179217937500000356e-03
5.700000000000000000e+01 1.306313898437500313e-03
5.800000000000000000e+01 1.436109249999999952e-03
5.900000000000000000e+01 1.567801101562500557e-03
6.000000000000000000e+01 1.700580500000000534e-03
6.100000000000000000e+01 1.833671328125000086e-03
6.200000000000000000e+01 1.966298359375000249e-03
6.300000000000000000e+01 2.097719921874999574e-03
6.400000000000000000e+01 2.227213906249999546e-03
6.500000000000000000e+01 2.354104453124998986e-03
6.600000000000000000e+01 2.477728671875000302e-03
6.700000000000000000e+01 2.597466718750001020e-03
6.800000000000000000e+01 2.712752734375000179e-03
6.900000000000000000e+01 2.823041562500000663e-03
7.000000000000000000e+01 2.927838281249998433e-03
7.100000000000000000e+01 3.026702109374999547e-03
7.200000000000000000e+01 3.119234140625000169e-03
7.300000000000000000e+01 3.205061562500000072e-03
7.400000000000000000e+01 3.283889140624999398e-03
7.500000000000000000e+01 3.355456328124999110e-03
7.600000000000000000e+01 3.419557968750000943e-03
7.700000000000000000e+01 3.476017187499999116e-03
7.800000000000000000e+01 3.524725937500001495e-03
7.900000000000000000e+01 3.565604843749999985e-03
8.000000000000000000e+01 3.598639453124998725e-03
8.100000000000000000e+01 3.623839296875000070e-03
8.200000000000000000e+01 3.641254921874999533e-03
8.300000000000000000e+01 3.650992500000001077e-03
8.400000000000000000e+01 3.653183906249999474e-03
8.500000000000000000e+01 3.648007734374999166e-03
8.600000000000000000e+01 3.635663124999999416e-03
8.700000000000000000e+01 3.616384921874999780e-03
8.800000000000000000e+01 3.590435781249999049e-03
8.900000000000000000e+01 3.558122187499999835e-03
9.000000000000000000e+01 3.519745624999999142e-03
9.100000000000000000e+01 3.475642578125000270e-03
9.200000000000000000e+01 3.426175234374999930e-03
9.300000000000000000e+01 3.371700703125000108e-03
9.400000000000000000e+01 3.312609140625000573e-03
9.500000000000000000e+01 3.249296171875001686e-03
9.600000000000000000e+01 3.182159999999999416e-03
9.700000000000000000e+01 3.111616875000000615e-03
9.800000000000000000e+01 3.038061796874998600e-03
9.900000000000000000e+01 2.961914843749999943e-03
1.000000000000000000e+02 2.883580078125000563e-03
1.010000000000000000e+02 2.803470234374998322e-03
1.020000000000000000e+02 2.721973203124999387e-03
1.030000000000000000e+02 2.639496406249999642e-03
1.040000000000000000e+02 2.556411562499999891e-03
1.050000000000000000e+02 2.473094765624999931e-03
1.060000000000000000e+02 2.389897890624999733e-03
1.070000000000000000e+02 2.307173437500000240e-03
1.080000000000000000e+02 2.225238984374999524e-03
1.090000000000000000e+02 2.144409453125000094e-03
1.100000000000000000e+02 2.064975937500000951e-03
1.110000000000000000e+02 1.987212968750000277e-03
1.120000000000000000e+02 1.911370859375000108e-03
1.130000000000000000e+02 1.837680703124999586e-03
1.140000000000000000e+02 1.766356249999999828e-03
1.150000000000000000e+02 1.697583203125000231e-03
1.160000000000000000e+02 1.631527046874999996e-03
1.170000000000000000e+02 1.568333421875000092e-03
1.180000000000000000e+02 1.508122460937500169e-03
1.190000000000000000e+02 1.450991945312499719e-03
1.200000000000000000e+02 1.397019882812499747e-03
1.210000000000000000e+02 1.346262566484374579e-03
1.220000000000000000e+02 1.298744488281249748e-03
1.230000000000000000e+02 1.254490414062499597e-03
1.240000000000000000e+02 1.213485546874999753e-03
1.250000000000000000e+02 1.175703304687500221e-03
1.260000000000000000e+02 1.141107093749999879e-03
1.270000000000000000e+02 1.109613671874999825e-03
1.280000000000000000e+02 1.081166796874999305e-03
1.290000000000000000e+02 1.055651875000000088e-03
1.300000000000000000e+02 1.032975046875000188e-03
1.310000000000000000e+02 1.013013781250000130e-03
1.320000000000000000e+02 9.956330937500000589e-04
1.330000000000000000e+02 9.806906406250000870e-04
1.340000000000000000e+02 9.680484140624998892e-04
1.350000000000000000e+02 9.575396796875001657e-04
1.360000000000000000e+02 9.490152499999996447e-04
1.370000000000000000e+02 9.423115750000000176e-04
1.380000000000000000e+02 9.372653375000001208e-04
1.390000000000000000e+02 9.337179242187501746e-04
1.400000000000000000e+02 9.315080078124998329e-04
1.410000000000000000e+02 9.304845132812501621e-04
1.420000000000000000e+02 9.304946203125001765e-04
1.430000000000000000e+02 9.314034828125001848e-04
1.440000000000000000e+02 9.330782445312500121e-04
1.450000000000000000e+02 9.353958398437496645e-04
1.460000000000000000e+02 9.382442140624999011e-04
1.470000000000000000e+02 9.415305796875003599e-04
1.480000000000000000e+02 9.451658914062495767e-04
1.490000000000000000e+02 9.490869140625001962e-04
1.500000000000000000e+02 9.532393671875001714e-04
1.510000000000000000e+02 9.575872187500000798e-04
1.520000000000000000e+02 9.621015781249998410e-04
1.530000000000000000e+02 9.667794687499999375e-04
1.540000000000000000e+02 9.716294375000002074e-04
1.550000000000000000e+02 9.766728437500000332e-04
1.560000000000000000e+02 9.819388203125003437e-04
1.570000000000000000e+02 9.874875859375003423e-04
1.580000000000000000e+02 9.933660468749998425e-04
1.590000000000000000e+02 9.996432187500000309e-04
1.600000000000000000e+02 1.006390833593750469e-03
1.610000000000000000e+02 1.013693436718750328e-03
1.620000000000000000e+02 1.021621346062499954e-03
1.630000000000000000e+02 1.030260544843749834e-03
1.640000000000000000e+02 1.039682561718749962e-03
1.650000000000000000e+02 1.049956960156250190e-03
1.660000000000000000e+02 1.061134618750000274e-03
1.670000000000000000e+02 1.073269990624999958e-03
1.680000000000000000e+02 1.086389210937499560e-03
1.690000000000000000e+02 1.100509320312499997e-03
1.700000000000000000e+02 1.115615398437500147e-03
1.710000000000000000e+02 1.131697367187500108e-03
1.720000000000000000e+02 1.148682843749999818e-03
1.730000000000000000e+02 1.166501179687500032e-03
1.740000000000000000e+02 1.185064632812499880e-03
1.750000000000000000e+02 1.204233140625000009e-03
1.760000000000000000e+02 1.223866710937499946e-03
1.770000000000000000e+02 1.243781882812501063e-03
1.780000000000000000e+02 1.263797296874999941e-03
1.790000000000000000e+02 1.283694250000000456e-03
1.800000000000000000e+02 1.303242646874999775e-03
1.810000000000000000e+02 1.322218441406250314e-03
1.820000000000000000e+02 1.340377769531249505e-03
1.830000000000000000e+02 1.357466795312500850e-03
1.840000000000000000e+02 1.373263288281250868e-03
1.850000000000000000e+02 1.387541293281249494e-03
1.860000000000000000e+02 1.400083574218749689e-03
1.870000000000000000e+02 1.410718046093750386e-03
1.880000000000000000e+02 1.419292375000001053e-03
1.890000000000000000e+02 1.425696664062499385e-03
1.900000000000000000e+02 1.429859921875000286e-03
1.910000000000000000e+02 1.431768984374999845e-03
1.920000000000000000e+02 1.431467648437501029e-03
1.930000000000000000e+02 1.429044328125000235e-03
1.940000000000000000e+02 1.424666117187500369e-03
1.950000000000000000e+02 1.418564101562499709e-03
1.960000000000000000e+02 1.411037109375000344e-03
1.970000000000000000e+02 1.402457664062499833e-03
1.980000000000000000e+02 1.393258484375000262e-03
1.990000000000000000e+02 1.383942335937500025e-03
2.000000000000000000e+02 1.375076357812500148e-03
2.010000000000000000e+02 1.367284658593749709e-03
2.020000000000000000e+02 1.361244160468750219e-03
2.030000000000000000e+02 1.357676525859374860e-03
2.040000000000000000e+02 1.357337453124999888e-03
2.050000000000000000e+02 1.361017667187500516e-03
2.060000000000000000e+02 1.369516517187499734e-03
2.070000000000000000e+02 1.383636257812500452e-03
2.080000000000000000e+02 1.404182103906250704e-03
2.090000000000000000e+02 1.431939217968750599e-03
2.100000000000000000e+02 1.467651074218750658e-03
2.110000000000000000e+02 1.512029360937500178e-03
2.120000000000000000e+02 1.565724333593749738e-03
2.130000000000000000e+02 1.629329074218749526e-03
2.140000000000000000e+02 1.703340046874999561e-03
2.150000000000000000e+02 1.788183648437500573e-03
2.160000000000000000e+02 1.884186085937500322e-03
2.170000000000000000e+02 1.991570937499998438e-03
2.180000000000000000e+02 2.110432070312499939e-03
2.190000000000000000e+02 2.240782781249999779e-03
2.200000000000000000e+02 2.382491382812500919e-03
2.210000000000000000e+02 2.535330453124999897e-03
2.220000000000000000e+02 2.698932203125000134e-03
2.230000000000000000e+02 2.872835093749999749e-03
2.240000000000000000e+02 3.056456140625000290e-03
2.250000000000000000e+02 3.249122343750000808e-03
2.260000000000000000e+02 3.450019296875000627e-03
2.270000000000000000e+02 3.658337187499998387e-03
2.280000000000000000e+02 3.873073914062499182e-03
2.290000000000000000e+02 4.093288218750001234e-03
2.300000000000000000e+02 4.317866945312500218e-03
2.310000000000000000e+02 4.545723578124999040e-03
2.320000000000000000e+02 4.775784429687499055e-03
2.330000000000000000e+02 5.006838726562503304e-03
2.340000000000000000e+02 5.237836039062498950e-03
2.350000000000000000e+02 5.467638914062499661e-03
2.360000000000000000e+02 5.695178218750002880e-03
2.370000000000000000e+02 5.919381742187499428e-03
2.380000000000000000e+02 6.139350070312498894e-03
2.390000000000000000e+02 6.354056304687502946e-03
2.400000000000000000e+02 6.562796195312503231e-03
2.410000000000000000e+02 6.764691875000003636e-03
2.420000000000000000e+02 6.959166851562502941e-03
2.430000000000000000e+02 7.145580054687499655e-03
2.440000000000000000e+02 7.323512054687501827e-03
2.450000000000000000e+02 7.492552156250000331e-03
2.460000000000000000e+02 7.652423343749997428e-03
2.470000000000000000e+02 7.802958007812497640e-03
2.480000000000000000e+02 7.944063984375004592e-03
2.490000000000000000e+02 8.075691195312498238e-03
2.500000000000000000e+02 8.197953468750001499e-03
2.510000000000000000e+02 8.310976906249998089e-03
2.520000000000000000e+02 8.414982156249998721e-03
2.530000000000000000e+02 8.510309117187498176e-03
2.540000000000000000e+02 8.597179000000001667e-03
2.550000000000000000e+02 8.676073937499997196e-03
2.560000000000000000e+02 8.747308835937496821e-03
2.570000000000000000e+02 8.811319999999995753e-03
2.580000000000000000e+02 8.868579843750003591e-03
2.590000000000000000e+02 8.919486640624996535e-03
2.600000000000000000e+02 8.964491171874998388e-03
2.610000000000000000e+02 9.004035234375002555e-03
2.620000000000000000e+02 9.038526562500001291e-03
2.630000000000000000e+02 9.068383437499995606e-03
2.640000000000000000e+02 9.093942812499996795e-03
2.650000000000000000e+02 9.115523125000008983e-03
2.660000000000000000e+02 9.133560859375002353e-03
2.670000000000000000e+02 9.148276406249997508e-03
2.680000000000000000e+02 9.159903515625001519e-03
2.690000000000000000e+02 9.168747109375000037e-03
2.700000000000000000e+02 9.174986484374998003e-03
2.710000000000000000e+02 9.178877031250001067e-03
2.720000000000000000e+02 9.180515039062498231e-03
2.730000000000000000e+02 9.180241000000003912e-03
2.740000000000000000e+02 9.178128389062499906e-03
2.750000000000000000e+02 9.174445601562502758e-03
2.760000000000000000e+02 9.169422195312498802e-03
2.770000000000000000e+02 9.163249851562495912e-03
2.780000000000000000e+02 9.156223609374996436e-03
2.790000000000000000e+02 9.148705000000001766e-03
2.800000000000000000e+02 9.140936874999996617e-03
2.810000000000000000e+02 9.133403437499999777e-03
2.820000000000000000e+02 9.126565703124993670e-03
2.830000000000000000e+02 9.120886406250004047e-03
2.840000000000000000e+02 9.117029625000003593e-03
2.850000000000000000e+02 9.115546648437498553e-03
2.860000000000000000e+02 9.117192453124997251e-03
2.870000000000000000e+02 9.122750968749997538e-03
2.880000000000000000e+02 9.133014843750003955e-03
2.890000000000000000e+02 9.148939609375003612e-03
2.900000000000000000e+02 9.171455937500004943e-03
2.910000000000000000e+02 9.201518515625003308e-03
2.920000000000000000e+02 9.240243445312502565e-03
2.930000000000000000e+02 9.288740601562504862e-03
2.940000000000000000e+02 9.348115351562507128e-03
2.950000000000000000e+02 9.419529859374997649e-03
2.960000000000000000e+02 9.504140548437498004e-03
2.970000000000000000e+02 9.603072154687504816e-03
2.980000000000000000e+02 9.717477351562501739e-03
2.990000000000000000e+02 9.848533373437501001e-03
3.000000000000000000e+02 9.997325599999998952e-03
3.010000000000000000e+02 1.016482021015625500e-02
3.020000000000000000e+02 1.035211519453124902e-02
3.030000000000000000e+02 1.056000633046875331e-02
3.040000000000000000e+02 1.078947083828125583e-02
3.050000000000000000e+02 1.104111682499999553e-02
3.060000000000000000e+02 1.131566350140625343e-02
3.070000000000000000e+02 1.161349053124999947e-02
3.080000000000000000e+02 1.193510428359374938e-02
3.090000000000000000e+02 1.228067869296874635e-02
3.100000000000000000e+02 1.265038526562500300e-02
3.110000000000000000e+02 1.304409560156250328e-02
3.120000000000000000e+02 1.346165015625000461e-02
3.130000000000000000e+02 1.390275779687500345e-02
3.140000000000000000e+02 1.436673048437500134e-02
3.150000000000000000e+02 1.485301565624999424e-02
3.160000000000000000e+02 1.536069334687500086e-02
3.170000000000000000e+02 1.588883292578125231e-02
3.180000000000000000e+02 1.643613188281250331e-02
3.190000000000000000e+02 1.700134957031250102e-02
3.200000000000000000e+02 1.758294085937499654e-02
3.210000000000000000e+02 1.817934828124999694e-02
3.220000000000000000e+02 1.878866734374999570e-02
3.230000000000000000e+02 1.940901789062500840e-02
3.240000000000000000e+02 2.003830781250000304e-02
3.250000000000000000e+02 2.067440625000000615e-02
3.260000000000000000e+02 2.131486093749999575e-02
3.270000000000000000e+02 2.195738203124999663e-02
3.280000000000000000e+02 2.259939140624999537e-02
3.290000000000000000e+02 2.323844375000000059e-02
3.300000000000000000e+02 2.387182578125000149e-02
3.310000000000000000e+02 2.449690781249999963e-02
3.320000000000000000e+02 2.511097968750000339e-02
3.330000000000000000e+02 2.571151953124999057e-02
3.340000000000000000e+02 2.629592421875000599e-02
3.350000000000000000e+02 2.686156093749999391e-02
3.360000000000000000e+02 2.740594296874999947e-02
3.370000000000000000e+02 2.792663906250000827e-02
3.380000000000000000e+02 2.842131796875000185e-02
3.390000000000000000e+02 2.888773749999999640e-02
3.400000000000000000e+02 2.932382812500000657e-02
3.410000000000000000e+02 2.972752499999999770e-02
3.420000000000000000e+02 3.009686249999999480e-02
3.430000000000000000e+02 3.043015312499999445e-02
3.440000000000000000e+02 3.072569453124998975e-02
3.450000000000000000e+02 3.098211250000000236e-02
3.460000000000000000e+02 3.119801484375000003e-02
3.470000000000000000e+02 3.137234375000001046e-02
3.480000000000000000e+02 3.150419687500000121e-02
3.490000000000000000e+02 3.159276328124999839e-02
3.500000000000000000e+02 3.163778749999999335e-02
3.510000000000000000e+02 3.163897109374998878e-02
3.520000000000000000e+02 3.159635234375000878e-02
3.530000000000000000e+02 3.151014531249998751e-02
3.540000000000000000e+02 3.138104140624999039e-02
3.550000000000000000e+02 3.120966874999999557e-02
3.560000000000000000e+02 3.099700000000001066e-02
3.570000000000000000e+02 3.074421406249999711e-02
3.580000000000000000e+02 3.045265000000000125e-02
3.590000000000000000e+02 3.012384765625000793e-02
3.600000000000000000e+02 2.975949687500000287e-02
3.610000000000000000e+02 2.936148437500001387e-02
3.620000000000000000e+02 2.893189843749999907e-02
3.630000000000000000e+02 2.847289757812499628e-02
3.640000000000000000e+02 2.798691742187499332e-02
3.650000000000000000e+02 2.747646429687501321e-02
3.660000000000000000e+02 2.694442320312502234e-02
3.670000000000000000e+02 2.639371984374999300e-02
3.680000000000000000e+02 2.582752023437500516e-02
3.690000000000000000e+02 2.524902804687500363e-02
3.700000000000000000e+02 2.466167070312499932e-02
3.710000000000000000e+02 2.406901320312500661e-02
3.720000000000000000e+02 2.347461554687501131e-02
3.730000000000000000e+02 2.288210343749998155e-02
3.740000000000000000e+02 2.229494500000000698e-02
3.750000000000000000e+02 2.171685429687501834e-02
3.760000000000000000e+02 2.115115593750000952e-02
3.770000000000000000e+02 2.060117617187498876e-02
3.780000000000000000e+02 2.007010713281251121e-02
3.790000000000000000e+02 1.956103174999999569e-02
3.800000000000000000e+02 1.907662075000000207e-02
3.810000000000000000e+02 1.861948117187501098e-02
3.820000000000000000e+02 1.819193602343750771e-02
3.830000000000000000e+02 1.779603607812499377e-02
3.840000000000000000e+02 1.743358559687501266e-02
3.850000000000000000e+02 1.710610807500001149e-02
3.860000000000000000e+02 1.681489773281250738e-02
3.870000000000000000e+02 1.656074548984374714e-02
3.880000000000000000e+02 1.634438570390624526e-02
3.890000000000000000e+02 1.616605457031249776e-02
3.900000000000000000e+02 1.602577559375000654e-02
3.910000000000000000e+02 1.592324407031249500e-02
3.920000000000000000e+02 1.585779961874999797e-02
3.930000000000000000e+02 1.582853848750000181e-02
3.940000000000000000e+02 1.583414694687499888e-02
3.950000000000000000e+02 1.587311485390625193e-02
3.960000000000000000e+02 1.594357851718750455e-02
3.970000000000000000e+02 1.604344290859375036e-02
3.980000000000000000e+02 1.617016514843749864e-02
3.990000000000000000e+02 1.632117079687500291e-02
4.000000000000000000e+02 1.649344969531248845e-02
4.010000000000000000e+02 1.668378920312500388e-02
4.020000000000000000e+02 1.688883148437500537e-02
4.030000000000000000e+02 1.710485976562498706e-02
4.040000000000000000e+02 1.732813960937498385e-02
4.050000000000000000e+02 1.755470937500000148e-02
4.060000000000000000e+02 1.778051226562499948e-02
4.070000000000000000e+02 1.800155132812499351e-02
4.080000000000000000e+02 1.821372390625001364e-02
4.090000000000000000e+02 1.841298328124999981e-02
4.100000000000000000e+02 1.859548484375000282e-02
4.110000000000000000e+02 1.875744265624999449e-02
4.120000000000000000e+02 1.889535906250000563e-02
4.130000000000000000e+02 1.900597343749999696e-02
4.140000000000000000e+02 1.908629999999997967e-02
4.150000000000000000e+02 1.913373203125000310e-02
4.160000000000000000e+02 1.914596562499999016e-02
4.170000000000000000e+02 1.912116953124998880e-02
4.180000000000000000e+02 1.905776718750001528e-02
4.190000000000000000e+02 1.895468125000000781e-02
4.200000000000000000e+02 1.881127265624999920e-02
4.210000000000000000e+02 1.862740468749998768e-02
4.220000000000000000e+02 1.840324218750000185e-02
4.230000000000000000e+02 1.813952968749999589e-02
4.240000000000000000e+02 1.783748984374999846e-02
4.250000000000000000e+02 1.749875390625000443e-02
4.260000000000000000e+02 1.712545546875001226e-02
4.270000000000000000e+02 1.672008828124999305e-02
4.280000000000000000e+02 1.628561718749999346e-02
4.290000000000000000e+02 1.582542656250000845e-02
4.300000000000000000e+02 1.534299765624999763e-02
4.310000000000000000e+02 1.484238515625000039e-02
4.320000000000000000e+02 1.432768203125000563e-02
4.330000000000000000e+02 1.380324453125000676e-02
4.340000000000000000e+02 1.327357421875000401e-02
4.350000000000000000e+02 1.274320781249999902e-02
4.360000000000000000e+02 1.221676796875000200e-02
4.370000000000000000e+02 1.169885781250000652e-02
4.380000000000000000e+02 1.119383437500000127e-02
4.390000000000000000e+02 1.070606249999999336e-02
4.400000000000000000e+02 1.023953359374999740e-02
4.410000000000000000e+02 9.798008593749999232e-03
4.420000000000000000e+02 9.384749999999997261e-03
4.430000000000000000e+02 9.002699218750000176e-03
4.440000000000000000e+02 8.654084374999992252e-03
4.450000000000000000e+02 8.340791406250004300e-03
4.460000000000000000e+02 8.063914062500001853e-03
4.470000000000000000e+02 7.824017187499998985e-03
4.480000000000000000e+02 7.621016406249997606e-03
4.490000000000000000e+02 7.454163281250000481e-03
4.500000000000000000e+02 7.322148437500003784e-03
4.510000000000000000e+02 7.223096875000002172e-03
4.520000000000000000e+02 7.154585937500000138e-03
4.530000000000000000e+02 7.113719921874999200e-03
4.540000000000000000e+02 7.097163671874998428e-03
4.550000000000000000e+02 7.101278046874999472e-03
4.560000000000000000e+02 7.121913906250000939e-03
4.570000000000000000e+02 7.154790390625002244e-03
4.580000000000000000e+02 7.195401484374999886e-03
4.590000000000000000e+02 7.239057500000002469e-03
4.600000000000000000e+02 7.281095624999999252e-03
4.610000000000000000e+02 7.316883046874994925e-03
4.620000000000000000e+02 7.341946250000003574e-03
4.630000000000000000e+02 7.352179999999996357e-03
4.640000000000000000e+02 7.343868828125000789e-03
4.650000000000000000e+02 7.313766953125001857e-03
4.660000000000000000e+02 7.259369921874998972e-03
4.670000000000000000e+02 7.178850390624997267e-03
4.680000000000000000e+02 7.071248515625000626e-03
4.690000000000000000e+02 6.936561015624999500e-03
4.700000000000000000e+02 6.775648593749996652e-03
4.710000000000000000e+02 6.590456249999997011e-03
4.720000000000000000e+02 6.383764999999999579e-03
4.730000000000000000e+02 6.159302031249996694e-03
4.740000000000000000e+02 5.921503437499997871e-03
4.750000000000000000e+02 5.675304765624998235e-03
4.760000000000000000e+02 5.426047812500000254e-03
4.770000000000000000e+02 5.179251406249999086e-03
4.780000000000000000e+02 4.940297734374999791e-03
4.790000000000000000e+02 4.714237265624999888e-03
4.800000000000000000e+02 4.505527656250001012e-03
4.810000000000000000e+02 4.317860624999998558e-03
4.820000000000000000e+02 4.153879140624999571e-03
4.830000000000000000e+02 4.014976249999999830e-03
4.840000000000000000e+02 3.901242734375000559e-03
4.850000000000000000e+02 3.811207265624998609e-03
4.860000000000000000e+02 3.741900703125000324e-03
4.870000000000000000e+02 3.688906718750000098e-03
4.880000000000000000e+02 3.646534710937500597e-03
4.890000000000000000e+02 3.608291554687500808e-03
4.900000000000000000e+02 3.567379273437499936e-03
4.910000000000000000e+02 3.517438953125001568e-03
4.920000000000000000e+02 3.453404179687499884e-03
4.930000000000000000e+02 3.372253812500000843e-03
4.940000000000000000e+02 3.273988835937498721e-03
4.950000000000000000e+02 3.162130440624999136e-03
4.960000000000000000e+02 3.044107983593750608e-03
4.970000000000000000e+02 2.931223523437500970e-03
4.980000000000000000e+02 2.838139093749999023e-03
4.990000000000000000e+02 2.781714028906252193e-03
5.000000000000000000e+02 2.779252928671875362e-03
5.010000000000000000e+02 2.846011976562499990e-03
5.020000000000000000e+02 2.992077578125000668e-03
5.030000000000000000e+02 3.218808750000001426e-03
5.040000000000000000e+02 3.515347414062499828e-03
5.050000000000000000e+02 3.856255999999999746e-03
5.060000000000000000e+02 4.202168132812499762e-03
5.070000000000000000e+02 4.506443609374999847e-03
5.080000000000000000e+02 4.733032289062498628e-03
5.090000000000000000e+02 4.892979765625000456e-03
5.100000000000000000e+02 5.112082023437498034e-03
5.110000000000000000e+02 5.746871046875001027e-03
