0.000000000000000000e+00 5.201073125000002170e-03
1.000000000000000000e+00 5.186036718749998525e-03
2.000000000000000000e+00 5.156085624999998292e-03
3.000000000000000000e+00 5.111368281250000534e-03
4.000000000000000000e+00 5.052217421874997949e-03
5.000000000000000000e+00 4.978973437500003492e-03
6.000000000000000000e+00 4.892102812499996706e-03
7.000000000000000000e+00 4.792152578125001908e-03
8.000000000000000000e+00 4.679751093749998439e-03
9.000000000000000000e+00 4.555611015624999767e-03
1.000000000000000000e+01 4.420487968750000211e-03
1.100000000000000000e+01 4.275235156250002146e-03
1.200000000000000000e+01 4.120743828125000494e-03
1.300000000000000000e+01 3.957972578125000702e-03
1.400000000000000000e+01 3.787917343749998972e-03
1.500000000000000000e+01 3.611612656250000244e-03
1.600000000000000000e+01 3.430124531249998960e-03
1.700000000000000000e+01 3.244549609374999463e-03
1.800000000000000000e+01 3.055991171875000866e-03
1.900000000000000000e+01 2.865569921875000051e-03
2.000000000000000000e+01 2.674401171874998904e-03
2.100000000000000000e+01 2.483597265625000876e-03
2.200000000000000000e+01 2.294244921874999919e-03
2.300000000000000000e+01 2.107438750000000145e-03
2.400000000000000000e+01 1.924199765625000383e-03
2.500000000000000000e+01 1.745561406249999861e-03
2.600000000000000000e+01 1.572490937500000763e-03
2.700000000000000000e+01 1.405902812500000546e-03
2.800000000000000000e+01 1.246666249999999442e-03
2.900000000000000000e+01 1.095596015625000105e-03
3.000000000000000000e+01 9.534463281249998734e-04
3.100000000000000000e+01 8.208921875000002675e-04
3.200000000000000000e+01 6.985460937500002519e-04
3.300000000000000000e+01 5.869499218749996442e-04
3.400000000000000000e+01 4.865625781250000831e-04
3.500000000000000000e+01 3.977728125000000729e-04
3.600000000000000000e+01 3.208862500000000213e-04
3.700000000000000000e+01 2.561309843749998909e-04
3.800000000000000000e+01 2.036570624999999859e-04
3.900000000000000000e+01 1.635345078124999867e-04
4.000000000000000000e+01 1.357555929687500468e-04
4.100000000000000000e+01 1.202386454687500328e-04
4.200000000000000000e+01 1.168264676562499974e-04
4.300000000000000000e+01 1.252899852343749589e-04
4.400000000000000000e+01 1.453347109375000337e-04
4.500000000000000000e+01 1.765997489843749491e-04
4.600000000000000000e+01 2.186623046875000036e-04
4.700000000000000000e+01 2.710449835937499209e-04
4.800000000000000000e+01 3.332168773437499528e-04
4.900000000000000000e+01 4.045994833593752641e-04
5.000000000000000000e+01 4.845708792968748718e-04
5.100000000000000000e+01 5.724719119531250641e-04
5.200000000000000000e+01 6.676128539062497905e-04
5.300000000000000000e+01 7.692723539062502154e-04
5.400000000000000000e+01 8.767097421875001901e-04
5.500000000000000000e+01 9.891719374999997840e-04
5.600000000000000000e+01 1.105881375000000418e-03
5.700000000000000000e+01 1.226068710937500139e-03
5.800000000000000000e+01 1.348951882812500112e-03
5.900000000000000000e+01 1.473758242187499365e-03
6.000000000000000000e+01 1.599735593750000254e-03
6.100000000000000000e+01 1.726117031250000086e-03
6.200000000000000000e+01 1.852171953125000261e-03
6.300000000000000000e+01 1.977188828124999947e-03
6.400000000000000000e+01 2.100483203125000104e-03
6.500000000000000000e+01 2.221387265625000308e-03
6.600000000000000000e+01 2.339271796874999986e-03
6.700000000000000000e+01 2.453553046875000653e-03
6.800000000000000000e+01 2.563671484375000184e-03
6.900000000000000000e+01 2.669106562499999787e-03
7.000000000000000000e+01 2.769383671875001209e-03
7.100000000000000000e+01 2.864068906249999952e-03
7.200000000000000000e+01 2.952784453124999726e-03
7.300000000000000000e+01 3.035172109375000853e-03
7.400000000000000000e+01 3.110942656250000743e-03
7.500000000000000000e+01 3.179834375000002277e-03
7.600000000000000000e+01 3.241646093750000322e-03
7.700000000000000000e+01 3.296230937500000194e-03
7.800000000000000000e+01 3.343447265625000119e-03
7.900000000000000000e+01 3.383231953124999931e-03
8.000000000000000000e+01 3.415553281250000277e-03
8.100000000000000000e+01 3.440438828125000521e-03
8.200000000000000000e+01 3.457920703125000241e-03
8.300000000000000000e+01 3.468111406250000937e-03
8.400000000000000000e+01 3.471108203125001720e-03
8.500000000000000000e+01 3.467096406249998725e-03
8.600000000000000000e+01 3.456262968749999800e-03
8.700000000000000000e+01 3.438827890625000168e-03
8.800000000000000000e+01 3.415049531249998715e-03
8.900000000000000000e+01 3.385198750000000326e-03
9.000000000000000000e+01 3.349575156249999085e-03
9.100000000000000000e+01 3.308507109374999536e-03
9.200000000000000000e+01 3.262321484374998762e-03
9.300000000000000000e+01 3.211375312500000089e-03
9.400000000000000000e+01 3.156033124999999429e-03
9.500000000000000000e+01 3.096682578125000470e-03
9.600000000000000000e+01 3.033683984375000042e-03
9.700000000000000000e+01 2.967448828125000132e-03
9.800000000000000000e+01 2.898355546875000174e-03
9.900000000000000000e+01 2.826797343750000937e-03
1.000000000000000000e+02 2.753171171874999913e-03
1.010000000000000000e+02 2.677864609375000832e-03
1.020000000000000000e+02 2.601246953124999699e-03
1.030000000000000000e+02 2.523704921874999826e-03
1.040000000000000000e+02 2.445595468749999380e-03
1.050000000000000000e+02 2.367279218750000230e-03
1.060000000000000000e+02 2.289091953125000408e-03
1.070000000000000000e+02 2.211359921874999929e-03
1.080000000000000000e+02 2.134402812500000527e-03
1.090000000000000000e+02 2.058497656250000800e-03
1.100000000000000000e+02 1.983936718750000001e-03
1.110000000000000000e+02 1.910974296875000457e-03
1.120000000000000000e+02 1.839846093749999750e-03
1.130000000000000000e+02 1.770773203124999902e-03
1.140000000000000000e+02 1.703953515624999533e-03
1.150000000000000000e+02 1.639563601562500465e-03
1.160000000000000000e+02 1.577754171874999915e-03
1.170000000000000000e+02 1.518658632812499871e-03
1.180000000000000000e+02 1.462397101562500209e-03
1.190000000000000000e+02 1.409051991406250204e-03
1.200000000000000000e+02 1.358692359765624946e-03
1.210000000000000000e+02 1.311365069531249998e-03
1.220000000000000000e+02 1.267104499999999754e-03
1.230000000000000000e+02 1.225910749999999799e-03
1.240000000000000000e+02 1.187776046874999738e-03
1.250000000000000000e+02 1.152663414062499734e-03
1.260000000000000000e+02 1.120529609374999996e-03
1.270000000000000000e+02 1.091314531249999850e-03
1.280000000000000000e+02 1.064927734374999848e-03
1.290000000000000000e+02 1.041286484374999953e-03
1.300000000000000000e+02 1.020274453125000029e-03
1.310000000000000000e+02 1.001779749999999990e-03
1.320000000000000000e+02 9.856758359374998696e-04
1.330000000000000000e+02 9.718219140624998354e-04
1.340000000000000000e+02 9.600731015624998192e-04
1.350000000000000000e+02 9.502831250000001598e-04
1.360000000000000000e+02 9.423042812499998885e-04
1.370000000000000000e+02 9.359732187499996596e-04
1.380000000000000000e+02 9.311470546874997620e-04
1.390000000000000000e+02 9.276638046875002389e-04
1.400000000000000000e+02 9.253722578125000162e-04
1.410000000000000000e+02 9.241388984374997650e-04
1.420000000000000000e+02 9.238139921874999111e-04
1.430000000000000000e+02 9.242715390625000967e-04
1.440000000000000000e+02 9.253877499999996680e-04
1.450000000000000000e+02 9.270541953124999696e-04
1.460000000000000000e+02 9.291676015624997405e-04
1.470000000000000000e+02 9.316436562499997740e-04
1.480000000000000000e+02 9.344084609374998275e-04
1.490000000000000000e+02 9.374000000000000171e-04
1.500000000000000000e+02 9.405779140625003358e-04
1.510000000000000000e+02 9.439094062499998319e-04
1.520000000000000000e+02 9.473859687499996225e-04
1.530000000000000000e+02 9.510021015625000004e-04
1.540000000000000000e+02 9.547785937499997811e-04
1.550000000000000000e+02 9.587432968750000256e-04
1.560000000000000000e+02 9.629322109374997829e-04
1.570000000000000000e+02 9.674033671875000582e-04
1.580000000000000000e+02 9.722107812499995250e-04
1.590000000000000000e+02 9.774345374999997022e-04
1.600000000000000000e+02 9.831477296874998467e-04
1.610000000000000000e+02 9.894274627343748775e-04
1.620000000000000000e+02 9.963557343750000309e-04
1.630000000000000000e+02 1.004010904687499886e-03
1.640000000000000000e+02 1.012466491406249520e-03
1.650000000000000000e+02 1.021788003906250360e-03
1.660000000000000000e+02 1.032036945312500001e-03
1.670000000000000000e+02 1.043262156250000230e-03
1.680000000000000000e+02 1.055478632812499986e-03
1.690000000000000000e+02 1.068704304687499588e-03
1.700000000000000000e+02 1.082936562499999976e-03
1.710000000000000000e+02 1.098140023437500258e-03
1.720000000000000000e+02 1.114263367187499909e-03
1.730000000000000000e+02 1.131226914062500319e-03
1.740000000000000000e+02 1.148933117187499707e-03
1.750000000000000000e+02 1.167257953124999385e-03
1.760000000000000000e+02 1.186045664062499371e-03
1.770000000000000000e+02 1.205129734374999059e-03
1.780000000000000000e+02 1.224325968750000423e-03
1.790000000000000000e+02 1.243416554687500801e-03
1.800000000000000000e+02 1.262189070312500329e-03
1.810000000000000000e+02 1.280413781250000450e-03
1.820000000000000000e+02 1.297847453125000605e-03
1.830000000000000000e+02 1.314266695312499983e-03
1.840000000000000000e+02 1.329440717187498717e-03
1.850000000000000000e+02 1.343156707812500315e-03
1.860000000000000000e+02 1.355224778046874900e-03
1.870000000000000000e+02 1.365468396562499959e-03
1.880000000000000000e+02 1.373752358593750183e-03
1.890000000000000000e+02 1.379985856249999962e-03
1.900000000000000000e+02 1.384108140624999922e-03
1.910000000000000000e+02 1.386125632812500522e-03
1.920000000000000000e+02 1.386085906249999748e-03
1.930000000000000000e+02 1.384105343750000744e-03
1.940000000000000000e+02 1.380372195312501134e-03
1.950000000000000000e+02 1.375120234375000819e-03
1.960000000000000000e+02 1.368665296875000523e-03
1.970000000000000000e+02 1.361395359374999864e-03
1.980000000000000000e+02 1.353763539062499298e-03
1.990000000000000000e+02 1.346277632812500425e-03
2.000000000000000000e+02 1.339525974218750424e-03
2.010000000000000000e+02 1.334140482031249053e-03
2.020000000000000000e+02 1.330811501562499319e-03
2.030000000000000000e+02 1.330270937499999874e-03
2.040000000000000000e+02 1.333290218750000315e-03
2.050000000000000000e+02 1.340661343750000406e-03
2.060000000000000000e+02 1.353189117187499589e-03
2.070000000000000000e+02 1.371693264843750447e-03
2.080000000000000000e+02 1.396976761718750435e-03
2.090000000000000000e+02 1.429822078124999606e-03
2.100000000000000000e+02 1.470982590625000965e-03
2.110000000000000000e+02 1.521164736296875012e-03
2.120000000000000000e+02 1.581019882031250035e-03
2.130000000000000000e+02 1.651129114062500642e-03
2.140000000000000000e+02 1.731983421875000519e-03
2.150000000000000000e+02 1.823997351562500627e-03
2.160000000000000000e+02 1.927483531249999955e-03
2.170000000000000000e+02 2.042640578124999776e-03
2.180000000000000000e+02 2.169549874999998889e-03
2.190000000000000000e+02 2.308200203125000596e-03
2.200000000000000000e+02 2.458423872890626912e-03
2.210000000000000000e+02 2.619957531249999302e-03
2.220000000000000000e+02 2.792398171874999665e-03
2.230000000000000000e+02 2.975239539062499682e-03
2.240000000000000000e+02 3.167851406250000394e-03
2.250000000000000000e+02 3.369492578125001404e-03
2.260000000000000000e+02 3.579335078124998553e-03
2.270000000000000000e+02 3.796451093750000984e-03
2.280000000000000000e+02 4.019816406250002229e-03
2.290000000000000000e+02 4.248362734375000366e-03
2.300000000000000000e+02 4.480997656249999239e-03
2.310000000000000000e+02 4.716489140624997682e-03
2.320000000000000000e+02 4.953662578124996829e-03
2.330000000000000000e+02 5.191287460937501000e-03
2.340000000000000000e+02 5.428228945312496036e-03
2.350000000000000000e+02 5.663246070312499998e-03
2.360000000000000000e+02 5.895159781249997497e-03
2.370000000000000000e+02 6.122925054687503206e-03
2.380000000000000000e+02 6.345445750000001245e-03
2.390000000000000000e+02 6.561751023437502155e-03
2.400000000000000000e+02 6.770941710937503251e-03
2.410000000000000000e+02 6.972179187500000125e-03
2.420000000000000000e+02 7.164822304687503036e-03
2.430000000000000000e+02 7.348212671875002482e-03
2.440000000000000000e+02 7.521808007812501133e-03
2.450000000000000000e+02 7.685267164062496194e-03
2.460000000000000000e+02 7.838333250000001015e-03
2.470000000000000000e+02 7.980702046874997915e-03
2.480000000000000000e+02 8.112405789062498984e-03
2.490000000000000000e+02 8.233470625000002818e-03
2.500000000000000000e+02 8.343936742187502142e-03
2.510000000000000000e+02 8.444026562500005217e-03
2.520000000000000000e+02 8.534141984374996742e-03
2.530000000000000000e+02 8.614481710937503534e-03
2.540000000000000000e+02 8.685540695312500559e-03
2.550000000000000000e+02 8.747798742187498297e-03
2.560000000000000000e+02 8.801783671875000603e-03
2.570000000000000000e+02 8.847971484375003262e-03
2.580000000000000000e+02 8.886956093749995289e-03
2.590000000000000000e+02 8.919292578125001536e-03
2.600000000000000000e+02 8.945576718750000711e-03
2.610000000000000000e+02 8.966411015625001812e-03
2.620000000000000000e+02 8.982341249999999458e-03
2.630000000000000000e+02 8.993848906250002592e-03
2.640000000000000000e+02 9.001529296874996242e-03
2.650000000000000000e+02 9.005838515625001414e-03
2.660000000000000000e+02 9.007212656250001073e-03
2.670000000000000000e+02 9.006070546875001581e-03
2.680000000000000000e+02 9.002833828125000881e-03
2.690000000000000000e+02 8.997883124999999857e-03
2.700000000000000000e+02 8.991437968750000051e-03
2.710000000000000000e+02 8.983906781249998558e-03
2.720000000000000000e+02 8.975483703124995105e-03
2.730000000000000000e+02 8.966490890625001403e-03
2.740000000000000000e+02 8.957128770312501251e-03
2.750000000000000000e+02 8.947685218750001113e-03
2.760000000000000000e+02 8.938386757812499805e-03
2.770000000000000000e+02 8.929436078125000190e-03
2.780000000000000000e+02 8.921205859375004946e-03
2.790000000000000000e+02 8.913839218750002277e-03
2.800000000000000000e+02 8.907802500000000859e-03
2.810000000000000000e+02 8.903336796874997822e-03
2.820000000000000000e+02 8.900962109375002221e-03
2.830000000000000000e+02 8.901028601562501266e-03
2.840000000000000000e+02 8.904072781249995974e-03
2.850000000000000000e+02 8.910631507812500837e-03
2.860000000000000000e+02 8.921345125000005802e-03
2.870000000000000000e+02 8.936842445312497343e-03
2.880000000000000000e+02 8.957861875000000529e-03
2.890000000000000000e+02 8.985243046875000805e-03
2.900000000000000000e+02 9.019745624999995354e-03
2.910000000000000000e+02 9.062282968750001722e-03
2.920000000000000000e+02 9.113847375000004580e-03
2.930000000000000000e+02 9.175365859374997810e-03
2.940000000000000000e+02 9.247823476562496564e-03
2.950000000000000000e+02 9.332382084921875265e-03
2.960000000000000000e+02 9.429942903906253851e-03
2.970000000000000000e+02 9.541694390624995761e-03
2.980000000000000000e+02 9.668584445312499581e-03
2.990000000000000000e+02 9.811748212500002314e-03
3.000000000000000000e+02 9.972075210937500489e-03
3.010000000000000000e+02 1.015065204687500347e-02
3.020000000000000000e+02 1.034839658593749399e-02
3.030000000000000000e+02 1.056612852812499788e-02
3.040000000000000000e+02 1.080461057578125175e-02
3.050000000000000000e+02 1.106460865000000182e-02
3.060000000000000000e+02 1.134665031250000483e-02
3.070000000000000000e+02 1.165129088515624682e-02
3.080000000000000000e+02 1.197887200078125332e-02
3.090000000000000000e+02 1.232961842187500073e-02
3.100000000000000000e+02 1.270368534375000344e-02
3.110000000000000000e+02 1.310098229687500261e-02
3.120000000000000000e+02 1.352136012499999956e-02
3.130000000000000000e+02 1.396448939062499943e-02
3.140000000000000000e+02 1.442987783593749698e-02
3.150000000000000000e+02 1.491682896093749454e-02
3.160000000000000000e+02 1.542460117968749538e-02
3.170000000000000000e+02 1.595215597578125352e-02
3.180000000000000000e+02 1.649842595312499618e-02
3.190000000000000000e+02 1.706206275781250309e-02
3.200000000000000000e+02 1.764165101562499907e-02
3.210000000000000000e+02 1.823565273437499981e-02
3.220000000000000000e+02 1.884221515624999455e-02
3.230000000000000000e+02 1.945953562500000664e-02
3.240000000000000000e+02 2.008559203125000192e-02
3.250000000000000000e+02 2.071818046874999639e-02
3.260000000000000000e+02 2.135515156249999727e-02
3.270000000000000000e+02 2.199403124999999709e-02
3.280000000000000000e+02 2.263230156249999153e-02
3.290000000000000000e+02 2.326766640625000174e-02
3.300000000000000000e+02 2.389746171874999534e-02
3.310000000000000000e+02 2.451900312499998014e-02
3.320000000000000000e+02 2.512972343749999074e-02
3.330000000000000000e+02 2.572702656249999456e-02
3.340000000000000000e+02 2.630834765625000501e-02
3.350000000000000000e+02 2.687116875000001431e-02
3.360000000000000000e+02 2.741289062500000540e-02
3.370000000000000000e+02 2.793124609374998332e-02
3.380000000000000000e+02 2.842386249999998352e-02
3.390000000000000000e+02 2.888851328124999659e-02
3.400000000000000000e+02 2.932313984374999849e-02
3.410000000000000000e+02 2.972572656249999890e-02
3.420000000000000000e+02 3.009431953125000017e-02
3.430000000000000000e+02 3.042727890625000764e-02
3.440000000000000000e+02 3.072291171875000948e-02
3.450000000000000000e+02 3.097974609374999980e-02
3.460000000000000000e+02 3.119649531249998886e-02
3.470000000000000000e+02 3.137206484374999854e-02
3.480000000000000000e+02 3.150552187500001849e-02
3.490000000000000000e+02 3.159618749999998366e-02
3.500000000000000000e+02 3.164352500000000568e-02
3.510000000000000000e+02 3.164738125000000207e-02
3.520000000000000000e+02 3.160770937499998018e-02
3.530000000000000000e+02 3.152473515624999723e-02
3.540000000000000000e+02 3.139896015625001646e-02
3.550000000000000000e+02 3.123118906250000118e-02
3.560000000000000000e+02 3.102218906250001421e-02
3.570000000000000000e+02 3.077325781249999614e-02
3.580000000000000000e+02 3.048560468750000085e-02
3.590000000000000000e+02 3.016074375000000335e-02
3.600000000000000000e+02 2.980049765625000097e-02
3.610000000000000000e+02 2.940653671875002179e-02
3.620000000000000000e+02 2.898100390624998995e-02
3.630000000000000000e+02 2.852596914062499600e-02
3.640000000000000000e+02 2.804386984375000988e-02
3.650000000000000000e+02 2.753731617187499953e-02
3.660000000000000000e+02 2.700888242187500857e-02
3.670000000000000000e+02 2.646161343749997563e-02
3.680000000000000000e+02 2.589850007812499397e-02
3.690000000000000000e+02 2.532288460937499874e-02
3.700000000000000000e+02 2.473795343750001541e-02
3.710000000000000000e+02 2.414732984375001987e-02
3.720000000000000000e+02 2.355451460937500394e-02
3.730000000000000000e+02 2.296306617187500454e-02
3.740000000000000000e+02 2.237656476562499552e-02
3.750000000000000000e+02 2.179849921874999277e-02
3.760000000000000000e+02 2.123231282812498844e-02
3.770000000000000000e+02 2.068137132812500681e-02
3.780000000000000000e+02 2.014880624218749749e-02
3.790000000000000000e+02 1.963766396093749936e-02
3.800000000000000000e+02 1.915063813281250166e-02
3.810000000000000000e+02 1.869035770312500039e-02
3.820000000000000000e+02 1.825917093749999942e-02
3.830000000000000000e+02 1.785914590234376209e-02
3.840000000000000000e+02 1.749205857734375397e-02
3.850000000000000000e+02 1.715945472656249179e-02
3.860000000000000000e+02 1.686261733750000005e-02
3.870000000000000000e+02 1.660246789140624665e-02
3.880000000000000000e+02 1.637961994531248258e-02
3.890000000000000000e+02 1.619446229687500696e-02
3.900000000000000000e+02 1.604693980468748296e-02
3.910000000000000000e+02 1.593685866406249416e-02
3.920000000000000000e+02 1.586352758593750564e-02
3.930000000000000000e+02 1.582609114687500915e-02
3.940000000000000000e+02 1.582327433281250154e-02
3.950000000000000000e+02 1.585359287109374890e-02
3.960000000000000000e+02 1.591524105867187996e-02
3.970000000000000000e+02 1.600604573828125904e-02
3.980000000000000000e+02 1.612369847656248967e-02
3.990000000000000000e+02 1.626543704687500799e-02
4.000000000000000000e+02 1.642843151562499784e-02
4.010000000000000000e+02 1.660947839062499112e-02
4.020000000000000000e+02 1.680517171874999424e-02
4.030000000000000000e+02 1.701195460937501500e-02
4.040000000000000000e+02 1.722603632812499605e-02
4.050000000000000000e+02 1.744357531249998358e-02
4.060000000000000000e+02 1.766050312499999400e-02
4.070000000000000000e+02 1.787286945312499542e-02
4.080000000000000000e+02 1.807656281249999525e-02
4.090000000000000000e+02 1.826765859374999273e-02
4.100000000000000000e+02 1.844221546874999507e-02
4.110000000000000000e+02 1.859659359374998822e-02
4.120000000000000000e+02 1.872727015624998936e-02
4.130000000000000000e+02 1.883099828125001790e-02
4.140000000000000000e+02 1.890489921874999313e-02
4.150000000000000000e+02 1.894628046875001040e-02
4.160000000000000000e+02 1.895294843750000569e-02
4.170000000000000000e+02 1.892306249999999718e-02
4.180000000000000000e+02 1.885509999999998923e-02
4.190000000000000000e+02 1.874809375000001041e-02
4.200000000000000000e+02 1.860137812500000862e-02
4.210000000000000000e+02 1.841478828124998648e-02
4.220000000000000000e+02 1.818856953125000050e-02
4.230000000000000000e+02 1.792353203124998767e-02
4.240000000000000000e+02 1.762079765624999933e-02
4.250000000000000000e+02 1.728215546875000452e-02
4.260000000000000000e+02 1.690956328124999103e-02
4.270000000000000000e+02 1.650564375000001041e-02
4.280000000000000000e+02 1.607337656249999830e-02
4.290000000000000000e+02 1.561594453125000372e-02
4.300000000000000000e+02 1.513707734375000467e-02
4.310000000000000000e+02 1.464066640624999728e-02
4.320000000000000000e+02 1.413082500000000657e-02
4.330000000000000000e+02 1.361190390625000197e-02
4.340000000000000000e+02 1.308838046875000598e-02
4.350000000000000000e+02 1.256480859374999037e-02
4.360000000000000000e+02 1.204577734374999778e-02
4.370000000000000000e+02 1.153580234375000367e-02
4.380000000000000000e+02 1.103922968750000073e-02
4.390000000000000000e+02 1.056041249999999793e-02
4.400000000000000000e+02 1.010325156250001070e-02
4.410000000000000000e+02 9.671446093750009701e-03
4.420000000000000000e+02 9.268189062499997827e-03
4.430000000000000000e+02 8.896260156249998635e-03
4.440000000000000000e+02 8.557932812500005509e-03
4.450000000000000000e+02 8.254807031250000274e-03
4.460000000000000000e+02 7.987885937499997896e-03
4.470000000000000000e+02 7.757652343750000117e-03
4.480000000000000000e+02 7.563820312500001315e-03
4.490000000000000000e+02 7.405457812500001145e-03
4.500000000000000000e+02 7.281074218750000979e-03
4.510000000000000000e+02 7.188660156249998545e-03
4.520000000000000000e+02 7.125565156249997686e-03
4.530000000000000000e+02 7.088772499999997263e-03
4.540000000000000000e+02 7.074802109374999336e-03
4.550000000000000000e+02 7.079887187500004224e-03
4.560000000000000000e+02 7.099788203125001300e-03
4.570000000000000000e+02 7.130263203124998124e-03
4.580000000000000000e+02 7.166708906250000323e-03
4.590000000000000000e+02 7.204534453124999613e-03
4.600000000000000000e+02 7.239196249999999694e-03
4.610000000000000000e+02 7.266196640624999169e-03
4.620000000000000000e+02 7.281255859375000347e-03
4.630000000000000000e+02 7.280489531249999084e-03
4.640000000000000000e+02 7.260383203124998186e-03
4.650000000000000000e+02 7.218014687499999665e-03
4.660000000000000000e+02 7.151182578125000848e-03
4.670000000000000000e+02 7.058355625000001937e-03
4.680000000000000000e+02 6.938932421874998563e-03
4.690000000000000000e+02 6.793135156249997808e-03
4.700000000000000000e+02 6.622241015625000490e-03
4.710000000000000000e+02 6.428354687500002947e-03
4.720000000000000000e+02 6.214651171874999332e-03
4.730000000000000000e+02 5.984959375000001303e-03
4.740000000000000000e+02 5.743992109374996755e-03
4.750000000000000000e+02 5.496848828124999489e-03
4.760000000000000000e+02 5.249017187499997218e-03
4.770000000000000000e+02 5.006019218749999458e-03
4.780000000000000000e+02 4.773216796874999411e-03
4.790000000000000000e+02 4.555531328125000078e-03
4.800000000000000000e+02 4.357184609375001037e-03
4.810000000000000000e+02 4.181542187500001534e-03
4.820000000000000000e+02 4.030801796874998802e-03
4.830000000000000000e+02 3.905851640625000645e-03
4.840000000000000000e+02 3.806168515625000127e-03
4.850000000000000000e+02 3.729692109374999672e-03
4.860000000000000000e+02 3.672788203124999207e-03
4.870000000000000000e+02 3.630429140624999180e-03
4.880000000000000000e+02 3.596401578124999634e-03
4.890000000000000000e+02 3.563655789062499576e-03
4.900000000000000000e+02 3.525049914062499887e-03
4.910000000000000000e+02 3.473892632812500443e-03
4.920000000000000000e+02 3.404992203124998940e-03
4.930000000000000000e+02 3.315430609375000399e-03
4.940000000000000000e+02 3.205513257812500627e-03
4.950000000000000000e+02 3.079337562500000704e-03
4.960000000000000000e+02 2.945222325781250879e-03
4.970000000000000000e+02 2.815572445234377271e-03
4.980000000000000000e+02 2.706390031249999474e-03
4.990000000000000000e+02 2.635971657031250994e-03
5.000000000000000000e+02 2.623038042968749498e-03
5.010000000000000000e+02 2.684123679687500357e-03
5.020000000000000000e+02 2.830277187499999434e-03
5.030000000000000000e+02 3.063419960937500096e-03
5.040000000000000000e+02 3.372811437500000502e-03
5.050000000000000000e+02 3.732712138281249741e-03
5.060000000000000000e+02 4.103014593749999134e-03
5.070000000000000000e+02 4.436001234375001358e-03
5.080000000000000000e+02 4.694120171874999019e-03
5.090000000000000000e+02 4.886278749999999581e-03
5.100000000000000000e+02 5.134641835937498594e-03
5.110000000000000000e+02 5.789157828125002236e-03
