0.000000000000000000e+00 9.314128906250001769e-03
1.000000000000000000e+00 9.289282812500004177e-03
2.000000000000000000e+00 9.239710156249998987e-03
3.000000000000000000e+00 9.165714062500007059e-03
4.000000000000000000e+00 9.067774999999998406e-03
5.000000000000000000e+00 8.946497656249998223e-03
6.000000000000000000e+00 8.802608593749997046e-03
7.000000000000000000e+00 8.637006250000000759e-03
8.000000000000000000e+00 8.450620312499998801e-03
9.000000000000000000e+00 8.244637500000004046e-03
1.000000000000000000e+01 8.020329687499999291e-03
1.100000000000000000e+01 7.778956250000000801e-03
1.200000000000000000e+01 7.522027343750000393e-03
1.300000000000000000e+01 7.251002343749999267e-03
1.400000000000000000e+01 6.967511718750002241e-03
1.500000000000000000e+01 6.673199218749997601e-03
1.600000000000000000e+01 6.369735937500001742e-03
1.700000000000000000e+01 6.058894531249999285e-03
1.800000000000000000e+01 5.742417968749999151e-03
1.900000000000000000e+01 5.422053906250003455e-03
2.000000000000000000e+01 5.099596093750000461e-03
2.100000000000000000e+01 4.776778124999996218e-03
2.200000000000000000e+01 4.455346874999999325e-03
2.300000000000000000e+01 4.136985937500003117e-03
2.400000000000000000e+01 3.823335937500000562e-03
2.500000000000000000e+01 3.515992968749997657e-03
2.600000000000000000e+01 3.216464843750000899e-03
2.700000000000000000e+01 2.926184374999999446e-03
2.800000000000000000e+01 2.646521874999999309e-03
2.900000000000000000e+01 2.378731249999998815e-03
3.000000000000000000e+01 2.123962421874999416e-03
3.100000000000000000e+01 1.883292812500000609e-03
3.200000000000000000e+01 1.657640312500000424e-03
3.300000000000000000e+01 1.447845468749999875e-03
3.400000000000000000e+01 1.254612656249999873e-03
3.500000000000000000e+01 1.078531171874999887e-03
3.600000000000000000e+01 9.200716406249997243e-04
3.700000000000000000e+01 7.795667968749998887e-04
3.800000000000000000e+01 6.572478906250000912e-04
3.900000000000000000e+01 5.532188281250000669e-04
4.000000000000000000e+01 4.674607656249998681e-04
4.100000000000000000e+01 3.998487109374999622e-04
4.200000000000000000e+01 3.501392859374999854e-04
4.300000000000000000e+01 3.179896603124999577e-04
4.400000000000000000e+01 3.029550589062502005e-04
4.500000000000000000e+01 3.044930328125000315e-04
4.600000000000000000e+01 3.219745296874999612e-04
4.700000000000000000e+01 3.546930129687499351e-04
4.800000000000000000e+01 4.018597242187500361e-04
4.900000000000000000e+01 4.626278046875000245e-04
5.000000000000000000e+01 5.360854289062498730e-04
5.100000000000000000e+01 6.212661656250002438e-04
5.200000000000000000e+01 7.171728135156250602e-04
5.300000000000000000e+01 8.227661953124999544e-04
5.400000000000000000e+01 9.369783203125000345e-04
5.500000000000000000e+01 1.058723656249999784e-03
5.600000000000000000e+01 1.186905632812499918e-03
5.700000000000000000e+01 1.320428823437501138e-03
5.800000000000000000e+01 1.458199481250000221e-03
5.900000000000000000e+01 1.599123186718749874e-03
6.000000000000000000e+01 1.742142865624999757e-03
6.100000000000000000e+01 1.886211386718749739e-03
6.200000000000000000e+01 2.030315604687499709e-03
6.300000000000000000e+01 2.173484007812500046e-03
6.400000000000000000e+01 2.314772882812500716e-03
6.500000000000000000e+01 2.453290320312500813e-03
6.600000000000000000e+01 2.588192445312500426e-03
6.700000000000000000e+01 2.718700624999999781e-03
6.800000000000000000e+01 2.844062257812500147e-03
6.900000000000000000e+01 2.963613984374998973e-03
7.000000000000000000e+01 3.076734843750000663e-03
7.100000000000000000e+01 3.182868750000000194e-03
7.200000000000000000e+01 3.281529687499999681e-03
7.300000000000000000e+01 3.372283749999998963e-03
7.400000000000000000e+01 3.454759453125000150e-03
7.500000000000000000e+01 3.528671953125000951e-03
7.600000000000000000e+01 3.593768046874998463e-03
7.700000000000000000e+01 3.649873203124999552e-03
7.800000000000000000e+01 3.696885234375000325e-03
7.900000000000000000e+01 3.734727812499999758e-03
8.000000000000000000e+01 3.763397890624998587e-03
8.100000000000000000e+01 3.782953828124998186e-03
8.200000000000000000e+01 3.793505703124999597e-03
8.300000000000000000e+01 3.795200390625000104e-03
8.400000000000000000e+01 3.788229374999999097e-03
8.500000000000000000e+01 3.772843984375000900e-03
8.600000000000000000e+01 3.749319765624999686e-03
8.700000000000000000e+01 3.717982656249998671e-03
8.800000000000000000e+01 3.679178281249999814e-03
8.900000000000000000e+01 3.633287578124998630e-03
9.000000000000000000e+01 3.580719140624997760e-03
9.100000000000000000e+01 3.521901796875002207e-03
9.200000000000000000e+01 3.457288203124999227e-03
9.300000000000000000e+01 3.387351171875000160e-03
9.400000000000000000e+01 3.312551093750000335e-03
9.500000000000000000e+01 3.233403906250000102e-03
9.600000000000000000e+01 3.150391640624999445e-03
9.700000000000000000e+01 3.064013124999999914e-03
9.800000000000000000e+01 2.974767890625000522e-03
9.900000000000000000e+01 2.883170937499999944e-03
1.000000000000000000e+02 2.789699140624999577e-03
1.010000000000000000e+02 2.694851562499998247e-03
1.020000000000000000e+02 2.599100859374999135e-03
1.030000000000000000e+02 2.502912343750000185e-03
1.040000000000000000e+02 2.406746015624999964e-03
1.050000000000000000e+02 2.311030000000000376e-03
1.060000000000000000e+02 2.216187265624999965e-03
1.070000000000000000e+02 2.122617187500000589e-03
1.080000000000000000e+02 2.030700078124999391e-03
1.090000000000000000e+02 1.940791171874999997e-03
1.100000000000000000e+02 1.853218906250000617e-03
1.110000000000000000e+02 1.768300781249999799e-03
1.120000000000000000e+02 1.686320312500000319e-03
1.130000000000000000e+02 1.607519843750000168e-03
1.140000000000000000e+02 1.532143437499999686e-03
1.150000000000000000e+02 1.460381640624999408e-03
1.160000000000000000e+02 1.392419062500000609e-03
1.170000000000000000e+02 1.328398992187500294e-03
1.180000000000000000e+02 1.268434640625000021e-03
1.190000000000000000e+02 1.212617773437499845e-03
1.200000000000000000e+02 1.161013664062500103e-03
1.210000000000000000e+02 1.113656724062499822e-03
1.220000000000000000e+02 1.070552337499999524e-03
1.230000000000000000e+02 1.031682124999999846e-03
1.240000000000000000e+02 9.970030624999999622e-04
1.250000000000000000e+02 9.664438749999998543e-04
1.260000000000000000e+02 9.399159453125001959e-04
1.270000000000000000e+02 9.172988265625000703e-04
1.280000000000000000e+02 8.984682525781252215e-04
1.290000000000000000e+02 8.832630960937499446e-04
1.300000000000000000e+02 8.715098125000002435e-04
1.310000000000000000e+02 8.630287968749997480e-04
1.320000000000000000e+02 8.576107187500001333e-04
1.330000000000000000e+02 8.550479765624999749e-04
1.340000000000000000e+02 8.551189062500001541e-04
1.350000000000000000e+02 8.575843359375000339e-04
1.360000000000000000e+02 8.622206640624998893e-04
1.370000000000000000e+02 8.687823046874999658e-04
1.380000000000000000e+02 8.770327734375000552e-04
1.390000000000000000e+02 8.867299062500001196e-04
1.400000000000000000e+02 8.976528515625000707e-04
1.410000000000000000e+02 9.095627187499997742e-04
1.420000000000000000e+02 9.222476406249997252e-04
1.430000000000000000e+02 9.355078437500000165e-04
1.440000000000000000e+02 9.491425937499998371e-04
1.450000000000000000e+02 9.629768437499997089e-04
1.460000000000000000e+02 9.768638906249998716e-04
1.470000000000000000e+02 9.906528906250000339e-04
1.480000000000000000e+02 1.004233976562499912e-03
1.490000000000000000e+02 1.017513539062500205e-03
1.500000000000000000e+02 1.030421875000000088e-03
1.510000000000000000e+02 1.042916398437500076e-03
1.520000000000000000e+02 1.054971054687499354e-03
1.530000000000000000e+02 1.066599867187500517e-03
1.540000000000000000e+02 1.077836282031249685e-03
1.550000000000000000e+02 1.088740632812500251e-03
1.560000000000000000e+02 1.099383326562499699e-03
1.570000000000000000e+02 1.109882741484374737e-03
1.580000000000000000e+02 1.120354583046874724e-03
1.590000000000000000e+02 1.130948079687499764e-03
1.600000000000000000e+02 1.141828014843749173e-03
1.610000000000000000e+02 1.153152039843749564e-03
1.620000000000000000e+02 1.165115875000000177e-03
1.630000000000000000e+02 1.177901568749999866e-03
1.640000000000000000e+02 1.191685373437499727e-03
1.650000000000000000e+02 1.206652159375000075e-03
1.660000000000000000e+02 1.222980231249999649e-03
1.670000000000000000e+02 1.240826114062499892e-03
1.680000000000000000e+02 1.260323631249999580e-03
1.690000000000000000e+02 1.281595073437500829e-03
1.700000000000000000e+02 1.304721296874999849e-03
1.710000000000000000e+02 1.329765476562499646e-03
1.720000000000000000e+02 1.356741967968750576e-03
1.730000000000000000e+02 1.385635921875000027e-03
1.740000000000000000e+02 1.416382525781250019e-03
1.750000000000000000e+02 1.448878133593749359e-03
1.760000000000000000e+02 1.482970437499999674e-03
1.770000000000000000e+02 1.518470255234375364e-03
1.780000000000000000e+02 1.555138742187500657e-03
1.790000000000000000e+02 1.592699648437500030e-03
1.800000000000000000e+02 1.630839631640624383e-03
1.810000000000000000e+02 1.669209945312499777e-03
1.820000000000000000e+02 1.707435132812500566e-03
1.830000000000000000e+02 1.745116519531250167e-03
1.840000000000000000e+02 1.781848031249999272e-03
1.850000000000000000e+02 1.817209578125000531e-03
1.860000000000000000e+02 1.850795937500000722e-03
1.870000000000000000e+02 1.882186426562500268e-03
1.880000000000000000e+02 1.911023119531249240e-03
1.890000000000000000e+02 1.936963356250000082e-03
1.900000000000000000e+02 1.959678707812499872e-03
1.910000000000000000e+02 1.978933203124999454e-03
1.920000000000000000e+02 1.994551093749999740e-03
1.930000000000000000e+02 2.006400351562499795e-03
1.940000000000000000e+02 2.014411289062500738e-03
1.950000000000000000e+02 2.018639312499999859e-03
1.960000000000000000e+02 2.019204101562501168e-03
1.970000000000000000e+02 2.016341140625000847e-03
1.980000000000000000e+02 2.010349201562499147e-03
1.990000000000000000e+02 2.001632084375000193e-03
2.000000000000000000e+02 1.990686966406249054e-03
2.010000000000000000e+02 1.978101668750000160e-03
2.020000000000000000e+02 1.964547011718750617e-03
2.030000000000000000e+02 1.950773492187500005e-03
2.040000000000000000e+02 1.937598070312499107e-03
2.050000000000000000e+02 1.925894124999999978e-03
2.060000000000000000e+02 1.916594726562500031e-03
2.070000000000000000e+02 1.910654382812499927e-03
2.080000000000000000e+02 1.909051859374999915e-03
2.090000000000000000e+02 1.912780929687499503e-03
2.100000000000000000e+02 1.922831929687500441e-03
2.110000000000000000e+02 1.940149604687499028e-03
2.120000000000000000e+02 1.965667463281250537e-03
2.130000000000000000e+02 2.000256960156250249e-03
2.140000000000000000e+02 2.044719599218749670e-03
2.150000000000000000e+02 2.099791015625000583e-03
2.160000000000000000e+02 2.166099742187500149e-03
2.170000000000000000e+02 2.244182851562501017e-03
2.180000000000000000e+02 2.334465179687498365e-03
2.190000000000000000e+02 2.437255812499999723e-03
2.200000000000000000e+02 2.552729382812499691e-03
2.210000000000000000e+02 2.680946414062500890e-03
2.220000000000000000e+02 2.821815945312499373e-03
2.230000000000000000e+02 2.975140070312499996e-03
2.240000000000000000e+02 3.140581531250000082e-03
2.250000000000000000e+02 3.317697484374999405e-03
2.260000000000000000e+02 3.505889164062499144e-03
2.270000000000000000e+02 3.704478515624999493e-03
2.280000000000000000e+02 3.912653734375002093e-03
2.290000000000000000e+02 4.129559468749998546e-03
2.300000000000000000e+02 4.354216031249997544e-03
2.310000000000000000e+02 4.585616703124999020e-03
2.320000000000000000e+02 4.822614664062500542e-03
2.330000000000000000e+02 5.064143921875002667e-03
2.340000000000000000e+02 5.309039132812501220e-03
2.350000000000000000e+02 5.556106234375001070e-03
2.360000000000000000e+02 5.804185914062500937e-03
2.370000000000000000e+02 6.052125773437503492e-03
2.380000000000000000e+02 6.298815406250002531e-03
2.390000000000000000e+02 6.543122070312499920e-03
2.400000000000000000e+02 6.784039968749996409e-03
2.410000000000000000e+02 7.020572578125001094e-03
2.420000000000000000e+02 7.251799140625000105e-03
2.430000000000000000e+02 7.476892578125000736e-03
2.440000000000000000e+02 7.695021328125001801e-03
2.450000000000000000e+02 7.905551718749998999e-03
2.460000000000000000e+02 8.107891484375000929e-03
2.470000000000000000e+02 8.301461796874999577e-03
2.480000000000000000e+02 8.485916875000000872e-03
2.490000000000000000e+02 8.660811406250003286e-03
2.500000000000000000e+02 8.825950546874995750e-03
2.510000000000000000e+02 8.981170156250002645e-03
2.520000000000000000e+02 9.126255468749996935e-03
2.530000000000000000e+02 9.261304296874999994e-03
2.540000000000000000e+02 9.386259765625003595e-03
2.550000000000000000e+02 9.501207031250007151e-03
2.560000000000000000e+02 9.606333046875000295e-03
2.570000000000000000e+02 9.701782343749996290e-03
2.580000000000000000e+02 9.787821406249997552e-03
2.590000000000000000e+02 9.864704453125002978e-03
2.600000000000000000e+02 9.932718906249998758e-03
2.610000000000000000e+02 9.992266171875003461e-03
2.620000000000000000e+02 1.004360992187500537e-02
2.630000000000000000e+02 1.008718515625000277e-02
2.640000000000000000e+02 1.012332968749999826e-02
2.650000000000000000e+02 1.015251796875000709e-02
2.660000000000000000e+02 1.017508593750000856e-02
2.670000000000000000e+02 1.019158828124999000e-02
2.680000000000000000e+02 1.020241953124999962e-02
2.690000000000000000e+02 1.020805726562501112e-02
2.700000000000000000e+02 1.020897460937499751e-02
2.710000000000000000e+02 1.020569867187500444e-02
2.720000000000000000e+02 1.019872320312500621e-02
2.730000000000000000e+02 1.018855851562500137e-02
2.740000000000000000e+02 1.017588265624999426e-02
2.750000000000000000e+02 1.016122500000000289e-02
2.760000000000000000e+02 1.014524570312500332e-02
2.770000000000000000e+02 1.012856988281249718e-02
2.780000000000000000e+02 1.011190189843750274e-02
2.790000000000000000e+02 1.009599021874999988e-02
2.800000000000000000e+02 1.008155859374999970e-02
2.810000000000000000e+02 1.006943507812499763e-02
2.820000000000000000e+02 1.006044374999999838e-02
2.830000000000000000e+02 1.005544507812499919e-02
2.840000000000000000e+02 1.005530078124999838e-02
2.850000000000000000e+02 1.006099757812499787e-02
2.860000000000000000e+02 1.007345773437499925e-02
2.870000000000000000e+02 1.009366710937499231e-02
2.880000000000000000e+02 1.012259289062499880e-02
2.890000000000000000e+02 1.016126093750000133e-02
2.900000000000000000e+02 1.021057484375000393e-02
2.910000000000000000e+02 1.027167414062499923e-02
2.920000000000000000e+02 1.034544968749999405e-02
2.930000000000000000e+02 1.043293953124999757e-02
2.940000000000000000e+02 1.053509124999999630e-02
2.950000000000000000e+02 1.065273054687500102e-02
2.960000000000000000e+02 1.078675987499999427e-02
2.970000000000000000e+02 1.093803614843750355e-02
2.980000000000000000e+02 1.110735949218749803e-02
2.990000000000000000e+02 1.129538402343750053e-02
3.000000000000000000e+02 1.150266071093750293e-02
3.010000000000000000e+02 1.172981484374999855e-02
3.020000000000000000e+02 1.197719932812499853e-02
3.030000000000000000e+02 1.224525437500000036e-02
3.040000000000000000e+02 1.253417921874999848e-02
3.050000000000000000e+02 1.284413367187499898e-02
3.060000000000000000e+02 1.317516015624999731e-02
3.070000000000000000e+02 1.352709671874999936e-02
3.080000000000000000e+02 1.389972617187501015e-02
3.090000000000000000e+02 1.429276296875000261e-02
3.100000000000000000e+02 1.470568843749999778e-02
3.110000000000000000e+02 1.513801398437500390e-02
3.120000000000000000e+02 1.558885687499999423e-02
3.130000000000000000e+02 1.605748125000000179e-02
3.140000000000000000e+02 1.654279710937500703e-02
3.150000000000000000e+02 1.704388968750000094e-02
3.160000000000000000e+02 1.755938601562500798e-02
3.170000000000000000e+02 1.808807789062500185e-02
3.180000000000000000e+02 1.862842679687500350e-02
3.190000000000000000e+02 1.917888414062499450e-02
3.200000000000000000e+02 1.973779281250000184e-02
3.210000000000000000e+02 2.030343140624999571e-02
3.220000000000000000e+02 2.087390226562499049e-02
3.230000000000000000e+02 2.144727804687500058e-02
3.240000000000000000e+02 2.202139671874999566e-02
3.250000000000000000e+02 2.259431562500000684e-02
3.260000000000000000e+02 2.316383984374999552e-02
3.270000000000000000e+02 2.372772031250000926e-02
3.280000000000000000e+02 2.428376328124999539e-02
3.290000000000000000e+02 2.482971875000001064e-02
3.300000000000000000e+02 2.536336874999998992e-02
3.310000000000000000e+02 2.588249375000001642e-02
3.320000000000000000e+02 2.638492031249999037e-02
3.330000000000000000e+02 2.686852109375000713e-02
3.340000000000000000e+02 2.733104921875000037e-02
3.350000000000000000e+02 2.777065078125001002e-02
3.360000000000000000e+02 2.818533750000001489e-02
3.370000000000000000e+02 2.857310781250001208e-02
3.380000000000000000e+02 2.893225781250000767e-02
3.390000000000000000e+02 2.926104609374999971e-02
3.400000000000000000e+02 2.955780546875000706e-02
3.410000000000000000e+02 2.982104062500000666e-02
3.420000000000000000e+02 3.004955546875000272e-02
3.430000000000000000e+02 3.024186406249999501e-02
3.440000000000000000e+02 3.039713750000000436e-02
3.450000000000000000e+02 3.051445937500001093e-02
3.460000000000000000e+02 3.059313203125000463e-02
3.470000000000000000e+02 3.063279843750000078e-02
3.480000000000000000e+02 3.063321640624999675e-02
3.490000000000000000e+02 3.059444921875000001e-02
3.500000000000000000e+02 3.051670078124999949e-02
3.510000000000000000e+02 3.040043749999999517e-02
3.520000000000000000e+02 3.024635468750002873e-02
3.530000000000000000e+02 3.005526640624998913e-02
3.540000000000000000e+02 2.982826249999999749e-02
3.550000000000000000e+02 2.956654296874999116e-02
3.560000000000000000e+02 2.927136796875000682e-02
3.570000000000000000e+02 2.894431875000001014e-02
3.580000000000000000e+02 2.858691953124998381e-02
3.590000000000000000e+02 2.820106249999999523e-02
3.600000000000000000e+02 2.778854843749999776e-02
3.610000000000000000e+02 2.735150234375001085e-02
3.620000000000000000e+02 2.689216171875000866e-02
3.630000000000000000e+02 2.641288749999998881e-02
3.640000000000000000e+02 2.591623750000000143e-02
3.650000000000000000e+02 2.540501875000000451e-02
3.660000000000000000e+02 2.488189453125000047e-02
3.670000000000000000e+02 2.435002187500000595e-02
3.680000000000000000e+02 2.381236328124999510e-02
3.690000000000000000e+02 2.327199843749999317e-02
3.700000000000000000e+02 2.273214453124999812e-02
3.710000000000000000e+02 2.219603203125001048e-02
3.720000000000000000e+02 2.166678484374998798e-02
3.730000000000000000e+02 2.114745226562501565e-02
3.740000000000000000e+02 2.064116890624998618e-02
3.750000000000000000e+02 2.015081445312501621e-02
3.760000000000000000e+02 1.967937539062498964e-02
3.770000000000000000e+02 1.922946906250000074e-02
3.780000000000000000e+02 1.880368187500000565e-02
3.790000000000000000e+02 1.840443523437500575e-02
3.800000000000000000e+02 1.803385804687496902e-02
3.810000000000000000e+02 1.769400382812501282e-02
3.820000000000000000e+02 1.738665903125000481e-02
3.830000000000000000e+02 1.711324204687500114e-02
3.840000000000000000e+02 1.687505207812499408e-02
3.850000000000000000e+02 1.667305872656251256e-02
3.860000000000000000e+02 1.650786030234376034e-02
3.870000000000000000e+02 1.637990194281248660e-02
3.880000000000000000e+02 1.628907291015624717e-02
3.890000000000000000e+02 1.623529934375001621e-02
3.900000000000000000e+02 1.621784042968750159e-02
3.910000000000000000e+02 1.623590991406250253e-02
3.920000000000000000e+02 1.628829153906249938e-02
3.930000000000000000e+02 1.637339171874998764e-02
3.940000000000000000e+02 1.648944491953125216e-02
3.950000000000000000e+02 1.663445141874999450e-02
3.960000000000000000e+02 1.680586351562500178e-02
3.970000000000000000e+02 1.700115860156249659e-02
3.980000000000000000e+02 1.721736689843749585e-02
3.990000000000000000e+02 1.745129031249999935e-02
4.000000000000000000e+02 1.769950414062499908e-02
4.010000000000000000e+02 1.795847687499999359e-02
4.020000000000000000e+02 1.822444429687500311e-02
4.030000000000000000e+02 1.849340820312498149e-02
4.040000000000000000e+02 1.876146570312501108e-02
4.050000000000000000e+02 1.902462781249999665e-02
4.060000000000000000e+02 1.927881796874999359e-02
4.070000000000000000e+02 1.952008203124998981e-02
4.080000000000000000e+02 1.974458203125000963e-02
4.090000000000000000e+02 1.994858515624998649e-02
4.100000000000000000e+02 2.012862968750000342e-02
4.110000000000000000e+02 2.028138437499999933e-02
4.120000000000000000e+02 2.040370546875000524e-02
4.130000000000000000e+02 2.049287187500002314e-02
4.140000000000000000e+02 2.054633281249999485e-02
4.150000000000000000e+02 2.056193906250000300e-02
4.160000000000000000e+02 2.053789218749997939e-02
4.170000000000000000e+02 2.047256171874998684e-02
4.180000000000000000e+02 2.036495234374999935e-02
4.190000000000000000e+02 2.021434140625000264e-02
4.200000000000000000e+02 2.002046718749999135e-02
4.210000000000000000e+02 1.978355546875000190e-02
4.220000000000000000e+02 1.950418749999999549e-02
4.230000000000000000e+02 1.918346796875000648e-02
4.240000000000000000e+02 1.882286015625000974e-02
4.250000000000000000e+02 1.842436406250000033e-02
4.260000000000000000e+02 1.799021718749999055e-02
4.270000000000000000e+02 1.752314609375000762e-02
4.280000000000000000e+02 1.702610468750000508e-02
4.290000000000000000e+02 1.650245937499999344e-02
4.300000000000000000e+02 1.595570703124999865e-02
4.310000000000000000e+02 1.538977031249999690e-02
4.320000000000000000e+02 1.480870078124999628e-02
4.330000000000000000e+02 1.421664609375000894e-02
4.340000000000000000e+02 1.361803906250000536e-02
4.350000000000000000e+02 1.301733124999999817e-02
4.360000000000000000e+02 1.241913437500000335e-02
4.370000000000000000e+02 1.182784375000000589e-02
4.380000000000000000e+02 1.124803671874999821e-02
4.390000000000000000e+02 1.068403984374999977e-02
4.400000000000000000e+02 1.013995781250000457e-02
4.410000000000000000e+02 9.619716406249999296e-03
4.420000000000000000e+02 9.126921093750000463e-03
4.430000000000000000e+02 8.664700781250003064e-03
4.440000000000000000e+02 8.235953906249999373e-03
4.450000000000000000e+02 7.842982812500001386e-03
4.460000000000000000e+02 7.487646875000000986e-03
4.470000000000000000e+02 7.171347656249998578e-03
4.480000000000000000e+02 6.894880468749999686e-03
4.490000000000000000e+02 6.658602343749999396e-03
4.500000000000000000e+02 6.462264062500001384e-03
4.510000000000000000e+02 6.305083593750000076e-03
4.520000000000000000e+02 6.185637499999999643e-03
4.530000000000000000e+02 6.101942187499998990e-03
4.540000000000000000e+02 6.051399765624998137e-03
4.550000000000000000e+02 6.030835624999999686e-03
4.560000000000000000e+02 6.036474140624997764e-03
4.570000000000000000e+02 6.064151093750001949e-03
4.580000000000000000e+02 6.109196640625000861e-03
4.590000000000000000e+02 6.166562578124998827e-03
4.600000000000000000e+02 6.230960859375000646e-03
4.610000000000000000e+02 6.297091171875001531e-03
4.620000000000000000e+02 6.359461640625000377e-03
4.630000000000000000e+02 6.412825156250000387e-03
4.640000000000000000e+02 6.452166484374998075e-03
4.650000000000000000e+02 6.472873828125001380e-03
4.660000000000000000e+02 6.470984445312499486e-03
4.670000000000000000e+02 6.443036796874999222e-03
4.680000000000000000e+02 6.386623249999999127e-03
4.690000000000000000e+02 6.300004999999999147e-03
4.700000000000000000e+02 6.182545585937501004e-03
4.710000000000000000e+02 6.034493437499999918e-03
4.720000000000000000e+02 5.857295390625001305e-03
4.730000000000000000e+02 5.653246250000002263e-03
4.740000000000000000e+02 5.425624296875001563e-03
4.750000000000000000e+02 5.178682890625002123e-03
4.760000000000000000e+02 4.917396562500001532e-03
4.770000000000000000e+02 4.647523203124999218e-03
4.780000000000000000e+02 4.375284921874998331e-03
4.790000000000000000e+02 4.107278437500000434e-03
4.800000000000000000e+02 3.850186093749998883e-03
4.810000000000000000e+02 3.610505624999999635e-03
4.820000000000000000e+02 3.394172109375001665e-03
4.830000000000000000e+02 3.206228046874999744e-03
4.840000000000000000e+02 3.050486039062498718e-03
4.850000000000000000e+02 2.929168773437500033e-03
4.860000000000000000e+02 2.842765960937499847e-03
4.870000000000000000e+02 2.789876653906250923e-03
4.880000000000000000e+02 2.767218890624999639e-03
4.890000000000000000e+02 2.769838507812498810e-03
4.900000000000000000e+02 2.791363210937499503e-03
4.910000000000000000e+02 2.824437810937498530e-03
4.920000000000000000e+02 2.861202257812501138e-03
4.930000000000000000e+02 2.893993710937499061e-03
4.940000000000000000e+02 2.916043226562499337e-03
4.950000000000000000e+02 2.922327117187500326e-03
4.960000000000000000e+02 2.910391039062501083e-03
4.970000000000000000e+02 2.881224218750001124e-03
4.980000000000000000e+02 2.839723437499999930e-03
4.990000000000000000e+02 2.794866484375000196e-03
5.000000000000000000e+02 2.759085757812499914e-03
5.010000000000000000e+02 2.746782937500003106e-03
5.020000000000000000e+02 2.771783998906248402e-03
5.030000000000000000e+02 2.843864442968749122e-03
5.040000000000000000e+02 2.964918935468749319e-03
5.050000000000000000e+02 3.125616195312500012e-03
5.060000000000000000e+02 3.304550617187498873e-03
5.070000000000000000e+02 3.473246042968748497e-03
5.080000000000000000e+02 3.612193525781251090e-03
5.090000000000000000e+02 3.747094921874998940e-03
5.100000000000000000e+02 4.019354752343750822e-03
5.110000000000000000e+02 4.813849906249998908e-03
