0.000000000000000000e+00 8.197512499999993346e-03
1.000000000000000000e+00 8.175171874999996244e-03
2.000000000000000000e+00 8.130635937500001881e-03
3.000000000000000000e+00 8.064129687500001115e-03
4.000000000000000000e+00 7.976117187500002953e-03
5.000000000000000000e+00 7.867158593749997916e-03
6.000000000000000000e+00 7.737856249999995953e-03
7.000000000000000000e+00 7.589101562499997976e-03
8.000000000000000000e+00 7.421746093750000717e-03
9.000000000000000000e+00 7.236834375000000819e-03
1.000000000000000000e+01 7.035534374999997606e-03
1.100000000000000000e+01 6.818969531249997364e-03
1.200000000000000000e+01 6.588527343750000959e-03
1.300000000000000000e+01 6.345574218749998677e-03
1.400000000000000000e+01 6.091519531249997219e-03
1.500000000000000000e+01 5.827968749999998949e-03
1.600000000000000000e+01 5.556357031249996997e-03
1.700000000000000000e+01 5.278338281250001193e-03
1.800000000000000000e+01 4.995492187500003185e-03
1.900000000000000000e+01 4.709427343749998489e-03
2.000000000000000000e+01 4.421766406250000371e-03
2.100000000000000000e+01 4.134095312500001528e-03
2.200000000000000000e+01 3.848004687500000860e-03
2.300000000000000000e+01 3.565027343749999512e-03
2.400000000000000000e+01 3.286670312499998317e-03
2.500000000000000000e+01 3.014375781250002318e-03
2.600000000000000000e+01 2.749532812500000284e-03
2.700000000000000000e+01 2.493450781249999509e-03
2.800000000000000000e+01 2.247367187499999582e-03
2.900000000000000000e+01 2.012430156250000299e-03
3.000000000000000000e+01 1.789695000000000218e-03
3.100000000000000000e+01 1.580136640624999226e-03
3.200000000000000000e+01 1.384585546875000172e-03
3.300000000000000000e+01 1.203813203125000302e-03
3.400000000000000000e+01 1.038465000000000568e-03
3.500000000000000000e+01 8.890676562500004175e-04
3.600000000000000000e+01 7.560342187500000396e-04
3.700000000000000000e+01 6.396802343749996610e-04
3.800000000000000000e+01 5.402024218750002549e-04
3.900000000000000000e+01 4.576824609375000283e-04
4.000000000000000000e+01 3.920998749999998929e-04
4.100000000000000000e+01 3.433218367187498973e-04
4.200000000000000000e+01 3.111179640624999387e-04
4.300000000000000000e+01 2.951601406250000206e-04
4.400000000000000000e+01 2.950237117187500674e-04
4.500000000000000000e+01 3.101970200000000945e-04
4.600000000000000000e+01 3.400885226562500941e-04
4.700000000000000000e+01 3.840281507812499701e-04
4.800000000000000000e+01 4.412774119531248347e-04
4.900000000000000000e+01 5.110351716406249601e-04
5.000000000000000000e+01 5.924479031249998756e-04
5.100000000000000000e+01 6.846012624999997780e-04
5.200000000000000000e+01 7.865656656250001339e-04
5.300000000000000000e+01 8.973489382812497488e-04
5.400000000000000000e+01 1.015959818749999745e-03
5.500000000000000000e+01 1.141363434296874995e-03
5.600000000000000000e+01 1.272539519531249667e-03
5.700000000000000000e+01 1.408442623437500610e-03
5.800000000000000000e+01 1.548045414062498761e-03
5.900000000000000000e+01 1.690317726562500910e-03
6.000000000000000000e+01 1.834246257812499744e-03
6.100000000000000000e+01 1.978868437500000584e-03
6.200000000000000000e+01 2.123203078125000982e-03
6.300000000000000000e+01 2.266335257812499612e-03
6.400000000000000000e+01 2.407371125000000098e-03
6.500000000000000000e+01 2.545468171875000726e-03
6.600000000000000000e+01 2.679822812500000980e-03
6.700000000000000000e+01 2.809690156249998721e-03
6.800000000000000000e+01 2.934368593749998953e-03
6.900000000000000000e+01 3.053207031250000040e-03
7.000000000000000000e+01 3.165624687500001935e-03
7.100000000000000000e+01 3.271087187500000548e-03
7.200000000000000000e+01 3.369133437500000487e-03
7.300000000000000000e+01 3.459345625000000059e-03
7.400000000000000000e+01 3.541375078124998476e-03
7.500000000000000000e+01 3.614938281250000118e-03
7.600000000000000000e+01 3.679800312499999400e-03
7.700000000000000000e+01 3.735795781250000110e-03
7.800000000000000000e+01 3.782804765624998150e-03
7.900000000000000000e+01 3.820772890624999155e-03
8.000000000000000000e+01 3.849695078125000593e-03
8.100000000000000000e+01 3.869628750000000863e-03
8.200000000000000000e+01 3.880674140625000115e-03
8.300000000000000000e+01 3.882966093750001534e-03
8.400000000000000000e+01 3.876702343750001653e-03
8.500000000000000000e+01 3.862109374999999657e-03
8.600000000000000000e+01 3.839476015624999211e-03
8.700000000000000000e+01 3.809087890625000028e-03
8.800000000000000000e+01 3.771298906249999708e-03
8.900000000000000000e+01 3.726480078124999856e-03
9.000000000000000000e+01 3.675016406250000787e-03
9.100000000000000000e+01 3.617328515625000546e-03
9.200000000000000000e+01 3.553862187499998680e-03
9.300000000000000000e+01 3.485058281249998197e-03
9.400000000000000000e+01 3.411393749999999583e-03
9.500000000000000000e+01 3.333354375000002583e-03
9.600000000000000000e+01 3.251404609375000820e-03
9.700000000000000000e+01 3.166044687499999875e-03
9.800000000000000000e+01 3.077766874999999982e-03
9.900000000000000000e+01 2.987054843749998960e-03
1.000000000000000000e+02 2.894384765624999876e-03
1.010000000000000000e+02 2.800266015624999164e-03
1.020000000000000000e+02 2.705128515625000382e-03
1.030000000000000000e+02 2.609456015625000441e-03
1.040000000000000000e+02 2.513685781250000334e-03
1.050000000000000000e+02 2.418244921874999464e-03
1.060000000000000000e+02 2.323551875000000495e-03
1.070000000000000000e+02 2.230004453125000036e-03
1.080000000000000000e+02 2.137959140625001267e-03
1.090000000000000000e+02 2.047788906249999995e-03
1.100000000000000000e+02 1.959815546874999880e-03
1.110000000000000000e+02 1.874337578124999921e-03
1.120000000000000000e+02 1.791650156250000018e-03
1.130000000000000000e+02 1.712003828124999483e-03
1.140000000000000000e+02 1.635623671874999975e-03
1.150000000000000000e+02 1.562716796874999599e-03
1.160000000000000000e+02 1.493455781249999892e-03
1.170000000000000000e+02 1.427991632812500083e-03
1.180000000000000000e+02 1.366440859374999780e-03
1.190000000000000000e+02 1.308901929687500279e-03
1.200000000000000000e+02 1.255437478125000185e-03
1.210000000000000000e+02 1.206088035234374354e-03
1.220000000000000000e+02 1.160862263281250018e-03
1.230000000000000000e+02 1.119755289062499904e-03
1.240000000000000000e+02 1.082720687500000412e-03
1.250000000000000000e+02 1.049702984374999929e-03
1.260000000000000000e+02 1.020615749999999712e-03
1.270000000000000000e+02 9.953583671875000302e-04
1.280000000000000000e+02 9.737920953124999885e-04
1.290000000000000000e+02 9.557856640625003123e-04
1.300000000000000000e+02 9.411668328906250746e-04
1.310000000000000000e+02 9.297646398437497310e-04
1.320000000000000000e+02 9.213823734375002107e-04
1.330000000000000000e+02 9.158271015625000806e-04
1.340000000000000000e+02 9.128742890625002153e-04
1.350000000000000000e+02 9.123152187500001243e-04
1.360000000000000000e+02 9.139107890625001096e-04
1.370000000000000000e+02 9.174421640624994554e-04
1.380000000000000000e+02 9.226783125000001789e-04
1.390000000000000000e+02 9.293954765625001436e-04
1.400000000000000000e+02 9.373580078125004359e-04
1.410000000000000000e+02 9.463585312500001623e-04
1.420000000000000000e+02 9.561831640625001200e-04
1.430000000000000000e+02 9.666281328124997968e-04
1.440000000000000000e+02 9.775212656250001526e-04
1.450000000000000000e+02 9.886760624999999317e-04
1.460000000000000000e+02 9.999419687499995577e-04
1.470000000000000000e+02 1.011190781250000158e-03
1.480000000000000000e+02 1.022298031250000244e-03
1.490000000000000000e+02 1.033170093750000089e-03
1.500000000000000000e+02 1.043731725000000138e-03
1.510000000000000000e+02 1.053944756249999923e-03
1.520000000000000000e+02 1.063771382812500480e-03
1.530000000000000000e+02 1.073222231250000030e-03
1.540000000000000000e+02 1.082311408124999805e-03
1.550000000000000000e+02 1.091098824609374905e-03
1.560000000000000000e+02 1.099638027343750532e-03
1.570000000000000000e+02 1.108024008593749832e-03
1.580000000000000000e+02 1.116376646875000050e-03
1.590000000000000000e+02 1.124810749999999781e-03
1.600000000000000000e+02 1.133477101562500736e-03
1.610000000000000000e+02 1.142526304687499885e-03
1.620000000000000000e+02 1.152108367187499585e-03
1.630000000000000000e+02 1.162405562499999739e-03
1.640000000000000000e+02 1.173570585937500207e-03
1.650000000000000000e+02 1.185774859374999881e-03
1.660000000000000000e+02 1.199162140625000070e-03
1.670000000000000000e+02 1.213881132812499918e-03
1.680000000000000000e+02 1.230050523437500485e-03
1.690000000000000000e+02 1.247774697656250150e-03
1.700000000000000000e+02 1.267126421093750510e-03
1.710000000000000000e+02 1.288157132812500641e-03
1.720000000000000000e+02 1.310883703124999730e-03
1.730000000000000000e+02 1.335271601562500188e-03
1.740000000000000000e+02 1.361273710937500143e-03
1.750000000000000000e+02 1.388790375000000009e-03
1.760000000000000000e+02 1.417677343750000036e-03
1.770000000000000000e+02 1.447763296874999975e-03
1.780000000000000000e+02 1.478823765625000668e-03
1.790000000000000000e+02 1.510609624999999451e-03
1.800000000000000000e+02 1.542830273437500316e-03
1.810000000000000000e+02 1.575181695312500869e-03
1.820000000000000000e+02 1.607312960937499775e-03
1.830000000000000000e+02 1.638861181249999304e-03
1.840000000000000000e+02 1.669476758593749699e-03
1.850000000000000000e+02 1.698772351562500551e-03
1.860000000000000000e+02 1.726384929687500890e-03
1.870000000000000000e+02 1.751957757812499768e-03
1.880000000000000000e+02 1.775160882812499338e-03
1.890000000000000000e+02 1.795698075781250068e-03
1.900000000000000000e+02 1.813305062499999615e-03
1.910000000000000000e+02 1.827761955468750138e-03
1.920000000000000000e+02 1.838931327343751310e-03
1.930000000000000000e+02 1.846720226562500143e-03
1.940000000000000000e+02 1.851118539062499620e-03
1.950000000000000000e+02 1.852155148437499999e-03
1.960000000000000000e+02 1.850027710937500892e-03
1.970000000000000000e+02 1.844936867187499689e-03
1.980000000000000000e+02 1.837209437500000875e-03
1.990000000000000000e+02 1.827236176562499308e-03
2.000000000000000000e+02 1.815529026796875670e-03
2.010000000000000000e+02 1.802661247656249131e-03
2.020000000000000000e+02 1.789283504687500794e-03
2.030000000000000000e+02 1.776123664062501063e-03
2.040000000000000000e+02 1.763978531250000401e-03
2.050000000000000000e+02 1.753695921875000159e-03
2.060000000000000000e+02 1.746170867187499557e-03
2.070000000000000000e+02 1.742327390625000123e-03
2.080000000000000000e+02 1.743111585937500005e-03
2.090000000000000000e+02 1.749484734374999982e-03
2.100000000000000000e+02 1.762387601562500575e-03
2.110000000000000000e+02 1.782759907421875567e-03
2.120000000000000000e+02 1.811487976562499566e-03
2.130000000000000000e+02 1.849418802343751576e-03
2.140000000000000000e+02 1.897339500781248991e-03
2.150000000000000000e+02 1.955958597656250707e-03
2.160000000000000000e+02 2.025899273437500783e-03
2.170000000000000000e+02 2.107693460937500735e-03
2.180000000000000000e+02 2.201770492187499987e-03
2.190000000000000000e+02 2.308430117187499925e-03
2.200000000000000000e+02 2.427884117187499233e-03
2.210000000000000000e+02 2.560187640624999456e-03
2.220000000000000000e+02 2.705295085937500961e-03
2.230000000000000000e+02 2.863038507812499991e-03
2.240000000000000000e+02 3.033097609375000770e-03
2.250000000000000000e+02 3.215065234374999033e-03
2.260000000000000000e+02 3.408387617187499594e-03
2.270000000000000000e+02 3.612436132812499399e-03
2.280000000000000000e+02 3.826464859374999888e-03
2.290000000000000000e+02 4.049637382812497875e-03
2.300000000000000000e+02 4.281010148437501030e-03
2.310000000000000000e+02 4.519609179687497473e-03
2.320000000000000000e+02 4.764369671875001884e-03
2.330000000000000000e+02 5.014198679687499084e-03
2.340000000000000000e+02 5.267961335937502466e-03
2.350000000000000000e+02 5.524560531249998394e-03
2.360000000000000000e+02 5.782756195312501422e-03
2.370000000000000000e+02 6.041418093749996270e-03
2.380000000000000000e+02 6.299403335937502069e-03
2.390000000000000000e+02 6.555648117187500880e-03
2.400000000000000000e+02 6.808957687500001403e-03
2.410000000000000000e+02 7.058433109375001485e-03
2.420000000000000000e+02 7.303046953124996132e-03
2.430000000000000000e+02 7.541853046874999814e-03
2.440000000000000000e+02 7.773982812500000901e-03
2.450000000000000000e+02 7.998766250000002506e-03
2.460000000000000000e+02 8.215363749999997703e-03
2.470000000000000000e+02 8.423225546875001343e-03
2.480000000000000000e+02 8.621831640624997434e-03
2.490000000000000000e+02 8.810640781250003717e-03
2.500000000000000000e+02 8.989264140625003244e-03
2.510000000000000000e+02 9.157442031250000863e-03
2.520000000000000000e+02 9.314913281250003507e-03
2.530000000000000000e+02 9.461453750000001217e-03
2.540000000000000000e+02 9.596973750000001302e-03
2.550000000000000000e+02 9.721426406249993740e-03
2.560000000000000000e+02 9.834823828124996878e-03
2.570000000000000000e+02 9.937218749999999004e-03
2.580000000000000000e+02 1.002878796875000117e-02
2.590000000000000000e+02 1.010956734374999534e-02
2.600000000000000000e+02 1.017985132812499090e-02
2.610000000000000000e+02 1.023982234374999460e-02
2.620000000000000000e+02 1.028979718750000494e-02
2.630000000000000000e+02 1.033005156250000472e-02
2.640000000000000000e+02 1.036088124999999527e-02
2.650000000000000000e+02 1.038271640625000082e-02
2.660000000000000000e+02 1.039598593750000119e-02
2.670000000000000000e+02 1.040099843750000308e-02
2.680000000000000000e+02 1.039832109375000459e-02
2.690000000000000000e+02 1.038831687499999941e-02
2.700000000000000000e+02 1.037157671874999743e-02
2.710000000000000000e+02 1.034867007812500031e-02
2.720000000000000000e+02 1.032011148437499831e-02
2.730000000000000000e+02 1.028658726562500444e-02
2.740000000000000000e+02 1.024868882812500319e-02
2.750000000000000000e+02 1.020712585937499917e-02
2.760000000000000000e+02 1.016270810156250266e-02
2.770000000000000000e+02 1.011614300000000799e-02
2.780000000000000000e+02 1.006822233593750518e-02
2.790000000000000000e+02 1.001990212499999713e-02
2.800000000000000000e+02 9.972121273437497060e-03
2.810000000000000000e+02 9.925749609374999449e-03
2.820000000000000000e+02 9.881842109374998698e-03
2.830000000000000000e+02 9.841427499999996081e-03
2.840000000000000000e+02 9.805626953124996908e-03
2.850000000000000000e+02 9.775484609375001063e-03
2.860000000000000000e+02 9.752215546875005192e-03
2.870000000000000000e+02 9.736944687500000487e-03
2.880000000000000000e+02 9.730904765624994249e-03
2.890000000000000000e+02 9.735252109375000171e-03
2.900000000000000000e+02 9.751190937499995895e-03
2.910000000000000000e+02 9.779945234375002003e-03
2.920000000000000000e+02 9.822700468750000802e-03
2.930000000000000000e+02 9.880655078124996396e-03
2.940000000000000000e+02 9.954892812499997745e-03
2.950000000000000000e+02 1.004653715625000027e-02
2.960000000000000000e+02 1.015662707812500787e-02
2.970000000000000000e+02 1.028617442187499710e-02
2.980000000000000000e+02 1.043614085937499651e-02
2.990000000000000000e+02 1.060732706250000490e-02
3.000000000000000000e+02 1.080048857812500318e-02
3.010000000000000000e+02 1.101625827343750454e-02
3.020000000000000000e+02 1.125531091406250205e-02
3.030000000000000000e+02 1.151802362500000017e-02
3.040000000000000000e+02 1.180469511718749628e-02
3.050000000000000000e+02 1.211567296874999783e-02
3.060000000000000000e+02 1.245089804687499711e-02
3.070000000000000000e+02 1.281040539062500497e-02
3.080000000000000000e+02 1.319385804687499969e-02
3.090000000000000000e+02 1.360113882812500133e-02
3.100000000000000000e+02 1.403160109375000027e-02
3.110000000000000000e+02 1.448457593750000078e-02
3.120000000000000000e+02 1.495940487500000381e-02
3.130000000000000000e+02 1.545515061718749465e-02
3.140000000000000000e+02 1.597061535156250184e-02
3.150000000000000000e+02 1.650481410156250106e-02
3.160000000000000000e+02 1.705626657812500321e-02
3.170000000000000000e+02 1.762347339062500517e-02
3.180000000000000000e+02 1.820492289062500615e-02
3.190000000000000000e+02 1.879878531250000692e-02
3.200000000000000000e+02 1.940324210937499280e-02
3.210000000000000000e+02 2.001637546875000354e-02
3.220000000000000000e+02 2.063599953125000788e-02
3.230000000000000000e+02 2.126004781249999157e-02
3.240000000000000000e+02 2.188616398437500526e-02
3.250000000000000000e+02 2.251208515624999670e-02
3.260000000000000000e+02 2.313527578125000594e-02
3.270000000000000000e+02 2.375340703124999980e-02
3.280000000000000000e+02 2.436391484375000777e-02
3.290000000000000000e+02 2.496428906250000579e-02
3.300000000000000000e+02 2.555199843749998700e-02
3.310000000000000000e+02 2.612468515624999377e-02
3.320000000000000000e+02 2.667982187499999547e-02
3.330000000000000000e+02 2.721486640624999967e-02
3.340000000000000000e+02 2.772765781249998326e-02
3.350000000000000000e+02 2.821577890625000945e-02
3.360000000000000000e+02 2.867718906250000047e-02
3.370000000000000000e+02 2.910972109374999200e-02
3.380000000000000000e+02 2.951139999999999319e-02
3.390000000000000000e+02 2.988023046874999436e-02
3.400000000000000000e+02 3.021459218750001396e-02
3.410000000000000000e+02 3.051266328125000482e-02
3.420000000000000000e+02 3.077310937499999274e-02
3.430000000000000000e+02 3.099450390625000523e-02
3.440000000000000000e+02 3.117571171874999880e-02
3.450000000000000000e+02 3.131577343750001352e-02
3.460000000000000000e+02 3.141397656250000114e-02
3.470000000000000000e+02 3.146967343750000506e-02
3.480000000000000000e+02 3.148275781250000488e-02
3.490000000000000000e+02 3.145310234374999736e-02
3.500000000000000000e+02 3.138087343749999814e-02
3.510000000000000000e+02 3.126662812500000110e-02
3.520000000000000000e+02 3.111100624999997566e-02
3.530000000000000000e+02 3.091490312500000046e-02
3.540000000000000000e+02 3.067941250000000286e-02
3.550000000000000000e+02 3.040586953124999048e-02
3.560000000000000000e+02 3.009556640624999613e-02
3.570000000000000000e+02 2.975026406250002101e-02
3.580000000000000000e+02 2.937170859374999346e-02
3.590000000000000000e+02 2.896173203124998222e-02
3.600000000000000000e+02 2.852242265624999745e-02
3.610000000000000000e+02 2.805606093749999155e-02
3.620000000000000000e+02 2.756507656249998495e-02
3.630000000000000000e+02 2.705190546874998089e-02
3.640000000000000000e+02 2.651939921875001369e-02
3.650000000000000000e+02 2.597049453125000948e-02
3.660000000000000000e+02 2.540815781249999850e-02
3.670000000000000000e+02 2.483564453125000279e-02
3.680000000000000000e+02 2.425623359374999913e-02
3.690000000000000000e+02 2.367328906249998449e-02
3.700000000000000000e+02 2.309025312499999802e-02
3.710000000000000000e+02 2.251063109375000051e-02
3.720000000000000000e+02 2.193782296874998913e-02
3.730000000000000000e+02 2.137522687499999324e-02
3.740000000000000000e+02 2.082616617187500047e-02
3.750000000000000000e+02 2.029388757812499236e-02
3.760000000000000000e+02 1.978146921874999326e-02
3.770000000000000000e+02 1.929182414062501072e-02
3.780000000000000000e+02 1.882774218750000658e-02
3.790000000000000000e+02 1.839189796874999769e-02
3.800000000000000000e+02 1.798654421875000090e-02
3.810000000000000000e+02 1.761388562499999200e-02
3.820000000000000000e+02 1.727587250000000782e-02
3.830000000000000000e+02 1.697409139843749151e-02
3.840000000000000000e+02 1.670986899218749808e-02
3.850000000000000000e+02 1.648429062499999834e-02
3.860000000000000000e+02 1.629814492187501088e-02
3.870000000000000000e+02 1.615187812968750178e-02
3.880000000000000000e+02 1.604553427453126249e-02
3.890000000000000000e+02 1.597900209453123957e-02
3.900000000000000000e+02 1.595168131250000038e-02
3.910000000000000000e+02 1.596275196093749002e-02
3.920000000000000000e+02 1.601106548437499985e-02
3.930000000000000000e+02 1.609511100000001263e-02
3.940000000000000000e+02 1.621310901249999395e-02
3.950000000000000000e+02 1.636286802109374397e-02
3.960000000000000000e+02 1.654209795390624085e-02
3.970000000000000000e+02 1.674800478124999562e-02
3.980000000000000000e+02 1.697764845312500770e-02
3.990000000000000000e+02 1.722774729687499493e-02
4.000000000000000000e+02 1.749480921875001468e-02
4.010000000000000000e+02 1.777513734375001098e-02
4.020000000000000000e+02 1.806475382812500544e-02
4.030000000000000000e+02 1.835956210937501540e-02
4.040000000000000000e+02 1.865541164062500812e-02
4.050000000000000000e+02 1.894795296874999049e-02
4.060000000000000000e+02 1.923298187499998535e-02
4.070000000000000000e+02 1.950610726562500979e-02
4.080000000000000000e+02 1.976319921875000982e-02
4.090000000000000000e+02 2.000016492187500772e-02
4.100000000000000000e+02 2.021308281250000852e-02
4.110000000000000000e+02 2.039830937499998928e-02
4.120000000000000000e+02 2.055250468749999018e-02
4.130000000000000000e+02 2.067241796874999885e-02
4.140000000000000000e+02 2.075528437500000212e-02
4.150000000000000000e+02 2.079865859375000514e-02
4.160000000000000000e+02 2.080040781250001858e-02
4.170000000000000000e+02 2.075884140624999902e-02
4.180000000000000000e+02 2.067262109374999601e-02
4.190000000000000000e+02 2.054089375000000411e-02
4.200000000000000000e+02 2.036331406249999865e-02
4.210000000000000000e+02 2.013986718750001431e-02
4.220000000000000000e+02 1.987124140625001062e-02
4.230000000000000000e+02 1.955840781250000118e-02
4.240000000000000000e+02 1.920288671875000977e-02
4.250000000000000000e+02 1.880676875000000803e-02
4.260000000000000000e+02 1.837232656249999235e-02
4.270000000000000000e+02 1.790252265625000630e-02
4.280000000000000000e+02 1.740050468750000204e-02
4.290000000000000000e+02 1.686982421874998889e-02
4.300000000000000000e+02 1.631430937499999539e-02
4.310000000000000000e+02 1.573805781250000105e-02
4.320000000000000000e+02 1.514545546874999406e-02
4.330000000000000000e+02 1.454095468750000834e-02
4.340000000000000000e+02 1.392937265624999595e-02
4.350000000000000000e+02 1.331537499999999909e-02
4.360000000000000000e+02 1.270382343749999754e-02
4.370000000000000000e+02 1.209960937500000749e-02
4.380000000000000000e+02 1.150738515625000444e-02
4.390000000000000000e+02 1.093183359374999900e-02
4.400000000000000000e+02 1.037726718749999721e-02
4.410000000000000000e+02 9.847772656249999951e-03
4.420000000000000000e+02 9.347110937499996525e-03
4.430000000000000000e+02 8.878692187499998695e-03
4.440000000000000000e+02 8.445210156249997185e-03
4.450000000000000000e+02 8.049154687500002445e-03
4.460000000000000000e+02 7.692263281249995047e-03
4.470000000000000000e+02 7.375839843750000777e-03
4.480000000000000000e+02 7.100517968750000124e-03
4.490000000000000000e+02 6.866450781250002695e-03
4.500000000000000000e+02 6.673135156250000095e-03
4.510000000000000000e+02 6.519528124999999195e-03
4.520000000000000000e+02 6.403951562499998577e-03
4.530000000000000000e+02 6.324175000000003058e-03
4.540000000000000000e+02 6.277306249999997992e-03
4.550000000000000000e+02 6.259987890625001543e-03
4.560000000000000000e+02 6.268230312499999471e-03
4.570000000000000000e+02 6.297641796874995333e-03
4.580000000000000000e+02 6.343430468750001217e-03
4.590000000000000000e+02 6.400432265624999596e-03
4.600000000000000000e+02 6.463299062499996105e-03
4.610000000000000000e+02 6.526593828124998067e-03
4.620000000000000000e+02 6.584964921875003860e-03
4.630000000000000000e+02 6.633153124999999206e-03
4.640000000000000000e+02 6.666270703125001112e-03
4.650000000000000000e+02 6.679849140625001951e-03
4.660000000000000000e+02 6.670075703124999332e-03
4.670000000000000000e+02 6.633829609374998319e-03
4.680000000000000000e+02 6.568840078124997192e-03
4.690000000000000000e+02 6.473812578124999925e-03
4.700000000000000000e+02 6.348450390625004838e-03
4.710000000000000000e+02 6.193457343749999254e-03
4.720000000000000000e+02 6.010618828125000555e-03
4.730000000000000000e+02 5.802666250000001330e-03
4.740000000000000000e+02 5.573255468749999803e-03
4.750000000000000000e+02 5.326963593750000218e-03
4.760000000000000000e+02 5.068954921875003065e-03
4.770000000000000000e+02 4.805011250000000393e-03
4.780000000000000000e+02 4.541300234375001028e-03
4.790000000000000000e+02 4.284125312499998707e-03
4.800000000000000000e+02 4.039761953124999284e-03
4.810000000000000000e+02 3.814081171875001192e-03
4.820000000000000000e+02 3.612310390624999881e-03
4.830000000000000000e+02 3.438642656250001824e-03
4.840000000000000000e+02 3.295952265624999857e-03
4.850000000000000000e+02 3.185508984374999138e-03
4.860000000000000000e+02 3.106828999999999320e-03
4.870000000000000000e+02 3.057567507812501435e-03
4.880000000000000000e+02 3.033662110156249477e-03
4.890000000000000000e+02 3.029517689843749632e-03
4.900000000000000000e+02 3.038443331249998831e-03
4.910000000000000000e+02 3.053146435156249647e-03
4.920000000000000000e+02 3.066408595859374496e-03
4.930000000000000000e+02 3.071639224218750044e-03
4.940000000000000000e+02 3.063746124999999071e-03
4.950000000000000000e+02 3.039791218750000339e-03
4.960000000000000000e+02 2.999706624999999224e-03
4.970000000000000000e+02 2.946860546875000944e-03
4.980000000000000000e+02 2.888360546875000118e-03
4.990000000000000000e+02 2.834864843750002032e-03
5.000000000000000000e+02 2.799841078124999921e-03
5.010000000000000000e+02 2.797791230468748679e-03
5.020000000000000000e+02 2.841687249062501384e-03
5.030000000000000000e+02 2.939449101562502126e-03
5.040000000000000000e+02 3.090135648437498939e-03
5.050000000000000000e+02 3.280795984374998159e-03
5.060000000000000000e+02 3.485968592187499437e-03
5.070000000000000000e+02 3.673131617187499944e-03
5.080000000000000000e+02 3.819335063281249255e-03
5.090000000000000000e+02 3.947828812499996551e-03
5.100000000000000000e+02 4.198156068750000247e-03
5.110000000000000000e+02 4.951678617187503517e-03
