0.000000000000000000e+00 1.029191484374999792e-02
1.000000000000000000e+00 1.026289062499999814e-02
2.000000000000000000e+00 1.020491796875000294e-02
3.000000000000000000e+00 1.011849843749999985e-02
4.000000000000000000e+00 1.000406953125000144e-02
5.000000000000000000e+00 9.862512500000000099e-03
6.000000000000000000e+00 9.694678906249998632e-03
7.000000000000000000e+00 9.501563281249998313e-03
8.000000000000000000e+00 9.284507031249999986e-03
9.000000000000000000e+00 9.044824999999999393e-03
1.000000000000000000e+01 8.784048437499998932e-03
1.100000000000000000e+01 8.503812499999997485e-03
1.200000000000000000e+01 8.205871093750000816e-03
1.300000000000000000e+01 7.892064843749995937e-03
1.400000000000000000e+01 7.564359375000002071e-03
1.500000000000000000e+01 7.224739062499999954e-03
1.600000000000000000e+01 6.875271875000000046e-03
1.700000000000000000e+01 6.517992187499995795e-03
1.800000000000000000e+01 6.155092187499999062e-03
1.900000000000000000e+01 5.788680468749999794e-03
2.000000000000000000e+01 5.420817187500000418e-03
2.100000000000000000e+01 5.053666406249997245e-03
2.200000000000000000e+01 4.689255468749998698e-03
2.300000000000000000e+01 4.329581250000001484e-03
2.400000000000000000e+01 3.976585937500001604e-03
2.500000000000000000e+01 3.632128124999999159e-03
2.600000000000000000e+01 3.297977734375000160e-03
2.700000000000000000e+01 2.975795546874998674e-03
2.800000000000000000e+01 2.667136640624999736e-03
2.900000000000000000e+01 2.373443828125000252e-03
3.000000000000000000e+01 2.096010781249999736e-03
3.100000000000000000e+01 1.836014921875000344e-03
3.200000000000000000e+01 1.594490468750000244e-03
3.300000000000000000e+01 1.372309531249999446e-03
3.400000000000000000e+01 1.170224921875000473e-03
3.500000000000000000e+01 9.888179687500000484e-04
3.600000000000000000e+01 8.285253906250003228e-04
3.700000000000000000e+01 6.896440624999999663e-04
3.800000000000000000e+01 5.723091640624999258e-04
3.900000000000000000e+01 4.765196875000001896e-04
4.000000000000000000e+01 4.021318671875000477e-04
4.100000000000000000e+01 3.488654328124998847e-04
4.200000000000000000e+01 3.163091562500001583e-04
4.300000000000000000e+01 3.039292617187499537e-04
4.400000000000000000e+01 3.110745218750000799e-04
4.500000000000000000e+01 3.369855392968749389e-04
4.600000000000000000e+01 3.808035562500000876e-04
4.700000000000000000e+01 4.415755382812499631e-04
4.800000000000000000e+01 5.182743289062503173e-04
4.900000000000000000e+01 6.097915945312500129e-04
5.000000000000000000e+01 7.149703265624998000e-04
5.100000000000000000e+01 8.325805343750000611e-04
5.200000000000000000e+01 9.613736187499997629e-04
5.300000000000000000e+01 1.100057714218750536e-03
5.400000000000000000e+01 1.247320962499999736e-03
5.500000000000000000e+01 1.401830360156250052e-03
5.600000000000000000e+01 1.562275471093750069e-03
5.700000000000000000e+01 1.727328035937499701e-03
5.800000000000000000e+01 1.895681133593750400e-03
5.900000000000000000e+01 2.066058349218749795e-03
6.000000000000000000e+01 2.237207407031249588e-03
6.100000000000000000e+01 2.407923348437499087e-03
6.200000000000000000e+01 2.577037382812499486e-03
6.300000000000000000e+01 2.743432710937499484e-03
6.400000000000000000e+01 2.906050875000001140e-03
6.500000000000000000e+01 3.063907414062501128e-03
6.600000000000000000e+01 3.216060679687499611e-03
6.700000000000000000e+01 3.361654226562501343e-03
6.800000000000000000e+01 3.499898984374997298e-03
6.900000000000000000e+01 3.630084062499998668e-03
7.000000000000000000e+01 3.751560156250000055e-03
7.100000000000000000e+01 3.863780468749998705e-03
7.200000000000000000e+01 3.966251093750002184e-03
7.300000000000000000e+01 4.058571484374999712e-03
7.400000000000000000e+01 4.140410078124999275e-03
7.500000000000000000e+01 4.211516171874998826e-03
7.600000000000000000e+01 4.271715468749997732e-03
7.700000000000000000e+01 4.320892578124997316e-03
7.800000000000000000e+01 4.359012578124999045e-03
7.900000000000000000e+01 4.386107187499999234e-03
8.000000000000000000e+01 4.402280937500000976e-03
8.100000000000000000e+01 4.407682187499998606e-03
8.200000000000000000e+01 4.402530000000000852e-03
8.300000000000000000e+01 4.387090078124996663e-03
8.400000000000000000e+01 4.361681406250000718e-03
8.500000000000000000e+01 4.326673593750000185e-03
8.600000000000000000e+01 4.282467499999999608e-03
8.700000000000000000e+01 4.229521875000001249e-03
8.800000000000000000e+01 4.168310781250000180e-03
8.900000000000000000e+01 4.099340078124998586e-03
9.000000000000000000e+01 4.023150078124999168e-03
9.100000000000000000e+01 3.940306328125000451e-03
9.200000000000000000e+01 3.851375390624999992e-03
9.300000000000000000e+01 3.756958437499999248e-03
9.400000000000000000e+01 3.657650781250001027e-03
9.500000000000000000e+01 3.554057734374999403e-03
9.600000000000000000e+01 3.446799218750000709e-03
9.700000000000000000e+01 3.336479843749999823e-03
9.800000000000000000e+01 3.223708828125000040e-03
9.900000000000000000e+01 3.109096484375002342e-03
1.000000000000000000e+02 2.993225234374999842e-03
1.010000000000000000e+02 2.876673515625001194e-03
1.020000000000000000e+02 2.760012499999999792e-03
1.030000000000000000e+02 2.643790078125000855e-03
1.040000000000000000e+02 2.528533671875000423e-03
1.050000000000000000e+02 2.414753749999999990e-03
1.060000000000000000e+02 2.302927421874999530e-03
1.070000000000000000e+02 2.193529453124999379e-03
1.080000000000000000e+02 2.086979687500001464e-03
1.090000000000000000e+02 1.983688749999999550e-03
1.100000000000000000e+02 1.884035703124999680e-03
1.110000000000000000e+02 1.788359921875000598e-03
1.120000000000000000e+02 1.696980781250000949e-03
1.130000000000000000e+02 1.610176484374999583e-03
1.140000000000000000e+02 1.528186484375000133e-03
1.150000000000000000e+02 1.451249531250000096e-03
1.160000000000000000e+02 1.379531984375000162e-03
1.170000000000000000e+02 1.313187406250000168e-03
1.180000000000000000e+02 1.252328070312499564e-03
1.190000000000000000e+02 1.197027180468750651e-03
1.200000000000000000e+02 1.147348457812500224e-03
1.210000000000000000e+02 1.103289486718750075e-03
1.220000000000000000e+02 1.064840949687500139e-03
1.230000000000000000e+02 1.031941589843749993e-03
1.240000000000000000e+02 1.004517039062499673e-03
1.250000000000000000e+02 9.824527812500000006e-04
1.260000000000000000e+02 9.656011406250001022e-04
1.270000000000000000e+02 9.538055468750002066e-04
1.280000000000000000e+02 9.468592968749997172e-04
1.290000000000000000e+02 9.445496093750000441e-04
1.300000000000000000e+02 9.466325781250000066e-04
1.310000000000000000e+02 9.528481250000001056e-04
1.320000000000000000e+02 9.629186718750001872e-04
1.330000000000000000e+02 9.765479687499996255e-04
1.340000000000000000e+02 9.934230468749997642e-04
1.350000000000000000e+02 1.013229843749999812e-03
1.360000000000000000e+02 1.035637343749999661e-03
1.370000000000000000e+02 1.060324218749999960e-03
1.380000000000000000e+02 1.086942109374999972e-03
1.390000000000000000e+02 1.115163156249999446e-03
1.400000000000000000e+02 1.144651703124999632e-03
1.410000000000000000e+02 1.175088421875000559e-03
1.420000000000000000e+02 1.206162328125000250e-03
1.430000000000000000e+02 1.237556359375000144e-03
1.440000000000000000e+02 1.269002562499999681e-03
1.450000000000000000e+02 1.300220914062500104e-03
1.460000000000000000e+02 1.330963328125000155e-03
1.470000000000000000e+02 1.361008335937500830e-03
1.480000000000000000e+02 1.390155300781249640e-03
1.490000000000000000e+02 1.418234153124999430e-03
1.500000000000000000e+02 1.445109496874999889e-03
1.510000000000000000e+02 1.470655774218750057e-03
1.520000000000000000e+02 1.494814026562499287e-03
1.530000000000000000e+02 1.517527870312499220e-03
1.540000000000000000e+02 1.538799626562500434e-03
1.550000000000000000e+02 1.558644147656250379e-03
1.560000000000000000e+02 1.577131196875000523e-03
1.570000000000000000e+02 1.594339209375000149e-03
1.580000000000000000e+02 1.610409402343750693e-03
1.590000000000000000e+02 1.625484182031250490e-03
1.600000000000000000e+02 1.639740112499999541e-03
1.610000000000000000e+02 1.653385944531249275e-03
1.620000000000000000e+02 1.666638409374999845e-03
1.630000000000000000e+02 1.679741470312499235e-03
1.640000000000000000e+02 1.692943832031250460e-03
1.650000000000000000e+02 1.706494610703125896e-03
1.660000000000000000e+02 1.720646433726562416e-03
1.670000000000000000e+02 1.735656053125000193e-03
1.680000000000000000e+02 1.751756976562499415e-03
1.690000000000000000e+02 1.769155800781249590e-03
1.700000000000000000e+02 1.788063301562500340e-03
1.710000000000000000e+02 1.808627682812500703e-03
1.720000000000000000e+02 1.830992320312500518e-03
1.730000000000000000e+02 1.855238078124999248e-03
1.740000000000000000e+02 1.881403085937499763e-03
1.750000000000000000e+02 1.909493023437499291e-03
1.760000000000000000e+02 1.939443367187499269e-03
1.770000000000000000e+02 1.971152007812500967e-03
1.780000000000000000e+02 2.004453124999999725e-03
1.790000000000000000e+02 2.039129351562500234e-03
1.800000000000000000e+02 2.074916468749999753e-03
1.810000000000000000e+02 2.111491843749999618e-03
1.820000000000000000e+02 2.148507351562499619e-03
1.830000000000000000e+02 2.185561835937500572e-03
1.840000000000000000e+02 2.222219687500000609e-03
1.850000000000000000e+02 2.258048289062499544e-03
1.860000000000000000e+02 2.292559478125000532e-03
1.870000000000000000e+02 2.325296086171874457e-03
1.880000000000000000e+02 2.355789765624998790e-03
1.890000000000000000e+02 2.383590547656249010e-03
1.900000000000000000e+02 2.408265296875000423e-03
1.910000000000000000e+02 2.429465414062500443e-03
1.920000000000000000e+02 2.446809203125000637e-03
1.930000000000000000e+02 2.460068281250000436e-03
1.940000000000000000e+02 2.469012499999999333e-03
1.950000000000000000e+02 2.473496171875001152e-03
1.960000000000000000e+02 2.473511874999998958e-03
1.970000000000000000e+02 2.469071796875001081e-03
1.980000000000000000e+02 2.460336249999999468e-03
1.990000000000000000e+02 2.447514945312500179e-03
2.000000000000000000e+02 2.430963609374998339e-03
2.010000000000000000e+02 2.411115890624998797e-03
2.020000000000000000e+02 2.388459460937500303e-03
2.030000000000000000e+02 2.363639551562500378e-03
2.040000000000000000e+02 2.337325138281250506e-03
2.050000000000000000e+02 2.310292858906249323e-03
2.060000000000000000e+02 2.283368974218749972e-03
2.070000000000000000e+02 2.257436062499999785e-03
2.080000000000000000e+02 2.233430383593751171e-03
2.090000000000000000e+02 2.212288753124999618e-03
2.100000000000000000e+02 2.194982804687501364e-03
2.110000000000000000e+02 2.182489140624999189e-03
2.120000000000000000e+02 2.175754429687499353e-03
2.130000000000000000e+02 2.175707656249999903e-03
2.140000000000000000e+02 2.183243757812498593e-03
2.150000000000000000e+02 2.199188625000000463e-03
2.160000000000000000e+02 2.224311703124999713e-03
2.170000000000000000e+02 2.259308171875000146e-03
2.180000000000000000e+02 2.304771411718750836e-03
2.190000000000000000e+02 2.361234664843750181e-03
2.200000000000000000e+02 2.429091773437501520e-03
2.210000000000000000e+02 2.508657101562499370e-03
2.220000000000000000e+02 2.600123217968749144e-03
2.230000000000000000e+02 2.703578126562499948e-03
2.240000000000000000e+02 2.818987160937499667e-03
2.250000000000000000e+02 2.946238241406251221e-03
2.260000000000000000e+02 3.085091615625000939e-03
2.270000000000000000e+02 3.235211290624999750e-03
2.280000000000000000e+02 3.396168864999998468e-03
2.290000000000000000e+02 3.567455917265624325e-03
2.300000000000000000e+02 3.748496357812500148e-03
2.310000000000000000e+02 3.938616219531249768e-03
2.320000000000000000e+02 4.137105043750000447e-03
2.330000000000000000e+02 4.343224437500002935e-03
2.340000000000000000e+02 4.556163325781247692e-03
2.350000000000000000e+02 4.775134858593751974e-03
2.360000000000000000e+02 4.999247304687500990e-03
2.370000000000000000e+02 5.227691156250001241e-03
2.380000000000000000e+02 5.459639500000002844e-03
2.390000000000000000e+02 5.694266601562501112e-03
2.400000000000000000e+02 5.930718851562500823e-03
2.410000000000000000e+02 6.168210484374999671e-03
2.420000000000000000e+02 6.406047734375000698e-03
2.430000000000000000e+02 6.643433671874999016e-03
2.440000000000000000e+02 6.879740781250003566e-03
2.450000000000000000e+02 7.114248359375000344e-03
2.460000000000000000e+02 7.346454687500003633e-03
2.470000000000000000e+02 7.575693281250002117e-03
2.480000000000000000e+02 7.801515312500000889e-03
2.490000000000000000e+02 8.023331093750004153e-03
2.500000000000000000e+02 8.240816953125000566e-03
2.510000000000000000e+02 8.453501640625003116e-03
2.520000000000000000e+02 8.660994843749998673e-03
2.530000000000000000e+02 8.862985390625006607e-03
2.540000000000000000e+02 9.059114374999999858e-03
2.550000000000000000e+02 9.249171171874999084e-03
2.560000000000000000e+02 9.432743046874999052e-03
2.570000000000000000e+02 9.609750781250004162e-03
2.580000000000000000e+02 9.779875703125001304e-03
2.590000000000000000e+02 9.942985234375001716e-03
2.600000000000000000e+02 1.009882601562499954e-02
2.610000000000000000e+02 1.024727773437498872e-02
2.620000000000000000e+02 1.038818828125000031e-02
2.630000000000000000e+02 1.052139296874999783e-02
2.640000000000000000e+02 1.064690703124999104e-02
2.650000000000000000e+02 1.076456093750000585e-02
2.660000000000000000e+02 1.087433359375000047e-02
2.670000000000000000e+02 1.097624218750000054e-02
2.680000000000000000e+02 1.107022890624999832e-02
2.690000000000000000e+02 1.115645312499999667e-02
2.700000000000000000e+02 1.123487968749999760e-02
2.710000000000000000e+02 1.130579664062499913e-02
2.720000000000000000e+02 1.136924492187499705e-02
2.730000000000000000e+02 1.142553664062500966e-02
2.740000000000000000e+02 1.147497156249999151e-02
2.750000000000000000e+02 1.151785875000000542e-02
2.760000000000000000e+02 1.155454007812500676e-02
2.770000000000000000e+02 1.158559523437499746e-02
2.780000000000000000e+02 1.161142726562500518e-02
2.790000000000000000e+02 1.163265195312500853e-02
2.800000000000000000e+02 1.164995054687499587e-02
2.810000000000000000e+02 1.166394179687499366e-02
2.820000000000000000e+02 1.167541406250000371e-02
2.830000000000000000e+02 1.168512656250000024e-02
2.840000000000000000e+02 1.169399921874999908e-02
2.850000000000000000e+02 1.170284375000000057e-02
2.860000000000000000e+02 1.171265781250000089e-02
2.870000000000000000e+02 1.172445164062500128e-02
2.880000000000000000e+02 1.173909500000000494e-02
2.890000000000000000e+02 1.175765148437499935e-02
2.900000000000000000e+02 1.178121898437499947e-02
2.910000000000000000e+02 1.181080015625000056e-02
2.920000000000000000e+02 1.184736328124999689e-02
2.930000000000000000e+02 1.189204796874999623e-02
2.940000000000000000e+02 1.194577515624999781e-02
2.950000000000000000e+02 1.200965125000000473e-02
2.960000000000000000e+02 1.208454028125000371e-02
2.970000000000000000e+02 1.217144315703125139e-02
2.980000000000000000e+02 1.227116632812499594e-02
2.990000000000000000e+02 1.238467679687499899e-02
3.000000000000000000e+02 1.251260289062500718e-02
3.010000000000000000e+02 1.265576945312500527e-02
3.020000000000000000e+02 1.281475179687499924e-02
3.030000000000000000e+02 1.299009859374999909e-02
3.040000000000000000e+02 1.318246460937499628e-02
3.050000000000000000e+02 1.339210867187499814e-02
3.060000000000000000e+02 1.361937382812499799e-02
3.070000000000000000e+02 1.386463070312500198e-02
3.080000000000000000e+02 1.412786999999999897e-02
3.090000000000000000e+02 1.440919164062499924e-02
3.100000000000000000e+02 1.470854125000000366e-02
3.110000000000000000e+02 1.502581124999999469e-02
3.120000000000000000e+02 1.536065914062499996e-02
3.130000000000000000e+02 1.571272718750000089e-02
3.140000000000000000e+02 1.608163132812499840e-02
3.150000000000000000e+02 1.646662445312499848e-02
3.160000000000000000e+02 1.686718789062499613e-02
3.170000000000000000e+02 1.728239781249999926e-02
3.180000000000000000e+02 1.771132023437500119e-02
3.190000000000000000e+02 1.815301031250000224e-02
3.200000000000000000e+02 1.860616843750001123e-02
3.210000000000000000e+02 1.906972531250000075e-02
3.220000000000000000e+02 1.954220710937500452e-02
3.230000000000000000e+02 2.002213593750001158e-02
3.240000000000000000e+02 2.050794687500000560e-02
3.250000000000000000e+02 2.099800312500000807e-02
3.260000000000000000e+02 2.149065859374999291e-02
3.270000000000000000e+02 2.198393906250000265e-02
3.280000000000000000e+02 2.247603593749999615e-02
3.290000000000000000e+02 2.296505937499999928e-02
3.300000000000000000e+02 2.344900781250000565e-02
3.310000000000000000e+02 2.392587109375000909e-02
3.320000000000000000e+02 2.439369453124999934e-02
3.330000000000000000e+02 2.485030937500000425e-02
3.340000000000000000e+02 2.529373593749998858e-02
3.350000000000000000e+02 2.572184921875000571e-02
3.360000000000000000e+02 2.613261718749998117e-02
3.370000000000000000e+02 2.652396328124998620e-02
3.380000000000000000e+02 2.689390078125000055e-02
3.390000000000000000e+02 2.724044453124999793e-02
3.400000000000000000e+02 2.756169296875000257e-02
3.410000000000000000e+02 2.785577343750000531e-02
3.420000000000000000e+02 2.812104062499999960e-02
3.430000000000000000e+02 2.835593984375000751e-02
3.440000000000000000e+02 2.855897890625000435e-02
3.450000000000000000e+02 2.872918124999999240e-02
3.460000000000000000e+02 2.886526171875000019e-02
3.470000000000000000e+02 2.896654921874999497e-02
3.480000000000000000e+02 2.903253984374998958e-02
3.490000000000000000e+02 2.906260937499999947e-02
3.500000000000000000e+02 2.905670234374999397e-02
3.510000000000000000e+02 2.901494453124999623e-02
3.520000000000000000e+02 2.893739999999998119e-02
3.530000000000000000e+02 2.882445000000000146e-02
3.540000000000000000e+02 2.867670000000001329e-02
3.550000000000000000e+02 2.849476796874998719e-02
3.560000000000000000e+02 2.827943281249999802e-02
3.570000000000000000e+02 2.803186484375000398e-02
3.580000000000000000e+02 2.775302265624999751e-02
3.590000000000000000e+02 2.744450078125000234e-02
3.600000000000000000e+02 2.710772187499999389e-02
3.610000000000000000e+02 2.674429609375000502e-02
3.620000000000000000e+02 2.635628828125000447e-02
3.630000000000000000e+02 2.594554843749999687e-02
3.640000000000000000e+02 2.551449296874999662e-02
3.650000000000000000e+02 2.506550781250000207e-02
3.660000000000000000e+02 2.460107343749999911e-02
3.670000000000000000e+02 2.412377734374998584e-02
3.680000000000000000e+02 2.363648906249999834e-02
3.690000000000000000e+02 2.314199296875001435e-02
3.700000000000000000e+02 2.264319531249998213e-02
3.710000000000000000e+02 2.214292187500000592e-02
3.720000000000000000e+02 2.164418828125001457e-02
3.730000000000000000e+02 2.114985781250000238e-02
3.740000000000000000e+02 2.066290375000000290e-02
3.750000000000000000e+02 2.018611226562500027e-02
3.760000000000000000e+02 1.972237445312500712e-02
3.770000000000000000e+02 1.927436460937499707e-02
3.780000000000000000e+02 1.884475257812500554e-02
3.790000000000000000e+02 1.843609085937500391e-02
3.800000000000000000e+02 1.805062117187501355e-02
3.810000000000000000e+02 1.769066382812500143e-02
3.820000000000000000e+02 1.735811609375000411e-02
3.830000000000000000e+02 1.705476523437500502e-02
3.840000000000000000e+02 1.678208485156250374e-02
3.850000000000000000e+02 1.654135646875000420e-02
3.860000000000000000e+02 1.633363618750000024e-02
3.870000000000000000e+02 1.615948003125001337e-02
3.880000000000000000e+02 1.601936920000000125e-02
3.890000000000000000e+02 1.591343540156249861e-02
3.900000000000000000e+02 1.584145821171874940e-02
3.910000000000000000e+02 1.580304175453125723e-02
3.920000000000000000e+02 1.579736314140625653e-02
3.930000000000000000e+02 1.582337012499999973e-02
3.940000000000000000e+02 1.587971523437499075e-02
3.950000000000000000e+02 1.596479691406248527e-02
3.960000000000000000e+02 1.607665601562500296e-02
3.970000000000000000e+02 1.621318984375001021e-02
3.980000000000000000e+02 1.637190132812500754e-02
3.990000000000000000e+02 1.655024476562500305e-02
4.000000000000000000e+02 1.674531273437498968e-02
4.010000000000000000e+02 1.695418507812500308e-02
4.020000000000000000e+02 1.717359687500000232e-02
4.030000000000000000e+02 1.740033835937500328e-02
4.040000000000000000e+02 1.763115976562498743e-02
4.050000000000000000e+02 1.786271093749999470e-02
4.060000000000000000e+02 1.809161874999998948e-02
4.070000000000000000e+02 1.831457578125000180e-02
4.080000000000000000e+02 1.852836796875000427e-02
4.090000000000000000e+02 1.872971250000000226e-02
4.100000000000000000e+02 1.891569140625000076e-02
4.110000000000000000e+02 1.908320859374999443e-02
4.120000000000000000e+02 1.922939843750000322e-02
4.130000000000000000e+02 1.935161171875000863e-02
4.140000000000000000e+02 1.944720156249998833e-02
4.150000000000000000e+02 1.951387109374999596e-02
4.160000000000000000e+02 1.954944921875001462e-02
4.170000000000000000e+02 1.955211406250000061e-02
4.180000000000000000e+02 1.952018281249999487e-02
4.190000000000000000e+02 1.945238984375001132e-02
4.200000000000000000e+02 1.934784062499998736e-02
4.210000000000000000e+02 1.920584531249999033e-02
4.220000000000000000e+02 1.902617109375000226e-02
4.230000000000000000e+02 1.880890937500000540e-02
4.240000000000000000e+02 1.855447265625001507e-02
4.250000000000000000e+02 1.826356953124999918e-02
4.260000000000000000e+02 1.793735781250000924e-02
4.270000000000000000e+02 1.757717656250000482e-02
4.280000000000000000e+02 1.718470624999999738e-02
4.290000000000000000e+02 1.676206406250000183e-02
4.300000000000000000e+02 1.631149140624999286e-02
4.310000000000000000e+02 1.583571093750000061e-02
4.320000000000000000e+02 1.533765703125000192e-02
4.330000000000000000e+02 1.482059843749999710e-02
4.340000000000000000e+02 1.428797656249999187e-02
4.350000000000000000e+02 1.374359531249999891e-02
4.360000000000000000e+02 1.319134609375000391e-02
4.370000000000000000e+02 1.263533281250000043e-02
4.380000000000000000e+02 1.207962656250000794e-02
4.390000000000000000e+02 1.152852890625000182e-02
4.400000000000000000e+02 1.098619531250000225e-02
4.410000000000000000e+02 1.045676718749999692e-02
4.420000000000000000e+02 9.944208593750001809e-03
4.430000000000000000e+02 9.452386718749995406e-03
4.440000000000000000e+02 8.984917187500005356e-03
4.450000000000000000e+02 8.545230468750001501e-03
4.460000000000000000e+02 8.136296875000002468e-03
4.470000000000000000e+02 7.760877343750000046e-03
4.480000000000000000e+02 7.421286718749996181e-03
4.490000000000000000e+02 7.119330468749998989e-03
4.500000000000000000e+02 6.856272656249999715e-03
4.510000000000000000e+02 6.632778125000001433e-03
4.520000000000000000e+02 6.448772656250001574e-03
4.530000000000000000e+02 6.303595312500001081e-03
4.540000000000000000e+02 6.195756250000001783e-03
4.550000000000000000e+02 6.123065625000000990e-03
4.560000000000000000e+02 6.082599218750002652e-03
4.570000000000000000e+02 6.070753124999998113e-03
4.580000000000000000e+02 6.083327890625000317e-03
4.590000000000000000e+02 6.115555312499999785e-03
4.600000000000000000e+02 6.162274140625000063e-03
4.610000000000000000e+02 6.217963984374999011e-03
4.620000000000000000e+02 6.276925468750003262e-03
4.630000000000000000e+02 6.333397499999998161e-03
4.640000000000000000e+02 6.381706640624999240e-03
4.650000000000000000e+02 6.416373437499998424e-03
4.660000000000000000e+02 6.432334843750001779e-03
4.670000000000000000e+02 6.424930781249997558e-03
4.680000000000000000e+02 6.390248749999999020e-03
4.690000000000000000e+02 6.325151874999998015e-03
4.700000000000000000e+02 6.227356484375001777e-03
4.710000000000000000e+02 6.095633593749999295e-03
4.720000000000000000e+02 5.929960937499998384e-03
4.730000000000000000e+02 5.731495234374997354e-03
4.740000000000000000e+02 5.502731718749998176e-03
4.750000000000000000e+02 5.247529999999999382e-03
4.760000000000000000e+02 4.971103749999999759e-03
4.770000000000000000e+02 4.679968906249997417e-03
4.780000000000000000e+02 4.381779218749999594e-03
4.790000000000000000e+02 4.085143046875000690e-03
4.800000000000000000e+02 3.799235937500001440e-03
4.810000000000000000e+02 3.533449921874999653e-03
4.820000000000000000e+02 3.296877968750001366e-03
4.830000000000000000e+02 3.097829273437499933e-03
4.840000000000000000e+02 2.943318414062499888e-03
4.850000000000000000e+02 2.838537210937498723e-03
4.860000000000000000e+02 2.786464851562499984e-03
4.870000000000000000e+02 2.787468687500000049e-03
4.880000000000000000e+02 2.839053005468750689e-03
4.890000000000000000e+02 2.935653031249998123e-03
4.900000000000000000e+02 3.068683593750000990e-03
4.910000000000000000e+02 3.226680234374999876e-03
4.920000000000000000e+02 3.395779374999999180e-03
4.930000000000000000e+02 3.560520312500000447e-03
4.940000000000000000e+02 3.704974843750001492e-03
4.950000000000000000e+02 3.814246484374998313e-03
4.960000000000000000e+02 3.876185312500000577e-03
4.970000000000000000e+02 3.883167421874999213e-03
4.980000000000000000e+02 3.833661093749999877e-03
4.990000000000000000e+02 3.733250078124999548e-03
5.000000000000000000e+02 3.594888359374998153e-03
5.010000000000000000e+02 3.437989921875000618e-03
5.020000000000000000e+02 3.286149757812498878e-03
5.030000000000000000e+02 3.163618060156250626e-03
5.040000000000000000e+02 3.090854820312499435e-03
5.050000000000000000e+02 3.079767460937499288e-03
5.060000000000000000e+02 3.130786234375000730e-03
5.070000000000000000e+02 3.234729273437499629e-03
5.080000000000000000e+02 3.385324268750000871e-03
5.090000000000000000e+02 3.612057437499998150e-03
5.100000000000000000e+02 4.049717773437501098e-03
5.110000000000000000e+02 5.071368203124999169e-03
