0.000000000000000000e+00 7.920809140624998634e-03
1.000000000000000000e+00 7.887318359374997576e-03
2.000000000000000000e+00 7.820623828125001370e-03
3.000000000000000000e+00 7.721417187499997684e-03
4.000000000000000000e+00 7.590588593750001098e-03
5.000000000000000000e+00 7.429413203124998755e-03
6.000000000000000000e+00 7.239412265625000918e-03
7.000000000000000000e+00 7.022340624999997248e-03
8.000000000000000000e+00 6.780287890625001125e-03
9.000000000000000000e+00 6.515526015625001076e-03
1.000000000000000000e+01 6.230455312500000030e-03
1.100000000000000000e+01 5.927775703124995438e-03
1.200000000000000000e+01 5.610214062500002222e-03
1.300000000000000000e+01 5.280694687500002080e-03
1.400000000000000000e+01 4.942148593749999194e-03
1.500000000000000000e+01 4.597611875000003588e-03
1.600000000000000000e+01 4.250120156250000378e-03
1.700000000000000000e+01 3.902680078125000344e-03
1.800000000000000000e+01 3.558274375000001696e-03
1.900000000000000000e+01 3.219799296875000896e-03
2.000000000000000000e+01 2.890046875000000688e-03
2.100000000000000000e+01 2.571684140624999355e-03
2.200000000000000000e+01 2.267219453125001068e-03
2.300000000000000000e+01 1.978978046875000136e-03
2.400000000000000000e+01 1.709100625000000827e-03
2.500000000000000000e+01 1.459492187499999202e-03
2.600000000000000000e+01 1.231844921874999683e-03
2.700000000000000000e+01 1.027602109375000232e-03
2.800000000000000000e+01 8.479516406250000964e-04
2.900000000000000000e+01 6.938276562500001387e-04
3.000000000000000000e+01 5.659114843750002836e-04
3.100000000000000000e+01 4.646119218749999221e-04
3.200000000000000000e+01 3.900861405468749655e-04
3.300000000000000000e+01 3.422419062499999754e-04
3.400000000000000000e+01 3.207407421875000655e-04
3.500000000000000000e+01 3.250121343749999081e-04
3.600000000000000000e+01 3.542663015625000683e-04
3.700000000000000000e+01 4.075043652343748554e-04
3.800000000000000000e+01 4.835473015624999304e-04
3.900000000000000000e+01 5.810283890625001337e-04
4.000000000000000000e+01 6.984443187499998068e-04
4.100000000000000000e+01 8.341520906250004565e-04
4.200000000000000000e+01 9.863920218750005069e-04
4.300000000000000000e+01 1.153319523437499813e-03
4.400000000000000000e+01 1.333022985937500158e-03
4.500000000000000000e+01 1.523523475624999172e-03
4.600000000000000000e+01 1.722833732812499704e-03
4.700000000000000000e+01 1.928936632812500119e-03
4.800000000000000000e+01 2.139851523437500281e-03
4.900000000000000000e+01 2.353593312500000014e-03
5.000000000000000000e+01 2.568241882812499939e-03
5.100000000000000000e+01 2.781926289062500602e-03
5.200000000000000000e+01 2.992854429687500945e-03
5.300000000000000000e+01 3.199331015624996659e-03
5.400000000000000000e+01 3.399752879687501037e-03
5.500000000000000000e+01 3.592618486718749619e-03
5.600000000000000000e+01 3.776539965546874857e-03
5.700000000000000000e+01 3.950246549218750479e-03
5.800000000000000000e+01 4.112651867187499914e-03
5.900000000000000000e+01 4.262714476562499445e-03
6.000000000000000000e+01 4.399584039062503019e-03
6.100000000000000000e+01 4.522538726562499826e-03
6.200000000000000000e+01 4.630976156250000975e-03
6.300000000000000000e+01 4.724452296875002524e-03
6.400000000000000000e+01 4.802588749999997866e-03
6.500000000000000000e+01 4.865251015625000550e-03
6.600000000000000000e+01 4.912292578124997054e-03
6.700000000000000000e+01 4.943773046875002408e-03
6.800000000000000000e+01 4.959836015625000878e-03
6.900000000000000000e+01 4.960714296874994822e-03
7.000000000000000000e+01 4.946768984375002343e-03
7.100000000000000000e+01 4.918432734375003008e-03
7.200000000000000000e+01 4.876194140624999854e-03
7.300000000000000000e+01 4.820668281250000894e-03
7.400000000000000000e+01 4.752514609375001198e-03
7.500000000000000000e+01 4.672450703125002533e-03
7.600000000000000000e+01 4.581229921875000846e-03
7.700000000000000000e+01 4.479690078124999239e-03
7.800000000000000000e+01 4.368675468750000436e-03
7.900000000000000000e+01 4.249079765624999387e-03
8.000000000000000000e+01 4.121798828124999432e-03
8.100000000000000000e+01 3.987772734375003188e-03
8.200000000000000000e+01 3.847943984374997684e-03
8.300000000000000000e+01 3.703259687500000483e-03
8.400000000000000000e+01 3.554662578124998494e-03
8.500000000000000000e+01 3.403107578124999963e-03
8.600000000000000000e+01 3.249522656249999569e-03
8.700000000000000000e+01 3.094837890625000421e-03
8.800000000000000000e+01 2.939963359375000543e-03
8.900000000000000000e+01 2.785777578124999394e-03
9.000000000000000000e+01 2.633133749999999780e-03
9.100000000000000000e+01 2.482870078124999828e-03
9.200000000000000000e+01 2.335785234374999388e-03
9.300000000000000000e+01 2.192641015625000373e-03
9.400000000000000000e+01 2.054163749999998647e-03
9.500000000000000000e+01 1.921041796875000516e-03
9.600000000000000000e+01 1.793909062499999965e-03
9.700000000000000000e+01 1.673364062500000285e-03
9.800000000000000000e+01 1.559959296874999712e-03
9.900000000000000000e+01 1.454192929687500146e-03
1.000000000000000000e+02 1.356513656250000251e-03
1.010000000000000000e+02 1.267316860937499779e-03
1.020000000000000000e+02 1.186959325781250301e-03
1.030000000000000000e+02 1.115718839843749585e-03
1.040000000000000000e+02 1.053836406249999188e-03
1.050000000000000000e+02 1.001493591406250145e-03
1.060000000000000000e+02 9.588191429687497637e-04
1.070000000000000000e+02 9.258893984374997341e-04
1.080000000000000000e+02 9.027140546875002869e-04
1.090000000000000000e+02 8.892660312499997598e-04
1.100000000000000000e+02 8.854600546874996691e-04
1.110000000000000000e+02 8.911558984374997727e-04
1.120000000000000000e+02 9.061596101562500918e-04
1.130000000000000000e+02 9.302458945312500798e-04
1.140000000000000000e+02 9.631278640624999724e-04
1.150000000000000000e+02 1.004473695312499935e-03
1.160000000000000000e+02 1.053925296875000321e-03
1.170000000000000000e+02 1.111059937500000335e-03
1.180000000000000000e+02 1.175434882031250929e-03
1.190000000000000000e+02 1.246573421093750099e-03
1.200000000000000000e+02 1.323949864374999357e-03
1.210000000000000000e+02 1.407028096093750633e-03
1.220000000000000000e+02 1.495230968749999877e-03
1.230000000000000000e+02 1.587955914062500222e-03
1.240000000000000000e+02 1.684599523437500541e-03
1.250000000000000000e+02 1.784507640625000160e-03
1.260000000000000000e+02 1.887041640625000205e-03
1.270000000000000000e+02 1.991545531249998800e-03
1.280000000000000000e+02 2.097331481250000376e-03
1.290000000000000000e+02 2.203738643437499686e-03
1.300000000000000000e+02 2.310082482812498943e-03
1.310000000000000000e+02 2.415691140625000552e-03
1.320000000000000000e+02 2.519899070312500104e-03
1.330000000000000000e+02 2.622049164062498824e-03
1.340000000000000000e+02 2.721500570312499010e-03
1.350000000000000000e+02 2.817610047656249946e-03
1.360000000000000000e+02 2.909785019531250551e-03
1.370000000000000000e+02 2.997439729687498972e-03
1.380000000000000000e+02 3.080020601562501788e-03
1.390000000000000000e+02 3.157003796875000254e-03
1.400000000000000000e+02 3.227914820312499482e-03
1.410000000000000000e+02 3.292305289062499776e-03
1.420000000000000000e+02 3.349764820312500519e-03
1.430000000000000000e+02 3.399960554687500840e-03
1.440000000000000000e+02 3.442577687500000556e-03
1.450000000000000000e+02 3.477377507812499761e-03
1.460000000000000000e+02 3.504190156250000261e-03
1.470000000000000000e+02 3.522882890625001883e-03
1.480000000000000000e+02 3.533412656249998885e-03
1.490000000000000000e+02 3.535808359375000338e-03
1.500000000000000000e+02 3.530165156249999957e-03
1.510000000000000000e+02 3.516673359375000786e-03
1.520000000000000000e+02 3.495583203125000784e-03
1.530000000000000000e+02 3.467246718749999838e-03
1.540000000000000000e+02 3.432112421875001262e-03
1.550000000000000000e+02 3.390696171874999811e-03
1.560000000000000000e+02 3.343614632812498978e-03
1.570000000000000000e+02 3.291566257812501058e-03
1.580000000000000000e+02 3.235334195312499113e-03
1.590000000000000000e+02 3.175791367187499013e-03
1.600000000000000000e+02 3.113870671875000867e-03
1.610000000000000000e+02 3.050576398437500163e-03
1.620000000000000000e+02 2.986952742187501311e-03
1.630000000000000000e+02 2.924123140625000620e-03
1.640000000000000000e+02 2.863178843749999199e-03
1.650000000000000000e+02 2.805292023437500667e-03
1.660000000000000000e+02 2.751575460937498701e-03
1.670000000000000000e+02 2.703155484374998932e-03
1.680000000000000000e+02 2.661085458593749880e-03
1.690000000000000000e+02 2.626348152343749732e-03
1.700000000000000000e+02 2.599844218749999911e-03
1.710000000000000000e+02 2.582382531250000408e-03
1.720000000000000000e+02 2.574621710937500304e-03
1.730000000000000000e+02 2.577059453125001096e-03
1.740000000000000000e+02 2.590073437500001099e-03
1.750000000000000000e+02 2.613813749999999159e-03
1.760000000000000000e+02 2.648273750000000506e-03
1.770000000000000000e+02 2.693214000000001065e-03
1.780000000000000000e+02 2.748232796874998905e-03
1.790000000000000000e+02 2.812719187499999017e-03
1.800000000000000000e+02 2.885861303906250407e-03
1.810000000000000000e+02 2.966682976562501871e-03
1.820000000000000000e+02 3.054059200000001396e-03
1.830000000000000000e+02 3.146691359375000316e-03
1.840000000000000000e+02 3.243182515624999564e-03
1.850000000000000000e+02 3.342087812500000102e-03
1.860000000000000000e+02 3.441877195312499117e-03
1.870000000000000000e+02 3.540968570312500591e-03
1.880000000000000000e+02 3.637885425234375913e-03
1.890000000000000000e+02 3.731135242187500530e-03
1.900000000000000000e+02 3.819367804687500822e-03
1.910000000000000000e+02 3.901294453124999791e-03
1.920000000000000000e+02 3.975878750000000871e-03
1.930000000000000000e+02 4.042180937500000626e-03
1.940000000000000000e+02 4.099501484375000365e-03
1.950000000000000000e+02 4.147382968750000162e-03
1.960000000000000000e+02 4.185635468749998936e-03
1.970000000000000000e+02 4.214213515624999802e-03
1.980000000000000000e+02 4.233441750000002321e-03
1.990000000000000000e+02 4.243789765624999578e-03
2.000000000000000000e+02 4.246030468749997615e-03
2.010000000000000000e+02 4.241081562499999548e-03
2.020000000000000000e+02 4.230105859375000478e-03
2.030000000000000000e+02 4.214397421875001014e-03
2.040000000000000000e+02 4.195357656250000775e-03
2.050000000000000000e+02 4.174503281249997665e-03
2.060000000000000000e+02 4.153394687500001729e-03
2.070000000000000000e+02 4.133610156250001021e-03
2.080000000000000000e+02 4.116687421875000162e-03
2.090000000000000000e+02 4.104119609374999936e-03
2.100000000000000000e+02 4.097288984375001795e-03
2.110000000000000000e+02 4.097464453125000509e-03
2.120000000000000000e+02 4.105749843750000107e-03
2.130000000000000000e+02 4.123084374999998886e-03
2.140000000000000000e+02 4.150185312499999647e-03
2.150000000000000000e+02 4.187616796875000789e-03
2.160000000000000000e+02 4.235689374999997148e-03
2.170000000000000000e+02 4.294539562500001434e-03
2.180000000000000000e+02 4.364097091406250566e-03
2.190000000000000000e+02 4.444128210937500420e-03
2.200000000000000000e+02 4.534204296874999422e-03
2.210000000000000000e+02 4.633801007812502273e-03
2.220000000000000000e+02 4.742240873437500275e-03
2.230000000000000000e+02 4.858829664062498839e-03
2.240000000000000000e+02 4.982751492187500499e-03
2.250000000000000000e+02 5.113243671875000035e-03
2.260000000000000000e+02 5.249485234375001093e-03
2.270000000000000000e+02 5.390791718750002903e-03
2.280000000000000000e+02 5.536506796875001815e-03
2.290000000000000000e+02 5.686051406250000780e-03
2.300000000000000000e+02 5.838983359375000959e-03
2.310000000000000000e+02 5.995052890624997209e-03
2.320000000000000000e+02 6.154077656250001374e-03
2.330000000000000000e+02 6.316061718750000907e-03
2.340000000000000000e+02 6.481142578124998894e-03
2.350000000000000000e+02 6.649600468749999188e-03
2.360000000000000000e+02 6.821825625000001517e-03
2.370000000000000000e+02 6.998370781249996404e-03
2.380000000000000000e+02 7.179800078124997861e-03
2.390000000000000000e+02 7.366768750000000573e-03
2.400000000000000000e+02 7.559982578125000810e-03
2.410000000000000000e+02 7.760073515625002041e-03
2.420000000000000000e+02 7.967708437500000199e-03
2.430000000000000000e+02 8.183478703125000170e-03
2.440000000000000000e+02 8.407743773437502052e-03
2.450000000000000000e+02 8.640914617968750364e-03
2.460000000000000000e+02 8.883075007812501339e-03
2.470000000000000000e+02 9.134236601562499905e-03
2.480000000000000000e+02 9.394135757812501625e-03
2.490000000000000000e+02 9.662219453124998997e-03
2.500000000000000000e+02 9.937863703124995632e-03
2.510000000000000000e+02 1.022008066015625029e-02
2.520000000000000000e+02 1.050779574335937439e-02
2.530000000000000000e+02 1.079938618437500247e-02
2.540000000000000000e+02 1.109336895312500529e-02
2.550000000000000000e+02 1.138792813281250434e-02
2.560000000000000000e+02 1.168105148437499630e-02
2.570000000000000000e+02 1.197061476562500185e-02
2.580000000000000000e+02 1.225440685937500065e-02
2.590000000000000000e+02 1.253006269531250355e-02
2.600000000000000000e+02 1.279546617187500047e-02
2.610000000000000000e+02 1.304808128593750415e-02
2.620000000000000000e+02 1.328571041406250569e-02
2.630000000000000000e+02 1.350619662499999603e-02
2.640000000000000000e+02 1.370730755468749923e-02
2.650000000000000000e+02 1.388730609374999939e-02
2.660000000000000000e+02 1.404431867187500189e-02
2.670000000000000000e+02 1.417671843749999765e-02
2.680000000000000000e+02 1.428319289062500615e-02
2.690000000000000000e+02 1.436263265624999376e-02
2.700000000000000000e+02 1.441417390624999580e-02
2.710000000000000000e+02 1.443714804687499728e-02
2.720000000000000000e+02 1.443121835937500111e-02
2.730000000000000000e+02 1.439636296875000145e-02
2.740000000000000000e+02 1.433273625000000898e-02
2.750000000000000000e+02 1.424074734374999700e-02
2.760000000000000000e+02 1.412112882812500796e-02
2.770000000000000000e+02 1.397483609375000171e-02
2.780000000000000000e+02 1.380312835937499982e-02
2.790000000000000000e+02 1.360736585937500319e-02
2.800000000000000000e+02 1.338919406250000006e-02
2.810000000000000000e+02 1.315038890625000630e-02
2.820000000000000000e+02 1.289314460937500406e-02
2.830000000000000000e+02 1.261942416406249511e-02
2.840000000000000000e+02 1.233167276562499928e-02
2.850000000000000000e+02 1.203230857031249712e-02
2.860000000000000000e+02 1.172392372656250355e-02
2.870000000000000000e+02 1.140906499218750057e-02
2.880000000000000000e+02 1.109061242187499990e-02
2.890000000000000000e+02 1.077130882031250396e-02
2.900000000000000000e+02 1.045393843750000093e-02
2.910000000000000000e+02 1.014149046093749951e-02
2.920000000000000000e+02 9.836756640624990874e-03
2.930000000000000000e+02 9.542734062499991926e-03
2.940000000000000000e+02 9.262303749999993910e-03
2.950000000000000000e+02 8.998264062499993637e-03
2.960000000000000000e+02 8.753521960937499929e-03
2.970000000000000000e+02 8.530837179687496968e-03
2.980000000000000000e+02 8.332835943750000265e-03
2.990000000000000000e+02 8.162080810156249755e-03
3.000000000000000000e+02 8.021047695312500184e-03
3.010000000000000000e+02 7.911967812499998490e-03
3.020000000000000000e+02 7.836955078124999141e-03
3.030000000000000000e+02 7.797882578124997431e-03
3.040000000000000000e+02 7.796416250000002060e-03
3.050000000000000000e+02 7.833974999999999966e-03
3.060000000000000000e+02 7.911698828124999125e-03
3.070000000000000000e+02 8.030439375000001864e-03
3.080000000000000000e+02 8.190734687500001235e-03
3.090000000000000000e+02 8.392805937500002686e-03
3.100000000000000000e+02 8.636527656250002002e-03
3.110000000000000000e+02 8.921493749999998696e-03
3.120000000000000000e+02 9.246826484375003305e-03
3.130000000000000000e+02 9.611457500000001805e-03
3.140000000000000000e+02 1.001380710937500168e-02
3.150000000000000000e+02 1.045210695312500174e-02
3.160000000000000000e+02 1.092415828124999877e-02
3.170000000000000000e+02 1.142750828125000534e-02
3.180000000000000000e+02 1.195939445312499752e-02
3.190000000000000000e+02 1.251681414062499539e-02
3.200000000000000000e+02 1.309652101562500288e-02
3.210000000000000000e+02 1.369516421874999654e-02
3.220000000000000000e+02 1.430907726562499760e-02
3.230000000000000000e+02 1.493459265625000400e-02
3.240000000000000000e+02 1.556800624999999695e-02
3.250000000000000000e+02 1.620544765624999661e-02
3.260000000000000000e+02 1.684296796875000418e-02
3.270000000000000000e+02 1.747686015624998548e-02
3.280000000000000000e+02 1.810321406249999071e-02
3.290000000000000000e+02 1.871826015625000644e-02
3.300000000000000000e+02 1.931849453125000088e-02
3.310000000000000000e+02 1.990038750000000523e-02
3.320000000000000000e+02 2.046066328124998904e-02
3.330000000000000000e+02 2.099619609374999557e-02
3.340000000000000000e+02 2.150426484374999211e-02
3.350000000000000000e+02 2.198237031249999571e-02
3.360000000000000000e+02 2.242822031250001069e-02
3.370000000000000000e+02 2.284016328124999218e-02
3.380000000000000000e+02 2.321662578124998599e-02
3.390000000000000000e+02 2.355637500000001827e-02
3.400000000000000000e+02 2.385881250000000328e-02
3.410000000000000000e+02 2.412321875000000143e-02
3.420000000000000000e+02 2.434941406249999801e-02
3.430000000000000000e+02 2.453755468750000099e-02
3.440000000000000000e+02 2.468796875000001112e-02
3.450000000000000000e+02 2.480107031249999261e-02
3.460000000000000000e+02 2.487764062500000609e-02
3.470000000000000000e+02 2.491864062499998811e-02
3.480000000000000000e+02 2.492525156249999693e-02
3.490000000000000000e+02 2.489894296875000065e-02
3.500000000000000000e+02 2.484129062500000165e-02
3.510000000000000000e+02 2.475410546875000256e-02
3.520000000000000000e+02 2.463943984375001339e-02
3.530000000000000000e+02 2.449954062500000335e-02
3.540000000000000000e+02 2.433661953125000957e-02
3.550000000000000000e+02 2.415311640624999770e-02
3.560000000000000000e+02 2.395157109375000218e-02
3.570000000000000000e+02 2.373447109374999392e-02
3.580000000000000000e+02 2.350424531250000157e-02
3.590000000000000000e+02 2.326336015625000281e-02
3.600000000000000000e+02 2.301396953124999062e-02
3.610000000000000000e+02 2.275825468749999650e-02
3.620000000000000000e+02 2.249826406250000216e-02
3.630000000000000000e+02 2.223576796875000386e-02
3.640000000000000000e+02 2.197245937499999954e-02
3.650000000000000000e+02 2.170981796874999273e-02
3.660000000000000000e+02 2.144918671874999905e-02
3.670000000000000000e+02 2.119175781250001375e-02
3.680000000000000000e+02 2.093854187499997674e-02
3.690000000000000000e+02 2.069035171875001355e-02
3.700000000000000000e+02 2.044790640624998684e-02
3.710000000000000000e+02 2.021179390625000780e-02
3.720000000000000000e+02 1.998236820312498593e-02
3.730000000000000000e+02 1.975998367187501228e-02
3.740000000000000000e+02 1.954484596875000202e-02
3.750000000000000000e+02 1.933707569531250073e-02
3.760000000000000000e+02 1.913672380234374831e-02
3.770000000000000000e+02 1.894388543742188055e-02
3.780000000000000000e+02 1.875862648515622469e-02
3.790000000000000000e+02 1.858095467968750789e-02
3.800000000000000000e+02 1.841101661718751170e-02
3.810000000000000000e+02 1.824892554687500279e-02
3.820000000000000000e+02 1.809483867187498818e-02
3.830000000000000000e+02 1.794885382812499292e-02
3.840000000000000000e+02 1.781105248437499233e-02
3.850000000000000000e+02 1.768145186718748235e-02
3.860000000000000000e+02 1.756000624218751263e-02
3.870000000000000000e+02 1.744654110156250784e-02
3.880000000000000000e+02 1.734085293437500133e-02
3.890000000000000000e+02 1.724249341406250760e-02
3.900000000000000000e+02 1.715097932812501350e-02
3.910000000000000000e+02 1.706570695312499900e-02
3.920000000000000000e+02 1.698587687499999305e-02
3.930000000000000000e+02 1.691066914062500787e-02
3.940000000000000000e+02 1.683925773437500162e-02
3.950000000000000000e+02 1.677059945312500341e-02
3.960000000000000000e+02 1.670364921874999825e-02
3.970000000000000000e+02 1.663742945312499805e-02
3.980000000000000000e+02 1.657073828124998663e-02
3.990000000000000000e+02 1.650244062499998943e-02
4.000000000000000000e+02 1.643152968749999471e-02
4.010000000000000000e+02 1.635682968750001159e-02
4.020000000000000000e+02 1.627712812500000522e-02
4.030000000000000000e+02 1.619151484375000449e-02
4.040000000000000000e+02 1.609893671875000515e-02
4.050000000000000000e+02 1.599850156250000321e-02
4.060000000000000000e+02 1.588943515624999595e-02
4.070000000000000000e+02 1.577112265625000079e-02
4.080000000000000000e+02 1.564303281250000593e-02
4.090000000000000000e+02 1.550487109374999554e-02
4.100000000000000000e+02 1.535639453124999776e-02
4.110000000000000000e+02 1.519754296874999827e-02
4.120000000000000000e+02 1.502836874999999989e-02
4.130000000000000000e+02 1.484904296875000015e-02
4.140000000000000000e+02 1.465972031250000092e-02
4.150000000000000000e+02 1.446081093750000400e-02
4.160000000000000000e+02 1.425273046874999359e-02
4.170000000000000000e+02 1.403588437499999307e-02
4.180000000000000000e+02 1.381070390624999228e-02
4.190000000000000000e+02 1.357776640625000045e-02
4.200000000000000000e+02 1.333755624999999334e-02
4.210000000000000000e+02 1.309057421874999620e-02
4.220000000000000000e+02 1.283729218750000005e-02
4.230000000000000000e+02 1.257813984374999902e-02
4.240000000000000000e+02 1.231343593750000229e-02
4.250000000000000000e+02 1.204371796875000275e-02
4.260000000000000000e+02 1.176909609374999534e-02
4.270000000000000000e+02 1.148984609374998668e-02
4.280000000000000000e+02 1.120607031249999663e-02
4.290000000000000000e+02 1.091785781250000781e-02
4.300000000000000000e+02 1.062512109375000728e-02
4.310000000000000000e+02 1.032786328125000729e-02
4.320000000000000000e+02 1.002589375000000234e-02
4.330000000000000000e+02 9.719009374999998743e-03
4.340000000000000000e+02 9.407114062500001109e-03
4.350000000000000000e+02 9.090009374999997657e-03
4.360000000000000000e+02 8.767721093749999972e-03
4.370000000000000000e+02 8.440224218750000396e-03
4.380000000000000000e+02 8.107803906250004092e-03
4.390000000000000000e+02 7.770696875000000954e-03
4.400000000000000000e+02 7.429334374999999914e-03
4.410000000000000000e+02 7.084339843749996347e-03
4.420000000000000000e+02 6.736453124999998085e-03
4.430000000000000000e+02 6.386604687500001092e-03
4.440000000000000000e+02 6.035898437499997646e-03
4.450000000000000000e+02 5.685626562499998017e-03
4.460000000000000000e+02 5.337338281250002953e-03
4.470000000000000000e+02 4.992754687499999927e-03
4.480000000000000000e+02 4.653917187499996902e-03
4.490000000000000000e+02 4.322961718749998919e-03
4.500000000000000000e+02 4.002303124999999524e-03
4.510000000000000000e+02 3.694404687500001030e-03
4.520000000000000000e+02 3.401808437499999425e-03
4.530000000000000000e+02 3.127018125000001307e-03
4.540000000000000000e+02 2.872388515625000187e-03
4.550000000000000000e+02 2.640031093750000533e-03
4.560000000000000000e+02 2.431709843750001505e-03
4.570000000000000000e+02 2.248694570312499783e-03
4.580000000000000000e+02 2.091744358593751029e-03
4.590000000000000000e+02 1.960952234375000058e-03
4.600000000000000000e+02 1.855743715624999990e-03
4.610000000000000000e+02 1.774808046874999656e-03
4.620000000000000000e+02 1.716116906249999909e-03
4.630000000000000000e+02 1.676925281249999535e-03
4.640000000000000000e+02 1.653883335937499479e-03
4.650000000000000000e+02 1.643142304687499836e-03
4.660000000000000000e+02 1.640486921874998675e-03
4.670000000000000000e+02 1.641555158593750383e-03
4.680000000000000000e+02 1.642002372968750330e-03
4.690000000000000000e+02 1.637728642968750044e-03
4.700000000000000000e+02 1.625076740625000168e-03
4.710000000000000000e+02 1.601068937500000353e-03
4.720000000000000000e+02 1.563607640625000808e-03
4.730000000000000000e+02 1.511736273437500142e-03
4.740000000000000000e+02 1.445776109374999688e-03
4.750000000000000000e+02 1.367562078124999209e-03
4.760000000000000000e+02 1.280512210937500032e-03
4.770000000000000000e+02 1.189663391406250168e-03
4.780000000000000000e+02 1.101579093749999834e-03
4.790000000000000000e+02 1.024143414062499927e-03
4.800000000000000000e+02 9.661890929687505384e-04
4.810000000000000000e+02 9.370398507812504338e-04
4.820000000000000000e+02 9.459198839062498776e-04
4.830000000000000000e+02 1.001311396093750418e-03
4.840000000000000000e+02 1.110273343749999982e-03
4.850000000000000000e+02 1.277754687500000158e-03
4.860000000000000000e+02 1.505871398437500213e-03
4.870000000000000000e+02 1.793232609375000402e-03
4.880000000000000000e+02 2.134325843750000274e-03
4.890000000000000000e+02 2.518983377343749809e-03
4.900000000000000000e+02 2.932170929687500597e-03
4.910000000000000000e+02 3.354058687499999677e-03
4.920000000000000000e+02 3.760816320312499340e-03
4.930000000000000000e+02 4.125933600781251168e-03
4.940000000000000000e+02 4.422326437499998764e-03
4.950000000000000000e+02 4.625304507812500604e-03
4.960000000000000000e+02 4.715295156250002076e-03
4.970000000000000000e+02 4.681383984375000681e-03
4.980000000000000000e+02 4.523705156250001046e-03
4.990000000000000000e+02 4.255227265625001476e-03
5.000000000000000000e+02 3.901741796875000251e-03
5.010000000000000000e+02 3.500207421874999315e-03
5.020000000000000000e+02 3.094785201578125356e-03
5.030000000000000000e+02 2.730589317734374681e-03
5.040000000000000000e+02 2.445386740625000478e-03
5.050000000000000000e+02 2.259836492187500268e-03
5.060000000000000000e+02 2.167718874999999875e-03
5.070000000000000000e+02 2.130398507812499877e-03
5.080000000000000000e+02 2.083400023437499780e-03
5.090000000000000000e+02 1.969724144531249770e-03
5.100000000000000000e+02 1.827017703124999854e-03
5.110000000000000000e+02 1.977860632812499572e-03
