0.000000000000000000e+00 8.434168749999998438e-03
1.000000000000000000e+00 8.399976796874999985e-03
2.000000000000000000e+00 8.331945859374996835e-03
3.000000000000000000e+00 8.230701562499999693e-03
4.000000000000000000e+00 8.097106640624998977e-03
5.000000000000000000e+00 7.932466093750001682e-03
6.000000000000000000e+00 7.738177656250002853e-03
7.000000000000000000e+00 7.516053593749997055e-03
8.000000000000000000e+00 7.268054765624999518e-03
9.000000000000000000e+00 6.996451406249996202e-03
1.000000000000000000e+01 6.703622031249999343e-03
1.100000000000000000e+01 6.392208671875002600e-03
1.200000000000000000e+01 6.064844375000000461e-03
1.300000000000000000e+01 5.724501953125000694e-03
1.400000000000000000e+01 5.374023828125001206e-03
1.500000000000000000e+01 5.016456093749997215e-03
1.600000000000000000e+01 4.654798437499997089e-03
1.700000000000000000e+01 4.292051250000001456e-03
1.800000000000000000e+01 3.931208906250000662e-03
1.900000000000000000e+01 3.575179062500000778e-03
2.000000000000000000e+01 3.226783593750000984e-03
2.100000000000000000e+01 2.888725703124998302e-03
2.200000000000000000e+01 2.563569843750000774e-03
2.300000000000000000e+01 2.253708906250000490e-03
2.400000000000000000e+01 1.961360781250000122e-03
2.500000000000000000e+01 1.688523906250000541e-03
2.600000000000000000e+01 1.436997343750000006e-03
2.700000000000000000e+01 1.208335625000000590e-03
2.800000000000000000e+01 1.003855078125000071e-03
2.900000000000000000e+01 8.246285156249999384e-04
3.000000000000000000e+01 6.714768749999999254e-04
3.100000000000000000e+01 5.449591406249999510e-04
3.200000000000000000e+01 4.453899687499999517e-04
3.300000000000000000e+01 3.728339453125000848e-04
3.400000000000000000e+01 3.271122287500000158e-04
3.500000000000000000e+01 3.078131796875000024e-04
3.600000000000000000e+01 3.143035507812500786e-04
3.700000000000000000e+01 3.457383140625001298e-04
3.800000000000000000e+01 4.010811015625000185e-04
3.900000000000000000e+01 4.791123742187499714e-04
4.000000000000000000e+01 5.784509109375003373e-04
4.100000000000000000e+01 6.975802223437500187e-04
4.200000000000000000e+01 8.348385398437501792e-04
4.300000000000000000e+01 9.884876992187500901e-04
4.400000000000000000e+01 1.156676708281250635e-03
4.500000000000000000e+01 1.337515122656249581e-03
4.600000000000000000e+01 1.529043656249999984e-03
4.700000000000000000e+01 1.729299999999999587e-03
4.800000000000000000e+01 1.936297421874999579e-03
4.900000000000000000e+01 2.148064703125000807e-03
5.000000000000000000e+01 2.362663593749999343e-03
5.100000000000000000e+01 2.578192429687500408e-03
5.200000000000000000e+01 2.792814624999999471e-03
5.300000000000000000e+01 3.004760460937500391e-03
5.400000000000000000e+01 3.212355882812499390e-03
5.500000000000000000e+01 3.414015914062499581e-03
5.600000000000000000e+01 3.608240889062501108e-03
5.700000000000000000e+01 3.793701244531250735e-03
5.800000000000000000e+01 3.969092936718749895e-03
5.900000000000000000e+01 4.133333757812500571e-03
6.000000000000000000e+01 4.285435742187498724e-03
6.100000000000000000e+01 4.424495554687498701e-03
6.200000000000000000e+01 4.549789554687498454e-03
6.300000000000000000e+01 4.660733679687498361e-03
6.400000000000000000e+01 4.756847812500001986e-03
6.500000000000000000e+01 4.837750546874998447e-03
6.600000000000000000e+01 4.903269687499998801e-03
6.700000000000000000e+01 4.953254375000002221e-03
6.800000000000000000e+01 4.987732109374995969e-03
6.900000000000000000e+01 5.006838515625002331e-03
7.000000000000000000e+01 5.010779921874999876e-03
7.100000000000000000e+01 4.999857109375000289e-03
7.200000000000000000e+01 4.974520390624998997e-03
7.300000000000000000e+01 4.935250234374998109e-03
7.400000000000000000e+01 4.882624218750002826e-03
7.500000000000000000e+01 4.817255546875003069e-03
7.600000000000000000e+01 4.739856171874998365e-03
7.700000000000000000e+01 4.651178359374998246e-03
7.800000000000000000e+01 4.552022187499998353e-03
7.900000000000000000e+01 4.443234531249997885e-03
8.000000000000000000e+01 4.325684296875004393e-03
8.100000000000000000e+01 4.200267890625001416e-03
8.200000000000000000e+01 4.067917187500001523e-03
8.300000000000000000e+01 3.929554140625000393e-03
8.400000000000000000e+01 3.786132890625000611e-03
8.500000000000000000e+01 3.638588359374998835e-03
8.600000000000000000e+01 3.487873124999998475e-03
8.700000000000000000e+01 3.334919921874999939e-03
8.800000000000000000e+01 3.180635859375000214e-03
8.900000000000000000e+01 3.025955468750000064e-03
9.000000000000000000e+01 2.871736484375001213e-03
9.100000000000000000e+01 2.718852890625000733e-03
9.200000000000000000e+01 2.568139843750001823e-03
9.300000000000000000e+01 2.420387187499998573e-03
9.400000000000000000e+01 2.276365390625000040e-03
9.500000000000000000e+01 2.136799218749999875e-03
9.600000000000000000e+01 2.002366562500000353e-03
9.700000000000000000e+01 1.873717265624999864e-03
9.800000000000000000e+01 1.751461250000000032e-03
9.900000000000000000e+01 1.636133749999999941e-03
1.000000000000000000e+02 1.528238710937499748e-03
1.010000000000000000e+02 1.428244882812500140e-03
1.020000000000000000e+02 1.336542570312500159e-03
1.030000000000000000e+02 1.253482124999999925e-03
1.040000000000000000e+02 1.179364799999999209e-03
1.050000000000000000e+02 1.114435320312499172e-03
1.060000000000000000e+02 1.058884395312500136e-03
1.070000000000000000e+02 1.012854680468750022e-03
1.080000000000000000e+02 9.764277421875001322e-04
1.090000000000000000e+02 9.496440703125002105e-04
1.100000000000000000e+02 9.324835156249998468e-04
1.110000000000000000e+02 9.248735937499996803e-04
1.120000000000000000e+02 9.267035546874993496e-04
1.130000000000000000e+02 9.378004062499998130e-04
1.140000000000000000e+02 9.579516953125005729e-04
1.150000000000000000e+02 9.869094218750000015e-04
1.160000000000000000e+02 1.024353836718750257e-03
1.170000000000000000e+02 1.069947739843749544e-03
1.180000000000000000e+02 1.123307249999999907e-03
1.190000000000000000e+02 1.183999242187500339e-03
1.200000000000000000e+02 1.251581484374999619e-03
1.210000000000000000e+02 1.325543360156250300e-03
1.220000000000000000e+02 1.405370730468750561e-03
1.230000000000000000e+02 1.490500900000000378e-03
1.240000000000000000e+02 1.580365905468749483e-03
1.250000000000000000e+02 1.674356393750000595e-03
1.260000000000000000e+02 1.771854896875000055e-03
1.270000000000000000e+02 1.872219064843749781e-03
1.280000000000000000e+02 1.974796646875000630e-03
1.290000000000000000e+02 2.078922843750000398e-03
1.300000000000000000e+02 2.183930281250000879e-03
1.310000000000000000e+02 2.289146375000000386e-03
1.320000000000000000e+02 2.393890273437499286e-03
1.330000000000000000e+02 2.497501179687500617e-03
1.340000000000000000e+02 2.599316000000001688e-03
1.350000000000000000e+02 2.698697343750001022e-03
1.360000000000000000e+02 2.795000046875000151e-03
1.370000000000000000e+02 2.887618593749999036e-03
1.380000000000000000e+02 2.975968436718747379e-03
1.390000000000000000e+02 3.059496258203124770e-03
1.400000000000000000e+02 3.137670490781250664e-03
1.410000000000000000e+02 3.210006134374999466e-03
1.420000000000000000e+02 3.276068374999998971e-03
1.430000000000000000e+02 3.335451679687501288e-03
1.440000000000000000e+02 3.387811140624998312e-03
1.450000000000000000e+02 3.432844492187499957e-03
1.460000000000000000e+02 3.470326718749999761e-03
1.470000000000000000e+02 3.500082351562499011e-03
1.480000000000000000e+02 3.522018999999999931e-03
1.490000000000000000e+02 3.536082132812498700e-03
1.500000000000000000e+02 3.542318648437497736e-03
1.510000000000000000e+02 3.540854289062498727e-03
1.520000000000000000e+02 3.531888242187501345e-03
1.530000000000000000e+02 3.515686531250000659e-03
1.540000000000000000e+02 3.492632593749999976e-03
1.550000000000000000e+02 3.463164539062499846e-03
1.560000000000000000e+02 3.427831023437499444e-03
1.570000000000000000e+02 3.387242250000000246e-03
1.580000000000000000e+02 3.342090414062500684e-03
1.590000000000000000e+02 3.293173109375000310e-03
1.600000000000000000e+02 3.241324633593750670e-03
1.610000000000000000e+02 3.187451898437498442e-03
1.620000000000000000e+02 3.132534914843750420e-03
1.630000000000000000e+02 3.077564343749999900e-03
1.640000000000000000e+02 3.023595085937500187e-03
1.650000000000000000e+02 2.971657562499999215e-03
1.660000000000000000e+02 2.922814953125000940e-03
1.670000000000000000e+02 2.878094078124998970e-03
1.680000000000000000e+02 2.838500085937499182e-03
1.690000000000000000e+02 2.804927664843749960e-03
1.700000000000000000e+02 2.778295375000000306e-03
1.710000000000000000e+02 2.759328242187498916e-03
1.720000000000000000e+02 2.748696460937500967e-03
1.730000000000000000e+02 2.746893281250000970e-03
1.740000000000000000e+02 2.754308984375000366e-03
1.750000000000000000e+02 2.771149609375000208e-03
1.760000000000000000e+02 2.797452499999999922e-03
1.770000000000000000e+02 2.833081953124998512e-03
1.780000000000000000e+02 2.877711171874999720e-03
1.790000000000000000e+02 2.930851640625000039e-03
1.800000000000000000e+02 2.991833968750000957e-03
1.810000000000000000e+02 3.059819929687498507e-03
1.820000000000000000e+02 3.133819460937498601e-03
1.830000000000000000e+02 3.212721929687499273e-03
1.840000000000000000e+02 3.295317874999999404e-03
1.850000000000000000e+02 3.380263992187498932e-03
1.860000000000000000e+02 3.466225140625001522e-03
1.870000000000000000e+02 3.551818968749999479e-03
1.880000000000000000e+02 3.635642968750000918e-03
1.890000000000000000e+02 3.716378554687498840e-03
1.900000000000000000e+02 3.792733281249999807e-03
1.910000000000000000e+02 3.863588437499999168e-03
1.920000000000000000e+02 3.927879531249999293e-03
1.930000000000000000e+02 3.984727578124999670e-03
1.940000000000000000e+02 4.033486093749998405e-03
1.950000000000000000e+02 4.073667187499997733e-03
1.960000000000000000e+02 4.104928125000000677e-03
1.970000000000000000e+02 4.127294453124999429e-03
1.980000000000000000e+02 4.140881093749999853e-03
1.990000000000000000e+02 4.146075625000002207e-03
2.000000000000000000e+02 4.143525703124999529e-03
2.010000000000000000e+02 4.133951718749999914e-03
2.020000000000000000e+02 4.118355624999999430e-03
2.030000000000000000e+02 4.097851874999999984e-03
2.040000000000000000e+02 4.073687578125000444e-03
2.050000000000000000e+02 4.047196249999999301e-03
2.060000000000000000e+02 4.019771875000000515e-03
2.070000000000000000e+02 3.992852421875003541e-03
2.080000000000000000e+02 3.967844140624998510e-03
2.090000000000000000e+02 3.946159453125001361e-03
2.100000000000000000e+02 3.929089609375000305e-03
2.110000000000000000e+02 3.917877578124998560e-03
2.120000000000000000e+02 3.913609062500000152e-03
2.130000000000000000e+02 3.917250312500000428e-03
2.140000000000000000e+02 3.929595156250000054e-03
2.150000000000000000e+02 3.951283281249998863e-03
2.160000000000000000e+02 3.982770390624999421e-03
2.170000000000000000e+02 4.024348281249999493e-03
2.180000000000000000e+02 4.076110460937500818e-03
2.190000000000000000e+02 4.138022601562499347e-03
2.200000000000000000e+02 4.209887890624998928e-03
2.210000000000000000e+02 4.291400312499999738e-03
2.220000000000000000e+02 4.382121828124998369e-03
2.230000000000000000e+02 4.481568460937500852e-03
2.240000000000000000e+02 4.589158696874999846e-03
2.250000000000000000e+02 4.704321125000001692e-03
2.260000000000000000e+02 4.826500781249999650e-03
2.270000000000000000e+02 4.955117578125002933e-03
2.280000000000000000e+02 5.089689843749999228e-03
2.290000000000000000e+02 5.229753828125000177e-03
2.300000000000000000e+02 5.375020937499999825e-03
2.310000000000000000e+02 5.525236640625002041e-03
2.320000000000000000e+02 5.680326796875000313e-03
2.330000000000000000e+02 5.840273593749999680e-03
2.340000000000000000e+02 6.005258281249998414e-03
2.350000000000000000e+02 6.175461796875002761e-03
2.360000000000000000e+02 6.351296484374997775e-03
2.370000000000000000e+02 6.533203906249999970e-03
2.380000000000000000e+02 6.721732343749999179e-03
2.390000000000000000e+02 6.917418828124998961e-03
2.400000000000000000e+02 7.120899140625001206e-03
2.410000000000000000e+02 7.332744531250000135e-03
2.420000000000000000e+02 7.553538046874999808e-03
2.430000000000000000e+02 7.783790000000001368e-03
2.440000000000000000e+02 8.023845296875000213e-03
2.450000000000000000e+02 8.274134968749997585e-03
2.460000000000000000e+02 8.534679851562500946e-03
2.470000000000000000e+02 8.805446265624997451e-03
2.480000000000000000e+02 9.086271473437497470e-03
2.490000000000000000e+02 9.376647343749997324e-03
2.500000000000000000e+02 9.675965164062504814e-03
2.510000000000000000e+02 9.983352335937495728e-03
2.520000000000000000e+02 1.029767179687500131e-02
2.530000000000000000e+02 1.061757551562499471e-02
2.540000000000000000e+02 1.094151031249999788e-02
2.550000000000000000e+02 1.126774046093750002e-02
2.560000000000000000e+02 1.159434943749999836e-02
2.570000000000000000e+02 1.191924249999999803e-02
2.580000000000000000e+02 1.224019593750000703e-02
2.590000000000000000e+02 1.255494203125000208e-02
2.600000000000000000e+02 1.286106195312500255e-02
2.610000000000000000e+02 1.315622443750000606e-02
2.620000000000000000e+02 1.343796986718750856e-02
2.630000000000000000e+02 1.370404639062499687e-02
2.640000000000000000e+02 1.395208530468750215e-02
2.650000000000000000e+02 1.418004050781250525e-02
2.660000000000000000e+02 1.438580535156249590e-02
2.670000000000000000e+02 1.456756187499999924e-02
2.680000000000000000e+02 1.472366818750000216e-02
2.690000000000000000e+02 1.485266857031250325e-02
2.700000000000000000e+02 1.495337304687499591e-02
2.710000000000000000e+02 1.502476218749999523e-02
2.720000000000000000e+02 1.506616507812500241e-02
2.730000000000000000e+02 1.507708570312500315e-02
2.740000000000000000e+02 1.505741460937500172e-02
2.750000000000000000e+02 1.500720898437500096e-02
2.760000000000000000e+02 1.492679867187500509e-02
2.770000000000000000e+02 1.481684953124999538e-02
2.780000000000000000e+02 1.467823414062500130e-02
2.790000000000000000e+02 1.451202999999999174e-02
2.800000000000000000e+02 1.431970861718749773e-02
2.810000000000000000e+02 1.410276370312499999e-02
2.820000000000000000e+02 1.386301067968750099e-02
2.830000000000000000e+02 1.360246713281250061e-02
2.840000000000000000e+02 1.332329421093749779e-02
2.850000000000000000e+02 1.302775853906250510e-02
2.860000000000000000e+02 1.271842410937500632e-02
2.870000000000000000e+02 1.239783795468749755e-02
2.880000000000000000e+02 1.206870869375000800e-02
2.890000000000000000e+02 1.173384089062500316e-02
2.900000000000000000e+02 1.139610503125000097e-02
2.910000000000000000e+02 1.105848339843750264e-02
2.920000000000000000e+02 1.072396021093749083e-02
2.930000000000000000e+02 1.039552967187498851e-02
2.940000000000000000e+02 1.007626900781249599e-02
2.950000000000000000e+02 9.769221343749995290e-03
2.960000000000000000e+02 9.477411156250002341e-03
2.970000000000000000e+02 9.203894882812495640e-03
2.980000000000000000e+02 8.951574109375002447e-03
2.990000000000000000e+02 8.723331960937500545e-03
3.000000000000000000e+02 8.522006562499996607e-03
3.010000000000000000e+02 8.350184765624999242e-03
3.020000000000000000e+02 8.210357343749998676e-03
3.030000000000000000e+02 8.104987265625005627e-03
3.040000000000000000e+02 8.036095078124997834e-03
3.050000000000000000e+02 8.005727421874999153e-03
3.060000000000000000e+02 8.015484218750000556e-03
3.070000000000000000e+02 8.066835624999994098e-03
3.080000000000000000e+02 8.160918359374998154e-03
3.090000000000000000e+02 8.298578671874997509e-03
3.100000000000000000e+02 8.480340234374997982e-03
3.110000000000000000e+02 8.706399062500003519e-03
3.120000000000000000e+02 8.976545078125003699e-03
3.130000000000000000e+02 9.290353203124997183e-03
3.140000000000000000e+02 9.646896484374997000e-03
3.150000000000000000e+02 1.004498726562500291e-02
3.160000000000000000e+02 1.048297875000000004e-02
3.170000000000000000e+02 1.095904171874999798e-02
3.180000000000000000e+02 1.147086718750000081e-02
3.190000000000000000e+02 1.201581085937500175e-02
3.200000000000000000e+02 1.259108671874999835e-02
3.210000000000000000e+02 1.319356757812500253e-02
3.220000000000000000e+02 1.381987343750000312e-02
3.230000000000000000e+02 1.446643171875000751e-02
3.240000000000000000e+02 1.512956750000000322e-02
3.250000000000000000e+02 1.580535484374999411e-02
3.260000000000000000e+02 1.648976406249999874e-02
3.270000000000000000e+02 1.717880859375000083e-02
3.280000000000000000e+02 1.786841796875000485e-02
3.290000000000000000e+02 1.855433281250000455e-02
3.300000000000000000e+02 1.923257265624999865e-02
3.310000000000000000e+02 1.989896249999999547e-02
3.320000000000000000e+02 2.054961171874998549e-02
3.330000000000000000e+02 2.118082109374999286e-02
3.340000000000000000e+02 2.178873359374999125e-02
3.350000000000000000e+02 2.237009765625001118e-02
3.360000000000000000e+02 2.292170781250000081e-02
3.370000000000000000e+02 2.344080703125000012e-02
3.380000000000000000e+02 2.392480546874999753e-02
3.390000000000000000e+02 2.437154687499998307e-02
3.400000000000000000e+02 2.477924999999999919e-02
3.410000000000000000e+02 2.514637499999999165e-02
3.420000000000000000e+02 2.547178906250002067e-02
3.430000000000000000e+02 2.575457031249999557e-02
3.440000000000000000e+02 2.599416406250000880e-02
3.450000000000000000e+02 2.619038281249999253e-02
3.460000000000000000e+02 2.634318750000000722e-02
3.470000000000000000e+02 2.645268750000000224e-02
3.480000000000000000e+02 2.651963281250001997e-02
3.490000000000000000e+02 2.654467968750000295e-02
3.500000000000000000e+02 2.652894375000000582e-02
3.510000000000000000e+02 2.647375703124999965e-02
3.520000000000000000e+02 2.638072109374998975e-02
3.530000000000000000e+02 2.625169375000000610e-02
3.540000000000000000e+02 2.608880546875000372e-02
3.550000000000000000e+02 2.589432109374999527e-02
3.560000000000000000e+02 2.567067343749997871e-02
3.570000000000000000e+02 2.542041718749999193e-02
3.580000000000000000e+02 2.514617187500001530e-02
3.590000000000000000e+02 2.485069296875000097e-02
3.600000000000000000e+02 2.453656718750000729e-02
3.610000000000000000e+02 2.420640468749999871e-02
3.620000000000000000e+02 2.386267500000001027e-02
3.630000000000000000e+02 2.350797812500000916e-02
3.640000000000000000e+02 2.314451796875000023e-02
3.650000000000000000e+02 2.277458515625000249e-02
3.660000000000000000e+02 2.240039531250000507e-02
3.670000000000000000e+02 2.202388984374999831e-02
3.680000000000000000e+02 2.164710546875000044e-02
3.690000000000000000e+02 2.127185937499999693e-02
3.700000000000000000e+02 2.089988921874999864e-02
3.710000000000000000e+02 2.053279929687499075e-02
3.720000000000000000e+02 2.017220617187499149e-02
3.730000000000000000e+02 1.981946617187498733e-02
3.740000000000000000e+02 1.947589257812500085e-02
3.750000000000000000e+02 1.914274007812498749e-02
3.760000000000000000e+02 1.882112499999999411e-02
3.770000000000000000e+02 1.851214351562498889e-02
3.780000000000000000e+02 1.821671769531249541e-02
3.790000000000000000e+02 1.793576399421875633e-02
3.800000000000000000e+02 1.767015990234375306e-02
3.810000000000000000e+02 1.742068017187498735e-02
3.820000000000000000e+02 1.718799603906251069e-02
3.830000000000000000e+02 1.697263531249999097e-02
3.840000000000000000e+02 1.677515585937500164e-02
3.850000000000000000e+02 1.659579335937501690e-02
3.860000000000000000e+02 1.643461484375000753e-02
3.870000000000000000e+02 1.629157632812499798e-02
3.880000000000000000e+02 1.616635774218750168e-02
3.890000000000000000e+02 1.605840545468751115e-02
3.900000000000000000e+02 1.596697164062499744e-02
3.910000000000000000e+02 1.589104498437499124e-02
3.920000000000000000e+02 1.582951928906249986e-02
3.930000000000000000e+02 1.578109867187499696e-02
3.940000000000000000e+02 1.574432632812500579e-02
3.950000000000000000e+02 1.571765765625000172e-02
3.960000000000000000e+02 1.569935976562499697e-02
3.970000000000000000e+02 1.568789710937500137e-02
3.980000000000000000e+02 1.568148171875000108e-02
3.990000000000000000e+02 1.567833335937500114e-02
4.000000000000000000e+02 1.567683203124999730e-02
4.010000000000000000e+02 1.567516171875000391e-02
4.020000000000000000e+02 1.567166875000000278e-02
4.030000000000000000e+02 1.566475390624999867e-02
4.040000000000000000e+02 1.565280859375000125e-02
4.050000000000000000e+02 1.563443125000000058e-02
4.060000000000000000e+02 1.560831328124999938e-02
4.070000000000000000e+02 1.557318750000000716e-02
4.080000000000000000e+02 1.552805156250000422e-02
4.090000000000000000e+02 1.547200624999999635e-02
4.100000000000000000e+02 1.540436328124999803e-02
4.110000000000000000e+02 1.532451640624999008e-02
4.120000000000000000e+02 1.523207109375000409e-02
4.130000000000000000e+02 1.512669062500000480e-02
4.140000000000000000e+02 1.500827109374999573e-02
4.150000000000000000e+02 1.487663515624999475e-02
4.160000000000000000e+02 1.473188750000000921e-02
4.170000000000000000e+02 1.457407890625000112e-02
4.180000000000000000e+02 1.440330468750000183e-02
4.190000000000000000e+02 1.421991718750000022e-02
4.200000000000000000e+02 1.402402109374999845e-02
4.210000000000000000e+02 1.381601640624999933e-02
4.220000000000000000e+02 1.359615390625000184e-02
4.230000000000000000e+02 1.336474921874999770e-02
4.240000000000000000e+02 1.312214062500000403e-02
4.250000000000000000e+02 1.286860078124999265e-02
4.260000000000000000e+02 1.260445156249999886e-02
4.270000000000000000e+02 1.232994140624998902e-02
4.280000000000000000e+02 1.204518984374999303e-02
4.290000000000000000e+02 1.175055703125000260e-02
4.300000000000000000e+02 1.144613046874999596e-02
4.310000000000000000e+02 1.113204453124999951e-02
4.320000000000000000e+02 1.080856875000000238e-02
4.330000000000000000e+02 1.047581093750000331e-02
4.340000000000000000e+02 1.013397031249999199e-02
4.350000000000000000e+02 9.783410937500002305e-03
4.360000000000000000e+02 9.424589843749995796e-03
4.370000000000000000e+02 9.058087499999999126e-03
4.380000000000000000e+02 8.684719531249994115e-03
4.390000000000000000e+02 8.305414843750002704e-03
4.400000000000000000e+02 7.921435156249996556e-03
4.410000000000000000e+02 7.533989062500001319e-03
4.420000000000000000e+02 7.144668749999999458e-03
4.430000000000000000e+02 6.755098437499999948e-03
4.440000000000000000e+02 6.367022656249999614e-03
4.450000000000000000e+02 5.982417968749998913e-03
4.460000000000000000e+02 5.603249218750000135e-03
4.470000000000000000e+02 5.231717968749995465e-03
4.480000000000000000e+02 4.870030468749996302e-03
4.490000000000000000e+02 4.520553906250000462e-03
4.500000000000000000e+02 4.185673437500001502e-03
4.510000000000000000e+02 3.867773437499999901e-03
4.520000000000000000e+02 3.569166406249997970e-03
4.530000000000000000e+02 3.292022031249999467e-03
4.540000000000000000e+02 3.038261953125000799e-03
4.550000000000000000e+02 2.809453593749999204e-03
4.560000000000000000e+02 2.606754984375000538e-03
4.570000000000000000e+02 2.430779243281249846e-03
4.580000000000000000e+02 2.281590850468750552e-03
4.590000000000000000e+02 2.158575723437499826e-03
4.600000000000000000e+02 2.060468701562500997e-03
4.610000000000000000e+02 1.985316330468750445e-03
4.620000000000000000e+02 1.930475081249999206e-03
4.630000000000000000e+02 1.892686187500000096e-03
4.640000000000000000e+02 1.868115515624999782e-03
4.650000000000000000e+02 1.852532984375000183e-03
4.660000000000000000e+02 1.841435273437499846e-03
4.670000000000000000e+02 1.830266844531250152e-03
4.680000000000000000e+02 1.814645124140625444e-03
4.690000000000000000e+02 1.790563771093749623e-03
4.700000000000000000e+02 1.754656453125000033e-03
4.710000000000000000e+02 1.704365507812500820e-03
4.720000000000000000e+02 1.638179968750000381e-03
4.730000000000000000e+02 1.555809523437500603e-03
4.740000000000000000e+02 1.458387437500000645e-03
4.750000000000000000e+02 1.348601718750000759e-03
4.760000000000000000e+02 1.230785578125000645e-03
4.770000000000000000e+02 1.110956085937499921e-03
4.780000000000000000e+02 9.966840429687501540e-04
4.790000000000000000e+02 8.968427656250001559e-04
4.800000000000000000e+02 8.212079953124997497e-04
4.810000000000000000e+02 7.799100140624997323e-04
4.820000000000000000e+02 7.827054091875004739e-04
4.830000000000000000e+02 8.382671773437498901e-04
4.840000000000000000e+02 9.533682656249996539e-04
4.850000000000000000e+02 1.132127179687499605e-03
4.860000000000000000e+02 1.375314992187499571e-03
4.870000000000000000e+02 1.679725398437500409e-03
4.880000000000000000e+02 2.037759976562499367e-03
4.890000000000000000e+02 2.437084164062499215e-03
4.900000000000000000e+02 2.860643960937499231e-03
4.910000000000000000e+02 3.286999929687501546e-03
4.920000000000000000e+02 3.691180046874997876e-03
4.930000000000000000e+02 4.046167140624999312e-03
4.940000000000000000e+02 4.324963362499999880e-03
4.950000000000000000e+02 4.503523770312499279e-03
4.960000000000000000e+02 4.563676300781247148e-03
4.970000000000000000e+02 4.496253289062499166e-03
4.980000000000000000e+02 4.304062162500001294e-03
4.990000000000000000e+02 4.003223954687501127e-03
5.000000000000000000e+02 3.623442500000000326e-03
5.010000000000000000e+02 3.205665874999999877e-03
5.020000000000000000e+02 2.797807039062499140e-03
5.030000000000000000e+02 2.447595796874999473e-03
5.040000000000000000e+02 2.193503460156249335e-03
5.050000000000000000e+02 2.054475156249999535e-03
5.060000000000000000e+02 2.020269410937501793e-03
5.070000000000000000e+02 2.046408303125001223e-03
5.080000000000000000e+02 2.061089600781250593e-03
5.090000000000000000e+02 1.998606172656249534e-03
5.100000000000000000e+02 1.885607765624999679e-03
5.110000000000000000e+02 2.028158632031249776e-03
