0.000000000000000000e+00 6.985250382812498854e-03
1.000000000000000000e+00 6.952439773437499304e-03
2.000000000000000000e+00 6.887118882812503888e-03
3.000000000000000000e+00 6.790037953124999567e-03
4.000000000000000000e+00 6.662175117187500370e-03
5.000000000000000000e+00 6.504897015625000362e-03
6.000000000000000000e+00 6.319823671875001402e-03
7.000000000000000000e+00 6.108867992187500158e-03
8.000000000000000000e+00 5.874233695312501558e-03
9.000000000000000000e+00 5.618330523437498579e-03
1.000000000000000000e+01 5.343775296875002273e-03
1.100000000000000000e+01 5.053358914062496682e-03
1.200000000000000000e+01 4.750007843750000958e-03
1.300000000000000000e+01 4.436769156249998312e-03
1.400000000000000000e+01 4.116725765625000796e-03
1.500000000000000000e+01 3.793011867187500840e-03
1.600000000000000000e+01 3.468758664062501773e-03
1.700000000000000000e+01 3.147058132812501768e-03
1.800000000000000000e+01 2.830925390625000423e-03
1.900000000000000000e+01 2.523266984375000920e-03
2.000000000000000000e+01 2.226865882812499500e-03
2.100000000000000000e+01 1.944333437500000983e-03
2.200000000000000000e+01 1.678090156250000705e-03
2.300000000000000000e+01 1.430338593749999870e-03
2.400000000000000000e+01 1.203062031250000169e-03
2.500000000000000000e+01 9.979774218750001469e-04
2.600000000000000000e+01 8.165539843749999426e-04
2.700000000000000000e+01 6.599835156250002163e-04
2.800000000000000000e+01 5.291789062499998968e-04
2.900000000000000000e+01 4.247726015625001355e-04
3.000000000000000000e+01 3.471208125000001385e-04
3.100000000000000000e+01 2.963006124999997674e-04
3.200000000000000000e+01 2.721242832812501272e-04
3.300000000000000000e+01 2.741439062500000321e-04
3.400000000000000000e+01 3.016680500000000703e-04
3.500000000000000000e+01 3.537771092968751505e-04
3.600000000000000000e+01 4.293360140624997512e-04
3.700000000000000000e+01 5.270183765625000146e-04
3.800000000000000000e+01 6.453338585937496959e-04
3.900000000000000000e+01 7.826272303906252380e-04
4.000000000000000000e+01 9.371263771875003486e-04
4.100000000000000000e+01 1.106957980468749152e-03
4.200000000000000000e+01 1.290153420312500562e-03
4.300000000000000000e+01 1.484702492187500028e-03
4.400000000000000000e+01 1.688553148437499677e-03
4.500000000000000000e+01 1.899640960937500544e-03
4.600000000000000000e+01 2.115910539062501160e-03
4.700000000000000000e+01 2.335338117187498591e-03
4.800000000000000000e+01 2.555944382812497945e-03
4.900000000000000000e+01 2.775813812500000245e-03
5.000000000000000000e+01 2.993120156250000073e-03
5.100000000000000000e+01 3.206105976562500029e-03
5.200000000000000000e+01 3.413166428906249956e-03
5.300000000000000000e+01 3.612753556249998551e-03
5.400000000000000000e+01 3.803502758125000549e-03
5.500000000000000000e+01 3.984097208593747989e-03
5.600000000000000000e+01 4.153477390624998530e-03
5.700000000000000000e+01 4.310614749999998677e-03
5.800000000000000000e+01 4.454667273437501636e-03
5.900000000000000000e+01 4.584939421874995556e-03
6.000000000000000000e+01 4.700801289062497140e-03
6.100000000000000000e+01 4.801896156250000727e-03
6.200000000000000000e+01 4.887883515624999280e-03
6.300000000000000000e+01 4.958557343750003010e-03
6.400000000000000000e+01 5.013866328124996427e-03
6.500000000000000000e+01 5.053887656249998750e-03
6.600000000000000000e+01 5.078741953125002866e-03
6.700000000000000000e+01 5.088720937499999208e-03
6.800000000000000000e+01 5.084170937500002811e-03
6.900000000000000000e+01 5.065505468749998547e-03
7.000000000000000000e+01 5.033201484375002081e-03
7.100000000000000000e+01 4.987890859375004350e-03
7.200000000000000000e+01 4.930175859374998429e-03
7.300000000000000000e+01 4.860726640624999338e-03
7.400000000000000000e+01 4.780293046875001839e-03
7.500000000000000000e+01 4.689639609374999032e-03
7.600000000000000000e+01 4.589554765625000060e-03
7.700000000000000000e+01 4.480870781249998366e-03
7.800000000000000000e+01 4.364420781250002990e-03
7.900000000000000000e+01 4.241071874999999443e-03
8.000000000000000000e+01 4.111679687500001401e-03
8.100000000000000000e+01 3.977131328124999463e-03
8.200000000000000000e+01 3.838282812500000158e-03
8.300000000000000000e+01 3.696011015625001641e-03
8.400000000000000000e+01 3.551184375000000434e-03
8.500000000000000000e+01 3.404638906249998851e-03
8.600000000000000000e+01 3.257244375000001389e-03
8.700000000000000000e+01 3.109802031250000470e-03
8.800000000000000000e+01 2.963141874999999405e-03
8.900000000000000000e+01 2.818034140624999569e-03
9.000000000000000000e+01 2.675248359375000974e-03
9.100000000000000000e+01 2.535517343749998671e-03
9.200000000000000000e+01 2.399559062499998993e-03
9.300000000000000000e+01 2.268054765625000281e-03
9.400000000000000000e+01 2.141640000000000210e-03
9.500000000000000000e+01 2.020924609374999577e-03
9.600000000000000000e+01 1.906488492187500411e-03
9.700000000000000000e+01 1.798845765624999685e-03
9.800000000000000000e+01 1.698496345312499592e-03
9.900000000000000000e+01 1.605867729687499631e-03
1.000000000000000000e+02 1.521369468749999600e-03
1.010000000000000000e+02 1.445327640625000904e-03
1.020000000000000000e+02 1.378036390625000680e-03
1.030000000000000000e+02 1.319734062500000542e-03
1.040000000000000000e+02 1.270600445312499533e-03
1.050000000000000000e+02 1.230764923437499721e-03
1.060000000000000000e+02 1.200290892187500002e-03
1.070000000000000000e+02 1.179196639843750442e-03
1.080000000000000000e+02 1.167437757812499720e-03
1.090000000000000000e+02 1.164907476562499281e-03
1.100000000000000000e+02 1.171456218750000292e-03
1.110000000000000000e+02 1.186870187500000361e-03
1.120000000000000000e+02 1.210889390625000160e-03
1.130000000000000000e+02 1.243198445312500896e-03
1.140000000000000000e+02 1.283433320312499671e-03
1.150000000000000000e+02 1.331198007812499362e-03
1.160000000000000000e+02 1.386030890624999432e-03
1.170000000000000000e+02 1.447446585937499494e-03
1.180000000000000000e+02 1.514930046874999377e-03
1.190000000000000000e+02 1.587919837500000476e-03
1.200000000000000000e+02 1.665824034375000019e-03
1.210000000000000000e+02 1.748055521093750059e-03
1.220000000000000000e+02 1.833973402343750357e-03
1.230000000000000000e+02 1.922940593750000274e-03
1.240000000000000000e+02 2.014311804687499759e-03
1.250000000000000000e+02 2.107416968749999901e-03
1.260000000000000000e+02 2.201596718749999730e-03
1.270000000000000000e+02 2.296194117187498954e-03
1.280000000000000000e+02 2.390550664062500701e-03
1.290000000000000000e+02 2.484019999999998677e-03
1.300000000000000000e+02 2.575963640624999353e-03
1.310000000000000000e+02 2.665779016406249688e-03
1.320000000000000000e+02 2.752859519765624499e-03
1.330000000000000000e+02 2.836629702890625278e-03
1.340000000000000000e+02 2.916548785937500120e-03
1.350000000000000000e+02 2.992097734374999599e-03
1.360000000000000000e+02 3.062799750000000203e-03
1.370000000000000000e+02 3.128190367187499467e-03
1.380000000000000000e+02 3.187875312499999138e-03
1.390000000000000000e+02 3.241481093749999567e-03
1.400000000000000000e+02 3.288676796875000374e-03
1.410000000000000000e+02 3.329184296874998332e-03
1.420000000000000000e+02 3.362781796875000031e-03
1.430000000000000000e+02 3.389276015625000086e-03
1.440000000000000000e+02 3.408547343749999872e-03
1.450000000000000000e+02 3.420537109374999912e-03
1.460000000000000000e+02 3.425223515624999538e-03
1.470000000000000000e+02 3.422673906249999298e-03
1.480000000000000000e+02 3.413015624999998516e-03
1.490000000000000000e+02 3.396426484374999877e-03
1.500000000000000000e+02 3.373182890624999708e-03
1.510000000000000000e+02 3.343621484374999925e-03
1.520000000000000000e+02 3.308147812499999570e-03
1.530000000000000000e+02 3.267265156250000885e-03
1.540000000000000000e+02 3.221537109375000388e-03
1.550000000000000000e+02 3.171618906250000137e-03
1.560000000000000000e+02 3.118222421875000133e-03
1.570000000000000000e+02 3.062138828125000271e-03
1.580000000000000000e+02 3.004229062499998854e-03
1.590000000000000000e+02 2.945403203124998676e-03
1.600000000000000000e+02 2.886629703124998260e-03
1.610000000000000000e+02 2.828915117187500577e-03
1.620000000000000000e+02 2.773247343749999771e-03
1.630000000000000000e+02 2.720701209375000259e-03
1.640000000000000000e+02 2.672239854687501193e-03
1.650000000000000000e+02 2.628895928906250547e-03
1.660000000000000000e+02 2.591584148437500647e-03
1.670000000000000000e+02 2.561195640625000582e-03
1.680000000000000000e+02 2.538488453124999964e-03
1.690000000000000000e+02 2.524164210937500721e-03
1.700000000000000000e+02 2.518714295312499303e-03
1.710000000000000000e+02 2.522580401562500661e-03
1.720000000000000000e+02 2.535974070312500047e-03
1.730000000000000000e+02 2.558946203124999336e-03
1.740000000000000000e+02 2.591320851562500457e-03
1.750000000000000000e+02 2.632838578125000321e-03
1.760000000000000000e+02 2.682958490625001174e-03
1.770000000000000000e+02 2.741012935937500380e-03
1.780000000000000000e+02 2.806083980468751776e-03
1.790000000000000000e+02 2.877193132890626566e-03
1.800000000000000000e+02 2.953174862500000490e-03
1.810000000000000000e+02 3.032721764843749473e-03
1.820000000000000000e+02 3.114498937500000640e-03
1.830000000000000000e+02 3.197077085156249665e-03
1.840000000000000000e+02 3.279016023437500253e-03
1.850000000000000000e+02 3.358928304687499363e-03
1.860000000000000000e+02 3.435438891718749048e-03
1.870000000000000000e+02 3.507267648437500419e-03
1.880000000000000000e+02 3.573293507812501640e-03
1.890000000000000000e+02 3.632518789062500614e-03
1.900000000000000000e+02 3.684168539062499751e-03
1.910000000000000000e+02 3.727623765625000252e-03
1.920000000000000000e+02 3.762575732812499692e-03
1.930000000000000000e+02 3.788874027343747727e-03
1.940000000000000000e+02 3.806704236249999328e-03
1.950000000000000000e+02 3.816396746093750694e-03
1.960000000000000000e+02 3.818593762499999673e-03
1.970000000000000000e+02 3.814111921874999318e-03
1.980000000000000000e+02 3.804003234375000556e-03
1.990000000000000000e+02 3.789445351562500692e-03
2.000000000000000000e+02 3.771775000000000214e-03
2.010000000000000000e+02 3.752423984374999438e-03
2.020000000000000000e+02 3.732864609375000781e-03
2.030000000000000000e+02 3.714605078124998822e-03
2.040000000000000000e+02 3.699092656250000267e-03
2.050000000000000000e+02 3.687734062499999771e-03
2.060000000000000000e+02 3.681819531249999958e-03
2.070000000000000000e+02 3.682488124999999755e-03
2.080000000000000000e+02 3.690705234375001031e-03
2.090000000000000000e+02 3.707245390624999432e-03
2.100000000000000000e+02 3.732686796875000265e-03
2.110000000000000000e+02 3.767378750000001820e-03
2.120000000000000000e+02 3.811428593750001374e-03
2.130000000000000000e+02 3.864773125000001835e-03
2.140000000000000000e+02 3.927113437500000075e-03
2.150000000000000000e+02 3.997989531250000124e-03
2.160000000000000000e+02 4.076788687499999231e-03
2.170000000000000000e+02 4.162818921875000369e-03
2.180000000000000000e+02 4.255241718750000374e-03
2.190000000000000000e+02 4.353249687499999646e-03
2.200000000000000000e+02 4.456029531249999960e-03
2.210000000000000000e+02 4.562785937499999264e-03
2.220000000000000000e+02 4.672888703124999238e-03
2.230000000000000000e+02 4.785758414062499765e-03
2.240000000000000000e+02 4.901037359375002428e-03
2.250000000000000000e+02 5.018544859375001499e-03
2.260000000000000000e+02 5.138322343750002276e-03
2.270000000000000000e+02 5.260635468750000238e-03
2.280000000000000000e+02 5.385978359374998976e-03
2.290000000000000000e+02 5.515066562500000463e-03
2.300000000000000000e+02 5.648883187500000277e-03
2.310000000000000000e+02 5.788535765624999198e-03
2.320000000000000000e+02 5.935327226562499454e-03
2.330000000000000000e+02 6.090687985156251726e-03
2.340000000000000000e+02 6.256095078124999237e-03
2.350000000000000000e+02 6.433067406250001299e-03
2.360000000000000000e+02 6.623159672968749294e-03
2.370000000000000000e+02 6.827723046874998626e-03
2.380000000000000000e+02 7.048045148437498582e-03
2.390000000000000000e+02 7.285234029687498794e-03
2.400000000000000000e+02 7.540094178906245510e-03
2.410000000000000000e+02 7.813189414062501198e-03
2.420000000000000000e+02 8.104779453125000518e-03
2.430000000000000000e+02 8.414639085937498236e-03
2.440000000000000000e+02 8.742217499999999780e-03
2.450000000000000000e+02 9.086701718750004805e-03
2.460000000000000000e+02 9.446647421875002670e-03
2.470000000000000000e+02 9.820377109374998567e-03
2.480000000000000000e+02 1.020571648437500201e-02
2.490000000000000000e+02 1.060026984375000286e-02
2.500000000000000000e+02 1.100122385937500266e-02
2.510000000000000000e+02 1.140543831250000022e-02
2.520000000000000000e+02 1.180964378124999860e-02
2.530000000000000000e+02 1.221036398437499830e-02
2.540000000000000000e+02 1.260388060937500145e-02
2.550000000000000000e+02 1.298668674218750492e-02
2.560000000000000000e+02 1.335500874999999595e-02
2.570000000000000000e+02 1.370541773437499757e-02
2.580000000000000000e+02 1.403437539062500107e-02
2.590000000000000000e+02 1.433864812499999544e-02
2.600000000000000000e+02 1.461526523437499912e-02
2.610000000000000000e+02 1.486156257812499930e-02
2.620000000000000000e+02 1.507513805468750114e-02
2.630000000000000000e+02 1.525400999218749949e-02
2.640000000000000000e+02 1.539654378906249281e-02
2.650000000000000000e+02 1.550168003906250008e-02
2.660000000000000000e+02 1.556847342187499955e-02
2.670000000000000000e+02 1.559670117187500135e-02
2.680000000000000000e+02 1.558641679687499358e-02
2.690000000000000000e+02 1.553799757812500404e-02
2.700000000000000000e+02 1.545234890624999809e-02
2.710000000000000000e+02 1.533067867187499003e-02
2.720000000000000000e+02 1.517446945312500399e-02
2.730000000000000000e+02 1.498564968749999636e-02
2.740000000000000000e+02 1.476630906250000173e-02
2.750000000000000000e+02 1.451872212499999773e-02
2.760000000000000000e+02 1.424563538281250347e-02
2.770000000000000000e+02 1.394971039531250206e-02
2.780000000000000000e+02 1.363382189460938219e-02
2.790000000000000000e+02 1.330105833593750973e-02
2.800000000000000000e+02 1.295452418750000015e-02
2.810000000000000000e+02 1.259736333593749515e-02
2.820000000000000000e+02 1.223279367187499710e-02
2.830000000000000000e+02 1.186414975781249770e-02
2.840000000000000000e+02 1.149457364062500715e-02
2.850000000000000000e+02 1.112725843750000075e-02
2.860000000000000000e+02 1.076537189843751116e-02
2.870000000000000000e+02 1.041203252343749289e-02
2.880000000000000000e+02 1.007024265624999540e-02
2.890000000000000000e+02 9.743041902343749228e-03
2.900000000000000000e+02 9.433276039062505822e-03
2.910000000000000000e+02 9.143723632812494548e-03
2.920000000000000000e+02 8.877047703124999953e-03
2.930000000000000000e+02 8.635778437499998239e-03
2.940000000000000000e+02 8.422431960937502501e-03
2.950000000000000000e+02 8.239194437499996332e-03
2.960000000000000000e+02 8.088155648437497791e-03
2.970000000000000000e+02 7.971319921874997494e-03
2.980000000000000000e+02 7.890315929687499036e-03
2.990000000000000000e+02 7.846684515624995429e-03
3.000000000000000000e+02 7.841642820312494377e-03
3.010000000000000000e+02 7.876208554687501653e-03
3.020000000000000000e+02 7.951021093749998173e-03
3.030000000000000000e+02 8.066547960937500011e-03
3.040000000000000000e+02 8.222813125000002360e-03
3.050000000000000000e+02 8.419549765624999293e-03
3.060000000000000000e+02 8.656174124999999053e-03
3.070000000000000000e+02 8.931842023437504274e-03
3.080000000000000000e+02 9.245178124999997929e-03
3.090000000000000000e+02 9.594637187499999512e-03
3.100000000000000000e+02 9.978144609374999668e-03
3.110000000000000000e+02 1.039357960937500013e-02
3.120000000000000000e+02 1.083822890625000049e-02
3.130000000000000000e+02 1.130925398437499993e-02
3.140000000000000000e+02 1.180354687500000110e-02
3.150000000000000000e+02 1.231772140624999914e-02
3.160000000000000000e+02 1.284821882812499545e-02
3.170000000000000000e+02 1.339133531250000578e-02
3.180000000000000000e+02 1.394331054687500231e-02
3.190000000000000000e+02 1.450023976562499900e-02
3.200000000000000000e+02 1.505824718750000367e-02
3.210000000000000000e+02 1.561362562499999697e-02
3.220000000000000000e+02 1.616245601562499301e-02
3.230000000000000000e+02 1.670111437500000628e-02
3.240000000000000000e+02 1.722610218749999825e-02
3.250000000000000000e+02 1.773410460937499544e-02
3.260000000000000000e+02 1.822195312500000247e-02
3.270000000000000000e+02 1.868675781249999959e-02
3.280000000000000000e+02 1.912588906249999832e-02
3.290000000000000000e+02 1.953711328125000077e-02
3.300000000000000000e+02 1.991828359374999899e-02
3.310000000000000000e+02 2.026803593749999799e-02
3.320000000000000000e+02 2.058497968749999074e-02
3.330000000000000000e+02 2.086837265625000187e-02
3.340000000000000000e+02 2.111774062499999216e-02
3.350000000000000000e+02 2.133312734375001490e-02
3.360000000000000000e+02 2.151489687500000511e-02
3.370000000000000000e+02 2.166376406250000372e-02
3.380000000000000000e+02 2.178081171874999764e-02
3.390000000000000000e+02 2.186729765625000654e-02
3.400000000000000000e+02 2.192469531249999562e-02
3.410000000000000000e+02 2.195494531249999812e-02
3.420000000000000000e+02 2.195981249999999149e-02
3.430000000000000000e+02 2.194125000000000242e-02
3.440000000000000000e+02 2.190158593750000937e-02
3.450000000000000000e+02 2.184305468749999854e-02
3.460000000000000000e+02 2.176785859375000506e-02
3.470000000000000000e+02 2.167842343750000372e-02
3.480000000000000000e+02 2.157727343749999555e-02
3.490000000000000000e+02 2.146682500000000535e-02
3.500000000000000000e+02 2.134960781250001133e-02
3.510000000000000000e+02 2.122818671874999660e-02
3.520000000000000000e+02 2.110496640624999129e-02
3.530000000000000000e+02 2.098227187499999979e-02
3.540000000000000000e+02 2.086244687499999584e-02
3.550000000000000000e+02 2.074747734374999403e-02
3.560000000000000000e+02 2.063930703124999474e-02
3.570000000000000000e+02 2.053961562499999338e-02
3.580000000000000000e+02 2.044971171875000632e-02
3.590000000000000000e+02 2.037080781249999903e-02
3.600000000000000000e+02 2.030380859374998279e-02
3.610000000000000000e+02 2.024911562500001164e-02
3.620000000000000000e+02 2.020715937500001252e-02
3.630000000000000000e+02 2.017787421875001305e-02
3.640000000000000000e+02 2.016103593750000547e-02
3.650000000000000000e+02 2.015606406249999955e-02
3.660000000000000000e+02 2.016215382812500470e-02
3.670000000000000000e+02 2.017825828125000345e-02
3.680000000000000000e+02 2.020315601562498731e-02
3.690000000000000000e+02 2.023529124999999193e-02
3.700000000000000000e+02 2.027304171874998520e-02
3.710000000000000000e+02 2.031462070312499771e-02
3.720000000000000000e+02 2.035814757812498196e-02
3.730000000000000000e+02 2.040176921875002172e-02
3.740000000000000000e+02 2.044355657031250717e-02
3.750000000000000000e+02 2.048183918515623925e-02
3.760000000000000000e+02 2.051494142031251577e-02
3.770000000000000000e+02 2.054141627109376880e-02
3.780000000000000000e+02 2.056016990625001914e-02
3.790000000000000000e+02 2.057015637500001284e-02
3.800000000000000000e+02 2.057078604687501491e-02
3.810000000000000000e+02 2.056149317187500394e-02
3.820000000000000000e+02 2.054219253906247947e-02
3.830000000000000000e+02 2.051276905468750467e-02
3.840000000000000000e+02 2.047348221093748741e-02
3.850000000000000000e+02 2.042459934921874581e-02
3.860000000000000000e+02 2.036655971093751308e-02
3.870000000000000000e+02 2.029991063281249425e-02
3.880000000000000000e+02 2.022518429687500396e-02
3.890000000000000000e+02 2.014305617187500674e-02
3.900000000000000000e+02 2.005400835937500362e-02
3.910000000000000000e+02 1.995864437500000435e-02
3.920000000000000000e+02 1.985746796875001094e-02
3.930000000000000000e+02 1.975074875000000160e-02
3.940000000000000000e+02 1.963882937499999287e-02
3.950000000000000000e+02 1.952177421874999597e-02
3.960000000000000000e+02 1.939960781250000404e-02
3.970000000000000000e+02 1.927197499999999675e-02
3.980000000000000000e+02 1.913858046875000635e-02
3.990000000000000000e+02 1.899887109374999786e-02
4.000000000000000000e+02 1.885209765624998660e-02
4.010000000000000000e+02 1.869751640625000669e-02
4.020000000000000000e+02 1.853422265625000176e-02
4.030000000000000000e+02 1.836139687500001547e-02
4.040000000000000000e+02 1.817817187499999251e-02
4.050000000000000000e+02 1.798366718749999302e-02
4.060000000000000000e+02 1.777724765625000522e-02
4.070000000000000000e+02 1.755829140625000603e-02
4.080000000000000000e+02 1.732632500000000353e-02
4.090000000000000000e+02 1.708104531249999766e-02
4.100000000000000000e+02 1.682220859375001265e-02
4.110000000000000000e+02 1.654988281249999624e-02
4.120000000000000000e+02 1.626419296875000059e-02
4.130000000000000000e+02 1.596556484375000889e-02
4.140000000000000000e+02 1.565438671874999632e-02
4.150000000000000000e+02 1.533139140625000042e-02
4.160000000000000000e+02 1.499738671875000713e-02
4.170000000000000000e+02 1.465339843750000474e-02
4.180000000000000000e+02 1.430057890624999647e-02
4.190000000000000000e+02 1.394025468749999531e-02
4.200000000000000000e+02 1.357367656249999950e-02
4.210000000000000000e+02 1.320241796874999443e-02
4.220000000000000000e+02 1.282799609375000031e-02
4.230000000000000000e+02 1.245196406249999589e-02
4.240000000000000000e+02 1.207588984374999286e-02
4.250000000000000000e+02 1.170123046875000405e-02
4.260000000000000000e+02 1.132940234375000299e-02
4.270000000000000000e+02 1.096166562499999858e-02
4.280000000000000000e+02 1.059906796875000057e-02
4.290000000000000000e+02 1.024244765624999706e-02
4.300000000000000000e+02 9.892435156250000555e-03
4.310000000000000000e+02 9.549282031250005270e-03
4.320000000000000000e+02 9.213166406249995513e-03
4.330000000000000000e+02 8.883889062500000683e-03
4.340000000000000000e+02 8.561150000000000010e-03
4.350000000000000000e+02 8.244357031249996415e-03
4.360000000000000000e+02 7.932819531250004733e-03
4.370000000000000000e+02 7.625666406249997746e-03
4.380000000000000000e+02 7.322085937499995915e-03
4.390000000000000000e+02 7.021061718750002539e-03
4.400000000000000000e+02 6.721692187499998632e-03
4.410000000000000000e+02 6.423242968750003841e-03
4.420000000000000000e+02 6.124974687499997947e-03
4.430000000000000000e+02 5.826526953125001941e-03
4.440000000000000000e+02 5.527657187500003427e-03
4.450000000000000000e+02 5.228679375000000636e-03
4.460000000000000000e+02 4.930246874999997912e-03
4.470000000000000000e+02 4.633454609374999637e-03
4.480000000000000000e+02 4.339956718749996001e-03
4.490000000000000000e+02 4.051848124999999322e-03
4.500000000000000000e+02 3.771649062499999715e-03
4.510000000000000000e+02 3.502191718749999606e-03
4.520000000000000000e+02 3.246520937499999208e-03
4.530000000000000000e+02 3.007750468749999326e-03
4.540000000000000000e+02 2.788869843749999800e-03
4.550000000000000000e+02 2.592642109375003449e-03
4.560000000000000000e+02 2.421428906250001033e-03
4.570000000000000000e+02 2.277067734374999420e-03
4.580000000000000000e+02 2.160751640625000348e-03
4.590000000000000000e+02 2.072919453125000519e-03
4.600000000000000000e+02 2.013193203125000254e-03
4.610000000000000000e+02 1.980301484375000028e-03
4.620000000000000000e+02 1.972106078125000772e-03
4.630000000000000000e+02 1.985619860937500643e-03
4.640000000000000000e+02 2.017074547656249987e-03
4.650000000000000000e+02 2.062045052343750625e-03
4.660000000000000000e+02 2.115577514296875915e-03
4.670000000000000000e+02 2.172400351562499710e-03
4.680000000000000000e+02 2.227085671875000689e-03
4.690000000000000000e+02 2.274293109375000524e-03
4.700000000000000000e+02 2.308978203125000486e-03
4.710000000000000000e+02 2.326685078124998869e-03
4.720000000000000000e+02 2.323793437499998681e-03
4.730000000000000000e+02 2.297795781250000502e-03
4.740000000000000000e+02 2.247581015625000223e-03
4.750000000000000000e+02 2.173662343750000069e-03
4.760000000000000000e+02 2.078302187499999655e-03
4.770000000000000000e+02 1.965593515625000016e-03
4.780000000000000000e+02 1.841369453124999797e-03
4.790000000000000000e+02 1.713070085937500302e-03
4.800000000000000000e+02 1.589495695312500081e-03
4.810000000000000000e+02 1.480442874218750775e-03
4.820000000000000000e+02 1.396320132812499870e-03
4.830000000000000000e+02 1.347658914062500012e-03
4.840000000000000000e+02 1.344416414062499536e-03
4.850000000000000000e+02 1.395220867187499944e-03
4.860000000000000000e+02 1.506372616406249356e-03
4.870000000000000000e+02 1.680787906249999516e-03
4.880000000000000000e+02 1.916975539062500383e-03
4.890000000000000000e+02 2.208144999999998598e-03
4.900000000000000000e+02 2.541775257031251341e-03
4.910000000000000000e+02 2.899748017187500290e-03
4.920000000000000000e+02 3.259130904999999693e-03
4.930000000000000000e+02 3.593771032031251728e-03
4.940000000000000000e+02 3.876468710937498209e-03
4.950000000000000000e+02 4.081694757812499678e-03
4.960000000000000000e+02 4.188398109374998936e-03
4.970000000000000000e+02 4.183269343750000563e-03
4.980000000000000000e+02 4.063121531250000855e-03
4.990000000000000000e+02 3.837173117187500301e-03
5.000000000000000000e+02 3.528049765624998845e-03
5.010000000000000000e+02 3.170634887499999572e-03
5.020000000000000000e+02 2.808673717187500172e-03
5.030000000000000000e+02 2.488009578124999923e-03
5.040000000000000000e+02 2.246859570312502007e-03
5.050000000000000000e+02 2.104420078124999600e-03
5.060000000000000000e+02 2.050226000781249676e-03
5.070000000000000000e+02 2.038762504687499210e-03
5.080000000000000000e+02 1.996999039062499932e-03
5.090000000000000000e+02 1.859011161718751711e-03
5.100000000000000000e+02 1.655078531249999868e-03
5.110000000000000000e+02 1.709372632812500552e-03
