0.000000000000000000e+00 7.325451867187500812e-03
1.000000000000000000e+00 7.292008148437500135e-03
2.000000000000000000e+00 7.225492625000002299e-03
3.000000000000000000e+00 7.126520281249998888e-03
4.000000000000000000e+00 6.996177937500000499e-03
5.000000000000000000e+00 6.835785640624995364e-03
6.000000000000000000e+00 6.646945976562503196e-03
7.000000000000000000e+00 6.431602070312498684e-03
8.000000000000000000e+00 6.191917562500004815e-03
9.000000000000000000e+00 5.930291843750000284e-03
1.000000000000000000e+01 5.649357875000004560e-03
1.100000000000000000e+01 5.351885328125001798e-03
1.200000000000000000e+01 5.040820390625001639e-03
1.300000000000000000e+01 4.719212117187501429e-03
1.400000000000000000e+01 4.390133374999999859e-03
1.500000000000000000e+01 4.056708531249999736e-03
1.600000000000000000e+01 3.722113648437501161e-03
1.700000000000000000e+01 3.389430312500000403e-03
1.800000000000000000e+01 3.061715078124999535e-03
1.900000000000000000e+01 2.741886874999999342e-03
2.000000000000000000e+01 2.432757265624999662e-03
2.100000000000000000e+01 2.136968359375000619e-03
2.200000000000000000e+01 1.856987343749999650e-03
2.300000000000000000e+01 1.595056484374999823e-03
2.400000000000000000e+01 1.353197499999999947e-03
2.500000000000000000e+01 1.133197890625000682e-03
2.600000000000000000e+01 9.365771093749997948e-04
2.700000000000000000e+01 7.645829687499995772e-04
2.800000000000000000e+01 6.181915625000000605e-04
2.900000000000000000e+01 4.981115625000000040e-04
3.000000000000000000e+01 4.047536796874999054e-04
3.100000000000000000e+01 3.382705703124999153e-04
3.200000000000000000e+01 2.985416939843748901e-04
3.300000000000000000e+01 2.851904828124999939e-04
3.400000000000000000e+01 2.975922835937501606e-04
3.500000000000000000e+01 3.348940054687502043e-04
3.600000000000000000e+01 3.960272500624998629e-04
3.700000000000000000e+01 4.797274257812500432e-04
3.800000000000000000e+01 5.845582515624996684e-04
3.900000000000000000e+01 7.089226984375000687e-04
4.000000000000000000e+01 8.510937695312502773e-04
4.100000000000000000e+01 1.009245017187499881e-03
4.200000000000000000e+01 1.181449468750000401e-03
4.300000000000000000e+01 1.365725226562500673e-03
4.400000000000000000e+01 1.560045195312499602e-03
4.500000000000000000e+01 1.762370296875000143e-03
4.600000000000000000e+01 1.970661820312499205e-03
4.700000000000000000e+01 2.182895687500000740e-03
4.800000000000000000e+01 2.397101421875000651e-03
4.900000000000000000e+01 2.611368601562498795e-03
5.000000000000000000e+01 2.823835750000000273e-03
5.100000000000000000e+01 3.032766898437498550e-03
5.200000000000000000e+01 3.236500164062499491e-03
5.300000000000000000e+01 3.433495656249999604e-03
5.400000000000000000e+01 3.622328217968750000e-03
5.500000000000000000e+01 3.801705991406249471e-03
5.600000000000000000e+01 3.970460449218749313e-03
5.700000000000000000e+01 4.127576392187499478e-03
5.800000000000000000e+01 4.272155882812499889e-03
5.900000000000000000e+01 4.403461898437497149e-03
6.000000000000000000e+01 4.520850695312501021e-03
6.100000000000000000e+01 4.623860359374998980e-03
6.200000000000000000e+01 4.712163406250002504e-03
6.300000000000000000e+01 4.785511406249999891e-03
6.400000000000000000e+01 4.843796875000000446e-03
6.500000000000000000e+01 4.887038906249994118e-03
6.600000000000000000e+01 4.915381953124998982e-03
6.700000000000000000e+01 4.929027656250002144e-03
6.800000000000000000e+01 4.928253750000000100e-03
6.900000000000000000e+01 4.913521875000001829e-03
7.000000000000000000e+01 4.885287500000001781e-03
7.100000000000000000e+01 4.844071093750000959e-03
7.200000000000000000e+01 4.790509453125002017e-03
7.300000000000000000e+01 4.725256249999998728e-03
7.400000000000000000e+01 4.649025781249997193e-03
7.500000000000000000e+01 4.562557890625000036e-03
7.600000000000000000e+01 4.466643437500001680e-03
7.700000000000000000e+01 4.362092890625001405e-03
7.800000000000000000e+01 4.249736484374998929e-03
7.900000000000000000e+01 4.130424296875000872e-03
8.000000000000000000e+01 4.005021093749999185e-03
8.100000000000000000e+01 3.874377578125000592e-03
8.200000000000000000e+01 3.739380390624999842e-03
8.300000000000000000e+01 3.600888671875000085e-03
8.400000000000000000e+01 3.459754062500001483e-03
8.500000000000000000e+01 3.316847031249998620e-03
8.600000000000000000e+01 3.172989999999998798e-03
8.700000000000000000e+01 3.029017734374999347e-03
8.800000000000000000e+01 2.885733359374998645e-03
8.900000000000000000e+01 2.743918828125000570e-03
9.000000000000000000e+01 2.604339062500000621e-03
9.100000000000000000e+01 2.467724531250000287e-03
9.200000000000000000e+01 2.334790703125000713e-03
9.300000000000000000e+01 2.206205468749999898e-03
9.400000000000000000e+01 2.082616406249998726e-03
9.500000000000000000e+01 1.964619921874999862e-03
9.600000000000000000e+01 1.852790695312500060e-03
9.700000000000000000e+01 1.747640710937500017e-03
9.800000000000000000e+01 1.649670336718749453e-03
9.900000000000000000e+01 1.559301032812500029e-03
1.000000000000000000e+02 1.476931773437500364e-03
1.010000000000000000e+02 1.402888070312500101e-03
1.020000000000000000e+02 1.337460781250000407e-03
1.030000000000000000e+02 1.280887273437500374e-03
1.040000000000000000e+02 1.233351992187500280e-03
1.050000000000000000e+02 1.194971666406249595e-03
1.060000000000000000e+02 1.165824345156250136e-03
1.070000000000000000e+02 1.145917575781250572e-03
1.080000000000000000e+02 1.135219375000000048e-03
1.090000000000000000e+02 1.133622999999999836e-03
1.100000000000000000e+02 1.140985523437500334e-03
1.110000000000000000e+02 1.157101749999999395e-03
1.120000000000000000e+02 1.181718898437499965e-03
1.130000000000000000e+02 1.214527828124999532e-03
1.140000000000000000e+02 1.255181820312500614e-03
1.150000000000000000e+02 1.303289296875000504e-03
1.160000000000000000e+02 1.358408929687500129e-03
1.170000000000000000e+02 1.420068015625000450e-03
1.180000000000000000e+02 1.487755929687499621e-03
1.190000000000000000e+02 1.560929731249999751e-03
1.200000000000000000e+02 1.639017547812499564e-03
1.210000000000000000e+02 1.721433454687499535e-03
1.220000000000000000e+02 1.807560414062499288e-03
1.230000000000000000e+02 1.896765804687499486e-03
1.240000000000000000e+02 1.988411484374999569e-03
1.250000000000000000e+02 2.081846218749999495e-03
1.260000000000000000e+02 2.176415046875000096e-03
1.270000000000000000e+02 2.271463109375000417e-03
1.280000000000000000e+02 2.366347898437500593e-03
1.290000000000000000e+02 2.460418874999999780e-03
1.300000000000000000e+02 2.553042960937500303e-03
1.310000000000000000e+02 2.643604942968750312e-03
1.320000000000000000e+02 2.731512157656249776e-03
1.330000000000000000e+02 2.816174447265624992e-03
1.340000000000000000e+02 2.897056286718749287e-03
1.350000000000000000e+02 2.973620648437499611e-03
1.360000000000000000e+02 3.045375585937500681e-03
1.370000000000000000e+02 3.111876304687499154e-03
1.380000000000000000e+02 3.172687023437499327e-03
1.390000000000000000e+02 3.227427031250001011e-03
1.400000000000000000e+02 3.275754921875000461e-03
1.410000000000000000e+02 3.317391406250000049e-03
1.420000000000000000e+02 3.352083437499998528e-03
1.430000000000000000e+02 3.379632968749999525e-03
1.440000000000000000e+02 3.399913437499999403e-03
1.450000000000000000e+02 3.412836250000000123e-03
1.460000000000000000e+02 3.418390625000000856e-03
1.470000000000000000e+02 3.416619609375001060e-03
1.480000000000000000e+02 3.407631640624999604e-03
1.490000000000000000e+02 3.391618906249999846e-03
1.500000000000000000e+02 3.368828124999999427e-03
1.510000000000000000e+02 3.339610390624999595e-03
1.520000000000000000e+02 3.304363593749999519e-03
1.530000000000000000e+02 3.263591640625000245e-03
1.540000000000000000e+02 3.217846015624999893e-03
1.550000000000000000e+02 3.167791718749999284e-03
1.560000000000000000e+02 3.114151796875001214e-03
1.570000000000000000e+02 3.057728046874999984e-03
1.580000000000000000e+02 2.999372734374999763e-03
1.590000000000000000e+02 2.940044296875000442e-03
1.600000000000000000e+02 2.880700617187498952e-03
1.610000000000000000e+02 2.822363937499999982e-03
1.620000000000000000e+02 2.766084914062499987e-03
1.630000000000000000e+02 2.712913971093750508e-03
1.640000000000000000e+02 2.663883907031251025e-03
1.650000000000000000e+02 2.620012296874999532e-03
1.660000000000000000e+02 2.582297515625000921e-03
1.670000000000000000e+02 2.551634140624999166e-03
1.680000000000000000e+02 2.528820664062500501e-03
1.690000000000000000e+02 2.514596625781249754e-03
1.700000000000000000e+02 2.509525758359375160e-03
1.710000000000000000e+02 2.514001160937500388e-03
1.720000000000000000e+02 2.528344093750001329e-03
1.730000000000000000e+02 2.552577226562499982e-03
1.740000000000000000e+02 2.586638484375000224e-03
1.750000000000000000e+02 2.630215023437501489e-03
1.760000000000000000e+02 2.682800648437501118e-03
1.770000000000000000e+02 2.743732168124999628e-03
1.780000000000000000e+02 2.812134214062499051e-03
1.790000000000000000e+02 2.886964877109374824e-03
1.800000000000000000e+02 2.967046910156248638e-03
1.810000000000000000e+02 3.051072042968749811e-03
1.820000000000000000e+02 3.137656921874999033e-03
1.830000000000000000e+02 3.225328374218749700e-03
1.840000000000000000e+02 3.312594171875000212e-03
1.850000000000000000e+02 3.397987609374997827e-03
1.860000000000000000e+02 3.480036847500000020e-03
1.870000000000000000e+02 3.557435117187501307e-03
1.880000000000000000e+02 3.628936945312498993e-03
1.890000000000000000e+02 3.693508187500000629e-03
1.900000000000000000e+02 3.750208617187500426e-03
1.910000000000000000e+02 3.798418585937500796e-03
1.920000000000000000e+02 3.837683765624999750e-03
1.930000000000000000e+02 3.867818989843748931e-03
1.940000000000000000e+02 3.888883285156249838e-03
1.950000000000000000e+02 3.901238383593749227e-03
1.960000000000000000e+02 3.905424289062500286e-03
1.970000000000000000e+02 3.902230210937500995e-03
1.980000000000000000e+02 3.892687250000002180e-03
1.990000000000000000e+02 3.877989921874997869e-03
2.000000000000000000e+02 3.859491328124999010e-03
2.010000000000000000e+02 3.838645546875000050e-03
2.020000000000000000e+02 3.816975312500000932e-03
2.030000000000000000e+02 3.796053593750001610e-03
2.040000000000000000e+02 3.777397968749999970e-03
2.050000000000000000e+02 3.762505859375000171e-03
2.060000000000000000e+02 3.752745546875000185e-03
2.070000000000000000e+02 3.749359999999999325e-03
2.080000000000000000e+02 3.753435078124998502e-03
2.090000000000000000e+02 3.765825937500000796e-03
2.100000000000000000e+02 3.787206093749999943e-03
2.110000000000000000e+02 3.817991406249999532e-03
2.120000000000000000e+02 3.858397812500001262e-03
2.130000000000000000e+02 3.908390468749998320e-03
2.140000000000000000e+02 3.967715734375001045e-03
2.150000000000000000e+02 4.035917234374999420e-03
2.160000000000000000e+02 4.112417937499999662e-03
2.170000000000000000e+02 4.196466007812498303e-03
2.180000000000000000e+02 4.287180468749999564e-03
2.190000000000000000e+02 4.383678046875000636e-03
2.200000000000000000e+02 4.485031093749999517e-03
2.210000000000000000e+02 4.590339531249998557e-03
2.220000000000000000e+02 4.698806656249999471e-03
2.230000000000000000e+02 4.809745468749999572e-03
2.240000000000000000e+02 4.922555757812499717e-03
2.250000000000000000e+02 5.036943750000000795e-03
2.260000000000000000e+02 5.152727656250001564e-03
2.270000000000000000e+02 5.269996562499999586e-03
2.280000000000000000e+02 5.389079062500003181e-03
2.290000000000000000e+02 5.510560234374998860e-03
2.300000000000000000e+02 5.635228124999999005e-03
2.310000000000000000e+02 5.764088671875001492e-03
2.320000000000000000e+02 5.898401539062500532e-03
2.330000000000000000e+02 6.039487460937498740e-03
2.340000000000000000e+02 6.188917085937501415e-03
2.350000000000000000e+02 6.348123109374999296e-03
2.360000000000000000e+02 6.518789717968748350e-03
2.370000000000000000e+02 6.702460367187499518e-03
2.380000000000000000e+02 6.900467398437499546e-03
2.390000000000000000e+02 7.114159585937500883e-03
2.400000000000000000e+02 7.344682031249998196e-03
2.410000000000000000e+02 7.592807312499998997e-03
2.420000000000000000e+02 7.859092117187500837e-03
2.430000000000000000e+02 8.143749789062496372e-03
2.440000000000000000e+02 8.446616015625000098e-03
2.450000000000000000e+02 8.767169218749995552e-03
2.460000000000000000e+02 9.104351093749999194e-03
2.470000000000000000e+02 9.456946171874999404e-03
2.480000000000000000e+02 9.823122499999998106e-03
2.490000000000000000e+02 1.020079796874999618e-02
2.500000000000000000e+02 1.058742986718749779e-02
2.510000000000000000e+02 1.098031959374999762e-02
2.520000000000000000e+02 1.137634530156249844e-02
2.530000000000000000e+02 1.177230981250000121e-02
2.540000000000000000e+02 1.216464615625000543e-02
2.550000000000000000e+02 1.254994761718750476e-02
2.560000000000000000e+02 1.292450687500000008e-02
2.570000000000000000e+02 1.328474835937500272e-02
2.580000000000000000e+02 1.362720632812499874e-02
2.590000000000000000e+02 1.394853765624999055e-02
2.600000000000000000e+02 1.424556945312500413e-02
2.610000000000000000e+02 1.451534671875000758e-02
2.620000000000000000e+02 1.475526447656250184e-02
2.630000000000000000e+02 1.496306613281249941e-02
2.640000000000000000e+02 1.513674864062499945e-02
2.650000000000000000e+02 1.527478089062500079e-02
2.660000000000000000e+02 1.537602052343749887e-02
2.670000000000000000e+02 1.543964281250000126e-02
2.680000000000000000e+02 1.546538601562500413e-02
2.690000000000000000e+02 1.545318210937499971e-02
2.700000000000000000e+02 1.540361117187500142e-02
2.710000000000000000e+02 1.531743500000000598e-02
2.720000000000000000e+02 1.519565828125000150e-02
2.730000000000000000e+02 1.503988578125000329e-02
2.740000000000000000e+02 1.485192796875000297e-02
2.750000000000000000e+02 1.463380507812500099e-02
2.760000000000000000e+02 1.438783363281250297e-02
2.770000000000000000e+02 1.411647328906249881e-02
2.780000000000000000e+02 1.382246111093749820e-02
2.790000000000000000e+02 1.350861079148438226e-02
2.800000000000000000e+02 1.317797331015624525e-02
2.810000000000000000e+02 1.283348933593749658e-02
2.820000000000000000e+02 1.247840985937499585e-02
2.830000000000000000e+02 1.211592956249999548e-02
2.840000000000000000e+02 1.174912895312499837e-02
2.850000000000000000e+02 1.138127994531249604e-02
2.860000000000000000e+02 1.101567956250000709e-02
2.870000000000000000e+02 1.065537094531249750e-02
2.880000000000000000e+02 1.030349976898437513e-02
2.890000000000000000e+02 9.963149304687486316e-03
2.900000000000000000e+02 9.637330335937497813e-03
2.910000000000000000e+02 9.328950390625003614e-03
2.920000000000000000e+02 9.040794609374997945e-03
2.930000000000000000e+02 8.775658281249995932e-03
2.940000000000000000e+02 8.536111874999998544e-03
2.950000000000000000e+02 8.324514453125002669e-03
2.960000000000000000e+02 8.143335546874998221e-03
2.970000000000000000e+02 7.994594453125001762e-03
2.980000000000000000e+02 7.880258671875004645e-03
2.990000000000000000e+02 7.802089820312501853e-03
3.000000000000000000e+02 7.761568172656247745e-03
3.010000000000000000e+02 7.759967671875000507e-03
3.020000000000000000e+02 7.798192578124996457e-03
3.030000000000000000e+02 7.876985937500004253e-03
3.040000000000000000e+02 7.996675546874996640e-03
3.050000000000000000e+02 8.157294921875004115e-03
3.060000000000000000e+02 8.358662187500004448e-03
3.070000000000000000e+02 8.600091718749997699e-03
3.080000000000000000e+02 8.880562578124999093e-03
3.090000000000000000e+02 9.198907421875002904e-03
3.100000000000000000e+02 9.553329921875000977e-03
3.110000000000000000e+02 9.941897187500001523e-03
3.120000000000000000e+02 1.036228820312499500e-02
3.130000000000000000e+02 1.081192750000000043e-02
3.140000000000000000e+02 1.128790703125000239e-02
3.150000000000000000e+02 1.178703046875000104e-02
3.160000000000000000e+02 1.230605531250000308e-02
3.170000000000000000e+02 1.284139304687499650e-02
3.180000000000000000e+02 1.338936734375000166e-02
3.190000000000000000e+02 1.394623796874999884e-02
3.200000000000000000e+02 1.450821773437500038e-02
3.210000000000000000e+02 1.507144976562499981e-02
3.220000000000000000e+02 1.563220453124999909e-02
3.230000000000000000e+02 1.618676843749999872e-02
3.240000000000000000e+02 1.673151359375000397e-02
3.250000000000000000e+02 1.726300156249999801e-02
3.260000000000000000e+02 1.777790781249998994e-02
3.270000000000000000e+02 1.827315312499999331e-02
3.280000000000000000e+02 1.874583281250000524e-02
3.290000000000000000e+02 1.919343671875000518e-02
3.300000000000000000e+02 1.961366406250000458e-02
3.310000000000000000e+02 2.000456718749999557e-02
3.320000000000000000e+02 2.036456249999999898e-02
3.330000000000000000e+02 2.069240390624999676e-02
3.340000000000000000e+02 2.098731406250000167e-02
3.350000000000000000e+02 2.124886171874999091e-02
3.360000000000000000e+02 2.147697812500000067e-02
3.370000000000000000e+02 2.167199140624999701e-02
3.380000000000000000e+02 2.183442890625000160e-02
3.390000000000000000e+02 2.196531484375001744e-02
3.400000000000000000e+02 2.206576562500000768e-02
3.410000000000000000e+02 2.213715625000000839e-02
3.420000000000000000e+02 2.218103906250001173e-02
3.430000000000000000e+02 2.219917968749999734e-02
3.440000000000000000e+02 2.219331249999999603e-02
3.450000000000000000e+02 2.216550781249999533e-02
3.460000000000000000e+02 2.211770468749999635e-02
3.470000000000000000e+02 2.205218984375001065e-02
3.480000000000000000e+02 2.197114531250001293e-02
3.490000000000000000e+02 2.187692734374998768e-02
3.500000000000000000e+02 2.177187031250000376e-02
3.510000000000000000e+02 2.165851015624998752e-02
3.520000000000000000e+02 2.153907343750000036e-02
3.530000000000000000e+02 2.141607890625000024e-02
3.540000000000000000e+02 2.129168671874999072e-02
3.550000000000000000e+02 2.116820859375000488e-02
3.560000000000000000e+02 2.104756640625000952e-02
3.570000000000000000e+02 2.093149140625001278e-02
3.580000000000000000e+02 2.082162578124999858e-02
3.590000000000000000e+02 2.071936953125001757e-02
3.600000000000000000e+02 2.062578203125000134e-02
3.610000000000000000e+02 2.054167031249998915e-02
3.620000000000000000e+02 2.046755937499998221e-02
3.630000000000000000e+02 2.040383046875000189e-02
3.640000000000000000e+02 2.035044999999998869e-02
3.650000000000000000e+02 2.030723906249998559e-02
3.660000000000000000e+02 2.027375000000000357e-02
3.670000000000000000e+02 2.024920976562502237e-02
3.680000000000000000e+02 2.023278820312500448e-02
3.690000000000000000e+02 2.022334578125000934e-02
3.700000000000000000e+02 2.021955546875001467e-02
3.710000000000000000e+02 2.022001499999998009e-02
3.720000000000000000e+02 2.022321648437500410e-02
3.730000000000000000e+02 2.022763883593749201e-02
3.740000000000000000e+02 2.023168474218749527e-02
3.750000000000000000e+02 2.023386202343748982e-02
3.760000000000000000e+02 2.023289377265625674e-02
3.770000000000000000e+02 2.022754457812499240e-02
3.780000000000000000e+02 2.021686410156249558e-02
3.790000000000000000e+02 2.020004094531249739e-02
3.800000000000000000e+02 2.017650306250000011e-02
3.810000000000000000e+02 2.014597812499998447e-02
3.820000000000000000e+02 2.010833939843750112e-02
3.830000000000000000e+02 2.006353383593748041e-02
3.840000000000000000e+02 2.001181053125000719e-02
3.850000000000000000e+02 1.995342500078125386e-02
3.860000000000000000e+02 1.988885821093749548e-02
3.870000000000000000e+02 1.981842307812499773e-02
3.880000000000000000e+02 1.974262660156250043e-02
3.890000000000000000e+02 1.966194414062499493e-02
3.900000000000000000e+02 1.957680359375000775e-02
3.910000000000000000e+02 1.948757968750000277e-02
3.920000000000000000e+02 1.939454007812500130e-02
3.930000000000000000e+02 1.929795773437499584e-02
3.940000000000000000e+02 1.919777437499999365e-02
3.950000000000000000e+02 1.909409609374999525e-02
3.960000000000000000e+02 1.898661328125000186e-02
3.970000000000000000e+02 1.887502656250001493e-02
3.980000000000000000e+02 1.875875390624998779e-02
3.990000000000000000e+02 1.863715078124998648e-02
4.000000000000000000e+02 1.850941328125000479e-02
4.010000000000000000e+02 1.837472812499999983e-02
4.020000000000000000e+02 1.823212031250000253e-02
4.030000000000000000e+02 1.808061562500000094e-02
4.040000000000000000e+02 1.791929921875000734e-02
4.050000000000000000e+02 1.774733906249999563e-02
4.060000000000000000e+02 1.756402265624999737e-02
4.070000000000000000e+02 1.736853124999999248e-02
4.080000000000000000e+02 1.716048593749999740e-02
4.090000000000000000e+02 1.693953281249999457e-02
4.100000000000000000e+02 1.670540312500000055e-02
4.110000000000000000e+02 1.645810156250000766e-02
4.120000000000000000e+02 1.619776093750001020e-02
4.130000000000000000e+02 1.592463671874999598e-02
4.140000000000000000e+02 1.563910937500000500e-02
4.150000000000000000e+02 1.534192734374999895e-02
4.160000000000000000e+02 1.503377109375000215e-02
4.170000000000000000e+02 1.471554296875000022e-02
4.180000000000000000e+02 1.438826484374999479e-02
4.190000000000000000e+02 1.405314140624999882e-02
4.200000000000000000e+02 1.371128906249999800e-02
4.210000000000000000e+02 1.336419843749999531e-02
4.220000000000000000e+02 1.301310546875000806e-02
4.230000000000000000e+02 1.265945546875000063e-02
4.240000000000000000e+02 1.230454062499999890e-02
4.250000000000000000e+02 1.194977187500000787e-02
4.260000000000000000e+02 1.159628281250000073e-02
4.270000000000000000e+02 1.124529140624999299e-02
4.280000000000000000e+02 1.089762109374999705e-02
4.290000000000000000e+02 1.055407499999999436e-02
4.300000000000000000e+02 1.021509531250000373e-02
4.310000000000000000e+02 9.880976562499990679e-03
4.320000000000000000e+02 9.551726562500003140e-03
4.330000000000000000e+02 9.227328906249998575e-03
4.340000000000000000e+02 8.907310937499999387e-03
4.350000000000000000e+02 8.591209375000000495e-03
4.360000000000000000e+02 8.278353906249999103e-03
4.370000000000000000e+02 7.968098437499997883e-03
4.380000000000000000e+02 7.659624218750000178e-03
4.390000000000000000e+02 7.352128125000001978e-03
4.400000000000000000e+02 7.044956250000002258e-03
4.410000000000000000e+02 6.737383593749998387e-03
4.420000000000000000e+02 6.429007812500006115e-03
4.430000000000000000e+02 6.119589843749999487e-03
4.440000000000000000e+02 5.809149453124998023e-03
4.450000000000000000e+02 5.498148984375003830e-03
4.460000000000000000e+02 5.187344609374999228e-03
4.470000000000000000e+02 4.878017656249999771e-03
4.480000000000000000e+02 4.571938281250000069e-03
4.490000000000000000e+02 4.271252656249999342e-03
4.500000000000000000e+02 3.978577734375000549e-03
4.510000000000000000e+02 3.696790468750000332e-03
4.520000000000000000e+02 3.429004375000001357e-03
4.530000000000000000e+02 3.178363671874999234e-03
4.540000000000000000e+02 2.947911328124999935e-03
4.550000000000000000e+02 2.740454374999998308e-03
4.560000000000000000e+02 2.558385625000000364e-03
4.570000000000000000e+02 2.403574531250000923e-03
4.580000000000000000e+02 2.277219453124999793e-03
4.590000000000000000e+02 2.179782499999999637e-03
4.600000000000000000e+02 2.110877734375000200e-03
4.610000000000000000e+02 2.069239062500000895e-03
4.620000000000000000e+02 2.052722859375000729e-03
4.630000000000000000e+02 2.058329033593749979e-03
4.640000000000000000e+02 2.082282444062498981e-03
4.650000000000000000e+02 2.120143855468748471e-03
4.660000000000000000e+02 2.166974373437500004e-03
4.670000000000000000e+02 2.217493087500000803e-03
4.680000000000000000e+02 2.266290054687500853e-03
4.690000000000000000e+02 2.308043507812501758e-03
4.700000000000000000e+02 2.337777890624998314e-03
4.710000000000000000e+02 2.351083124999998972e-03
4.720000000000000000e+02 2.344412734374999759e-03
4.730000000000000000e+02 2.315350546874999152e-03
4.740000000000000000e+02 2.262857421874998973e-03
4.750000000000000000e+02 2.187530078124999989e-03
4.760000000000000000e+02 2.091716250000001144e-03
4.770000000000000000e+02 1.979624132812499420e-03
4.780000000000000000e+02 1.857213921875000518e-03
4.790000000000000000e+02 1.732071304687500665e-03
4.800000000000000000e+02 1.613114922656250574e-03
4.810000000000000000e+02 1.510233624999999602e-03
4.820000000000000000e+02 1.433862966406250754e-03
4.830000000000000000e+02 1.394434984374999867e-03
4.840000000000000000e+02 1.401735117187499812e-03
4.850000000000000000e+02 1.464111003125000404e-03
4.860000000000000000e+02 1.587517429687499218e-03
4.870000000000000000e+02 1.774515804687499089e-03
4.880000000000000000e+02 2.023220281249999038e-03
4.890000000000000000e+02 2.326463646093749216e-03
4.900000000000000000e+02 2.671331671093750328e-03
4.910000000000000000e+02 3.039278410546875000e-03
4.920000000000000000e+02 3.406901138203125966e-03
4.930000000000000000e+02 3.747571578124999584e-03
4.940000000000000000e+02 4.033640304687498117e-03
4.950000000000000000e+02 4.239220429687500999e-03
4.960000000000000000e+02 4.343223320312499837e-03
4.970000000000000000e+02 4.332305273437500777e-03
4.980000000000000000e+02 4.203687062499999322e-03
4.990000000000000000e+02 3.966966304687499778e-03
5.000000000000000000e+02 3.645187734374999433e-03
5.010000000000000000e+02 3.273626234375001144e-03
5.020000000000000000e+02 2.896635253906250894e-03
5.030000000000000000e+02 2.560855539062499835e-03
5.040000000000000000e+02 2.305710781250000334e-03
5.050000000000000000e+02 2.151914304687499620e-03
5.060000000000000000e+02 2.090506274218749926e-03
5.070000000000000000e+02 2.077078979687501260e-03
5.080000000000000000e+02 2.038936031250000724e-03
5.090000000000000000e+02 1.909498757031250112e-03
5.100000000000000000e+02 1.717199796875000213e-03
5.110000000000000000e+02 1.782368367187500344e-03
