0.000000000000000000e+00 7.842220828124997836e-03
1.000000000000000000e+00 7.808044546875002843e-03
2.000000000000000000e+00 7.740065601562495963e-03
3.000000000000000000e+00 7.638884023437501371e-03
4.000000000000000000e+00 7.505600015624998983e-03
5.000000000000000000e+00 7.341461406250002902e-03
6.000000000000000000e+00 7.148076796874998882e-03
7.000000000000000000e+00 6.927375234374998948e-03
8.000000000000000000e+00 6.681475781250000544e-03
9.000000000000000000e+00 6.412800859375000599e-03
1.000000000000000000e+01 6.123860390625002030e-03
1.100000000000000000e+01 5.817510546875002443e-03
1.200000000000000000e+01 5.496592656249998585e-03
1.300000000000000000e+01 5.164125390624997938e-03
1.400000000000000000e+01 4.823223671874999827e-03
1.500000000000000000e+01 4.477010468750001505e-03
1.600000000000000000e+01 4.128598437500000454e-03
1.700000000000000000e+01 3.781106874999998462e-03
1.800000000000000000e+01 3.437588671875000616e-03
1.900000000000000000e+01 3.101000781250000480e-03
2.000000000000000000e+01 2.774162187500000057e-03
2.100000000000000000e+01 2.459761093749999929e-03
2.200000000000000000e+01 2.160319687500000894e-03
2.300000000000000000e+01 1.878124531249999183e-03
2.400000000000000000e+01 1.615281640625000409e-03
2.500000000000000000e+01 1.373630937500000407e-03
2.600000000000000000e+01 1.154779843750000298e-03
2.700000000000000000e+01 9.600745312500000425e-04
2.800000000000000000e+01 7.905873437500000748e-04
2.900000000000000000e+01 6.471134374999996030e-04
3.000000000000000000e+01 5.301885156249998505e-04
3.100000000000000000e+01 4.400671953125000462e-04
3.200000000000000000e+01 3.767418585937499609e-04
3.300000000000000000e+01 3.399500132812500650e-04
3.400000000000000000e+01 3.291805468749998097e-04
3.500000000000000000e+01 3.436916015624999271e-04
3.600000000000000000e+01 3.825226953124998453e-04
3.700000000000000000e+01 4.445144514062503442e-04
3.800000000000000000e+01 5.283258143750002231e-04
3.900000000000000000e+01 6.324566696874998895e-04
4.000000000000000000e+01 7.552692898437498399e-04
4.100000000000000000e+01 8.950023578125005427e-04
4.200000000000000000e+01 1.049800853906250218e-03
4.300000000000000000e+01 1.217746942968750412e-03
4.400000000000000000e+01 1.396860489843750833e-03
4.500000000000000000e+01 1.585131585156251185e-03
4.600000000000000000e+01 1.780547244687500459e-03
4.700000000000000000e+01 1.981115088281250238e-03
4.800000000000000000e+01 2.184857031250000969e-03
4.900000000000000000e+01 2.389852960937500180e-03
5.000000000000000000e+01 2.594244789062500559e-03
5.100000000000000000e+01 2.796254749999998925e-03
5.200000000000000000e+01 2.994199898437499216e-03
5.300000000000000000e+01 3.186498039062501779e-03
5.400000000000000000e+01 3.371664039062498373e-03
5.500000000000000000e+01 3.548365647656251051e-03
5.600000000000000000e+01 3.715397284375001035e-03
5.700000000000000000e+01 3.871645794531250202e-03
5.800000000000000000e+01 4.016146780468750344e-03
5.900000000000000000e+01 4.148115687500001335e-03
6.000000000000000000e+01 4.266844117187496357e-03
6.100000000000000000e+01 4.371789148437505400e-03
6.200000000000000000e+01 4.462519843750002886e-03
6.300000000000000000e+01 4.538740601562499775e-03
6.400000000000000000e+01 4.600340484375003286e-03
6.500000000000000000e+01 4.647192578125001507e-03
6.600000000000000000e+01 4.679392343750001654e-03
6.700000000000000000e+01 4.697111015625000767e-03
6.800000000000000000e+01 4.700597265624999362e-03
6.900000000000000000e+01 4.690211406250001207e-03
7.000000000000000000e+01 4.666375781250000840e-03
7.100000000000000000e+01 4.629618828125002007e-03
7.200000000000000000e+01 4.580498046875000097e-03
7.300000000000000000e+01 4.519643906250004131e-03
7.400000000000000000e+01 4.447774609374999938e-03
7.500000000000000000e+01 4.365590546874998333e-03
7.600000000000000000e+01 4.273874921875002106e-03
7.700000000000000000e+01 4.173432578124999619e-03
7.800000000000000000e+01 4.065080703125001360e-03
7.900000000000000000e+01 3.949672812499997396e-03
8.000000000000000000e+01 3.828063750000000511e-03
8.100000000000000000e+01 3.701125468750001042e-03
8.200000000000000000e+01 3.569727578125000966e-03
8.300000000000000000e+01 3.434753203125000785e-03
8.400000000000000000e+01 3.297059609374997265e-03
8.500000000000000000e+01 3.157504609375001627e-03
8.600000000000000000e+01 3.016943046874999337e-03
8.700000000000000000e+01 2.876200156250000115e-03
8.800000000000000000e+01 2.736088750000000274e-03
8.900000000000000000e+01 2.597406171874999496e-03
9.000000000000000000e+01 2.460905546875001224e-03
9.100000000000000000e+01 2.327340781249999380e-03
9.200000000000000000e+01 2.197410156250000253e-03
9.300000000000000000e+01 2.071795937500001215e-03
9.400000000000000000e+01 1.951134843749999974e-03
9.500000000000000000e+01 1.836023515624999290e-03
9.600000000000000000e+01 1.727035390625000257e-03
9.700000000000000000e+01 1.624685585937500837e-03
9.800000000000000000e+01 1.529457679687500201e-03
9.900000000000000000e+01 1.441766493750000228e-03
1.000000000000000000e+02 1.362009465624999457e-03
1.010000000000000000e+02 1.290510281250000207e-03
1.020000000000000000e+02 1.227557710937500273e-03
1.030000000000000000e+02 1.173374242187499687e-03
1.040000000000000000e+02 1.128136539062500002e-03
1.050000000000000000e+02 1.091973668750000027e-03
1.060000000000000000e+02 1.064945530468749740e-03
1.070000000000000000e+02 1.047077429687499764e-03
1.080000000000000000e+02 1.038324882812500377e-03
1.090000000000000000e+02 1.038588810937499888e-03
1.100000000000000000e+02 1.047738851562500084e-03
1.110000000000000000e+02 1.065569398437499725e-03
1.120000000000000000e+02 1.091838937500000080e-03
1.130000000000000000e+02 1.126262531250000207e-03
1.140000000000000000e+02 1.168491984375000150e-03
1.150000000000000000e+02 1.218151687499999854e-03
1.160000000000000000e+02 1.274818992187499956e-03
1.170000000000000000e+02 1.338040617187499434e-03
1.180000000000000000e+02 1.407319390625000203e-03
1.190000000000000000e+02 1.482134829687500096e-03
1.200000000000000000e+02 1.561933132812500522e-03
1.210000000000000000e+02 1.646134890624999800e-03
1.220000000000000000e+02 1.734147101562498331e-03
1.230000000000000000e+02 1.825350289062501038e-03
1.240000000000000000e+02 1.919121750000000451e-03
1.250000000000000000e+02 2.014815374999999898e-03
1.260000000000000000e+02 2.111789593750001189e-03
1.270000000000000000e+02 2.209389156249999455e-03
1.280000000000000000e+02 2.306981046875000458e-03
1.290000000000000000e+02 2.403901851562500590e-03
1.300000000000000000e+02 2.499523226562499253e-03
1.310000000000000000e+02 2.593229365625001042e-03
1.320000000000000000e+02 2.684395440164061460e-03
1.330000000000000000e+02 2.772438554687499390e-03
1.340000000000000000e+02 2.856790843750000534e-03
1.350000000000000000e+02 2.936902765625001247e-03
1.360000000000000000e+02 3.012260609374998923e-03
1.370000000000000000e+02 3.082382656250000786e-03
1.380000000000000000e+02 3.146807859374999711e-03
1.390000000000000000e+02 3.205147312500000040e-03
1.400000000000000000e+02 3.257005859375001599e-03
1.410000000000000000e+02 3.302070234375000142e-03
1.420000000000000000e+02 3.340064531249999514e-03
1.430000000000000000e+02 3.370763437500001649e-03
1.440000000000000000e+02 3.393984921874999578e-03
1.450000000000000000e+02 3.409633593749997974e-03
1.460000000000000000e+02 3.417643593750000278e-03
1.470000000000000000e+02 3.418047265624999873e-03
1.480000000000000000e+02 3.410916249999998949e-03
1.490000000000000000e+02 3.396417890625000064e-03
1.500000000000000000e+02 3.374774999999999563e-03
1.510000000000000000e+02 3.346316796874999368e-03
1.520000000000000000e+02 3.311426796875001442e-03
1.530000000000000000e+02 3.270591562499998179e-03
1.540000000000000000e+02 3.224373125000001231e-03
1.550000000000000000e+02 3.173411093749998763e-03
1.560000000000000000e+02 3.118444999999998336e-03
1.570000000000000000e+02 3.060277343750000389e-03
1.580000000000000000e+02 2.999803203124999998e-03
1.590000000000000000e+02 2.937946250000000609e-03
1.600000000000000000e+02 2.875740023437499664e-03
1.610000000000000000e+02 2.814258265624999464e-03
1.620000000000000000e+02 2.754540906250000590e-03
1.630000000000000000e+02 2.697741462499998830e-03
1.640000000000000000e+02 2.644962123437500073e-03
1.650000000000000000e+02 2.597285156249999442e-03
1.660000000000000000e+02 2.555793031249999764e-03
1.670000000000000000e+02 2.521470781250000071e-03
1.680000000000000000e+02 2.495246101562500606e-03
1.690000000000000000e+02 2.477906039843750033e-03
1.700000000000000000e+02 2.470174968750000252e-03
1.710000000000000000e+02 2.472560851562500585e-03
1.720000000000000000e+02 2.485471773437501058e-03
1.730000000000000000e+02 2.509071296875001016e-03
1.740000000000000000e+02 2.543380296874999009e-03
1.750000000000000000e+02 2.588195851562499934e-03
1.760000000000000000e+02 2.643126847656249428e-03
1.770000000000000000e+02 2.707534672031251116e-03
1.780000000000000000e+02 2.780640298671875447e-03
1.790000000000000000e+02 2.861442447499999361e-03
1.800000000000000000e+02 2.948763050781248209e-03
1.810000000000000000e+02 3.041305484374998667e-03
1.820000000000000000e+02 3.137604968749999491e-03
1.830000000000000000e+02 3.236164835937500785e-03
1.840000000000000000e+02 3.335380304687499825e-03
1.850000000000000000e+02 3.433654414062500826e-03
1.860000000000000000e+02 3.529412268749998818e-03
1.870000000000000000e+02 3.621144992187498579e-03
1.880000000000000000e+02 3.707396734374998701e-03
1.890000000000000000e+02 3.786927179687500384e-03
1.900000000000000000e+02 3.858600882812501277e-03
1.910000000000000000e+02 3.921508539062498397e-03
1.920000000000000000e+02 3.974990593749999981e-03
1.930000000000000000e+02 4.018606742187499047e-03
1.940000000000000000e+02 4.052218476562499325e-03
1.950000000000000000e+02 4.075900312500000192e-03
1.960000000000000000e+02 4.090052203124999730e-03
1.970000000000000000e+02 4.095321164062500421e-03
1.980000000000000000e+02 4.092537656249999045e-03
1.990000000000000000e+02 4.082853124999999070e-03
2.000000000000000000e+02 4.067520546874999095e-03
2.010000000000000000e+02 4.048010078124999848e-03
2.020000000000000000e+02 4.025869765625001394e-03
2.030000000000000000e+02 4.002725937499999886e-03
2.040000000000000000e+02 3.980249531250000528e-03
2.050000000000000000e+02 3.960070078124999088e-03
2.060000000000000000e+02 3.943772578125000032e-03
2.070000000000000000e+02 3.932824921875000511e-03
2.080000000000000000e+02 3.928534296874999429e-03
2.090000000000000000e+02 3.932069375000001379e-03
2.100000000000000000e+02 3.944369140624999145e-03
2.110000000000000000e+02 3.966129218750000414e-03
2.120000000000000000e+02 3.997840703124999964e-03
2.130000000000000000e+02 4.039713515625000494e-03
2.140000000000000000e+02 4.091718203124999724e-03
2.150000000000000000e+02 4.153629203125000155e-03
2.160000000000000000e+02 4.224987710937499336e-03
2.170000000000000000e+02 4.305085859375001010e-03
2.180000000000000000e+02 4.393175156250000817e-03
2.190000000000000000e+02 4.488299609374999527e-03
2.200000000000000000e+02 4.589452187500001577e-03
2.210000000000000000e+02 4.695603031250000434e-03
2.220000000000000000e+02 4.805722631249997705e-03
2.230000000000000000e+02 4.918854880468749406e-03
2.240000000000000000e+02 5.034094937499999749e-03
2.250000000000000000e+02 5.150728281250001837e-03
2.260000000000000000e+02 5.268202656250001864e-03
2.270000000000000000e+02 5.386148984374997638e-03
2.280000000000000000e+02 5.504420390624999680e-03
2.290000000000000000e+02 5.623155312499999309e-03
2.300000000000000000e+02 5.742670703125000130e-03
2.310000000000000000e+02 5.863556250000002273e-03
2.320000000000000000e+02 5.986634453124997819e-03
2.330000000000000000e+02 6.112910625000000583e-03
2.340000000000000000e+02 6.243614140625001856e-03
2.350000000000000000e+02 6.380069453125000560e-03
2.360000000000000000e+02 6.523688281250003031e-03
2.370000000000000000e+02 6.676008046874997576e-03
2.380000000000000000e+02 6.838502859375002359e-03
2.390000000000000000e+02 7.012623976562500083e-03
2.400000000000000000e+02 7.199758648437500422e-03
2.410000000000000000e+02 7.401026310937504696e-03
2.420000000000000000e+02 7.617446601562499406e-03
2.430000000000000000e+02 7.849741351562499955e-03
2.440000000000000000e+02 8.098409671874999202e-03
2.450000000000000000e+02 8.363573757812502868e-03
2.460000000000000000e+02 8.644955234375001352e-03
2.470000000000000000e+02 8.942043984374998394e-03
2.480000000000000000e+02 9.253866679687496738e-03
2.490000000000000000e+02 9.579055445312496461e-03
2.500000000000000000e+02 9.916026468750000281e-03
2.510000000000000000e+02 1.026268613281250408e-02
2.520000000000000000e+02 1.061673149218750160e-02
2.530000000000000000e+02 1.097552256484374787e-02
2.540000000000000000e+02 1.133628456249999132e-02
2.550000000000000000e+02 1.169590522656250089e-02
2.560000000000000000e+02 1.205127304687499817e-02
2.570000000000000000e+02 1.239909492187500108e-02
2.580000000000000000e+02 1.273609710937500042e-02
2.590000000000000000e+02 1.305905984375000869e-02
2.600000000000000000e+02 1.336485796875000291e-02
2.610000000000000000e+02 1.365040718750000145e-02
2.620000000000000000e+02 1.391289382812499822e-02
2.630000000000000000e+02 1.414965885156250179e-02
2.640000000000000000e+02 1.435849255468750127e-02
2.650000000000000000e+02 1.453721608593749361e-02
2.660000000000000000e+02 1.468419674218750422e-02
2.670000000000000000e+02 1.479807007812500123e-02
2.680000000000000000e+02 1.487775773437499151e-02
2.690000000000000000e+02 1.492264085937499568e-02
2.700000000000000000e+02 1.493245523437500104e-02
2.710000000000000000e+02 1.490719992187500113e-02
2.720000000000000000e+02 1.484731515624999887e-02
2.730000000000000000e+02 1.475356421874998887e-02
2.740000000000000000e+02 1.462701296874999689e-02
2.750000000000000000e+02 1.446906351562499485e-02
2.760000000000000000e+02 1.428131328124999933e-02
2.770000000000000000e+02 1.406569367187500245e-02
2.780000000000000000e+02 1.382434984374999662e-02
2.790000000000000000e+02 1.355960332812500453e-02
2.800000000000000000e+02 1.327398691406250081e-02
2.810000000000000000e+02 1.297020982031249492e-02
2.820000000000000000e+02 1.265103939218749189e-02
2.830000000000000000e+02 1.231934523281249215e-02
2.840000000000000000e+02 1.197822953828124939e-02
2.850000000000000000e+02 1.163063307578125587e-02
2.860000000000000000e+02 1.127971039843750009e-02
2.870000000000000000e+02 1.092852225781250526e-02
2.880000000000000000e+02 1.058020292187500030e-02
2.890000000000000000e+02 1.023788960937500533e-02
2.900000000000000000e+02 9.904595156249995994e-03
2.910000000000000000e+02 9.583384218750004568e-03
2.920000000000000000e+02 9.277232031250000691e-03
2.930000000000000000e+02 8.989049218750001444e-03
2.940000000000000000e+02 8.721632031249999112e-03
2.950000000000000000e+02 8.477754843749997493e-03
2.960000000000000000e+02 8.259968437499997512e-03
2.970000000000000000e+02 8.070728046875003114e-03
2.980000000000000000e+02 7.912350312499994917e-03
2.990000000000000000e+02 7.786930625000000605e-03
3.000000000000000000e+02 7.696404710937502017e-03
3.010000000000000000e+02 7.642392109375000832e-03
3.020000000000000000e+02 7.626347500000003540e-03
3.030000000000000000e+02 7.649481171875002587e-03
3.040000000000000000e+02 7.712599999999998276e-03
3.050000000000000000e+02 7.816319140624999884e-03
3.060000000000000000e+02 7.960847421875003743e-03
3.070000000000000000e+02 8.146138984374997130e-03
3.080000000000000000e+02 8.371770234375002645e-03
3.090000000000000000e+02 8.637056171874997468e-03
3.100000000000000000e+02 8.940761250000001797e-03
3.110000000000000000e+02 9.281589218750002299e-03
3.120000000000000000e+02 9.657634921874998224e-03
3.130000000000000000e+02 1.006690742187499842e-02
3.140000000000000000e+02 1.050694335937499974e-02
3.150000000000000000e+02 1.097503046875000256e-02
3.160000000000000000e+02 1.146825460937500249e-02
3.170000000000000000e+02 1.198342164062500201e-02
3.180000000000000000e+02 1.251730664062500331e-02
3.190000000000000000e+02 1.306626976562500451e-02
3.200000000000000000e+02 1.362672648437500064e-02
3.210000000000000000e+02 1.419501687500000081e-02
3.220000000000000000e+02 1.476747343750000295e-02
3.230000000000000000e+02 1.534033515624999566e-02
3.240000000000000000e+02 1.590993984374999837e-02
3.250000000000000000e+02 1.647275156249999525e-02
3.260000000000000000e+02 1.702529453125000564e-02
3.270000000000000000e+02 1.756414140624999731e-02
3.280000000000000000e+02 1.808616484374999875e-02
3.290000000000000000e+02 1.858836953124999580e-02
3.300000000000000000e+02 1.906802812499999722e-02
3.310000000000000000e+02 1.952269296874999463e-02
3.320000000000000000e+02 1.995024062499999376e-02
3.330000000000000000e+02 2.034873828125000755e-02
3.340000000000000000e+02 2.071685312500000029e-02
3.350000000000000000e+02 2.105326406249999685e-02
3.360000000000000000e+02 2.135738984375000482e-02
3.370000000000000000e+02 2.162880078124999536e-02
3.380000000000000000e+02 2.186736718750000377e-02
3.390000000000000000e+02 2.207340546875001183e-02
3.400000000000000000e+02 2.224734374999999542e-02
3.410000000000000000e+02 2.238990624999999748e-02
3.420000000000000000e+02 2.250221874999999358e-02
3.430000000000000000e+02 2.258521874999999332e-02
3.440000000000000000e+02 2.264028906250000611e-02
3.450000000000000000e+02 2.266882812500001232e-02
3.460000000000000000e+02 2.267247421874999877e-02
3.470000000000000000e+02 2.265298203125000118e-02
3.480000000000000000e+02 2.261212500000000028e-02
3.490000000000000000e+02 2.255187968750000521e-02
3.500000000000000000e+02 2.247455546874999391e-02
3.510000000000000000e+02 2.238211484375000546e-02
3.520000000000000000e+02 2.227690703124999769e-02
3.530000000000000000e+02 2.216115546875000938e-02
3.540000000000000000e+02 2.203715703125000772e-02
3.550000000000000000e+02 2.190720468750000094e-02
3.560000000000000000e+02 2.177330000000000584e-02
3.570000000000000000e+02 2.163751562500000267e-02
3.580000000000000000e+02 2.150167031249999861e-02
3.590000000000000000e+02 2.136737265625000479e-02
3.600000000000000000e+02 2.123609296874999497e-02
3.610000000000000000e+02 2.110901328125000184e-02
3.620000000000000000e+02 2.098703671874999066e-02
3.630000000000000000e+02 2.087101093749999664e-02
3.640000000000000000e+02 2.076133749999999750e-02
3.650000000000000000e+02 2.065836953124999820e-02
3.660000000000000000e+02 2.056219023437499266e-02
3.670000000000000000e+02 2.047256351562499674e-02
3.680000000000000000e+02 2.038916273437497637e-02
3.690000000000000000e+02 2.031152515624999252e-02
3.700000000000000000e+02 2.023895054687500916e-02
3.710000000000000000e+02 2.017045984374998824e-02
3.720000000000000000e+02 2.010529484374999620e-02
3.730000000000000000e+02 2.004230550000001693e-02
3.740000000000000000e+02 1.998053474999999385e-02
3.750000000000000000e+02 1.991900246640624511e-02
3.760000000000000000e+02 1.985670162218750728e-02
3.770000000000000000e+02 1.979298582031250794e-02
3.780000000000000000e+02 1.972708409375000665e-02
3.790000000000000000e+02 1.965855002343749880e-02
3.800000000000000000e+02 1.958709203125000645e-02
3.810000000000000000e+02 1.951252273437500961e-02
3.820000000000000000e+02 1.943487101562501804e-02
3.830000000000000000e+02 1.935428563281250264e-02
3.840000000000000000e+02 1.927097747656248902e-02
3.850000000000000000e+02 1.918525970859374929e-02
3.860000000000000000e+02 1.909743840937501436e-02
3.870000000000000000e+02 1.900786924218748897e-02
3.880000000000000000e+02 1.891687401562499801e-02
3.890000000000000000e+02 1.882473429687499950e-02
3.900000000000000000e+02 1.873176882812499847e-02
3.910000000000000000e+02 1.863806398437500150e-02
3.920000000000000000e+02 1.854370148437500462e-02
3.930000000000000000e+02 1.844874046874999882e-02
3.940000000000000000e+02 1.835307281250000630e-02
3.950000000000000000e+02 1.825634078124998422e-02
3.960000000000000000e+02 1.815825781250001922e-02
3.970000000000000000e+02 1.805830859375000957e-02
3.980000000000000000e+02 1.795590390624999047e-02
3.990000000000000000e+02 1.785033671875000533e-02
4.000000000000000000e+02 1.774065078124999542e-02
4.010000000000000000e+02 1.762606250000000110e-02
4.020000000000000000e+02 1.750552734375001099e-02
4.030000000000000000e+02 1.737812343749998295e-02
4.040000000000000000e+02 1.724293984375001310e-02
4.050000000000000000e+02 1.709906250000000141e-02
4.060000000000000000e+02 1.694569687500000268e-02
4.070000000000000000e+02 1.678224531249999929e-02
4.080000000000000000e+02 1.660816406249999294e-02
4.090000000000000000e+02 1.642303750000001158e-02
4.100000000000000000e+02 1.622661406250000202e-02
4.110000000000000000e+02 1.601880078125000537e-02
4.120000000000000000e+02 1.579966562500000407e-02
4.130000000000000000e+02 1.556937031250000755e-02
4.140000000000000000e+02 1.532821562500000061e-02
4.150000000000000000e+02 1.507662656249999893e-02
4.160000000000000000e+02 1.481525624999999353e-02
4.170000000000000000e+02 1.454463437499999880e-02
4.180000000000000000e+02 1.426559374999999616e-02
4.190000000000000000e+02 1.397896406249999994e-02
4.200000000000000000e+02 1.368566875000000113e-02
4.210000000000000000e+02 1.338661171875000187e-02
4.220000000000000000e+02 1.308278437499999815e-02
4.230000000000000000e+02 1.277513593749999947e-02
4.240000000000000000e+02 1.246469687499999340e-02
4.250000000000000000e+02 1.215231484375000476e-02
4.260000000000000000e+02 1.183891718749999558e-02
4.270000000000000000e+02 1.152511562499999344e-02
4.280000000000000000e+02 1.121165937499999168e-02
4.290000000000000000e+02 1.089886015624999191e-02
4.300000000000000000e+02 1.058714140625000195e-02
4.310000000000000000e+02 1.027641406250000104e-02
4.320000000000000000e+02 9.966800781249998339e-03
4.330000000000000000e+02 9.658046874999999531e-03
4.340000000000000000e+02 9.349779687499998673e-03
4.350000000000000000e+02 9.041628906249994657e-03
4.360000000000000000e+02 8.733057031249999783e-03
4.370000000000000000e+02 8.423563281250000950e-03
4.380000000000000000e+02 8.112651562499999941e-03
4.390000000000000000e+02 7.799742968750003960e-03
4.400000000000000000e+02 7.484427343750001647e-03
4.410000000000000000e+02 7.166530468749999702e-03
4.420000000000000000e+02 6.845811718749999011e-03
4.430000000000000000e+02 6.522422656249994392e-03
4.440000000000000000e+02 6.196680468749994966e-03
4.450000000000000000e+02 5.869390624999998307e-03
4.460000000000000000e+02 5.541564843750004452e-03
4.470000000000000000e+02 5.214670781249999831e-03
4.480000000000000000e+02 4.890613281249997502e-03
4.490000000000000000e+02 4.571656250000000199e-03
4.500000000000000000e+02 4.260464843750000688e-03
4.510000000000000000e+02 3.959946875000000185e-03
4.520000000000000000e+02 3.673229687500000149e-03
4.530000000000000000e+02 3.403478906250000536e-03
4.540000000000000000e+02 3.153770312499999152e-03
4.550000000000000000e+02 2.926938515625000185e-03
4.560000000000000000e+02 2.725443359374999514e-03
4.570000000000000000e+02 2.551204453124998519e-03
4.580000000000000000e+02 2.405518671874999799e-03
4.590000000000000000e+02 2.288920546875000857e-03
4.600000000000000000e+02 2.201129218749999037e-03
4.610000000000000000e+02 2.140991640625000605e-03
4.620000000000000000e+02 2.106476664062499789e-03
4.630000000000000000e+02 2.094718320312500669e-03
4.640000000000000000e+02 2.102074195312499463e-03
4.650000000000000000e+02 2.124239835937499765e-03
4.660000000000000000e+02 2.156438922031250066e-03
4.670000000000000000e+02 2.193532298437498879e-03
4.680000000000000000e+02 2.230288031249999525e-03
4.690000000000000000e+02 2.261559928124998956e-03
4.700000000000000000e+02 2.282563515625000202e-03
4.710000000000000000e+02 2.289077734375000086e-03
4.720000000000000000e+02 2.277762374999999385e-03
4.730000000000000000e+02 2.246375484375000287e-03
4.740000000000000000e+02 2.194047609375001165e-03
4.750000000000000000e+02 2.121492085937499734e-03
4.760000000000000000e+02 2.031167343749998907e-03
4.770000000000000000e+02 1.927333796874999622e-03
4.780000000000000000e+02 1.816028021093749490e-03
4.790000000000000000e+02 1.704877969531250681e-03
4.800000000000000000e+02 1.602813999999999498e-03
4.810000000000000000e+02 1.519678705468750042e-03
4.820000000000000000e+02 1.465729557812500651e-03
4.830000000000000000e+02 1.451080419531250009e-03
4.840000000000000000e+02 1.485019390625000194e-03
4.850000000000000000e+02 1.575256315625000450e-03
4.860000000000000000e+02 1.727042406562500276e-03
4.870000000000000000e+02 1.942185970312499755e-03
4.880000000000000000e+02 2.218136667187500452e-03
4.890000000000000000e+02 2.547125757812499728e-03
4.900000000000000000e+02 2.915733383593748559e-03
4.910000000000000000e+02 3.304905614062500410e-03
4.920000000000000000e+02 3.690716734375000183e-03
4.930000000000000000e+02 4.045956429687498981e-03
4.940000000000000000e+02 4.342336773437498534e-03
4.950000000000000000e+02 4.553416789062503071e-03
4.960000000000000000e+02 4.657677124999998024e-03
4.970000000000000000e+02 4.641781007812499117e-03
4.980000000000000000e+02 4.503101671874999018e-03
4.990000000000000000e+02 4.251673625000000623e-03
5.000000000000000000e+02 3.910811875000000555e-03
5.010000000000000000e+02 3.516074554687501335e-03
5.020000000000000000e+02 3.112097238125000054e-03
5.030000000000000000e+02 2.746264296875001142e-03
5.040000000000000000e+02 2.459677953124999455e-03
5.050000000000000000e+02 2.275859330468749022e-03
5.060000000000000000e+02 2.189568781250001567e-03
5.070000000000000000e+02 2.160356871093750079e-03
5.080000000000000000e+02 2.118932153125000113e-03
5.090000000000000000e+02 2.000919679687500601e-03
5.100000000000000000e+02 1.834981827343749351e-03
5.110000000000000000e+02 1.937584249999999659e-03
