0.000000000000000000e+00 7.622947789062498210e-03
1.000000000000000000e+00 7.589031664062502458e-03
2.000000000000000000e+00 7.521560984374999100e-03
3.000000000000000000e+00 7.421207984374999025e-03
4.000000000000000000e+00 7.288983562500001186e-03
5.000000000000000000e+00 7.126194015625001918e-03
6.000000000000000000e+00 6.934489687500005120e-03
7.000000000000000000e+00 6.715742507812496286e-03
8.000000000000000000e+00 6.472157296875000361e-03
9.000000000000000000e+00 6.206122781250001871e-03
1.000000000000000000e+01 5.920239945312501771e-03
1.100000000000000000e+01 5.617279531249999049e-03
1.200000000000000000e+01 5.300135078124998747e-03
1.300000000000000000e+01 4.971911640624999094e-03
1.400000000000000000e+01 4.635634453125000651e-03
1.500000000000000000e+01 4.294464218750001193e-03
1.600000000000000000e+01 3.951548671875000120e-03
1.700000000000000000e+01 3.610003281249998634e-03
1.800000000000000000e+01 3.272860859374998946e-03
1.900000000000000000e+01 2.943077109375000482e-03
2.000000000000000000e+01 2.623484687499998916e-03
2.100000000000000000e+01 2.316747187500000412e-03
2.200000000000000000e+01 2.025347656249999913e-03
2.300000000000000000e+01 1.751582109374999951e-03
2.400000000000000000e+01 1.497505156250000455e-03
2.500000000000000000e+01 1.264947187499999891e-03
2.600000000000000000e+01 1.055463906250000364e-03
2.700000000000000000e+01 8.703646875000003872e-04
2.800000000000000000e+01 7.106792187500001867e-04
2.900000000000000000e+01 5.771628125000001020e-04
3.000000000000000000e+01 4.702973437500001445e-04
3.100000000000000000e+01 3.902903906250000166e-04
3.200000000000000000e+01 3.370845734375000941e-04
3.300000000000000000e+01 3.103626617187500063e-04
3.400000000000000000e+01 3.095638750000000855e-04
3.500000000000000000e+01 3.338937398437502114e-04
3.600000000000000000e+01 3.823427796875000350e-04
3.700000000000000000e+01 4.537014737499998809e-04
3.800000000000000000e+01 5.465884675000002788e-04
3.900000000000000000e+01 6.594574125000004236e-04
4.000000000000000000e+01 7.906247890624999893e-04
4.100000000000000000e+01 9.383042179687503016e-04
4.200000000000000000e+01 1.100609454765625553e-03
4.300000000000000000e+01 1.275585203125000197e-03
4.400000000000000000e+01 1.461229375000000323e-03
4.500000000000000000e+01 1.655532817187499233e-03
4.600000000000000000e+01 1.856458390625000078e-03
4.700000000000000000e+01 2.062005742187500261e-03
4.800000000000000000e+01 2.270195718749999213e-03
4.900000000000000000e+01 2.479112164062498725e-03
5.000000000000000000e+01 2.686904570312500292e-03
5.100000000000000000e+01 2.891803734375001864e-03
5.200000000000000000e+01 3.092145726562499537e-03
5.300000000000000000e+01 3.286359039062499311e-03
5.400000000000000000e+01 3.473009903125000124e-03
5.500000000000000000e+01 3.650763733593749994e-03
5.600000000000000000e+01 3.818463796875000687e-03
5.700000000000000000e+01 3.974977841406250427e-03
5.800000000000000000e+01 4.119449149999999255e-03
5.900000000000000000e+01 4.251053375000002701e-03
6.000000000000000000e+01 4.369166539062501083e-03
6.100000000000000000e+01 4.473276859374998235e-03
6.200000000000000000e+01 4.562933960937501365e-03
6.300000000000000000e+01 4.637959171874999134e-03
6.400000000000000000e+01 4.698187265625004133e-03
6.500000000000000000e+01 4.743562578124999908e-03
6.600000000000000000e+01 4.774224374999998591e-03
6.700000000000000000e+01 4.790328437499998850e-03
6.800000000000000000e+01 4.792175312499998181e-03
6.900000000000000000e+01 4.780131015625001256e-03
7.000000000000000000e+01 4.754641484375004071e-03
7.100000000000000000e+01 4.716261015624998928e-03
7.200000000000000000e+01 4.665553515625002999e-03
7.300000000000000000e+01 4.603172812500003035e-03
7.400000000000000000e+01 4.529813828124995383e-03
7.500000000000000000e+01 4.446217656249999359e-03
7.600000000000000000e+01 4.353149453124999062e-03
7.700000000000000000e+01 4.251424843749998864e-03
7.800000000000000000e+01 4.141863281250002422e-03
7.900000000000000000e+01 4.025308593750001433e-03
8.000000000000000000e+01 3.902618359375000304e-03
8.100000000000000000e+01 3.774660468749998880e-03
8.200000000000000000e+01 3.642298984374999458e-03
8.300000000000000000e+01 3.506402734374999223e-03
8.400000000000000000e+01 3.367834062499999205e-03
8.500000000000000000e+01 3.227441328125000425e-03
8.600000000000000000e+01 3.086072734374998780e-03
8.700000000000000000e+01 2.944541874999999712e-03
8.800000000000000000e+01 2.803666250000000099e-03
8.900000000000000000e+01 2.664218593749999135e-03
9.000000000000000000e+01 2.526979687500001317e-03
9.100000000000000000e+01 2.392669218750000798e-03
9.200000000000000000e+01 2.261995703125002383e-03
9.300000000000000000e+01 2.135623750000000595e-03
9.400000000000000000e+01 2.014212578124999296e-03
9.500000000000000000e+01 1.898352187500001054e-03
9.600000000000000000e+01 1.788602031249999580e-03
9.700000000000000000e+01 1.685482968750000874e-03
9.800000000000000000e+01 1.589479210937499217e-03
9.900000000000000000e+01 1.501021305546875514e-03
1.000000000000000000e+02 1.420491484374999816e-03
1.010000000000000000e+02 1.348220179687500356e-03
1.020000000000000000e+02 1.284494328125000652e-03
1.030000000000000000e+02 1.229541367187499601e-03
1.040000000000000000e+02 1.183546937500000755e-03
1.050000000000000000e+02 1.146630390625000273e-03
1.060000000000000000e+02 1.118861273359374056e-03
1.070000000000000000e+02 1.100255409374999681e-03
1.080000000000000000e+02 1.090764617187500252e-03
1.090000000000000000e+02 1.090305953124999679e-03
1.100000000000000000e+02 1.098728437500000842e-03
1.110000000000000000e+02 1.115836179687499730e-03
1.120000000000000000e+02 1.141373328124999607e-03
1.130000000000000000e+02 1.175049859375000474e-03
1.140000000000000000e+02 1.216523226562500268e-03
1.150000000000000000e+02 1.265401140624999692e-03
1.160000000000000000e+02 1.321259320312499373e-03
1.170000000000000000e+02 1.383632945312499593e-03
1.180000000000000000e+02 1.452017560156250268e-03
1.190000000000000000e+02 1.525892748437500173e-03
1.200000000000000000e+02 1.604690485937500504e-03
1.210000000000000000e+02 1.687827830468749792e-03
1.220000000000000000e+02 1.774697046875000185e-03
1.230000000000000000e+02 1.864691664062499568e-03
1.240000000000000000e+02 1.957166843749998456e-03
1.250000000000000000e+02 2.051483210937500318e-03
1.260000000000000000e+02 2.146985679687499551e-03
1.270000000000000000e+02 2.243034695312499938e-03
1.280000000000000000e+02 2.338976796875000871e-03
1.290000000000000000e+02 2.434167281250000387e-03
1.300000000000000000e+02 2.527981906249999414e-03
1.310000000000000000e+02 2.619790075000000013e-03
1.320000000000000000e+02 2.709001001718748785e-03
1.330000000000000000e+02 2.795028787500000722e-03
1.340000000000000000e+02 2.877310656250000199e-03
1.350000000000000000e+02 2.955310664062500356e-03
1.360000000000000000e+02 3.028529320312500338e-03
1.370000000000000000e+02 3.096502906249998764e-03
1.380000000000000000e+02 3.158788921875001297e-03
1.390000000000000000e+02 3.214985234375001243e-03
1.400000000000000000e+02 3.264764218749999745e-03
1.410000000000000000e+02 3.307791953125000396e-03
1.420000000000000000e+02 3.343820546875000965e-03
1.430000000000000000e+02 3.372637734374999991e-03
1.440000000000000000e+02 3.394102187499999437e-03
1.450000000000000000e+02 3.408106796874999737e-03
1.460000000000000000e+02 3.414621796875001378e-03
1.470000000000000000e+02 3.413685546875002384e-03
1.480000000000000000e+02 3.405392890624998371e-03
1.490000000000000000e+02 3.389928671874998297e-03
1.500000000000000000e+02 3.367527890624999465e-03
1.510000000000000000e+02 3.338522734374998763e-03
1.520000000000000000e+02 3.303321562500000259e-03
1.530000000000000000e+02 3.262409140624999895e-03
1.540000000000000000e+02 3.216360156250000490e-03
1.550000000000000000e+02 3.165811015624998403e-03
1.560000000000000000e+02 3.111511640624999193e-03
1.570000000000000000e+02 3.054260625000000586e-03
1.580000000000000000e+02 2.994930937499998887e-03
1.590000000000000000e+02 2.934470390625001316e-03
1.600000000000000000e+02 2.873871585937498672e-03
1.610000000000000000e+02 2.814189765624999957e-03
1.620000000000000000e+02 2.756464492187499660e-03
1.630000000000000000e+02 2.701815239843749234e-03
1.640000000000000000e+02 2.651273678125000161e-03
1.650000000000000000e+02 2.605957265625001053e-03
1.660000000000000000e+02 2.566827812499999830e-03
1.670000000000000000e+02 2.534845859374998660e-03
1.680000000000000000e+02 2.510908109375000006e-03
1.690000000000000000e+02 2.495748885156250270e-03
1.700000000000000000e+02 2.489986432812501139e-03
1.710000000000000000e+02 2.494102725781249547e-03
1.720000000000000000e+02 2.508420437499999257e-03
1.730000000000000000e+02 2.533067617187500283e-03
1.740000000000000000e+02 2.567986726562500668e-03
1.750000000000000000e+02 2.612899843750000981e-03
1.760000000000000000e+02 2.667357406250001062e-03
1.770000000000000000e+02 2.730712938515625181e-03
1.780000000000000000e+02 2.802117334375000147e-03
1.790000000000000000e+02 2.880528192968750609e-03
1.800000000000000000e+02 2.964772900781249571e-03
1.810000000000000000e+02 3.053532640625000391e-03
1.820000000000000000e+02 3.145375945312499453e-03
1.830000000000000000e+02 3.238796859375000364e-03
1.840000000000000000e+02 3.332253734374999912e-03
1.850000000000000000e+02 3.424197601562500252e-03
1.860000000000000000e+02 3.513113355468751222e-03
1.870000000000000000e+02 3.597563414062500669e-03
1.880000000000000000e+02 3.676222593749999511e-03
1.890000000000000000e+02 3.747917242187499571e-03
1.900000000000000000e+02 3.811680195312499263e-03
1.910000000000000000e+02 3.866715515624999464e-03
1.920000000000000000e+02 3.912453484375000810e-03
1.930000000000000000e+02 3.948634531250000933e-03
1.940000000000000000e+02 3.975216515624999461e-03
1.950000000000000000e+02 3.992390273437500248e-03
1.960000000000000000e+02 4.000707601562498647e-03
1.970000000000000000e+02 4.000864523437500618e-03
1.980000000000000000e+02 3.993816734374999039e-03
1.990000000000000000e+02 3.980766640624999395e-03
2.000000000000000000e+02 3.963026640624999798e-03
2.010000000000000000e+02 3.942073124999999865e-03
2.020000000000000000e+02 3.919457421875000534e-03
2.030000000000000000e+02 3.896792968749999541e-03
2.040000000000000000e+02 3.875690625000002051e-03
2.050000000000000000e+02 3.857717343750002512e-03
2.060000000000000000e+02 3.844352500000000703e-03
2.070000000000000000e+02 3.836950937500000370e-03
2.080000000000000000e+02 3.836719140625000947e-03
2.090000000000000000e+02 3.844662109374999935e-03
2.100000000000000000e+02 3.861550859374999166e-03
2.110000000000000000e+02 3.887958906250001210e-03
2.120000000000000000e+02 3.924201953125000357e-03
2.130000000000000000e+02 3.970347109374999447e-03
2.140000000000000000e+02 4.026247343749999978e-03
2.150000000000000000e+02 4.091531406250000467e-03
2.160000000000000000e+02 4.165626812499999970e-03
2.170000000000000000e+02 4.247818515624999722e-03
2.180000000000000000e+02 4.337228828124998527e-03
2.190000000000000000e+02 4.432931796875001947e-03
2.200000000000000000e+02 4.533929531249997896e-03
2.210000000000000000e+02 4.639233265624999845e-03
2.220000000000000000e+02 4.747909539062499309e-03
2.230000000000000000e+02 4.859086724999999579e-03
2.240000000000000000e+02 4.972058554687501346e-03
2.250000000000000000e+02 5.086270781249999096e-03
2.260000000000000000e+02 5.201356640625000825e-03
2.270000000000000000e+02 5.317193281250000292e-03
2.280000000000000000e+02 5.433874531249999716e-03
2.290000000000000000e+02 5.551795781250001317e-03
2.300000000000000000e+02 5.671465234375000844e-03
2.310000000000000000e+02 5.793780703125002776e-03
2.320000000000000000e+02 5.919779843750000436e-03
2.330000000000000000e+02 6.050683437499997444e-03
2.340000000000000000e+02 6.187880234374998345e-03
2.350000000000000000e+02 6.332861007812501906e-03
2.360000000000000000e+02 6.487208406249998435e-03
2.370000000000000000e+02 6.652461820312496020e-03
2.380000000000000000e+02 6.830155773437499023e-03
2.390000000000000000e+02 7.021647352343749447e-03
2.400000000000000000e+02 7.228298773437499131e-03
2.410000000000000000e+02 7.451149734374999840e-03
2.420000000000000000e+02 7.691010843749998549e-03
2.430000000000000000e+02 7.948351851562500403e-03
2.440000000000000000e+02 8.223351640624999501e-03
2.450000000000000000e+02 8.515884218749993420e-03
2.460000000000000000e+02 8.825376874999998900e-03
2.470000000000000000e+02 9.150856640624999844e-03
2.480000000000000000e+02 9.490998671875004039e-03
2.490000000000000000e+02 9.844076718749998969e-03
2.500000000000000000e+02 1.020798025781250069e-02
2.510000000000000000e+02 1.058037064062500483e-02
2.520000000000000000e+02 1.095847211093749912e-02
2.530000000000000000e+02 1.133927690625000269e-02
2.540000000000000000e+02 1.171969070312500229e-02
2.550000000000000000e+02 1.209636517187500163e-02
2.560000000000000000e+02 1.246581062500000218e-02
2.570000000000000000e+02 1.282460531250000091e-02
2.580000000000000000e+02 1.316930382812500633e-02
2.590000000000000000e+02 1.349652703124999686e-02
2.600000000000000000e+02 1.380311851562499893e-02
2.610000000000000000e+02 1.408598304687500372e-02
2.620000000000000000e+02 1.434232477343750506e-02
2.630000000000000000e+02 1.456973508593750397e-02
2.640000000000000000e+02 1.476590604687499919e-02
2.650000000000000000e+02 1.492903813281250096e-02
2.660000000000000000e+02 1.505760948437499802e-02
2.670000000000000000e+02 1.515063937500000027e-02
2.680000000000000000e+02 1.520720906250000101e-02
2.690000000000000000e+02 1.522708921874999996e-02
2.700000000000000000e+02 1.521032281250000139e-02
2.710000000000000000e+02 1.515730671875000456e-02
2.720000000000000000e+02 1.506887710937500693e-02
2.730000000000000000e+02 1.494596937499999625e-02
2.740000000000000000e+02 1.479012898437499952e-02
2.750000000000000000e+02 1.460307234374999888e-02
2.760000000000000000e+02 1.438673476562499741e-02
2.770000000000000000e+02 1.414337974218750175e-02
2.780000000000000000e+02 1.387535657031250223e-02
2.790000000000000000e+02 1.358536516406249652e-02
2.800000000000000000e+02 1.327607110078125006e-02
2.810000000000000000e+02 1.295047531394531021e-02
2.820000000000000000e+02 1.261152879140624641e-02
2.830000000000000000e+02 1.226224477265624654e-02
2.840000000000000000e+02 1.190584660937500823e-02
2.850000000000000000e+02 1.154537789843750051e-02
2.860000000000000000e+02 1.118413143515623910e-02
2.870000000000000000e+02 1.082521051484375101e-02
2.880000000000000000e+02 1.047173867968750026e-02
2.890000000000000000e+02 1.012684942187499874e-02
2.900000000000000000e+02 9.793652031249999029e-03
2.910000000000000000e+02 9.475066328124996662e-03
2.920000000000000000e+02 9.174047109374999787e-03
2.930000000000000000e+02 8.893450625000000331e-03
2.940000000000000000e+02 8.635963359374989809e-03
2.950000000000000000e+02 8.404242187500000905e-03
2.960000000000000000e+02 8.200802265625001253e-03
2.970000000000000000e+02 8.027872031250004453e-03
2.980000000000000000e+02 7.887603750000003050e-03
2.990000000000000000e+02 7.781970390624998526e-03
3.000000000000000000e+02 7.712699277343752075e-03
3.010000000000000000e+02 7.681227601562497405e-03
3.020000000000000000e+02 7.688803437500003370e-03
3.030000000000000000e+02 7.736357421874997739e-03
3.040000000000000000e+02 7.824514531249998281e-03
3.050000000000000000e+02 7.953623359375003657e-03
3.060000000000000000e+02 8.123697578124996696e-03
3.070000000000000000e+02 8.334364765625001253e-03
3.080000000000000000e+02 8.584980624999995202e-03
3.090000000000000000e+02 8.874511328124999252e-03
3.100000000000000000e+02 9.201566249999999433e-03
3.110000000000000000e+02 9.564507968750001962e-03
3.120000000000000000e+02 9.961254687500000621e-03
3.130000000000000000e+02 1.038950570312499946e-02
3.140000000000000000e+02 1.084656648437500037e-02
3.150000000000000000e+02 1.132951312499999932e-02
3.160000000000000000e+02 1.183525242187500291e-02
3.170000000000000000e+02 1.236041804687500190e-02
3.180000000000000000e+02 1.290149046875000045e-02
3.190000000000000000e+02 1.345490531249999948e-02
3.200000000000000000e+02 1.401684671875000343e-02
3.210000000000000000e+02 1.458366070312499922e-02
3.220000000000000000e+02 1.515153039062499922e-02
3.230000000000000000e+02 1.571677343749999789e-02
3.240000000000000000e+02 1.627572265625000167e-02
3.250000000000000000e+02 1.682481015625000159e-02
3.260000000000000000e+02 1.736072968749999626e-02
3.270000000000000000e+02 1.788012890624999379e-02
3.280000000000000000e+02 1.838004062500000341e-02
3.290000000000000000e+02 1.885759843749999776e-02
3.300000000000000000e+02 1.931035859374998984e-02
3.310000000000000000e+02 1.973604765624999494e-02
3.320000000000000000e+02 2.013275859374999768e-02
3.330000000000000000e+02 2.049897656249999658e-02
3.340000000000000000e+02 2.083348359374999695e-02
3.350000000000000000e+02 2.113551171874999621e-02
3.360000000000000000e+02 2.140459375000000955e-02
3.370000000000000000e+02 2.164074296875000830e-02
3.380000000000000000e+02 2.184414999999999621e-02
3.390000000000000000e+02 2.201539453125000295e-02
3.400000000000000000e+02 2.215527343750000461e-02
3.410000000000000000e+02 2.226475000000000676e-02
3.420000000000000000e+02 2.234523437499999488e-02
3.430000000000000000e+02 2.239796093750001660e-02
3.440000000000000000e+02 2.242453906249999504e-02
3.450000000000000000e+02 2.242673437500000352e-02
3.460000000000000000e+02 2.240621093749999362e-02
3.470000000000000000e+02 2.236501250000000676e-02
3.480000000000000000e+02 2.230518437499999507e-02
3.490000000000000000e+02 2.222885312499999280e-02
3.500000000000000000e+02 2.213828203124999783e-02
3.510000000000000000e+02 2.203571015624999907e-02
3.520000000000000000e+02 2.192350156249999599e-02
3.530000000000000000e+02 2.180403828125000373e-02
3.540000000000000000e+02 2.167942890625000271e-02
3.550000000000000000e+02 2.155212187499998613e-02
3.560000000000000000e+02 2.142395390625000812e-02
3.570000000000000000e+02 2.129712109374999607e-02
3.580000000000000000e+02 2.117303671874999627e-02
3.590000000000000000e+02 2.105331171874999172e-02
3.600000000000000000e+02 2.093931406250000224e-02
3.610000000000000000e+02 2.083199375000000311e-02
3.620000000000000000e+02 2.073206171874999310e-02
3.630000000000000000e+02 2.064019765625000474e-02
3.640000000000000000e+02 2.055660390625000528e-02
3.650000000000000000e+02 2.048134062500000380e-02
3.660000000000000000e+02 2.041423445312498183e-02
3.670000000000000000e+02 2.035491929687499243e-02
3.680000000000000000e+02 2.030272601562500834e-02
3.690000000000000000e+02 2.025688835937501306e-02
3.700000000000000000e+02 2.021645734375000086e-02
3.710000000000000000e+02 2.018024562499998870e-02
3.720000000000000000e+02 2.014709804687500258e-02
3.730000000000000000e+02 2.011577695312500441e-02
3.740000000000000000e+02 2.008493555468749900e-02
3.750000000000000000e+02 2.005348089921875007e-02
3.760000000000000000e+02 2.002015599765626097e-02
3.770000000000000000e+02 1.998411950781248114e-02
3.780000000000000000e+02 1.994450146093750681e-02
3.790000000000000000e+02 1.990067557812498847e-02
3.800000000000000000e+02 1.985227172656251274e-02
3.810000000000000000e+02 1.979897937499999414e-02
3.820000000000000000e+02 1.974085656249999904e-02
3.830000000000000000e+02 1.967789146093750635e-02
3.840000000000000000e+02 1.961041964062499449e-02
3.850000000000000000e+02 1.953860477343750263e-02
3.860000000000000000e+02 1.946289064531250487e-02
3.870000000000000000e+02 1.938361876562498531e-02
3.880000000000000000e+02 1.930124594531249654e-02
3.890000000000000000e+02 1.921604789062499388e-02
3.900000000000000000e+02 1.912842812500001322e-02
3.910000000000000000e+02 1.903862187500000164e-02
3.920000000000000000e+02 1.894686101562501751e-02
3.930000000000000000e+02 1.885314453125001843e-02
3.940000000000000000e+02 1.875750351562498197e-02
3.950000000000000000e+02 1.865971210937499361e-02
3.960000000000000000e+02 1.855953906250000160e-02
3.970000000000000000e+02 1.845650078124998900e-02
3.980000000000000000e+02 1.834997343749998275e-02
3.990000000000000000e+02 1.823929609375000982e-02
4.000000000000000000e+02 1.812361562500000578e-02
4.010000000000000000e+02 1.800198437499998805e-02
4.020000000000000000e+02 1.787350156249999447e-02
4.030000000000000000e+02 1.773709843749999779e-02
4.040000000000000000e+02 1.759193984374999783e-02
4.050000000000000000e+02 1.743706484374999907e-02
4.060000000000000000e+02 1.727169374999999382e-02
4.070000000000000000e+02 1.709522734374999478e-02
4.080000000000000000e+02 1.690698906250001632e-02
4.090000000000000000e+02 1.670670156249998151e-02
4.100000000000000000e+02 1.649409218750000350e-02
4.110000000000000000e+02 1.626908281250000546e-02
4.120000000000000000e+02 1.603176328124999647e-02
4.130000000000000000e+02 1.578226874999999474e-02
4.140000000000000000e+02 1.552111484375000121e-02
4.150000000000000000e+02 1.524872500000000984e-02
4.160000000000000000e+02 1.496577031250000134e-02
4.170000000000000000e+02 1.467300859375000183e-02
4.180000000000000000e+02 1.437145859374999377e-02
4.190000000000000000e+02 1.406193437500001357e-02
4.200000000000000000e+02 1.374559687500000356e-02
4.210000000000000000e+02 1.342357968749999415e-02
4.220000000000000000e+02 1.309708046875000115e-02
4.230000000000000000e+02 1.276714765624999658e-02
4.240000000000000000e+02 1.243507578125000942e-02
4.250000000000000000e+02 1.210197421874999353e-02
4.260000000000000000e+02 1.176884687500000595e-02
4.270000000000000000e+02 1.143670781249999865e-02
4.280000000000000000e+02 1.110618359374999746e-02
4.290000000000000000e+02 1.077793671875001101e-02
4.300000000000000000e+02 1.045237265624999329e-02
4.310000000000000000e+02 1.012970781249999952e-02
4.320000000000000000e+02 9.809879687500003623e-03
4.330000000000000000e+02 9.492757031249994884e-03
4.340000000000000000e+02 9.178032812500003940e-03
4.350000000000000000e+02 8.865178906249999990e-03
4.360000000000000000e+02 8.553690625000002351e-03
4.370000000000000000e+02 8.242927343750006478e-03
4.380000000000000000e+02 7.932246093749999519e-03
4.390000000000000000e+02 7.621019531250002033e-03
4.400000000000000000e+02 7.308648437499999824e-03
4.410000000000000000e+02 6.994738281249993257e-03
4.420000000000000000e+02 6.678920312499999484e-03
4.430000000000000000e+02 6.361207031250003252e-03
4.440000000000000000e+02 6.041763749999999079e-03
4.450000000000000000e+02 5.721245546874996479e-03
4.460000000000000000e+02 5.400500703124999982e-03
4.470000000000000000e+02 5.081031093750000560e-03
4.480000000000000000e+02 4.764533750000000088e-03
4.490000000000000000e+02 4.453350390625001980e-03
4.500000000000000000e+02 4.150086718750002103e-03
4.510000000000000000e+02 3.857669531250000790e-03
4.520000000000000000e+02 3.579227343749998881e-03
4.530000000000000000e+02 3.317939843750001075e-03
4.540000000000000000e+02 3.076883593749999996e-03
4.550000000000000000e+02 2.858900781249999312e-03
4.560000000000000000e+02 2.666405234375000908e-03
4.570000000000000000e+02 2.501318203124999664e-03
4.580000000000000000e+02 2.364893203124999316e-03
4.590000000000000000e+02 2.257606171875000019e-03
4.600000000000000000e+02 2.179122187500000252e-03
4.610000000000000000e+02 2.128223359375000512e-03
4.620000000000000000e+02 2.102792398437499603e-03
4.630000000000000000e+02 2.099884726562501348e-03
4.640000000000000000e+02 2.115757021093750238e-03
4.650000000000000000e+02 2.146036724609375144e-03
4.660000000000000000e+02 2.185804279687500115e-03
4.670000000000000000e+02 2.229843407265624886e-03
4.680000000000000000e+02 2.272802274218749686e-03
4.690000000000000000e+02 2.309424867187498485e-03
4.700000000000000000e+02 2.334791953124998320e-03
4.710000000000000000e+02 2.344584539062499317e-03
4.720000000000000000e+02 2.335341367187501217e-03
4.730000000000000000e+02 2.304710664062499612e-03
4.740000000000000000e+02 2.251740976562500041e-03
4.750000000000000000e+02 2.177073367187500746e-03
4.760000000000000000e+02 2.083136953124999687e-03
4.770000000000000000e+02 1.974156593749999168e-03
4.780000000000000000e+02 1.856177531249999591e-03
4.790000000000000000e+02 1.736835988281249313e-03
4.800000000000000000e+02 1.625089022656249190e-03
4.810000000000000000e+02 1.530861023437500752e-03
4.820000000000000000e+02 1.464532057031250542e-03
4.830000000000000000e+02 1.436419292968751883e-03
4.840000000000000000e+02 1.456089765625000719e-03
4.850000000000000000e+02 1.531595777343750311e-03
4.860000000000000000e+02 1.668580302343748364e-03
4.870000000000000000e+02 1.869222192968750165e-03
4.880000000000000000e+02 2.131297403437501167e-03
4.890000000000000000e+02 2.447338338281248790e-03
4.900000000000000000e+02 2.804120775781249793e-03
4.910000000000000000e+02 3.182772291093749744e-03
4.920000000000000000e+02 3.559575925781249990e-03
4.930000000000000000e+02 3.907504554687499937e-03
4.940000000000000000e+02 4.198506492187500244e-03
4.950000000000000000e+02 4.406406179687499119e-03
4.960000000000000000e+02 4.509814781249996997e-03
4.970000000000000000e+02 4.495468343749998812e-03
4.980000000000000000e+02 4.360646078124999665e-03
4.990000000000000000e+02 4.115230781250000559e-03
5.000000000000000000e+02 3.782446328124999899e-03
5.010000000000000000e+02 3.397907031249999474e-03
5.020000000000000000e+02 3.006122984296874003e-03
5.030000000000000000e+02 2.654386507812498547e-03
5.040000000000000000e+02 2.383142398437501294e-03
5.050000000000000000e+02 2.214644874218749896e-03
5.060000000000000000e+02 2.141807492187499870e-03
5.070000000000000000e+02 2.122010590078124946e-03
5.080000000000000000e+02 2.083880890625000159e-03
5.090000000000000000e+02 1.961352460937499514e-03
5.100000000000000000e+02 1.782254960937499537e-03
5.110000000000000000e+02 1.864152640625000093e-03
