0.000000000000000000e+00 6.851152578124997637e-03
1.000000000000000000e+00 6.818695625000003625e-03
2.000000000000000000e+00 6.754190468749996477e-03
3.000000000000000000e+00 6.658345781249998263e-03
4.000000000000000000e+00 6.532252734375008398e-03
5.000000000000000000e+00 6.377423906250000510e-03
6.000000000000000000e+00 6.195633750000002944e-03
7.000000000000000000e+00 5.988937500000002939e-03
8.000000000000000000e+00 5.759694140625000458e-03
9.000000000000000000e+00 5.510518171874998448e-03
1.000000000000000000e+01 5.244208015625000628e-03
1.100000000000000000e+01 4.963746359375000895e-03
1.200000000000000000e+01 4.672196984375002506e-03
1.300000000000000000e+01 4.372761156250000968e-03
1.400000000000000000e+01 4.068644242187499822e-03
1.500000000000000000e+01 3.763107570312498960e-03
1.600000000000000000e+01 3.459338414062500169e-03
1.700000000000000000e+01 3.160429014843751418e-03
1.800000000000000000e+01 2.869399532812499758e-03
1.900000000000000000e+01 2.589095285312500213e-03
2.000000000000000000e+01 2.322187664062500597e-03
2.100000000000000000e+01 2.071125906249999572e-03
2.200000000000000000e+01 1.838134765624999329e-03
2.300000000000000000e+01 1.625169570312499359e-03
2.400000000000000000e+01 1.433917507812500431e-03
2.500000000000000000e+01 1.265766000000000634e-03
2.600000000000000000e+01 1.121806812499999938e-03
2.700000000000000000e+01 1.002838687499999458e-03
2.800000000000000000e+01 9.093520781250000575e-04
2.900000000000000000e+01 8.415223749999999493e-04
3.000000000000000000e+01 7.992571070312500144e-04
3.100000000000000000e+01 7.821713335937495373e-04
3.200000000000000000e+01 7.896129218750004650e-04
3.300000000000000000e+01 8.206963203124998220e-04
3.400000000000000000e+01 8.742962968750000530e-04
3.500000000000000000e+01 9.490848828125001812e-04
3.600000000000000000e+01 1.043563169531250105e-03
3.700000000000000000e+01 1.156075982812499901e-03
3.800000000000000000e+01 1.284840075000000335e-03
3.900000000000000000e+01 1.427970807031250398e-03
4.000000000000000000e+01 1.583521690234374491e-03
4.100000000000000000e+01 1.749480903906249418e-03
4.200000000000000000e+01 1.923833971093749694e-03
4.300000000000000000e+01 2.104561701796875406e-03
4.400000000000000000e+01 2.289681797578123779e-03
4.500000000000000000e+01 2.477250257578124479e-03
4.600000000000000000e+01 2.665394708593751133e-03
4.700000000000000000e+01 2.852333692968749088e-03
4.800000000000000000e+01 3.036380053124999173e-03
4.900000000000000000e+01 3.215964026562500005e-03
5.000000000000000000e+01 3.389640961718749963e-03
5.100000000000000000e+01 3.556088453125000846e-03
5.200000000000000000e+01 3.714141765624998526e-03
5.300000000000000000e+01 3.862743390624999874e-03
5.400000000000000000e+01 4.001043093750001819e-03
5.500000000000000000e+01 4.128228687499998183e-03
5.600000000000000000e+01 4.243740101562499915e-03
5.700000000000000000e+01 4.347080218749999579e-03
5.800000000000000000e+01 4.437887789062496501e-03
5.900000000000000000e+01 4.515966406250000384e-03
6.000000000000000000e+01 4.581217812500002450e-03
6.100000000000000000e+01 4.633598437499998959e-03
6.200000000000000000e+01 4.673263046875002560e-03
6.300000000000000000e+01 4.700352343750001209e-03
6.400000000000000000e+01 4.715176718749999364e-03
6.500000000000000000e+01 4.718062265625001458e-03
6.600000000000000000e+01 4.709419140624999771e-03
6.700000000000000000e+01 4.689691953124999237e-03
6.800000000000000000e+01 4.659400703125002839e-03
6.900000000000000000e+01 4.619087734375002668e-03
7.000000000000000000e+01 4.569296406250004591e-03
7.100000000000000000e+01 4.510660468750002892e-03
7.200000000000000000e+01 4.443763593749996965e-03
7.300000000000000000e+01 4.369238984375000030e-03
7.400000000000000000e+01 4.287714453125000824e-03
7.500000000000000000e+01 4.199834765624999543e-03
7.600000000000000000e+01 4.106227968750002580e-03
7.700000000000000000e+01 4.007531171874998549e-03
7.800000000000000000e+01 3.904385781249998088e-03
7.900000000000000000e+01 3.797420234375000012e-03
8.000000000000000000e+01 3.687267812499999721e-03
8.100000000000000000e+01 3.574535468749999532e-03
8.200000000000000000e+01 3.459846484374998372e-03
8.300000000000000000e+01 3.343808125000000131e-03
8.400000000000000000e+01 3.227020312499999984e-03
8.500000000000000000e+01 3.110085468749999166e-03
8.600000000000000000e+01 2.993588281249998269e-03
8.700000000000000000e+01 2.878104320312499433e-03
8.800000000000000000e+01 2.764217898437498246e-03
8.900000000000000000e+01 2.652493874999999231e-03
9.000000000000000000e+01 2.543484609375001350e-03
9.100000000000000000e+01 2.437741476562498445e-03
9.200000000000000000e+01 2.335791071875000131e-03
9.300000000000000000e+01 2.238153042187500125e-03
9.400000000000000000e+01 2.145321117187500969e-03
9.500000000000000000e+01 2.057785843749999032e-03
9.600000000000000000e+01 1.975985128124998873e-03
9.700000000000000000e+01 1.900356461718750653e-03
9.800000000000000000e+01 1.831291039062499411e-03
9.900000000000000000e+01 1.769144984374998886e-03
1.000000000000000000e+02 1.714245468749999411e-03
1.010000000000000000e+02 1.666872109375001042e-03
1.020000000000000000e+02 1.627250156250000359e-03
1.030000000000000000e+02 1.595566875000000058e-03
1.040000000000000000e+02 1.571958210937499491e-03
1.050000000000000000e+02 1.556495890625000152e-03
1.060000000000000000e+02 1.549205664062499113e-03
1.070000000000000000e+02 1.550037320312499601e-03
1.080000000000000000e+02 1.558901802343749506e-03
1.090000000000000000e+02 1.575637307812499405e-03
1.100000000000000000e+02 1.600020139062499321e-03
1.110000000000000000e+02 1.631777913281250592e-03
1.120000000000000000e+02 1.670579192968750298e-03
1.130000000000000000e+02 1.716026060343750232e-03
1.140000000000000000e+02 1.767683379687499251e-03
1.150000000000000000e+02 1.825062434375000070e-03
1.160000000000000000e+02 1.887630653281250010e-03
1.170000000000000000e+02 1.954807332812500461e-03
1.180000000000000000e+02 2.025995294765625589e-03
1.190000000000000000e+02 2.100569689062500248e-03
1.200000000000000000e+02 2.177856599999999487e-03
1.210000000000000000e+02 2.257205015624999533e-03
1.220000000000000000e+02 2.337919800781249405e-03
1.230000000000000000e+02 2.419329953124999075e-03
1.240000000000000000e+02 2.500735383593750537e-03
1.250000000000000000e+02 2.581485655468750574e-03
1.260000000000000000e+02 2.660906277343750171e-03
1.270000000000000000e+02 2.738369817187500006e-03
1.280000000000000000e+02 2.813251129687498707e-03
1.290000000000000000e+02 2.884985359296873570e-03
1.300000000000000000e+02 2.953009812500000369e-03
1.310000000000000000e+02 3.016801561718751318e-03
1.320000000000000000e+02 3.075904119531249446e-03
1.330000000000000000e+02 3.129889499999998284e-03
1.340000000000000000e+02 3.178359592187500384e-03
1.350000000000000000e+02 3.220953742187500184e-03
1.360000000000000000e+02 3.257419242187500202e-03
1.370000000000000000e+02 3.287481507812499600e-03
1.380000000000000000e+02 3.310960124999999012e-03
1.390000000000000000e+02 3.327689773437500238e-03
1.400000000000000000e+02 3.337589453124998207e-03
1.410000000000000000e+02 3.340605859374999945e-03
1.420000000000000000e+02 3.336769140625001073e-03
1.430000000000000000e+02 3.326105390625000435e-03
1.440000000000000000e+02 3.308752421875000953e-03
1.450000000000000000e+02 3.284902007812500347e-03
1.460000000000000000e+02 3.254773492187500259e-03
1.470000000000000000e+02 3.218677343750001203e-03
1.480000000000000000e+02 3.176979515625000076e-03
1.490000000000000000e+02 3.130136632812499393e-03
1.500000000000000000e+02 3.078653812500000645e-03
1.510000000000000000e+02 3.023129835937499611e-03
1.520000000000000000e+02 2.964231843749999453e-03
1.530000000000000000e+02 2.902695414062499840e-03
1.540000000000000000e+02 2.839359296875001645e-03
1.550000000000000000e+02 2.775106953124998905e-03
1.560000000000000000e+02 2.710916562500000418e-03
1.570000000000000000e+02 2.647790156249999610e-03
1.580000000000000000e+02 2.586806874999998760e-03
1.590000000000000000e+02 2.529078281249999994e-03
1.600000000000000000e+02 2.475729921875000680e-03
1.610000000000000000e+02 2.427883578124999300e-03
1.620000000000000000e+02 2.386623390625000271e-03
1.630000000000000000e+02 2.353047945312500191e-03
1.640000000000000000e+02 2.328107929687500428e-03
1.650000000000000000e+02 2.312714812499999141e-03
1.660000000000000000e+02 2.307638291406250135e-03
1.670000000000000000e+02 2.313515320312500411e-03
1.680000000000000000e+02 2.330776406249999468e-03
1.690000000000000000e+02 2.359673906250000022e-03
1.700000000000000000e+02 2.400283283593750931e-03
1.710000000000000000e+02 2.452410187499999821e-03
1.720000000000000000e+02 2.515644739062499174e-03
1.730000000000000000e+02 2.589300290156250264e-03
1.740000000000000000e+02 2.672531670312500076e-03
1.750000000000000000e+02 2.764192472656250028e-03
1.760000000000000000e+02 2.862951859375000713e-03
1.770000000000000000e+02 2.967289726562498658e-03
1.780000000000000000e+02 3.075522210937500344e-03
1.790000000000000000e+02 3.185850765625001819e-03
1.800000000000000000e+02 3.296376890625000566e-03
1.810000000000000000e+02 3.405183773437499804e-03
1.820000000000000000e+02 3.510342914062499799e-03
1.830000000000000000e+02 3.609966796874999623e-03
1.840000000000000000e+02 3.702350859375000067e-03
1.850000000000000000e+02 3.785880546874999860e-03
1.860000000000000000e+02 3.859160859375001217e-03
1.870000000000000000e+02 3.921056406249999807e-03
1.880000000000000000e+02 3.970699476562498074e-03
1.890000000000000000e+02 4.007570859375000211e-03
1.900000000000000000e+02 4.031459203124999717e-03
1.910000000000000000e+02 4.042507093749998955e-03
1.920000000000000000e+02 4.041222734375000611e-03
1.930000000000000000e+02 4.028441195312499473e-03
1.940000000000000000e+02 4.005308973437500704e-03
1.950000000000000000e+02 3.973328468750000550e-03
1.960000000000000000e+02 3.934189421875000474e-03
1.970000000000000000e+02 3.889858749999999116e-03
1.980000000000000000e+02 3.842409710937500899e-03
1.990000000000000000e+02 3.794046023437499474e-03
2.000000000000000000e+02 3.747003460937500894e-03
2.010000000000000000e+02 3.703491015625000587e-03
2.020000000000000000e+02 3.665626093749999904e-03
2.030000000000000000e+02 3.635371484374999400e-03
2.040000000000000000e+02 3.614495312500000390e-03
2.050000000000000000e+02 3.604483046874999881e-03
2.060000000000000000e+02 3.606552109375000224e-03
2.070000000000000000e+02 3.621587500000000501e-03
2.080000000000000000e+02 3.650092187500001816e-03
2.090000000000000000e+02 3.692265703125000194e-03
2.100000000000000000e+02 3.747913046875001129e-03
2.110000000000000000e+02 3.816542421875000236e-03
2.120000000000000000e+02 3.897350078124999905e-03
2.130000000000000000e+02 3.989266328125002856e-03
2.140000000000000000e+02 4.091016890624998500e-03
2.150000000000000000e+02 4.201199664062500380e-03
2.160000000000000000e+02 4.318246953125001210e-03
2.170000000000000000e+02 4.440676953124998369e-03
2.180000000000000000e+02 4.566996562499999954e-03
2.190000000000000000e+02 4.695833828124999082e-03
2.200000000000000000e+02 4.825980781250000136e-03
2.210000000000000000e+02 4.956500429687497357e-03
2.220000000000000000e+02 5.086683578125003428e-03
2.230000000000000000e+02 5.216203051562497313e-03
2.240000000000000000e+02 5.345023328124998488e-03
2.250000000000000000e+02 5.473454609375001841e-03
2.260000000000000000e+02 5.602180750000001347e-03
2.270000000000000000e+02 5.732190539062498487e-03
2.280000000000000000e+02 5.864769597656247120e-03
2.290000000000000000e+02 6.001509719531247442e-03
2.300000000000000000e+02 6.144092892968751329e-03
2.310000000000000000e+02 6.294411296875001768e-03
2.320000000000000000e+02 6.454382796875000709e-03
2.330000000000000000e+02 6.625869492187498599e-03
2.340000000000000000e+02 6.810706562499996806e-03
2.350000000000000000e+02 7.010397265625001838e-03
2.360000000000000000e+02 7.226331328124999294e-03
2.370000000000000000e+02 7.459538281249996315e-03
2.380000000000000000e+02 7.710588515624999285e-03
2.390000000000000000e+02 7.979711874999994778e-03
2.400000000000000000e+02 8.266533203124995510e-03
2.410000000000000000e+02 8.570378515624999319e-03
2.420000000000000000e+02 8.889867242187494967e-03
2.430000000000000000e+02 9.223358195312501492e-03
2.440000000000000000e+02 9.568500890625001448e-03
2.450000000000000000e+02 9.922672815625005471e-03
2.460000000000000000e+02 1.028279403906250632e-02
2.470000000000000000e+02 1.064567033593749948e-02
2.480000000000000000e+02 1.100738732812499981e-02
2.490000000000000000e+02 1.136439398797031708e-02
2.500000000000000000e+02 1.171267557031250434e-02
2.510000000000000000e+02 1.204840124999999665e-02
2.520000000000000000e+02 1.236762818750000194e-02
2.530000000000000000e+02 1.266667909374999922e-02
2.540000000000000000e+02 1.294213767968749665e-02
2.550000000000000000e+02 1.319078275781249837e-02
2.560000000000000000e+02 1.340971028125000249e-02
2.570000000000000000e+02 1.359663632812499988e-02
2.580000000000000000e+02 1.374954164843749174e-02
2.590000000000000000e+02 1.386703592187498758e-02
2.600000000000000000e+02 1.394802860937500479e-02
2.610000000000000000e+02 1.399219103125000710e-02
2.620000000000000000e+02 1.399954663281250018e-02
2.630000000000000000e+02 1.397063185156249485e-02
2.640000000000000000e+02 1.390655996874999752e-02
2.650000000000000000e+02 1.380876395312499900e-02
2.660000000000000000e+02 1.367910577343750024e-02
2.670000000000000000e+02 1.351984042968749911e-02
2.680000000000000000e+02 1.333347103867187078e-02
2.690000000000000000e+02 1.312275063281249758e-02
2.700000000000000000e+02 1.289074582812499946e-02
2.710000000000000000e+02 1.264053346093749371e-02
2.720000000000000000e+02 1.237542170156250183e-02
2.730000000000000000e+02 1.209869859765625756e-02
2.740000000000000000e+02 1.181373617187499864e-02
2.750000000000000000e+02 1.152384507812500083e-02
2.760000000000000000e+02 1.123234562500000089e-02
2.770000000000000000e+02 1.094248132812500329e-02
2.780000000000000000e+02 1.065738101562499485e-02
2.790000000000000000e+02 1.038012882812499801e-02
2.800000000000000000e+02 1.011362125781250024e-02
2.810000000000000000e+02 9.860631242187506071e-03
2.820000000000000000e+02 9.623753492187492667e-03
2.830000000000000000e+02 9.405579404687496037e-03
2.840000000000000000e+02 9.208338001562498334e-03
2.850000000000000000e+02 9.034254364843750940e-03
2.860000000000000000e+02 8.885266390624995195e-03
2.870000000000000000e+02 8.763241679687503935e-03
2.880000000000000000e+02 8.669757570312498773e-03
2.890000000000000000e+02 8.606379539062496836e-03
2.900000000000000000e+02 8.574308375000000773e-03
2.910000000000000000e+02 8.574621507812497934e-03
2.920000000000000000e+02 8.608175679687501622e-03
2.930000000000000000e+02 8.675593765624992765e-03
2.940000000000000000e+02 8.777203343749994530e-03
2.950000000000000000e+02 8.913210390624998897e-03
2.960000000000000000e+02 9.083334999999994469e-03
2.970000000000000000e+02 9.287195603906247751e-03
2.980000000000000000e+02 9.523937593749995031e-03
2.990000000000000000e+02 9.792471570312499124e-03
3.000000000000000000e+02 1.009135503906250127e-02
3.010000000000000000e+02 1.041892135156250246e-02
3.020000000000000000e+02 1.077294773437500151e-02
3.030000000000000000e+02 1.115105437499999859e-02
3.040000000000000000e+02 1.155058453124999801e-02
3.050000000000000000e+02 1.196843882812500225e-02
3.060000000000000000e+02 1.240133867187500315e-02
3.070000000000000000e+02 1.284585492187499678e-02
3.080000000000000000e+02 1.329828054687499754e-02
3.090000000000000000e+02 1.375464445312500270e-02
3.100000000000000000e+02 1.421115232031250342e-02
3.110000000000000000e+02 1.466378605468750089e-02
3.120000000000000000e+02 1.510847639062500372e-02
3.130000000000000000e+02 1.554139133593749819e-02
3.140000000000000000e+02 1.595867560156250323e-02
3.150000000000000000e+02 1.635662654453124906e-02
3.160000000000000000e+02 1.673201779687499488e-02
3.170000000000000000e+02 1.708153387500000245e-02
3.180000000000000000e+02 1.740244312499999654e-02
3.190000000000000000e+02 1.769227382812500401e-02
3.200000000000000000e+02 1.794891382812499603e-02
3.210000000000000000e+02 1.817084078125000279e-02
3.220000000000000000e+02 1.835670624999999334e-02
3.230000000000000000e+02 1.850586289062499529e-02
3.240000000000000000e+02 1.861805585937500659e-02
3.250000000000000000e+02 1.869344557031249118e-02
3.260000000000000000e+02 1.873278139062499806e-02
3.270000000000000000e+02 1.873723378125000463e-02
3.280000000000000000e+02 1.870857064843750237e-02
3.290000000000000000e+02 1.864894062578124553e-02
3.300000000000000000e+02 1.856094231796875244e-02
3.310000000000000000e+02 1.844762686718750058e-02
3.320000000000000000e+02 1.831245601562499908e-02
3.330000000000000000e+02 1.815913531250000143e-02
3.340000000000000000e+02 1.799165281249999471e-02
3.350000000000000000e+02 1.781425000000001410e-02
3.360000000000000000e+02 1.763119101562500915e-02
3.370000000000000000e+02 1.744686328125000241e-02
3.380000000000000000e+02 1.726563828124999533e-02
3.390000000000000000e+02 1.709175937500000478e-02
3.400000000000000000e+02 1.692937656249999742e-02
3.410000000000000000e+02 1.678242500000000359e-02
3.420000000000000000e+02 1.665465546875000494e-02
3.430000000000000000e+02 1.654951484374999823e-02
3.440000000000000000e+02 1.647017499999999315e-02
3.450000000000000000e+02 1.641930468749999705e-02
3.460000000000000000e+02 1.639935781249999766e-02
3.470000000000000000e+02 1.641230078125000338e-02
3.480000000000000000e+02 1.645970078124999944e-02
3.490000000000000000e+02 1.654257656250000125e-02
3.500000000000000000e+02 1.666151796874999758e-02
3.510000000000000000e+02 1.681659609375000045e-02
3.520000000000000000e+02 1.700737578124999691e-02
3.530000000000000000e+02 1.723293671874999780e-02
3.540000000000000000e+02 1.749169375000000221e-02
3.550000000000000000e+02 1.778185000000000182e-02
3.560000000000000000e+02 1.810089531249999342e-02
3.570000000000000000e+02 1.844612109375000711e-02
3.580000000000000000e+02 1.881424218750000002e-02
3.590000000000000000e+02 1.920151718750000291e-02
3.600000000000000000e+02 1.960421250000001642e-02
3.610000000000000000e+02 2.001816171875000702e-02
3.620000000000000000e+02 2.043887640625000057e-02
3.630000000000000000e+02 2.086178281249999322e-02
3.640000000000000000e+02 2.128222835937502652e-02
3.650000000000000000e+02 2.169546062500000289e-02
3.660000000000000000e+02 2.209662664062501600e-02
3.670000000000000000e+02 2.248095062500000962e-02
3.680000000000000000e+02 2.284381367187500456e-02
3.690000000000000000e+02 2.318074531249999376e-02
3.700000000000000000e+02 2.348771492187502058e-02
3.710000000000000000e+02 2.376077859375000378e-02
3.720000000000000000e+02 2.399673251562500081e-02
3.730000000000000000e+02 2.419269132031249062e-02
3.740000000000000000e+02 2.434658392187501533e-02
3.750000000000000000e+02 2.445680758593750392e-02
3.760000000000000000e+02 2.452265009218750763e-02
3.770000000000000000e+02 2.454408412343749707e-02
3.780000000000000000e+02 2.452168355468749977e-02
3.790000000000000000e+02 2.445689167812498815e-02
3.800000000000000000e+02 2.435179230000000805e-02
3.810000000000000000e+02 2.420898055468751267e-02
3.820000000000000000e+02 2.403177018749999561e-02
3.830000000000000000e+02 2.382389618750000923e-02
3.840000000000000000e+02 2.358943875000000384e-02
3.850000000000000000e+02 2.333298812499997807e-02
3.860000000000000000e+02 2.305903812499999345e-02
3.870000000000000000e+02 2.277247007812500945e-02
3.880000000000000000e+02 2.247790429687499675e-02
3.890000000000000000e+02 2.217998046875000254e-02
3.900000000000000000e+02 2.188290796874999694e-02
3.910000000000000000e+02 2.159066375000000607e-02
3.920000000000000000e+02 2.130657890624998441e-02
3.930000000000000000e+02 2.103341406250000198e-02
3.940000000000000000e+02 2.077340703124999979e-02
3.950000000000000000e+02 2.052798984375000385e-02
3.960000000000000000e+02 2.029777812500000583e-02
3.970000000000000000e+02 2.008282890624998873e-02
3.980000000000000000e+02 1.988253203125000743e-02
3.990000000000000000e+02 1.969537187499999231e-02
4.000000000000000000e+02 1.951950140624998664e-02
4.010000000000000000e+02 1.935240015624999435e-02
4.020000000000000000e+02 1.919118070312498744e-02
4.030000000000000000e+02 1.903251492187500726e-02
4.040000000000000000e+02 1.887294835937499901e-02
4.050000000000000000e+02 1.870871570312498955e-02
4.060000000000000000e+02 1.853603382812499256e-02
4.070000000000000000e+02 1.835119312500001904e-02
4.080000000000000000e+02 1.815044617187499751e-02
4.090000000000000000e+02 1.793049226562500389e-02
4.100000000000000000e+02 1.768811164062500732e-02
4.110000000000000000e+02 1.742078070312499949e-02
4.120000000000000000e+02 1.712634007812499290e-02
4.130000000000000000e+02 1.680322148437501245e-02
4.140000000000000000e+02 1.645058648437499813e-02
4.150000000000000000e+02 1.606825757812499825e-02
4.160000000000000000e+02 1.565675117187500034e-02
4.170000000000000000e+02 1.521731460937500273e-02
4.180000000000000000e+02 1.475194382812500087e-02
4.190000000000000000e+02 1.426310578125000554e-02
4.200000000000000000e+02 1.375396296874999494e-02
4.210000000000000000e+02 1.322827093750000155e-02
4.220000000000000000e+02 1.269004671875000045e-02
4.230000000000000000e+02 1.214369359374999763e-02
4.240000000000000000e+02 1.159369398437500205e-02
4.250000000000000000e+02 1.104481914062500209e-02
4.260000000000000000e+02 1.050149609374999467e-02
4.270000000000000000e+02 9.968113671874999013e-03
4.280000000000000000e+02 9.448764765625001019e-03
4.290000000000000000e+02 8.947070000000001411e-03
4.300000000000000000e+02 8.466272734374996958e-03
4.310000000000000000e+02 8.008868515624998144e-03
4.320000000000000000e+02 7.577062031249999843e-03
4.330000000000000000e+02 7.172169453125003605e-03
4.340000000000000000e+02 6.794895624999993181e-03
4.350000000000000000e+02 6.445282656250004086e-03
4.360000000000000000e+02 6.122687656250000443e-03
4.370000000000000000e+02 5.825872890625000133e-03
4.380000000000000000e+02 5.552909999999996842e-03
4.390000000000000000e+02 5.301524140625004863e-03
4.400000000000000000e+02 5.068985781249995930e-03
4.410000000000000000e+02 4.852511718750002548e-03
4.420000000000000000e+02 4.649147421875002989e-03
4.430000000000000000e+02 4.456189609374997668e-03
4.440000000000000000e+02 4.271199687500000335e-03
4.450000000000000000e+02 4.092366953125004328e-03
4.460000000000000000e+02 3.918276093749999134e-03
4.470000000000000000e+02 3.748236640624997770e-03
4.480000000000000000e+02 3.582184445312499525e-03
4.490000000000000000e+02 3.420749062499999806e-03
4.500000000000000000e+02 3.265147703125000425e-03
4.510000000000000000e+02 3.117182179687501449e-03
4.520000000000000000e+02 2.979082414062498348e-03
4.530000000000000000e+02 2.853436755468750918e-03
4.540000000000000000e+02 2.743001984375000903e-03
4.550000000000000000e+02 2.650513384374998584e-03
4.560000000000000000e+02 2.578507218749999733e-03
4.570000000000000000e+02 2.529095561718748206e-03
4.580000000000000000e+02 2.503770781249999803e-03
4.590000000000000000e+02 2.503285593750000180e-03
4.600000000000000000e+02 2.527464664062500400e-03
4.610000000000000000e+02 2.575193171874999402e-03
4.620000000000000000e+02 2.644339812500000331e-03
4.630000000000000000e+02 2.731765494531249866e-03
4.640000000000000000e+02 2.833394230468749483e-03
4.650000000000000000e+02 2.944279422656250443e-03
4.660000000000000000e+02 3.058771406250001147e-03
4.670000000000000000e+02 3.170686320312498998e-03
4.680000000000000000e+02 3.273610624999999386e-03
4.690000000000000000e+02 3.361176171875001652e-03
4.700000000000000000e+02 3.427420156250000818e-03
4.710000000000000000e+02 3.467118437500001007e-03
4.720000000000000000e+02 3.476090937500001931e-03
4.730000000000000000e+02 3.451423906249998994e-03
4.740000000000000000e+02 3.391698749999999887e-03
4.750000000000000000e+02 3.297102578125000235e-03
4.760000000000000000e+02 3.169582343750002203e-03
4.770000000000000000e+02 3.012904531250000864e-03
4.780000000000000000e+02 2.832685468750000338e-03
4.790000000000000000e+02 2.636433593750000214e-03
4.800000000000000000e+02 2.433401015624999091e-03
4.810000000000000000e+02 2.234374921874998556e-03
4.820000000000000000e+02 2.051238726562500201e-03
4.830000000000000000e+02 1.896332257812500220e-03
4.840000000000000000e+02 1.781588200781249881e-03
4.850000000000000000e+02 1.717520132031250674e-03
4.860000000000000000e+02 1.712114989062499260e-03
4.870000000000000000e+02 1.769795625781250608e-03
4.880000000000000000e+02 1.890548240625000102e-03
4.890000000000000000e+02 2.069293382812499842e-03
4.900000000000000000e+02 2.295613203125000494e-03
4.910000000000000000e+02 2.553908359374999944e-03
4.920000000000000000e+02 2.823940531250000632e-03
4.930000000000000000e+02 3.082075078125000919e-03
4.940000000000000000e+02 3.303100859374999334e-03
4.950000000000000000e+02 3.462905703124999693e-03
4.960000000000000000e+02 3.541628468749999543e-03
4.970000000000000000e+02 3.527036570312499369e-03
4.980000000000000000e+02 3.417531601562500462e-03
4.990000000000000000e+02 3.224037859375000325e-03
5.000000000000000000e+02 2.970157562499999883e-03
5.010000000000000000e+02 2.689876289062500397e-03
5.020000000000000000e+02 2.422748212499999977e-03
5.030000000000000000e+02 2.206446156250000713e-03
5.040000000000000000e+02 2.067669114843750672e-03
5.050000000000000000e+02 2.012652324999999326e-03
5.060000000000000000e+02 2.019422101562500481e-03
5.070000000000000000e+02 2.034999805468750301e-03
5.080000000000000000e+02 1.984046776562499795e-03
5.090000000000000000e+02 1.802483851562500109e-03
5.100000000000000000e+02 1.525155367968750782e-03
5.110000000000000000e+02 1.488878638281249589e-03
