0.000000000000000000e+00 6.546947421875000221e-03
1.000000000000000000e+00 6.515518906249998313e-03
2.000000000000000000e+00 6.452962890624996083e-03
3.000000000000000000e+00 6.360061328124999580e-03
4.000000000000000000e+00 6.237907109375000377e-03
5.000000000000000000e+00 6.087838656249998717e-03
6.000000000000000000e+00 5.911586609374996568e-03
7.000000000000000000e+00 5.711210179687500541e-03
8.000000000000000000e+00 5.488942656249998046e-03
9.000000000000000000e+00 5.247290320312502157e-03
1.000000000000000000e+01 4.989020984375000176e-03
1.100000000000000000e+01 4.716956929687501042e-03
1.200000000000000000e+01 4.434101609374999434e-03
1.300000000000000000e+01 4.143576296874998920e-03
1.400000000000000000e+01 3.848502726562500875e-03
1.500000000000000000e+01 3.552028156250000394e-03
1.600000000000000000e+01 3.257279605468749867e-03
1.700000000000000000e+01 2.967309575781249507e-03
1.800000000000000000e+01 2.685064403125001289e-03
1.900000000000000000e+01 2.413349248437498835e-03
2.000000000000000000e+01 2.154794343749998325e-03
2.100000000000000000e+01 1.911851687500000074e-03
2.200000000000000000e+01 1.686728601562500086e-03
2.300000000000000000e+01 1.481387679687499667e-03
2.400000000000000000e+01 1.297530476562500481e-03
2.500000000000000000e+01 1.136583671875001202e-03
2.600000000000000000e+01 9.996841406249997418e-04
2.700000000000000000e+01 8.876639062499993215e-04
2.800000000000000000e+01 8.010750781250000098e-04
2.900000000000000000e+01 7.401603046874997462e-04
3.000000000000000000e+01 7.048865546874998706e-04
3.100000000000000000e+01 6.949415859375001519e-04
3.200000000000000000e+01 7.097400921875000835e-04
3.300000000000000000e+01 7.484525304687498007e-04
3.400000000000000000e+01 8.100292656249996224e-04
3.500000000000000000e+01 8.931920390624996636e-04
3.600000000000000000e+01 9.964865937499996738e-04
3.700000000000000000e+01 1.118301493750000451e-03
3.800000000000000000e+01 1.256879167187500632e-03
3.900000000000000000e+01 1.410357406250000974e-03
4.000000000000000000e+01 1.576776754687499345e-03
4.100000000000000000e+01 1.754124789062499502e-03
4.200000000000000000e+01 1.940376762499999505e-03
4.300000000000000000e+01 2.133457567187499286e-03
4.400000000000000000e+01 2.331333575781250472e-03
4.500000000000000000e+01 2.532005498437500841e-03
4.600000000000000000e+01 2.733519942968748451e-03
4.700000000000000000e+01 2.934000318749999895e-03
4.800000000000000000e+01 3.131673470312500932e-03
4.900000000000000000e+01 3.324862799218751552e-03
5.000000000000000000e+01 3.511987874999999374e-03
5.100000000000000000e+01 3.691639007812501112e-03
5.200000000000000000e+01 3.862493382812498977e-03
5.300000000000000000e+01 4.023421593749999803e-03
5.400000000000000000e+01 4.173390085937498349e-03
5.500000000000000000e+01 4.311520437500001614e-03
5.600000000000000000e+01 4.437081179687501695e-03
5.700000000000000000e+01 4.549506164062500600e-03
5.800000000000000000e+01 4.648351085937500390e-03
5.900000000000000000e+01 4.733279140625000318e-03
6.000000000000000000e+01 4.804132109374996060e-03
6.100000000000000000e+01 4.860809687499999428e-03
6.200000000000000000e+01 4.903382656249996585e-03
6.300000000000000000e+01 4.931980390624998364e-03
6.400000000000000000e+01 4.946881875000004938e-03
6.500000000000000000e+01 4.948392109374997148e-03
6.600000000000000000e+01 4.936915703124999250e-03
6.700000000000000000e+01 4.912941015624997486e-03
6.800000000000000000e+01 4.876983906250001791e-03
6.900000000000000000e+01 4.829657109374997127e-03
7.000000000000000000e+01 4.771559374999999673e-03
7.100000000000000000e+01 4.703367343750002386e-03
7.200000000000000000e+01 4.625770390625000630e-03
7.300000000000000000e+01 4.539479062499999877e-03
7.400000000000000000e+01 4.445225312500000400e-03
7.500000000000000000e+01 4.343736484375000997e-03
7.600000000000000000e+01 4.235777109375002576e-03
7.700000000000000000e+01 4.122086953124998697e-03
7.800000000000000000e+01 4.003413984374998985e-03
7.900000000000000000e+01 3.880498593749998840e-03
8.000000000000000000e+01 3.754093203125000340e-03
8.100000000000000000e+01 3.624926171875000012e-03
8.200000000000000000e+01 3.493720000000000506e-03
8.300000000000000000e+01 3.361192187500000161e-03
8.400000000000000000e+01 3.228048281250001008e-03
8.500000000000000000e+01 3.094974765625000367e-03
8.600000000000000000e+01 2.962655468750000857e-03
8.700000000000000000e+01 2.831745234374999538e-03
8.800000000000000000e+01 2.702911249999998683e-03
8.900000000000000000e+01 2.576762031249998485e-03
9.000000000000000000e+01 2.453931171875001985e-03
9.100000000000000000e+01 2.335005546874999519e-03
9.200000000000000000e+01 2.220566140625001867e-03
9.300000000000000000e+01 2.111156226562498680e-03
9.400000000000000000e+01 2.007308898437500360e-03
9.500000000000000000e+01 1.909505335937499750e-03
9.600000000000000000e+01 1.818224128124999988e-03
9.700000000000000000e+01 1.733887063515625847e-03
9.800000000000000000e+01 1.656891734375000010e-03
9.900000000000000000e+01 1.587594640624999777e-03
1.000000000000000000e+02 1.526301156249999791e-03
1.010000000000000000e+02 1.473277265624999693e-03
1.020000000000000000e+02 1.428732914062500435e-03
1.030000000000000000e+02 1.392835906249999343e-03
1.040000000000000000e+02 1.365693273437498844e-03
1.050000000000000000e+02 1.347355445312500583e-03
1.060000000000000000e+02 1.337821667187500448e-03
1.070000000000000000e+02 1.337025154687499504e-03
1.080000000000000000e+02 1.344841370703124496e-03
1.090000000000000000e+02 1.361096189062499821e-03
1.100000000000000000e+02 1.385543082031250213e-03
1.110000000000000000e+02 1.417891369531249684e-03
1.120000000000000000e+02 1.457784910937500291e-03
1.130000000000000000e+02 1.504824672656249369e-03
1.140000000000000000e+02 1.558557898437500306e-03
1.150000000000000000e+02 1.618478792187499427e-03
1.160000000000000000e+02 1.684054510156248992e-03
1.170000000000000000e+02 1.754709714062500014e-03
1.180000000000000000e+02 1.829831276562499977e-03
1.190000000000000000e+02 1.908791431249999429e-03
1.200000000000000000e+02 1.990924211249999951e-03
1.210000000000000000e+02 2.075559952343751426e-03
1.220000000000000000e+02 2.162016192968751766e-03
1.230000000000000000e+02 2.249608552343751195e-03
1.240000000000000000e+02 2.337653347656249575e-03
1.250000000000000000e+02 2.425461499218749956e-03
1.260000000000000000e+02 2.512384507812499834e-03
1.270000000000000000e+02 2.597761067109375863e-03
1.280000000000000000e+02 2.680960053906251018e-03
1.290000000000000000e+02 2.761382521093749039e-03
1.300000000000000000e+02 2.838462701718749009e-03
1.310000000000000000e+02 2.911650910937500347e-03
1.320000000000000000e+02 2.980444986718750605e-03
1.330000000000000000e+02 3.044382944531249646e-03
1.340000000000000000e+02 3.103034305468749861e-03
1.350000000000000000e+02 3.156011023437500437e-03
1.360000000000000000e+02 3.202983234375000269e-03
1.370000000000000000e+02 3.243636039062500458e-03
1.380000000000000000e+02 3.277735585937499845e-03
1.390000000000000000e+02 3.305068906250000806e-03
1.400000000000000000e+02 3.325471484375000161e-03
1.410000000000000000e+02 3.338848125000000531e-03
1.420000000000000000e+02 3.345131718749999941e-03
1.430000000000000000e+02 3.344305234375002153e-03
1.440000000000000000e+02 3.336424765625001058e-03
1.450000000000000000e+02 3.321588437499998787e-03
1.460000000000000000e+02 3.299946171874999692e-03
1.470000000000000000e+02 3.271728828124997619e-03
1.480000000000000000e+02 3.237212812499998000e-03
1.490000000000000000e+02 3.196751796874999860e-03
1.500000000000000000e+02 3.150762421874999872e-03
1.510000000000000000e+02 3.099748921875000209e-03
1.520000000000000000e+02 3.044281195312499924e-03
1.530000000000000000e+02 2.985009187500000175e-03
1.540000000000000000e+02 2.922648929687499640e-03
1.550000000000000000e+02 2.858016219531249631e-03
1.560000000000000000e+02 2.791980195312500877e-03
1.570000000000000000e+02 2.725486546875000634e-03
1.580000000000000000e+02 2.659541062500001343e-03
1.590000000000000000e+02 2.595211406249998531e-03
1.600000000000000000e+02 2.533576249999999926e-03
1.610000000000000000e+02 2.475738437500000100e-03
1.620000000000000000e+02 2.422854484374999638e-03
1.630000000000000000e+02 2.376003906250000186e-03
1.640000000000000000e+02 2.336294459374999889e-03
1.650000000000000000e+02 2.304674929687500207e-03
1.660000000000000000e+02 2.282129421875001007e-03
1.670000000000000000e+02 2.269435156250000987e-03
1.680000000000000000e+02 2.267337133593750557e-03
1.690000000000000000e+02 2.276294679687500180e-03
1.700000000000000000e+02 2.296691523437500385e-03
1.710000000000000000e+02 2.328662639062500407e-03
1.720000000000000000e+02 2.372177072265624093e-03
1.730000000000000000e+02 2.426933254687499864e-03
1.740000000000000000e+02 2.492455757812500009e-03
1.750000000000000000e+02 2.568014232031250090e-03
1.760000000000000000e+02 2.652637507812498439e-03
1.770000000000000000e+02 2.745208640625000814e-03
1.780000000000000000e+02 2.844366625000000186e-03
1.790000000000000000e+02 2.948613070312499414e-03
1.800000000000000000e+02 3.056322882812501692e-03
1.810000000000000000e+02 3.165764921875000113e-03
1.820000000000000000e+02 3.275151250000000319e-03
1.830000000000000000e+02 3.382678046874998314e-03
1.840000000000000000e+02 3.486577187499997985e-03
1.850000000000000000e+02 3.585165624999998770e-03
1.860000000000000000e+02 3.676859062499999737e-03
1.870000000000000000e+02 3.760272265624998392e-03
1.880000000000000000e+02 3.834201718749998943e-03
1.890000000000000000e+02 3.897689531249999475e-03
1.900000000000000000e+02 3.950062656249998631e-03
1.910000000000000000e+02 3.990918296874999827e-03
1.920000000000000000e+02 4.020199429687501200e-03
1.930000000000000000e+02 4.038146335937498575e-03
1.940000000000000000e+02 4.045323328906249433e-03
1.950000000000000000e+02 4.042567539062499014e-03
1.960000000000000000e+02 4.031044226562499784e-03
1.970000000000000000e+02 4.012145335937501722e-03
1.980000000000000000e+02 3.987481234374998761e-03
1.990000000000000000e+02 3.958823539062500570e-03
2.000000000000000000e+02 3.928093398437500564e-03
2.010000000000000000e+02 3.897253843749998951e-03
2.020000000000000000e+02 3.868284609375001893e-03
2.030000000000000000e+02 3.843146640625000072e-03
2.040000000000000000e+02 3.823662343749999193e-03
2.050000000000000000e+02 3.811547265624998758e-03
2.060000000000000000e+02 3.808291484374999418e-03
2.070000000000000000e+02 3.815161875000000480e-03
2.080000000000000000e+02 3.833150312499998980e-03
2.090000000000000000e+02 3.862985234374999646e-03
2.100000000000000000e+02 3.905070078125000028e-03
2.110000000000000000e+02 3.959509374999999748e-03
2.120000000000000000e+02 4.026135078124999656e-03
2.130000000000000000e+02 4.104481640625000198e-03
2.140000000000000000e+02 4.193846640625000302e-03
2.150000000000000000e+02 4.293317703125003153e-03
2.160000000000000000e+02 4.401842210937498799e-03
2.170000000000000000e+02 4.518238906250000332e-03
2.180000000000000000e+02 4.641275000000001129e-03
2.190000000000000000e+02 4.769687812499999457e-03
2.200000000000000000e+02 4.902309765624998823e-03
2.210000000000000000e+02 5.038075937499999872e-03
2.220000000000000000e+02 5.176048546874996610e-03
2.230000000000000000e+02 5.315503187499999102e-03
2.240000000000000000e+02 5.455930156250001981e-03
2.250000000000000000e+02 5.597158281249999499e-03
2.260000000000000000e+02 5.739169765624999725e-03
2.270000000000000000e+02 5.882277421875002806e-03
2.280000000000000000e+02 6.027062476562500097e-03
2.290000000000000000e+02 6.174339437500002414e-03
2.300000000000000000e+02 6.325079945312499230e-03
2.310000000000000000e+02 6.480529875000001772e-03
2.320000000000000000e+02 6.641988585937498753e-03
2.330000000000000000e+02 6.810848940156250149e-03
2.340000000000000000e+02 6.988381437500000744e-03
2.350000000000000000e+02 7.176005328124999451e-03
2.360000000000000000e+02 7.374863484374999910e-03
2.370000000000000000e+02 7.585908564843752214e-03
2.380000000000000000e+02 7.809959210937502706e-03
2.390000000000000000e+02 8.047507625000000289e-03
2.400000000000000000e+02 8.298599433593749700e-03
2.410000000000000000e+02 8.563086265624998694e-03
2.420000000000000000e+02 8.840336429687498110e-03
2.430000000000000000e+02 9.129243281249999412e-03
2.440000000000000000e+02 9.428586718750003176e-03
2.450000000000000000e+02 9.736391499999996757e-03
2.460000000000000000e+02 1.005068640625000204e-02
2.470000000000000000e+02 1.036890359374999931e-02
2.480000000000000000e+02 1.068828452343749923e-02
2.490000000000000000e+02 1.100597779687500360e-02
2.500000000000000000e+02 1.131875782632811751e-02
2.510000000000000000e+02 1.162342306250000248e-02
2.520000000000000000e+02 1.191678793750000111e-02
2.530000000000000000e+02 1.219548437500000103e-02
2.540000000000000000e+02 1.245649554687499640e-02
2.550000000000000000e+02 1.269686414062499297e-02
2.560000000000000000e+02 1.291372414062499918e-02
2.570000000000000000e+02 1.310475359374999559e-02
2.580000000000000000e+02 1.326772359374999745e-02
2.590000000000000000e+02 1.340094421875000219e-02
2.600000000000000000e+02 1.350301128124999951e-02
2.610000000000000000e+02 1.357306220312499111e-02
2.620000000000000000e+02 1.361035365390625765e-02
2.630000000000000000e+02 1.361499905468750715e-02
2.640000000000000000e+02 1.358723768593749978e-02
2.650000000000000000e+02 1.352782972812500116e-02
2.660000000000000000e+02 1.343784378515625044e-02
2.670000000000000000e+02 1.331874626328125380e-02
2.680000000000000000e+02 1.317224386718750077e-02
2.690000000000000000e+02 1.300055955468750607e-02
2.700000000000000000e+02 1.280572117187500462e-02
2.710000000000000000e+02 1.259039118749999062e-02
2.720000000000000000e+02 1.235720784375000068e-02
2.730000000000000000e+02 1.210887407031249752e-02
2.740000000000000000e+02 1.184835576249999509e-02
2.750000000000000000e+02 1.157846777343750008e-02
2.760000000000000000e+02 1.130229375000000279e-02
2.770000000000000000e+02 1.102269617187499884e-02
2.780000000000000000e+02 1.074269031249999728e-02
2.790000000000000000e+02 1.046510148437499593e-02
2.800000000000000000e+02 1.019286265624999750e-02
2.810000000000000000e+02 9.928630781250002979e-03
2.820000000000000000e+02 9.675103515624996695e-03
2.830000000000000000e+02 9.434912476562499692e-03
2.840000000000000000e+02 9.210462789062500225e-03
2.850000000000000000e+02 9.004136687500000763e-03
2.860000000000000000e+02 8.818128656249996783e-03
2.870000000000000000e+02 8.654572000000006204e-03
2.880000000000000000e+02 8.515403906249999905e-03
2.890000000000000000e+02 8.402466671874995671e-03
2.900000000000000000e+02 8.317436384374999811e-03
2.910000000000000000e+02 8.261751756250001327e-03
2.920000000000000000e+02 8.236758890624997637e-03
2.930000000000000000e+02 8.243658078124998720e-03
2.940000000000000000e+02 8.283230224218748536e-03
2.950000000000000000e+02 8.356327585937500108e-03
2.960000000000000000e+02 8.463190648437495314e-03
2.970000000000000000e+02 8.604146014843747775e-03
2.980000000000000000e+02 8.778963186015625517e-03
2.990000000000000000e+02 8.987340437500003151e-03
3.000000000000000000e+02 9.228429550000000203e-03
3.010000000000000000e+02 9.501268177343747540e-03
3.020000000000000000e+02 9.804370396874996160e-03
3.030000000000000000e+02 1.013614845312499867e-02
3.040000000000000000e+02 1.049447213281250180e-02
3.050000000000000000e+02 1.087698513281250105e-02
3.060000000000000000e+02 1.128098444531249953e-02
3.070000000000000000e+02 1.170363782812500024e-02
3.080000000000000000e+02 1.214169585156249856e-02
3.090000000000000000e+02 1.259173438671874930e-02
3.100000000000000000e+02 1.305022601093750248e-02
3.110000000000000000e+02 1.351336673437500240e-02
3.120000000000000000e+02 1.397733830468749459e-02
3.130000000000000000e+02 1.443837496874999897e-02
3.140000000000000000e+02 1.489258711718750502e-02
3.150000000000000000e+02 1.533613970312500303e-02
3.160000000000000000e+02 1.576547342968750293e-02
3.170000000000000000e+02 1.617704855468750369e-02
3.180000000000000000e+02 1.656767578671874963e-02
3.190000000000000000e+02 1.693430280468749896e-02
3.200000000000000000e+02 1.727425027812499320e-02
3.210000000000000000e+02 1.758522119062499306e-02
3.220000000000000000e+02 1.786515797109375706e-02
3.230000000000000000e+02 1.811246335078125005e-02
3.240000000000000000e+02 1.832606472734375422e-02
3.250000000000000000e+02 1.850508632812499984e-02
3.260000000000000000e+02 1.864926199999999631e-02
3.270000000000000000e+02 1.875890317187500073e-02
3.280000000000000000e+02 1.883445620312499888e-02
3.290000000000000000e+02 1.887706320312499200e-02
3.300000000000000000e+02 1.888826140625000580e-02
3.310000000000000000e+02 1.887009773437500065e-02
3.320000000000000000e+02 1.882499171875000321e-02
3.330000000000000000e+02 1.875566898437500130e-02
3.340000000000000000e+02 1.866532187500000162e-02
3.350000000000000000e+02 1.855725781250000539e-02
3.360000000000000000e+02 1.843503828124999980e-02
3.370000000000000000e+02 1.830250937500000827e-02
3.380000000000000000e+02 1.816335078124999697e-02
3.390000000000000000e+02 1.802150312500000462e-02
3.400000000000000000e+02 1.788067499999999865e-02
3.410000000000000000e+02 1.774452656250000496e-02
3.420000000000000000e+02 1.761682734374999185e-02
3.430000000000000000e+02 1.750080078124999217e-02
3.440000000000000000e+02 1.739976015625000969e-02
3.450000000000000000e+02 1.731665312499999429e-02
3.460000000000000000e+02 1.725415937499999788e-02
3.470000000000000000e+02 1.721481640625000670e-02
3.480000000000000000e+02 1.720071562499999804e-02
3.490000000000000000e+02 1.721353515624999414e-02
3.500000000000000000e+02 1.725487343749999847e-02
3.510000000000000000e+02 1.732552968749999714e-02
3.520000000000000000e+02 1.742627734375000459e-02
3.530000000000000000e+02 1.755713906250000803e-02
3.540000000000000000e+02 1.771803593750000128e-02
3.550000000000000000e+02 1.790815312500000991e-02
3.560000000000000000e+02 1.812630781249998518e-02
3.570000000000000000e+02 1.837105937500000188e-02
3.580000000000000000e+02 1.864034921875000472e-02
3.590000000000000000e+02 1.893183828125000190e-02
3.600000000000000000e+02 1.924286484374999884e-02
3.610000000000000000e+02 1.957028281249999918e-02
3.620000000000000000e+02 1.991088195312501127e-02
3.630000000000000000e+02 2.026098578124999050e-02
3.640000000000000000e+02 2.061675210937500072e-02
3.650000000000000000e+02 2.097421304687500238e-02
3.660000000000000000e+02 2.132906523437501367e-02
3.670000000000000000e+02 2.167719851562501313e-02
3.680000000000000000e+02 2.201416124999999030e-02
3.690000000000000000e+02 2.233577609374998857e-02
3.700000000000000000e+02 2.263776403125001419e-02
3.710000000000000000e+02 2.291610814843750982e-02
3.720000000000000000e+02 2.316727484375000548e-02
3.730000000000000000e+02 2.338774725000000027e-02
3.740000000000000000e+02 2.357479328046873865e-02
3.750000000000000000e+02 2.372594968593750436e-02
3.760000000000000000e+02 2.383953897656250140e-02
3.770000000000000000e+02 2.391432653124999155e-02
3.780000000000000000e+02 2.394989266406250678e-02
3.790000000000000000e+02 2.394636339843746881e-02
3.800000000000000000e+02 2.390443769531250956e-02
3.810000000000000000e+02 2.382555085468749181e-02
3.820000000000000000e+02 2.371158257890625121e-02
3.830000000000000000e+02 2.356497414843748694e-02
3.840000000000000000e+02 2.338860627343750803e-02
3.850000000000000000e+02 2.318575976562499072e-02
3.860000000000000000e+02 2.295999539062500844e-02
3.870000000000000000e+02 2.271499695312501413e-02
3.880000000000000000e+02 2.245457671875000435e-02
3.890000000000000000e+02 2.218275171874998716e-02
3.900000000000000000e+02 2.190318484374998223e-02
3.910000000000000000e+02 2.161938499999999444e-02
3.920000000000000000e+02 2.133463515625000709e-02
3.930000000000000000e+02 2.105180468750000519e-02
3.940000000000000000e+02 2.077340078124999267e-02
3.950000000000000000e+02 2.050123437499999646e-02
3.960000000000000000e+02 2.023656328125000847e-02
3.970000000000000000e+02 1.998035156249999833e-02
3.980000000000000000e+02 1.973273359375000285e-02
3.990000000000000000e+02 1.949341874999999114e-02
4.000000000000000000e+02 1.926161093749999623e-02
4.010000000000000000e+02 1.903610546874998088e-02
4.020000000000000000e+02 1.881518046875000141e-02
4.030000000000000000e+02 1.859706328125001334e-02
4.040000000000000000e+02 1.837947187500001134e-02
4.050000000000000000e+02 1.816008671875001326e-02
4.060000000000000000e+02 1.793647031249999760e-02
4.070000000000000000e+02 1.770605703125000333e-02
4.080000000000000000e+02 1.746639921875001514e-02
4.090000000000000000e+02 1.721514999999999157e-02
4.100000000000000000e+02 1.695010937500001161e-02
4.110000000000000000e+02 1.666921874999999567e-02
4.120000000000000000e+02 1.637095312500000746e-02
4.130000000000000000e+02 1.605402968749999534e-02
4.140000000000000000e+02 1.571760546875000317e-02
4.150000000000000000e+02 1.536141249999999590e-02
4.160000000000000000e+02 1.498554609374999971e-02
4.170000000000000000e+02 1.459074296875000065e-02
4.180000000000000000e+02 1.417816640624998750e-02
4.190000000000000000e+02 1.374948515624999784e-02
4.200000000000000000e+02 1.330685468749999954e-02
4.210000000000000000e+02 1.285283750000000037e-02
4.220000000000000000e+02 1.239023437500000151e-02
4.230000000000000000e+02 1.192213359375000198e-02
4.240000000000000000e+02 1.145199687499999681e-02
4.250000000000000000e+02 1.098303515625000115e-02
4.260000000000000000e+02 1.051853749999999942e-02
4.270000000000000000e+02 1.006165156249999582e-02
4.280000000000000000e+02 9.615315625000004154e-03
4.290000000000000000e+02 9.182182031249994450e-03
4.300000000000000000e+02 8.764342187499996051e-03
4.310000000000000000e+02 8.363705468749997943e-03
4.320000000000000000e+02 7.981535937499997443e-03
4.330000000000000000e+02 7.618758593749999468e-03
4.340000000000000000e+02 7.275638281250001657e-03
4.350000000000000000e+02 6.952075000000005472e-03
4.360000000000000000e+02 6.647376093750002532e-03
4.370000000000000000e+02 6.360434453125000942e-03
4.380000000000000000e+02 6.089774843750000478e-03
4.390000000000000000e+02 5.833481875000000143e-03
4.400000000000000000e+02 5.589516015625003130e-03
4.410000000000000000e+02 5.355569687499996297e-03
4.420000000000000000e+02 5.129571015625002464e-03
4.430000000000000000e+02 4.909518437500001373e-03
4.440000000000000000e+02 4.693683203124999169e-03
4.450000000000000000e+02 4.480904374999998031e-03
4.460000000000000000e+02 4.270565625000003612e-03
4.470000000000000000e+02 4.062593203125000087e-03
4.480000000000000000e+02 3.857648671874997891e-03
4.490000000000000000e+02 3.656897656249998886e-03
4.500000000000000000e+02 3.462089296874999635e-03
4.510000000000000000e+02 3.275463359374999103e-03
4.520000000000000000e+02 3.099565624999999110e-03
4.530000000000000000e+02 2.937234484375000985e-03
4.540000000000000000e+02 2.791369453124999470e-03
4.550000000000000000e+02 2.664841914062499127e-03
4.560000000000000000e+02 2.560290609374999467e-03
4.570000000000000000e+02 2.479943953125000444e-03
4.580000000000000000e+02 2.425437703125001270e-03
4.590000000000000000e+02 2.397679320312499397e-03
4.600000000000000000e+02 2.396695074218750405e-03
4.610000000000000000e+02 2.421563974999999848e-03
4.620000000000000000e+02 2.470403248437501396e-03
4.630000000000000000e+02 2.540329060937502031e-03
4.640000000000000000e+02 2.627561377343749609e-03
4.650000000000000000e+02 2.727457767968749763e-03
4.660000000000000000e+02 2.834666961718747616e-03
4.670000000000000000e+02 2.943293492187501297e-03
4.680000000000000000e+02 3.047082945312501023e-03
4.690000000000000000e+02 3.139696640625001811e-03
4.700000000000000000e+02 3.215061562500000965e-03
4.710000000000000000e+02 3.267612890625000432e-03
4.720000000000000000e+02 3.292761406249999738e-03
4.730000000000000000e+02 3.287075078125000806e-03
4.740000000000000000e+02 3.248594531249999334e-03
4.750000000000000000e+02 3.176982968749999994e-03
4.760000000000000000e+02 3.073676328125001574e-03
4.770000000000000000e+02 2.941965546875001392e-03
4.780000000000000000e+02 2.787068359374999128e-03
4.790000000000000000e+02 2.616121562500000036e-03
4.800000000000000000e+02 2.438143671874999467e-03
4.810000000000000000e+02 2.263805546875000824e-03
4.820000000000000000e+02 2.105092664062500549e-03
4.830000000000000000e+02 1.974695296874999680e-03
4.840000000000000000e+02 1.885161498437500256e-03
4.850000000000000000e+02 1.847855462968750169e-03
4.860000000000000000e+02 1.871735835937500666e-03
4.870000000000000000e+02 1.962155460937500557e-03
4.880000000000000000e+02 2.119803968750000756e-03
4.890000000000000000e+02 2.339901648437500009e-03
4.900000000000000000e+02 2.611817562500001223e-03
4.910000000000000000e+02 2.919147984374999023e-03
4.920000000000000000e+02 3.240372187500001246e-03
4.930000000000000000e+02 3.550021171875001637e-03
4.940000000000000000e+02 3.820610195312501307e-03
4.950000000000000000e+02 4.025158109374998676e-03
4.960000000000000000e+02 4.140508023437501281e-03
4.970000000000000000e+02 4.150867414062499490e-03
4.980000000000000000e+02 4.051293085937498518e-03
4.990000000000000000e+02 3.850157687499997355e-03
5.000000000000000000e+02 3.569930945312497789e-03
5.010000000000000000e+02 3.245522226562499047e-03
5.020000000000000000e+02 2.919684000000001816e-03
5.030000000000000000e+02 2.635677421093750045e-03
5.040000000000000000e+02 2.427534136718750759e-03
5.050000000000000000e+02 2.309501179687501252e-03
5.060000000000000000e+02 2.266758171874999270e-03
5.070000000000000000e+02 2.251336000000000483e-03
5.080000000000000000e+02 2.189948302343749584e-03
5.090000000000000000e+02 2.017318304687500639e-03
5.100000000000000000e+02 1.763481972890624519e-03
5.110000000000000000e+02 1.754514156250000338e-03
