0.000000000000000000e+00 6.352945390624998960e-03
1.000000000000000000e+00 6.321948984374999893e-03
2.000000000000000000e+00 6.260308046874998693e-03
3.000000000000000000e+00 6.168762578125002241e-03
4.000000000000000000e+00 6.048328281249999369e-03
5.000000000000000000e+00 5.900402187500000672e-03
6.000000000000000000e+00 5.726680578124999747e-03
7.000000000000000000e+00 5.529228882812498198e-03
8.000000000000000000e+00 5.310183531250000158e-03
9.000000000000000000e+00 5.072099117187498472e-03
1.000000000000000000e+01 4.817633406250001506e-03
1.100000000000000000e+01 4.549628835937498915e-03
1.200000000000000000e+01 4.271047257812499685e-03
1.300000000000000000e+01 3.984982062499999728e-03
1.400000000000000000e+01 3.694537203124999801e-03
1.500000000000000000e+01 3.402821539062498950e-03
1.600000000000000000e+01 3.112942704687498945e-03
1.700000000000000000e+01 2.827913957031248995e-03
1.800000000000000000e+01 2.550678919687501735e-03
1.900000000000000000e+01 2.284027107031251155e-03
2.000000000000000000e+01 2.030576942968750475e-03
2.100000000000000000e+01 1.792760320312500495e-03
2.200000000000000000e+01 1.572790929687500937e-03
2.300000000000000000e+01 1.372626039062500251e-03
2.400000000000000000e+01 1.193978343750000089e-03
2.500000000000000000e+01 1.038271429687500106e-03
2.600000000000000000e+01 9.066548437499996746e-04
2.700000000000000000e+01 7.999757031249999251e-04
2.800000000000000000e+01 7.187948437499998029e-04
2.900000000000000000e+01 6.633754374999995635e-04
3.000000000000000000e+01 6.337023281249997038e-04
3.100000000000000000e+01 6.294737656249998906e-04
3.200000000000000000e+01 6.501319195312500526e-04
3.300000000000000000e+01 6.948604382812503203e-04
3.400000000000000000e+01 7.626169929687500078e-04
3.500000000000000000e+01 8.521486562499999261e-04
3.600000000000000000e+01 9.620072656250001518e-04
3.700000000000000000e+01 1.090584841406249273e-03
3.800000000000000000e+01 1.236125339843749090e-03
3.900000000000000000e+01 1.396770542968749909e-03
4.000000000000000000e+01 1.570559707812500035e-03
4.100000000000000000e+01 1.755470849999999500e-03
4.200000000000000000e+01 1.949452350781250140e-03
4.300000000000000000e+01 2.150419346875001147e-03
4.400000000000000000e+01 2.356321922656249342e-03
4.500000000000000000e+01 2.565124331249999442e-03
4.600000000000000000e+01 2.774847093750000375e-03
4.700000000000000000e+01 2.983571411718749337e-03
4.800000000000000000e+01 3.189480070312497324e-03
4.900000000000000000e+01 3.390855796875000359e-03
5.000000000000000000e+01 3.586097085937500935e-03
5.100000000000000000e+01 3.773705539062499961e-03
5.200000000000000000e+01 3.952346085937501717e-03
5.300000000000000000e+01 4.120817343749997794e-03
5.400000000000000000e+01 4.278040874999998987e-03
5.500000000000000000e+01 4.423105796875002708e-03
5.600000000000000000e+01 4.555227929687500829e-03
5.700000000000000000e+01 4.673778109374999469e-03
5.800000000000000000e+01 4.778279687499997763e-03
5.900000000000000000e+01 4.868368125000000456e-03
6.000000000000000000e+01 4.943833125000004179e-03
6.100000000000000000e+01 5.004539687500000195e-03
6.200000000000000000e+01 5.050553593750002450e-03
6.300000000000000000e+01 5.081999218750000991e-03
6.400000000000000000e+01 5.099074531249998300e-03
6.500000000000000000e+01 5.102111640624996947e-03
6.600000000000000000e+01 5.091518437500000376e-03
6.700000000000000000e+01 5.067735078125004157e-03
6.800000000000000000e+01 5.031342109374997186e-03
6.900000000000000000e+01 4.982898671874999574e-03
7.000000000000000000e+01 4.923095625000001134e-03
7.100000000000000000e+01 4.852540390625000033e-03
7.200000000000000000e+01 4.772022656249996948e-03
7.300000000000000000e+01 4.682213593749998994e-03
7.400000000000000000e+01 4.583920312499999844e-03
7.500000000000000000e+01 4.477885468749998044e-03
7.600000000000000000e+01 4.364905859374999635e-03
7.700000000000000000e+01 4.245764296874998504e-03
7.800000000000000000e+01 4.121253281249999054e-03
7.900000000000000000e+01 3.992153281250000740e-03
8.000000000000000000e+01 3.859250156249996715e-03
8.100000000000000000e+01 3.723327578125000363e-03
8.200000000000000000e+01 3.585141250000000324e-03
8.300000000000000000e+01 3.445463046875000580e-03
8.400000000000000000e+01 3.305021796875000882e-03
8.500000000000000000e+01 3.164570234374999673e-03
8.600000000000000000e+01 3.024796093750000119e-03
8.700000000000000000e+01 2.886439843750000182e-03
8.800000000000000000e+01 2.750166718750000124e-03
8.900000000000000000e+01 2.616640625000001344e-03
9.000000000000000000e+01 2.486508515625000283e-03
9.100000000000000000e+01 2.360409062500001213e-03
9.200000000000000000e+01 2.238930390624999014e-03
9.300000000000000000e+01 2.122655671874998980e-03
9.400000000000000000e+01 2.012127414062500706e-03
9.500000000000000000e+01 1.907865265624999768e-03
9.600000000000000000e+01 1.810340906249999649e-03
9.700000000000000000e+01 1.720019204687499303e-03
9.800000000000000000e+01 1.637292935156251092e-03
9.900000000000000000e+01 1.562530460937499232e-03
1.000000000000000000e+02 1.496057320312500554e-03
1.010000000000000000e+02 1.438134570312499900e-03
1.020000000000000000e+02 1.388988984374999987e-03
1.030000000000000000e+02 1.348788273437500143e-03
1.040000000000000000e+02 1.317640234374999574e-03
1.050000000000000000e+02 1.295603437500000843e-03
1.060000000000000000e+02 1.282676372656249781e-03
1.070000000000000000e+02 1.278794864062500567e-03
1.080000000000000000e+02 1.283839086718749963e-03
1.090000000000000000e+02 1.297629711718749487e-03
1.100000000000000000e+02 1.319924898437500492e-03
1.110000000000000000e+02 1.350427250781249247e-03
1.120000000000000000e+02 1.388782135156249988e-03
1.130000000000000000e+02 1.434597804687500356e-03
1.140000000000000000e+02 1.487412046874999347e-03
1.150000000000000000e+02 1.546726756249999475e-03
1.160000000000000000e+02 1.612007646093750702e-03
1.170000000000000000e+02 1.682669582031249937e-03
1.180000000000000000e+02 1.758102228125000112e-03
1.190000000000000000e+02 1.837677390625000245e-03
1.200000000000000000e+02 1.920727559374999774e-03
1.210000000000000000e+02 2.006580287499999931e-03
1.220000000000000000e+02 2.094552950781250564e-03
1.230000000000000000e+02 2.183944454687500487e-03
1.240000000000000000e+02 2.274069248437499396e-03
1.250000000000000000e+02 2.364241593749999253e-03
1.260000000000000000e+02 2.453791023437500076e-03
1.270000000000000000e+02 2.542051470312500349e-03
1.280000000000000000e+02 2.628385275000001079e-03
1.290000000000000000e+02 2.712174826562499790e-03
1.300000000000000000e+02 2.792835743749999978e-03
1.310000000000000000e+02 2.869813956171874455e-03
1.320000000000000000e+02 2.942579600058593814e-03
1.330000000000000000e+02 3.010655588281248470e-03
1.340000000000000000e+02 3.073590309374998886e-03
1.350000000000000000e+02 3.130979289062500812e-03
1.360000000000000000e+02 3.182457750000000554e-03
1.370000000000000000e+02 3.227705140624998609e-03
1.380000000000000000e+02 3.266451718750000132e-03
1.390000000000000000e+02 3.298467343749998323e-03
1.400000000000000000e+02 3.323554062500000666e-03
1.410000000000000000e+02 3.341591484375001139e-03
1.420000000000000000e+02 3.352489453124999925e-03
1.430000000000000000e+02 3.356211406249999789e-03
1.440000000000000000e+02 3.352772031250000808e-03
1.450000000000000000e+02 3.342244687500000797e-03
1.460000000000000000e+02 3.324761171874999772e-03
1.470000000000000000e+02 3.300509218750001268e-03
1.480000000000000000e+02 3.269735546874999454e-03
1.490000000000000000e+02 3.232771015624998426e-03
1.500000000000000000e+02 3.190005312499999499e-03
1.510000000000000000e+02 3.141882968749999845e-03
1.520000000000000000e+02 3.088955937500000373e-03
1.530000000000000000e+02 3.031833749999999442e-03
1.540000000000000000e+02 2.971209500000000434e-03
1.550000000000000000e+02 2.907842707031248544e-03
1.560000000000000000e+02 2.842570601562500326e-03
1.570000000000000000e+02 2.776306899218751196e-03
1.580000000000000000e+02 2.710025617187500346e-03
1.590000000000000000e+02 2.644717351562499586e-03
1.600000000000000000e+02 2.581514203125001225e-03
1.610000000000000000e+02 2.521443453125000143e-03
1.620000000000000000e+02 2.465647320312500546e-03
1.630000000000000000e+02 2.415189195312500425e-03
1.640000000000000000e+02 2.371180779687499969e-03
1.650000000000000000e+02 2.334627187500000478e-03
1.660000000000000000e+02 2.306456226562500229e-03
1.670000000000000000e+02 2.287536632812500487e-03
1.680000000000000000e+02 2.278605749999999125e-03
1.690000000000000000e+02 2.280217312499999583e-03
1.700000000000000000e+02 2.292832109375000232e-03
1.710000000000000000e+02 2.316661451562499439e-03
1.720000000000000000e+02 2.351739107609376097e-03
1.730000000000000000e+02 2.397943249218751141e-03
1.740000000000000000e+02 2.454837419531249228e-03
1.750000000000000000e+02 2.521868589062499760e-03
1.760000000000000000e+02 2.598199311640624586e-03
1.770000000000000000e+02 2.682822671874999718e-03
1.780000000000000000e+02 2.774535640625000812e-03
1.790000000000000000e+02 2.871970554687499656e-03
1.800000000000000000e+02 2.973620864843748868e-03
1.810000000000000000e+02 3.077879203125000272e-03
1.820000000000000000e+02 3.183070249999999518e-03
1.830000000000000000e+02 3.287482289062499622e-03
1.840000000000000000e+02 3.389387929687499943e-03
1.850000000000000000e+02 3.487176796874999398e-03
1.860000000000000000e+02 3.579300859375000518e-03
1.870000000000000000e+02 3.664349843749999461e-03
1.880000000000000000e+02 3.741100468749999994e-03
1.890000000000000000e+02 3.808528125000002363e-03
1.900000000000000000e+02 3.865909531250000426e-03
1.910000000000000000e+02 3.912699890624999483e-03
1.920000000000000000e+02 3.948747374999998783e-03
1.930000000000000000e+02 3.974116679687500486e-03
1.940000000000000000e+02 3.989187406249999727e-03
1.950000000000000000e+02 3.994664273437499406e-03
1.960000000000000000e+02 3.991491968750000147e-03
1.970000000000000000e+02 3.980873609374998602e-03
1.980000000000000000e+02 3.964224398437498839e-03
1.990000000000000000e+02 3.943149710937499802e-03
2.000000000000000000e+02 3.919375867187500743e-03
2.010000000000000000e+02 3.894725312500001927e-03
2.020000000000000000e+02 3.871062499999999504e-03
2.030000000000000000e+02 3.850217499999999699e-03
2.040000000000000000e+02 3.833957031250001101e-03
2.050000000000000000e+02 3.823949609374998476e-03
2.060000000000000000e+02 3.821684921874999186e-03
2.070000000000000000e+02 3.828451328125000337e-03
2.080000000000000000e+02 3.845312656250000124e-03
2.090000000000000000e+02 3.873093203124999655e-03
2.100000000000000000e+02 3.912310156250000358e-03
2.110000000000000000e+02 3.963222812500000192e-03
2.120000000000000000e+02 4.025839765624998970e-03
2.130000000000000000e+02 4.099891640624998834e-03
2.140000000000000000e+02 4.184875703124999423e-03
2.150000000000000000e+02 4.280087750000000600e-03
2.160000000000000000e+02 4.384664685156249367e-03
2.170000000000000000e+02 4.497607835937499597e-03
2.180000000000000000e+02 4.617857968750000743e-03
2.190000000000000000e+02 4.744339531249999915e-03
2.200000000000000000e+02 4.876012476562502015e-03
2.210000000000000000e+02 5.011883593750000518e-03
2.220000000000000000e+02 5.151094757812497808e-03
2.230000000000000000e+02 5.292968492187500283e-03
2.240000000000000000e+02 5.436974296875000945e-03
2.250000000000000000e+02 5.582912500000000375e-03
2.260000000000000000e+02 5.730686171875000803e-03
2.270000000000000000e+02 5.880516484374999873e-03
2.280000000000000000e+02 6.032806101562500530e-03
2.290000000000000000e+02 6.188284914062501529e-03
2.300000000000000000e+02 6.347691749999997794e-03
2.310000000000000000e+02 6.512133601562497542e-03
2.320000000000000000e+02 6.682649632812502627e-03
2.330000000000000000e+02 6.860458124999998034e-03
2.340000000000000000e+02 7.046732586718748234e-03
2.350000000000000000e+02 7.242584187500000596e-03
2.360000000000000000e+02 7.449106164062499306e-03
2.370000000000000000e+02 7.667114789843751214e-03
2.380000000000000000e+02 7.897251148437499368e-03
2.390000000000000000e+02 8.139950374999998031e-03
2.400000000000000000e+02 8.395283177343748973e-03
2.410000000000000000e+02 8.662976867187499944e-03
2.420000000000000000e+02 8.942444250000000650e-03
2.430000000000000000e+02 9.232754898437499011e-03
2.440000000000000000e+02 9.532529148437498059e-03
2.450000000000000000e+02 9.840119382812500051e-03
2.460000000000000000e+02 1.015342515625000143e-02
2.470000000000000000e+02 1.047018671875000161e-02
2.480000000000000000e+02 1.078776542187499798e-02
2.490000000000000000e+02 1.110337101562499686e-02
2.500000000000000000e+02 1.141396806249999653e-02
2.510000000000000000e+02 1.171648957812500107e-02
2.520000000000000000e+02 1.200780382812500872e-02
2.530000000000000000e+02 1.228486181249999892e-02
2.540000000000000000e+02 1.254445765624999896e-02
2.550000000000000000e+02 1.278386554687500204e-02
2.560000000000000000e+02 1.300029882812500127e-02
2.570000000000000000e+02 1.319147132812499394e-02
2.580000000000000000e+02 1.335512296874999394e-02
2.590000000000000000e+02 1.348956257812500281e-02
2.600000000000000000e+02 1.359337145312499752e-02
2.610000000000000000e+02 1.366556735937499677e-02
2.620000000000000000e+02 1.370545574218749903e-02
2.630000000000000000e+02 1.371298262968749342e-02
2.640000000000000000e+02 1.368832237499999736e-02
2.650000000000000000e+02 1.363206373046875301e-02
2.660000000000000000e+02 1.354525150546875313e-02
2.670000000000000000e+02 1.342915779999999913e-02
2.680000000000000000e+02 1.328539917968749907e-02
2.690000000000000000e+02 1.311602985156250581e-02
2.700000000000000000e+02 1.292304367187499699e-02
2.710000000000000000e+02 1.270899461718750546e-02
2.720000000000000000e+02 1.247628889062499941e-02
2.730000000000000000e+02 1.222766448437499764e-02
2.740000000000000000e+02 1.196594030468750396e-02
2.750000000000000000e+02 1.169386296875000487e-02
2.760000000000000000e+02 1.141445632031250212e-02
2.770000000000000000e+02 1.113060468750000365e-02
2.780000000000000000e+02 1.084513234375000280e-02
2.790000000000000000e+02 1.056095484375000129e-02
2.800000000000000000e+02 1.028091335937500114e-02
2.810000000000000000e+02 1.000780414062499464e-02
2.820000000000000000e+02 9.744193437499996252e-03
2.830000000000000000e+02 9.492746171875003636e-03
2.840000000000000000e+02 9.255932859374992744e-03
2.850000000000000000e+02 9.036177304687502063e-03
2.860000000000000000e+02 8.835752778203120536e-03
2.870000000000000000e+02 8.656798806796877840e-03
2.880000000000000000e+02 8.501363335937504873e-03
2.890000000000000000e+02 8.371361343750001460e-03
2.900000000000000000e+02 8.268476468749997449e-03
2.910000000000000000e+02 8.194433344531255187e-03
2.920000000000000000e+02 8.150674085937498550e-03
2.930000000000000000e+02 8.138361656250000728e-03
2.940000000000000000e+02 8.158610260390627630e-03
2.950000000000000000e+02 8.212320009375002894e-03
2.960000000000000000e+02 8.300010718750003985e-03
2.970000000000000000e+02 8.422072325390623365e-03
2.980000000000000000e+02 8.578627065624998618e-03
2.990000000000000000e+02 8.769433023437496824e-03
3.000000000000000000e+02 8.993936015937497100e-03
3.010000000000000000e+02 9.251375382812506570e-03
3.020000000000000000e+02 9.540513620859373059e-03
3.030000000000000000e+02 9.859879410937499519e-03
3.040000000000000000e+02 1.020763839843749979e-02
3.050000000000000000e+02 1.058169887968749869e-02
3.060000000000000000e+02 1.097953471093750070e-02
3.070000000000000000e+02 1.139837008687500167e-02
3.080000000000000000e+02 1.183526832812499714e-02
3.090000000000000000e+02 1.228691068750000469e-02
3.100000000000000000e+02 1.274981158593750490e-02
3.110000000000000000e+02 1.322034590156250487e-02
3.120000000000000000e+02 1.369474418828124478e-02
3.130000000000000000e+02 1.416920572890624681e-02
3.140000000000000000e+02 1.463975109296875021e-02
3.150000000000000000e+02 1.510269962500000382e-02
3.160000000000000000e+02 1.555429211234374970e-02
3.170000000000000000e+02 1.599082779843750621e-02
3.180000000000000000e+02 1.640894304375000237e-02
3.190000000000000000e+02 1.680542243390624121e-02
3.200000000000000000e+02 1.717738344296875289e-02
3.210000000000000000e+02 1.752222380234374349e-02
3.220000000000000000e+02 1.783764392109375360e-02
3.230000000000000000e+02 1.812168526562500312e-02
3.240000000000000000e+02 1.837300164062500088e-02
3.250000000000000000e+02 1.859037317187499372e-02
3.260000000000000000e+02 1.877310092968750843e-02
3.270000000000000000e+02 1.892104945312500855e-02
3.280000000000000000e+02 1.903449960937500865e-02
3.290000000000000000e+02 1.911400617187500317e-02
3.300000000000000000e+02 1.916083804687499295e-02
3.310000000000000000e+02 1.917662312500000021e-02
3.320000000000000000e+02 1.916335914062500603e-02
3.330000000000000000e+02 1.912349453124999668e-02
3.340000000000000000e+02 1.905976796875000212e-02
3.350000000000000000e+02 1.897539062499999443e-02
3.360000000000000000e+02 1.887356249999999971e-02
3.370000000000000000e+02 1.875785937500000153e-02
3.380000000000000000e+02 1.863181406250000172e-02
3.390000000000000000e+02 1.849922656249999159e-02
3.400000000000000000e+02 1.836364765624999909e-02
3.410000000000000000e+02 1.822870546875000192e-02
3.420000000000000000e+02 1.809799687499999421e-02
3.430000000000000000e+02 1.797487421875000255e-02
3.440000000000000000e+02 1.786256328124999695e-02
3.450000000000000000e+02 1.776413984374999866e-02
3.460000000000000000e+02 1.768244609374998791e-02
3.470000000000000000e+02 1.762014999999999762e-02
3.480000000000000000e+02 1.757949374999999079e-02
3.490000000000000000e+02 1.756251718749999441e-02
3.500000000000000000e+02 1.757092109375000405e-02
3.510000000000000000e+02 1.760608593750000173e-02
3.520000000000000000e+02 1.766894843749999139e-02
3.530000000000000000e+02 1.776016562500000798e-02
3.540000000000000000e+02 1.787972031249998595e-02
3.550000000000000000e+02 1.802757578124999926e-02
3.560000000000000000e+02 1.820288125000000048e-02
3.570000000000000000e+02 1.840460234375000670e-02
3.580000000000000000e+02 1.863123125000000838e-02
3.590000000000000000e+02 1.888091171875000071e-02
3.600000000000000000e+02 1.915135468750000028e-02
3.610000000000000000e+02 1.943989687500000466e-02
3.620000000000000000e+02 1.974370312499998739e-02
3.630000000000000000e+02 2.005957015624999784e-02
3.640000000000000000e+02 2.038400343749997845e-02
3.650000000000000000e+02 2.071324234374999351e-02
3.660000000000000000e+02 2.104352640625000576e-02
3.670000000000000000e+02 2.137075804687500399e-02
3.680000000000000000e+02 2.169080624999999291e-02
3.690000000000000000e+02 2.199949789062500063e-02
3.700000000000000000e+02 2.229282703124998641e-02
3.710000000000000000e+02 2.256677200781249254e-02
3.720000000000000000e+02 2.281759456249999457e-02
3.730000000000000000e+02 2.304186755468750139e-02
3.740000000000000000e+02 2.323658026093750051e-02
3.750000000000000000e+02 2.339906980078124490e-02
3.760000000000000000e+02 2.352731571874999705e-02
3.770000000000000000e+02 2.361992927343748230e-02
3.780000000000000000e+02 2.367590019531249854e-02
3.790000000000000000e+02 2.369504196093750320e-02
3.800000000000000000e+02 2.367761846093751829e-02
3.810000000000000000e+02 2.362451201562500158e-02
3.820000000000000000e+02 2.353718846250001800e-02
3.830000000000000000e+02 2.341751031250000406e-02
3.840000000000000000e+02 2.326789294531250024e-02
3.850000000000000000e+02 2.309109132812500742e-02
3.860000000000000000e+02 2.289009124999999423e-02
3.870000000000000000e+02 2.266828968750000603e-02
3.880000000000000000e+02 2.242895437500000769e-02
3.890000000000000000e+02 2.217562171875000002e-02
3.900000000000000000e+02 2.191169710937499598e-02
3.910000000000000000e+02 2.164044851562498678e-02
3.920000000000000000e+02 2.136499375000000880e-02
3.930000000000000000e+02 2.108790937500000517e-02
3.940000000000000000e+02 2.081168124999999147e-02
3.950000000000000000e+02 2.053815624999998785e-02
3.960000000000000000e+02 2.026870468749999293e-02
3.970000000000000000e+02 2.000447578124999945e-02
3.980000000000000000e+02 1.974566874999999014e-02
3.990000000000000000e+02 1.949234453125000058e-02
4.000000000000000000e+02 1.924402890624999848e-02
4.010000000000000000e+02 1.899987812499998041e-02
4.020000000000000000e+02 1.875861796874999515e-02
4.030000000000000000e+02 1.851879531250000960e-02
4.040000000000000000e+02 1.827881874999999490e-02
4.050000000000000000e+02 1.803665390624997755e-02
4.060000000000000000e+02 1.779040468750000062e-02
4.070000000000000000e+02 1.753806953124999179e-02
4.080000000000000000e+02 1.727767031249999655e-02
4.090000000000000000e+02 1.700720156249998713e-02
4.100000000000000000e+02 1.672492656250000598e-02
4.110000000000000000e+02 1.642925468749998480e-02
4.120000000000000000e+02 1.611893593749999520e-02
4.130000000000000000e+02 1.579287343750000738e-02
4.140000000000000000e+02 1.545039453125000156e-02
4.150000000000000000e+02 1.509143828124999941e-02
4.160000000000000000e+02 1.471598749999999782e-02
4.170000000000000000e+02 1.432482656249999681e-02
4.180000000000000000e+02 1.391897265625000567e-02
4.190000000000000000e+02 1.349994140625000207e-02
4.200000000000000000e+02 1.306955312500000799e-02
4.210000000000000000e+02 1.263009843750000256e-02
4.220000000000000000e+02 1.218408124999999925e-02
4.230000000000000000e+02 1.173428281249999823e-02
4.240000000000000000e+02 1.128361250000000510e-02
4.250000000000000000e+02 1.083490859374999088e-02
4.260000000000000000e+02 1.039116874999999884e-02
4.270000000000000000e+02 9.955026562500001938e-03
4.280000000000000000e+02 9.529046093750000168e-03
4.290000000000000000e+02 9.115446874999997076e-03
4.300000000000000000e+02 8.716171093750006010e-03
4.310000000000000000e+02 8.332610156250001496e-03
4.320000000000000000e+02 7.965885937500003650e-03
4.330000000000000000e+02 7.616624218749998808e-03
4.340000000000000000e+02 7.284978125000000915e-03
4.350000000000000000e+02 6.970741406250006642e-03
4.360000000000000000e+02 6.673091406249997970e-03
4.370000000000000000e+02 6.390997656250002081e-03
4.380000000000000000e+02 6.123016406249999141e-03
4.390000000000000000e+02 5.867354999999998579e-03
4.400000000000000000e+02 5.622116171875000262e-03
4.410000000000000000e+02 5.385236953124998907e-03
4.420000000000000000e+02 5.154737578125001378e-03
4.430000000000000000e+02 4.928839140625000323e-03
4.440000000000000000e+02 4.706089765624997534e-03
4.450000000000000000e+02 4.485452812500000455e-03
4.460000000000000000e+02 4.266500937499998966e-03
4.470000000000000000e+02 4.049386953124998502e-03
4.480000000000000000e+02 3.834856406250001723e-03
4.490000000000000000e+02 3.624253828125001322e-03
4.500000000000000000e+02 3.419494843749999475e-03
4.510000000000000000e+02 3.222911484375002092e-03
4.520000000000000000e+02 3.037126718749999857e-03
4.530000000000000000e+02 2.865016390625002140e-03
4.540000000000000000e+02 2.709511703125002183e-03
4.550000000000000000e+02 2.573479921874998692e-03
4.560000000000000000e+02 2.459557265624997061e-03
4.570000000000000000e+02 2.369953593750000718e-03
4.580000000000000000e+02 2.306317898437500180e-03
4.590000000000000000e+02 2.269570023437499605e-03
4.600000000000000000e+02 2.259772593750001158e-03
4.610000000000000000e+02 2.276083382812499941e-03
4.620000000000000000e+02 2.316684859374997657e-03
4.630000000000000000e+02 2.378805476562498994e-03
4.640000000000000000e+02 2.458788835937500590e-03
4.650000000000000000e+02 2.552153062499998380e-03
4.660000000000000000e+02 2.653712734375000826e-03
4.670000000000000000e+02 2.757754281250001001e-03
4.680000000000000000e+02 2.858220781250001181e-03
4.690000000000000000e+02 2.948941929687499790e-03
4.700000000000000000e+02 3.023956093750001205e-03
4.710000000000000000e+02 3.077801249999997935e-03
4.720000000000000000e+02 3.105888359375001337e-03
4.730000000000000000e+02 3.104772187499998601e-03
4.740000000000000000e+02 3.072435390624998590e-03
4.750000000000000000e+02 3.008445781249998938e-03
4.760000000000000000e+02 2.914136718750001687e-03
4.770000000000000000e+02 2.792651250000001330e-03
4.780000000000000000e+02 2.649009218749998930e-03
4.790000000000000000e+02 2.490132968749999860e-03
4.800000000000000000e+02 2.324749062499999620e-03
4.810000000000000000e+02 2.163243390624998951e-03
4.820000000000000000e+02 2.017316382812500350e-03
4.830000000000000000e+02 1.899404821875000284e-03
4.840000000000000000e+02 1.821884550781251296e-03
4.850000000000000000e+02 1.796032700781249793e-03
4.860000000000000000e+02 1.830815874999998849e-03
4.870000000000000000e+02 1.931704398437498939e-03
4.880000000000000000e+02 2.099502906250000009e-03
4.890000000000000000e+02 2.329586093750001061e-03
4.900000000000000000e+02 2.611440468750001083e-03
4.910000000000000000e+02 2.928747734374999821e-03
4.920000000000000000e+02 3.260017968749999960e-03
4.930000000000000000e+02 3.579806875000001321e-03
4.940000000000000000e+02 3.860580703124999371e-03
4.950000000000000000e+02 4.075211210937499696e-03
4.960000000000000000e+02 4.200182476562498886e-03
4.970000000000000000e+02 4.219098007812500765e-03
4.980000000000000000e+02 4.126211039062500918e-03
4.990000000000000000e+02 3.928965312499999377e-03
5.000000000000000000e+02 3.648978257812497683e-03
5.010000000000000000e+02 3.320653023437499136e-03
5.020000000000000000e+02 2.986695185156249422e-03
5.030000000000000000e+02 2.690897684374999200e-03
5.040000000000000000e+02 2.468484148437500095e-03
5.050000000000000000e+02 2.335409648437499971e-03
5.060000000000000000e+02 2.278878750000001147e-03
5.070000000000000000e+02 2.252989765624999544e-03
5.080000000000000000e+02 2.186403466406249951e-03
5.090000000000000000e+02 2.015631569531249785e-03
5.100000000000000000e+02 1.772315623437500844e-03
5.110000000000000000e+02 1.783122968750000190e-03
