0.000000000000000000e+00 7.133780859375001004e-03
1.000000000000000000e+00 7.101153671875001620e-03
2.000000000000000000e+00 7.036420156249999745e-03
3.000000000000000000e+00 6.940264843750002834e-03
4.000000000000000000e+00 6.813981796875001086e-03
5.000000000000000000e+00 6.659103359374998060e-03
6.000000000000000000e+00 6.477640781249998508e-03
7.000000000000000000e+00 6.271792031250001710e-03
8.000000000000000000e+00 6.044116718750000040e-03
9.000000000000000000e+00 5.797388203125000000e-03
1.000000000000000000e+01 5.534622500000000930e-03
1.100000000000000000e+01 5.258972656250000301e-03
1.200000000000000000e+01 4.973673124999997835e-03
1.300000000000000000e+01 4.682131015624997790e-03
1.400000000000000000e+01 4.387646796875002003e-03
1.500000000000000000e+01 4.093549843750002304e-03
1.600000000000000000e+01 3.803093710937497686e-03
1.700000000000000000e+01 3.519399679687498003e-03
1.800000000000000000e+01 3.245438328124997020e-03
1.900000000000000000e+01 2.983994604687501256e-03
2.000000000000000000e+01 2.737584392578124894e-03
2.100000000000000000e+01 2.508506324218750996e-03
2.200000000000000000e+01 2.298742898437499196e-03
2.300000000000000000e+01 2.109988382812500590e-03
2.400000000000000000e+01 1.943595328124999395e-03
2.500000000000000000e+01 1.800625972656250172e-03
2.600000000000000000e+01 1.681788272968749850e-03
2.700000000000000000e+01 1.587465898437500104e-03
2.800000000000000000e+01 1.517716390624998610e-03
2.900000000000000000e+01 1.472306124999999549e-03
3.000000000000000000e+01 1.450685390624999313e-03
3.100000000000000000e+01 1.452051562499999697e-03
3.200000000000000000e+01 1.475335703124999774e-03
3.300000000000000000e+01 1.519254609375000377e-03
3.400000000000000000e+01 1.582325859374999859e-03
3.500000000000000000e+01 1.662901953125000198e-03
3.600000000000000000e+01 1.759207265624999688e-03
3.700000000000000000e+01 1.869353171874999940e-03
3.800000000000000000e+01 1.991387046875001121e-03
3.900000000000000000e+01 2.123314375000000948e-03
4.000000000000000000e+01 2.263141203125000091e-03
4.100000000000000000e+01 2.408867486718748938e-03
4.200000000000000000e+01 2.558560518828124648e-03
4.300000000000000000e+01 2.710343339062501640e-03
4.400000000000000000e+01 2.862435765625000877e-03
4.500000000000000000e+01 3.013158640624999818e-03
4.600000000000000000e+01 3.160965351562499120e-03
4.700000000000000000e+01 3.304421609374999340e-03
4.800000000000000000e+01 3.442267476562499689e-03
4.900000000000000000e+01 3.573380468750000320e-03
5.000000000000000000e+01 3.696782460937501728e-03
5.100000000000000000e+01 3.811661476562500008e-03
5.200000000000000000e+01 3.917354312499995994e-03
5.300000000000000000e+01 4.013334375000001016e-03
5.400000000000000000e+01 4.099227968750002518e-03
5.500000000000000000e+01 4.174788359375001569e-03
5.600000000000000000e+01 4.239890546874998910e-03
5.700000000000000000e+01 4.294564062499998947e-03
5.800000000000000000e+01 4.338814609374999978e-03
5.900000000000000000e+01 4.372877734375001622e-03
6.000000000000000000e+01 4.396999687500000031e-03
6.100000000000000000e+01 4.411465937500000205e-03
6.200000000000000000e+01 4.416658125000001191e-03
6.300000000000000000e+01 4.412963984375001432e-03
6.400000000000000000e+01 4.400817656250002700e-03
6.500000000000000000e+01 4.380677499999998357e-03
6.600000000000000000e+01 4.353021406249998372e-03
6.700000000000000000e+01 4.318272734374999783e-03
6.800000000000000000e+01 4.276938671874997572e-03
6.900000000000000000e+01 4.229448046874999777e-03
7.000000000000000000e+01 4.176236718750000326e-03
7.100000000000000000e+01 4.117779296875002243e-03
7.200000000000000000e+01 4.054457656250001416e-03
7.300000000000000000e+01 3.986695312500000872e-03
7.400000000000000000e+01 3.914867656250000348e-03
7.500000000000000000e+01 3.839365234375000276e-03
7.600000000000000000e+01 3.760564812500000968e-03
7.700000000000000000e+01 3.678832312500000638e-03
7.800000000000000000e+01 3.594501031250001664e-03
7.900000000000000000e+01 3.507952289062499143e-03
8.000000000000000000e+01 3.419558945312497610e-03
8.100000000000000000e+01 3.329663689843751634e-03
8.200000000000000000e+01 3.238655213281249438e-03
8.300000000000000000e+01 3.146926937499997749e-03
8.400000000000000000e+01 3.054867890624999704e-03
8.500000000000000000e+01 2.962901804687500217e-03
8.600000000000000000e+01 2.871447898437500239e-03
8.700000000000000000e+01 2.780965742187501387e-03
8.800000000000000000e+01 2.691902734375002139e-03
8.900000000000000000e+01 2.604740546875001801e-03
9.000000000000000000e+01 2.519962812499999729e-03
9.100000000000000000e+01 2.438062265624999381e-03
9.200000000000000000e+01 2.359534929687499664e-03
9.300000000000000000e+01 2.284881460937499432e-03
9.400000000000000000e+01 2.214599984374999303e-03
9.500000000000000000e+01 2.149169265625000113e-03
9.600000000000000000e+01 2.089067085078125108e-03
9.700000000000000000e+01 2.034741828125000498e-03
9.800000000000000000e+01 1.986610624999999002e-03
9.900000000000000000e+01 1.945072687500000669e-03
1.000000000000000000e+02 1.910471546874999236e-03
1.010000000000000000e+02 1.883110398437499913e-03
1.020000000000000000e+02 1.863245968749999409e-03
1.030000000000000000e+02 1.851072890625001096e-03
1.040000000000000000e+02 1.846725906250000189e-03
1.050000000000000000e+02 1.850286250000000117e-03
1.060000000000000000e+02 1.861737906249999767e-03
1.070000000000000000e+02 1.881028890624999615e-03
1.080000000000000000e+02 1.908007585937501185e-03
1.090000000000000000e+02 1.942465625000000312e-03
1.100000000000000000e+02 1.984107296874999121e-03
1.110000000000000000e+02 2.032583546875000279e-03
1.120000000000000000e+02 2.087463007812500552e-03
1.130000000000000000e+02 2.148251170312499240e-03
1.140000000000000000e+02 2.214385996093749288e-03
1.150000000000000000e+02 2.285278042968750482e-03
1.160000000000000000e+02 2.360253978906250855e-03
1.170000000000000000e+02 2.438613564062499465e-03
1.180000000000000000e+02 2.519628979687501581e-03
1.190000000000000000e+02 2.602540515624999704e-03
1.200000000000000000e+02 2.686553342187499201e-03
1.210000000000000000e+02 2.770902554687498191e-03
1.220000000000000000e+02 2.854781960937501258e-03
1.230000000000000000e+02 2.937450515625000032e-03
1.240000000000000000e+02 3.018104664062499620e-03
1.250000000000000000e+02 3.096055351562499065e-03
1.260000000000000000e+02 3.170592867187500483e-03
1.270000000000000000e+02 3.241061390624998869e-03
1.280000000000000000e+02 3.306859617187499559e-03
1.290000000000000000e+02 3.367441757812499048e-03
1.300000000000000000e+02 3.422303601562498836e-03
1.310000000000000000e+02 3.471014421874999041e-03
1.320000000000000000e+02 3.513232718750001170e-03
1.330000000000000000e+02 3.548618851562499246e-03
1.340000000000000000e+02 3.576973265624999211e-03
1.350000000000000000e+02 3.598097046875001464e-03
1.360000000000000000e+02 3.611901312500000096e-03
1.370000000000000000e+02 3.618341020312499257e-03
1.380000000000000000e+02 3.617425417968749522e-03
1.390000000000000000e+02 3.609218062500000809e-03
1.400000000000000000e+02 3.593910050781249938e-03
1.410000000000000000e+02 3.571626783593750704e-03
1.420000000000000000e+02 3.542653703124999404e-03
1.430000000000000000e+02 3.507290945312499866e-03
1.440000000000000000e+02 3.465904515625000282e-03
1.450000000000000000e+02 3.418910703125000328e-03
1.460000000000000000e+02 3.366760781250000348e-03
1.470000000000000000e+02 3.310035078125000193e-03
1.480000000000000000e+02 3.249312187500001496e-03
1.490000000000000000e+02 3.185283750000000597e-03
1.500000000000000000e+02 3.118688359375000347e-03
1.510000000000000000e+02 3.050344062499999506e-03
1.520000000000000000e+02 2.981126406250000829e-03
1.530000000000000000e+02 2.912000234374998667e-03
1.540000000000000000e+02 2.843991875000000981e-03
1.550000000000000000e+02 2.778164843750000491e-03
1.560000000000000000e+02 2.715666546874999539e-03
1.570000000000000000e+02 2.657641929687498943e-03
1.580000000000000000e+02 2.605283358593750518e-03
1.590000000000000000e+02 2.559768007812501106e-03
1.600000000000000000e+02 2.522261664062499034e-03
1.610000000000000000e+02 2.493876328124999299e-03
1.620000000000000000e+02 2.475643843749999150e-03
1.630000000000000000e+02 2.468495187500000573e-03
1.640000000000000000e+02 2.473245351562501984e-03
1.650000000000000000e+02 2.490516617187500670e-03
1.660000000000000000e+02 2.520782625000000162e-03
1.670000000000000000e+02 2.564263421875000431e-03
1.680000000000000000e+02 2.620976749999998426e-03
1.690000000000000000e+02 2.690686132812500006e-03
1.700000000000000000e+02 2.772872421874999788e-03
1.710000000000000000e+02 2.866779062499999822e-03
1.720000000000000000e+02 2.971360156250000498e-03
1.730000000000000000e+02 3.085344374999999216e-03
1.740000000000000000e+02 3.207199546875000567e-03
1.750000000000000000e+02 3.335190562499998432e-03
1.760000000000000000e+02 3.467402218749999522e-03
1.770000000000000000e+02 3.601758124999999543e-03
1.780000000000000000e+02 3.736094687500000639e-03
1.790000000000000000e+02 3.868207968749999299e-03
1.800000000000000000e+02 3.995858046875000978e-03
1.810000000000000000e+02 4.116916374999997179e-03
1.820000000000000000e+02 4.229283742187500174e-03
1.830000000000000000e+02 4.331087242187497445e-03
1.840000000000000000e+02 4.420664407031250215e-03
1.850000000000000000e+02 4.496603242187497546e-03
1.860000000000000000e+02 4.557799078124997322e-03
1.870000000000000000e+02 4.603511304687497689e-03
1.880000000000000000e+02 4.633345624999999322e-03
1.890000000000000000e+02 4.647305859375001728e-03
1.900000000000000000e+02 4.645818749999999948e-03
1.910000000000000000e+02 4.629677109375000821e-03
1.920000000000000000e+02 4.600053749999997652e-03
1.930000000000000000e+02 4.558484062500000634e-03
1.940000000000000000e+02 4.506822656250000260e-03
1.950000000000000000e+02 4.447200781249998833e-03
1.960000000000000000e+02 4.381918984375000187e-03
1.970000000000000000e+02 4.313469726562499731e-03
1.980000000000000000e+02 4.244400664062499169e-03
1.990000000000000000e+02 4.177265835937500095e-03
2.000000000000000000e+02 4.114589414062499659e-03
2.010000000000000000e+02 4.058682312499999924e-03
2.020000000000000000e+02 4.011736296874999531e-03
2.030000000000000000e+02 3.975645640624998235e-03
2.040000000000000000e+02 3.951984531249999252e-03
2.050000000000000000e+02 3.941965570312498147e-03
2.060000000000000000e+02 3.946508453124999809e-03
2.070000000000000000e+02 3.965991175000001777e-03
2.080000000000000000e+02 4.000578085937501333e-03
2.090000000000000000e+02 4.049924359375001864e-03
2.100000000000000000e+02 4.113448992187499278e-03
2.110000000000000000e+02 4.190141257812501040e-03
2.120000000000000000e+02 4.278914390624998475e-03
2.130000000000000000e+02 4.378330773437501267e-03
2.140000000000000000e+02 4.486958828125000957e-03
2.150000000000000000e+02 4.603237109374999116e-03
2.160000000000000000e+02 4.725677812499998014e-03
2.170000000000000000e+02 4.852844218749999272e-03
2.180000000000000000e+02 4.983524140624999085e-03
2.190000000000000000e+02 5.116668593750000119e-03
2.200000000000000000e+02 5.251453945312501564e-03
2.210000000000000000e+02 5.387413718749998505e-03
2.220000000000000000e+02 5.524373781250003015e-03
2.230000000000000000e+02 5.662405859374998809e-03
2.240000000000000000e+02 5.801983453124998601e-03
2.250000000000000000e+02 5.943821522656248316e-03
2.260000000000000000e+02 6.088805230468748338e-03
2.270000000000000000e+02 6.238042406249998117e-03
2.280000000000000000e+02 6.392763187499999125e-03
2.290000000000000000e+02 6.554204085937501145e-03
2.300000000000000000e+02 6.723587265624999913e-03
2.310000000000000000e+02 6.902050156250002372e-03
2.320000000000000000e+02 7.090496093750000769e-03
2.330000000000000000e+02 7.289636171875001590e-03
2.340000000000000000e+02 7.499763828125003903e-03
2.350000000000000000e+02 7.720907812500002985e-03
2.360000000000000000e+02 7.952654374999998041e-03
2.370000000000000000e+02 8.194099062500001529e-03
2.380000000000000000e+02 8.444002265625000225e-03
2.390000000000000000e+02 8.700683437500002226e-03
2.400000000000000000e+02 8.962033437499999228e-03
2.410000000000000000e+02 9.225563437500002364e-03
2.420000000000000000e+02 9.488539531249997813e-03
2.430000000000000000e+02 9.747935468749996391e-03
2.440000000000000000e+02 1.000057460937500003e-02
2.450000000000000000e+02 1.024318523437500392e-02
2.460000000000000000e+02 1.047244835156249491e-02
2.470000000000000000e+02 1.068521527968749850e-02
2.480000000000000000e+02 1.087830257031249977e-02
2.490000000000000000e+02 1.104899546874999784e-02
2.500000000000000000e+02 1.119466624999999708e-02
2.510000000000000000e+02 1.131318859374999715e-02
2.520000000000000000e+02 1.140276296875000241e-02
2.530000000000000000e+02 1.146209656249999945e-02
2.540000000000000000e+02 1.149037859374999956e-02
2.550000000000000000e+02 1.148729085937500241e-02
2.560000000000000000e+02 1.145302445312499674e-02
2.570000000000000000e+02 1.138827242187499984e-02
2.580000000000000000e+02 1.129422000000000065e-02
2.590000000000000000e+02 1.117245785156250129e-02
2.600000000000000000e+02 1.102513924218749553e-02
2.610000000000000000e+02 1.085449754687499782e-02
2.620000000000000000e+02 1.066333745312499949e-02
2.630000000000000000e+02 1.045455213515624621e-02
2.640000000000000000e+02 1.023122932031249495e-02
2.650000000000000000e+02 9.996697031249999685e-03
2.660000000000000000e+02 9.754171132812496092e-03
2.670000000000000000e+02 9.507035562499998455e-03
2.680000000000000000e+02 9.258463960937494269e-03
2.690000000000000000e+02 9.011745179687500815e-03
2.700000000000000000e+02 8.769880304687499920e-03
2.710000000000000000e+02 8.535863164062499134e-03
2.720000000000000000e+02 8.312452642968750846e-03
2.730000000000000000e+02 8.102285257812499517e-03
2.740000000000000000e+02 7.907772968750002504e-03
2.750000000000000000e+02 7.731210156249999563e-03
2.760000000000000000e+02 7.574584296875005139e-03
2.770000000000000000e+02 7.439822890624999546e-03
2.780000000000000000e+02 7.328723750000001001e-03
2.790000000000000000e+02 7.242730234374998750e-03
2.800000000000000000e+02 7.183308359374999605e-03
2.810000000000000000e+02 7.151687890624997684e-03
2.820000000000000000e+02 7.148945773437495772e-03
2.830000000000000000e+02 7.176049585937503694e-03
2.840000000000000000e+02 7.233714789062498096e-03
2.850000000000000000e+02 7.322666281249998362e-03
2.860000000000000000e+02 7.443261945312499780e-03
2.870000000000000000e+02 7.595870898437499970e-03
2.880000000000000000e+02 7.780445023304685855e-03
2.890000000000000000e+02 7.996909515624997522e-03
2.900000000000000000e+02 8.244803432812496113e-03
2.910000000000000000e+02 8.523511062500002677e-03
2.920000000000000000e+02 8.832130382812506189e-03
2.930000000000000000e+02 9.169352796875002154e-03
2.940000000000000000e+02 9.533605820312509443e-03
2.950000000000000000e+02 9.922993406249998663e-03
2.960000000000000000e+02 1.033520877812500044e-02
2.970000000000000000e+02 1.076769227343749719e-02
2.980000000000000000e+02 1.121734602343749804e-02
2.990000000000000000e+02 1.168088485937499033e-02
3.000000000000000000e+02 1.215471460937500060e-02
3.010000000000000000e+02 1.263482781249999909e-02
3.020000000000000000e+02 1.311702148437500319e-02
3.030000000000000000e+02 1.359697265624999589e-02
3.040000000000000000e+02 1.407005492187500019e-02
3.050000000000000000e+02 1.453173710937499634e-02
3.060000000000000000e+02 1.497720859375000456e-02
3.070000000000000000e+02 1.540204062500000366e-02
3.080000000000000000e+02 1.580167742187499336e-02
3.090000000000000000e+02 1.617188148437500445e-02
3.100000000000000000e+02 1.650861242187499911e-02
3.110000000000000000e+02 1.680828609375000296e-02
3.120000000000000000e+02 1.706767537500000070e-02
3.130000000000000000e+02 1.728387859374999266e-02
3.140000000000000000e+02 1.745475964843749839e-02
3.150000000000000000e+02 1.757850944531249779e-02
3.160000000000000000e+02 1.765412680468749981e-02
3.170000000000000000e+02 1.768102007187500463e-02
3.180000000000000000e+02 1.765937339843749732e-02
3.190000000000000000e+02 1.758995807031249817e-02
3.200000000000000000e+02 1.747424591406249866e-02
3.210000000000000000e+02 1.731417066406249622e-02
3.220000000000000000e+02 1.711248587499999974e-02
3.230000000000000000e+02 1.687249391406249813e-02
3.240000000000000000e+02 1.659790921874999478e-02
3.250000000000000000e+02 1.629312289062500446e-02
3.260000000000000000e+02 1.596303437500000422e-02
3.270000000000000000e+02 1.561296734375000085e-02
3.280000000000000000e+02 1.524837015625000146e-02
3.290000000000000000e+02 1.487541625000000228e-02
3.300000000000000000e+02 1.450010085937500186e-02
3.310000000000000000e+02 1.412894031250000633e-02
3.320000000000000000e+02 1.376829101562499630e-02
3.330000000000000000e+02 1.342453226562499713e-02
3.340000000000000000e+02 1.310398093749999895e-02
3.350000000000000000e+02 1.281289282031249782e-02
3.360000000000000000e+02 1.255708641406250332e-02
3.370000000000000000e+02 1.234213871874999431e-02
3.380000000000000000e+02 1.217315678046875307e-02
3.390000000000000000e+02 1.205494278671874302e-02
3.400000000000000000e+02 1.199139835937499711e-02
3.410000000000000000e+02 1.198609578124999221e-02
3.420000000000000000e+02 1.204162164062500331e-02
3.430000000000000000e+02 1.216006875000000612e-02
3.440000000000000000e+02 1.234254140624999746e-02
3.450000000000000000e+02 1.258924375000000130e-02
3.460000000000000000e+02 1.289963281250000766e-02
3.470000000000000000e+02 1.327227734375000315e-02
3.480000000000000000e+02 1.370469765625000058e-02
3.490000000000000000e+02 1.419366484375000383e-02
3.500000000000000000e+02 1.473502343750000138e-02
3.510000000000000000e+02 1.532380546875000346e-02
3.520000000000000000e+02 1.595436093750000200e-02
3.530000000000000000e+02 1.662037187500000485e-02
3.540000000000000000e+02 1.731483125000000262e-02
3.550000000000000000e+02 1.803023554687500224e-02
3.560000000000000000e+02 1.875888937500001102e-02
3.570000000000000000e+02 1.949265796875000734e-02
3.580000000000000000e+02 2.022329570312500491e-02
3.590000000000000000e+02 2.094270390624999867e-02
3.600000000000000000e+02 2.164260132812499682e-02
3.610000000000000000e+02 2.231506054687499088e-02
3.620000000000000000e+02 2.295253023437500081e-02
3.630000000000000000e+02 2.354783445312500639e-02
3.640000000000000000e+02 2.409416539062499488e-02
3.650000000000000000e+02 2.458552039062500763e-02
3.660000000000000000e+02 2.501651798437500365e-02
3.670000000000000000e+02 2.538253710156250162e-02
3.680000000000000000e+02 2.567987202343749789e-02
3.690000000000000000e+02 2.590563160937499332e-02
3.700000000000000000e+02 2.605807584374999694e-02
3.710000000000000000e+02 2.613643909375001559e-02
3.720000000000000000e+02 2.614114917968750687e-02
3.730000000000000000e+02 2.607350198437500405e-02
3.740000000000000000e+02 2.593616161718749133e-02
3.750000000000000000e+02 2.573251507812500394e-02
3.760000000000000000e+02 2.546718976562498127e-02
3.770000000000000000e+02 2.514559437500000008e-02
3.780000000000000000e+02 2.477404695312500002e-02
3.790000000000000000e+02 2.435947367187501003e-02
3.800000000000000000e+02 2.390947250000001120e-02
3.810000000000000000e+02 2.343219742187500551e-02
3.820000000000000000e+02 2.293591968750000737e-02
3.830000000000000000e+02 2.242928640625000206e-02
3.840000000000000000e+02 2.192076156249999491e-02
3.850000000000000000e+02 2.141890078124999292e-02
3.860000000000000000e+02 2.093165507812500686e-02
3.870000000000000000e+02 2.046668492187500230e-02
3.880000000000000000e+02 2.003079210937500423e-02
3.890000000000000000e+02 1.963003562500002103e-02
3.900000000000000000e+02 1.926944562500002359e-02
3.910000000000000000e+02 1.895294703125001076e-02
3.920000000000000000e+02 1.868342671875000693e-02
3.930000000000000000e+02 1.846237367187498341e-02
3.940000000000000000e+02 1.829008804687501030e-02
3.950000000000000000e+02 1.816554437500001590e-02
3.960000000000000000e+02 1.808663914062500280e-02
3.970000000000000000e+02 1.804997757812500797e-02
3.980000000000000000e+02 1.805106062499998304e-02
3.990000000000000000e+02 1.808455453125001888e-02
4.000000000000000000e+02 1.814408363281248479e-02
4.010000000000000000e+02 1.822268807812498642e-02
4.020000000000000000e+02 1.831273208593749841e-02
4.030000000000000000e+02 1.840629102343750712e-02
4.040000000000000000e+02 1.849504907031249493e-02
4.050000000000000000e+02 1.857085375234375155e-02
4.060000000000000000e+02 1.862553049203124686e-02
4.070000000000000000e+02 1.865134918554688104e-02
4.080000000000000000e+02 1.864120546984372392e-02
4.090000000000000000e+02 1.858855251249999160e-02
4.100000000000000000e+02 1.848783287187499499e-02
4.110000000000000000e+02 1.833442895312500237e-02
4.120000000000000000e+02 1.812478643750000881e-02
4.130000000000000000e+02 1.785657310156250552e-02
4.140000000000000000e+02 1.752862597656250354e-02
4.150000000000000000e+02 1.714098935937501123e-02
4.160000000000000000e+02 1.669497339062500987e-02
4.170000000000000000e+02 1.619323273437500016e-02
4.180000000000000000e+02 1.563938039062499202e-02
4.190000000000000000e+02 1.503838609374999295e-02
4.200000000000000000e+02 1.439610554687500293e-02
4.210000000000000000e+02 1.371932820312500231e-02
4.220000000000000000e+02 1.301555437500000884e-02
4.230000000000000000e+02 1.229296632812499658e-02
4.240000000000000000e+02 1.155993726562499699e-02
4.250000000000000000e+02 1.082518023437500053e-02
4.260000000000000000e+02 1.009725781250000141e-02
4.270000000000000000e+02 9.384672812500008399e-03
4.280000000000000000e+02 8.695406562499998979e-03
4.290000000000000000e+02 8.036754296874998663e-03
4.300000000000000000e+02 7.415382421875004425e-03
4.310000000000000000e+02 6.836874609374998107e-03
4.320000000000000000e+02 6.305699374999996880e-03
4.330000000000000000e+02 5.825085234375000122e-03
4.340000000000000000e+02 5.396841953125001111e-03
4.350000000000000000e+02 5.021477734374999065e-03
4.360000000000000000e+02 4.698081250000000521e-03
4.370000000000000000e+02 4.424426718750000022e-03
4.380000000000000000e+02 4.197070625000000332e-03
4.390000000000000000e+02 4.011680703124999303e-03
4.400000000000000000e+02 3.863088984375000114e-03
4.410000000000000000e+02 3.745701796874997998e-03
4.420000000000000000e+02 3.653679140624999013e-03
4.430000000000000000e+02 3.581252578124998875e-03
4.440000000000000000e+02 3.522928124999997589e-03
4.450000000000000000e+02 3.473767031249999550e-03
4.460000000000000000e+02 3.429516171874999551e-03
4.470000000000000000e+02 3.386820312499998556e-03
4.480000000000000000e+02 3.343264687500000377e-03
4.490000000000000000e+02 3.297487734375001336e-03
4.500000000000000000e+02 3.249136640624999788e-03
4.510000000000000000e+02 3.198840624999999774e-03
4.520000000000000000e+02 3.148074453125000467e-03
4.530000000000000000e+02 3.099002031250000424e-03
4.540000000000000000e+02 3.054267656249999054e-03
4.550000000000000000e+02 3.016764453124998798e-03
4.560000000000000000e+02 2.989363124999999590e-03
4.570000000000000000e+02 2.974680859375001662e-03
4.580000000000000000e+02 2.974820703125000045e-03
4.590000000000000000e+02 2.991228906250000680e-03
4.600000000000000000e+02 3.024445734375001086e-03
4.610000000000000000e+02 3.074087156249999137e-03
4.620000000000000000e+02 3.138711484375001672e-03
4.630000000000000000e+02 3.215896817656250205e-03
4.640000000000000000e+02 3.302268749999999302e-03
4.650000000000000000e+02 3.393720207031250460e-03
4.660000000000000000e+02 3.485563595312501234e-03
4.670000000000000000e+02 3.572812804687500090e-03
4.680000000000000000e+02 3.650484023437499618e-03
4.690000000000000000e+02 3.713828421874998658e-03
4.700000000000000000e+02 3.758594499218750190e-03
4.710000000000000000e+02 3.781208625000001718e-03
4.720000000000000000e+02 3.778921664062501358e-03
4.730000000000000000e+02 3.749871445312502691e-03
4.740000000000000000e+02 3.693172195312499021e-03
4.750000000000000000e+02 3.608954406249999941e-03
4.760000000000000000e+02 3.498479000000000953e-03
4.770000000000000000e+02 3.364222507812499128e-03
4.780000000000000000e+02 3.209961765624999054e-03
4.790000000000000000e+02 3.040779062500000365e-03
4.800000000000000000e+02 2.862942164062499961e-03
4.810000000000000000e+02 2.683667828906249452e-03
4.820000000000000000e+02 2.510746343749999717e-03
4.830000000000000000e+02 2.352151875000000648e-03
4.840000000000000000e+02 2.215586273437500364e-03
4.850000000000000000e+02 2.108054640625001228e-03
4.860000000000000000e+02 2.035427265624999236e-03
4.870000000000000000e+02 2.001992703124999377e-03
4.880000000000000000e+02 2.009926894531249841e-03
4.890000000000000000e+02 2.058753124999999906e-03
4.900000000000000000e+02 2.144824687499999674e-03
4.910000000000000000e+02 2.260921249999998505e-03
4.920000000000000000e+02 2.396274890625000285e-03
4.930000000000000000e+02 2.536987593750001085e-03
4.940000000000000000e+02 2.667102726562499589e-03
4.950000000000000000e+02 2.770295929687500037e-03
4.960000000000000000e+02 2.831965552343750255e-03
4.970000000000000000e+02 2.841548468749999917e-03
4.980000000000000000e+02 2.794456906250000240e-03
4.990000000000000000e+02 2.693500839843749380e-03
5.000000000000000000e+02 2.549304023437500271e-03
5.010000000000000000e+02 2.379709140624999310e-03
5.020000000000000000e+02 2.207713984374999518e-03
5.030000000000000000e+02 2.057622953125000636e-03
5.040000000000000000e+02 1.949166315625000317e-03
5.050000000000000000e+02 1.890051880468748488e-03
5.060000000000000000e+02 1.869036719531249171e-03
5.070000000000000000e+02 1.852815945312500214e-03
5.080000000000000000e+02 1.793037624999999384e-03
5.090000000000000000e+02 1.655370164062500539e-03
5.100000000000000000e+02 1.497606789062499435e-03
5.110000000000000000e+02 1.660978374999999606e-03
