0.000000000000000000e+00 6.859508906249997193e-03
1.000000000000000000e+00 6.827608203124999227e-03
2.000000000000000000e+00 6.764169531249997550e-03
3.000000000000000000e+00 6.670014765624998447e-03
4.000000000000000000e+00 6.546373593750002585e-03
5.000000000000000000e+00 6.394773906249997218e-03
6.000000000000000000e+00 6.217138437500002897e-03
7.000000000000000000e+00 6.015698984374998927e-03
8.000000000000000000e+00 5.792925937499998623e-03
9.000000000000000000e+00 5.551628515625002189e-03
1.000000000000000000e+01 5.294719609375002529e-03
1.100000000000000000e+01 5.025358515624998162e-03
1.200000000000000000e+01 4.746733203124998100e-03
1.300000000000000000e+01 4.462146562500000739e-03
1.400000000000000000e+01 4.174967890624999879e-03
1.500000000000000000e+01 3.888406328125001196e-03
1.600000000000000000e+01 3.605702546874998537e-03
1.700000000000000000e+01 3.329979304687500329e-03
1.800000000000000000e+01 3.064161273437499347e-03
1.900000000000000000e+01 2.811003960937498696e-03
2.000000000000000000e+01 2.573038685937500090e-03
2.100000000000000000e+01 2.352511482812499888e-03
2.200000000000000000e+01 2.151414320312500846e-03
2.300000000000000000e+01 1.971434132812499920e-03
2.400000000000000000e+01 1.813944671875000140e-03
2.500000000000000000e+01 1.679980253906249296e-03
2.600000000000000000e+01 1.570271898437500214e-03
2.700000000000000000e+01 1.485207328124998633e-03
2.800000000000000000e+01 1.424858437499999320e-03
2.900000000000000000e+01 1.388996789062500433e-03
3.000000000000000000e+01 1.377083203124999976e-03
3.100000000000000000e+01 1.388329687499999850e-03
3.200000000000000000e+01 1.421671953125000368e-03
3.300000000000000000e+01 1.475835468750000398e-03
3.400000000000000000e+01 1.549336171875000676e-03
3.500000000000000000e+01 1.640529843749999285e-03
3.600000000000000000e+01 1.747636562500000249e-03
3.700000000000000000e+01 1.868761343749999635e-03
3.800000000000000000e+01 2.001924101562500575e-03
3.900000000000000000e+01 2.145124703125001354e-03
4.000000000000000000e+01 2.296328525781250393e-03
4.100000000000000000e+01 2.453522865492187548e-03
4.200000000000000000e+01 2.614731229687499835e-03
4.300000000000000000e+01 2.778030210937498714e-03
4.400000000000000000e+01 2.941603156249999584e-03
4.500000000000000000e+01 3.103713757812498648e-03
4.600000000000000000e+01 3.262762828124999778e-03
4.700000000000000000e+01 3.417273843749998007e-03
4.800000000000000000e+01 3.565900039062498347e-03
4.900000000000000000e+01 3.707488281250000389e-03
5.000000000000000000e+01 3.840988046875000884e-03
5.100000000000000000e+01 3.965510624999999886e-03
5.200000000000000000e+01 4.080351718749999912e-03
5.300000000000000000e+01 4.184950468750000402e-03
5.400000000000000000e+01 4.278835234375001975e-03
5.500000000000000000e+01 4.361720312500001924e-03
5.600000000000000000e+01 4.433484296874998232e-03
5.700000000000000000e+01 4.494016718749999605e-03
5.800000000000000000e+01 4.543385546875002359e-03
5.900000000000000000e+01 4.581749843749999100e-03
6.000000000000000000e+01 4.609314531250002962e-03
6.100000000000000000e+01 4.626417343749999675e-03
6.200000000000000000e+01 4.633361093749999854e-03
6.300000000000000000e+01 4.630564218749998358e-03
6.400000000000000000e+01 4.618477343750000859e-03
6.500000000000000000e+01 4.597560703125000599e-03
6.600000000000000000e+01 4.568280625000000622e-03
6.700000000000000000e+01 4.531162109374998678e-03
6.800000000000000000e+01 4.486636796874998723e-03
6.900000000000000000e+01 4.435256328125001396e-03
7.000000000000000000e+01 4.377469609374998530e-03
7.100000000000000000e+01 4.313774453125003051e-03
7.200000000000000000e+01 4.244628046875001566e-03
7.300000000000000000e+01 4.170499062500001089e-03
7.400000000000000000e+01 4.091834062499999890e-03
7.500000000000000000e+01 4.009048984374997612e-03
7.600000000000000000e+01 3.922589765624997192e-03
7.700000000000000000e+01 3.832851093749998616e-03
7.800000000000000000e+01 3.740258304687499834e-03
7.900000000000000000e+01 3.645228343750000610e-03
8.000000000000000000e+01 3.548181195312500626e-03
8.100000000000000000e+01 3.449533242187499942e-03
8.200000000000000000e+01 3.349678960937498440e-03
8.300000000000000000e+01 3.249073070312500505e-03
8.400000000000000000e+01 3.148141072656249640e-03
8.500000000000000000e+01 3.047343624999998904e-03
8.600000000000000000e+01 2.947147078125000180e-03
8.700000000000000000e+01 2.848013046875000776e-03
8.800000000000000000e+01 2.750439054687500110e-03
8.900000000000000000e+01 2.654913085937501104e-03
9.000000000000000000e+01 2.561943046874999661e-03
9.100000000000000000e+01 2.472040546875000147e-03
9.200000000000000000e+01 2.385708328124999233e-03
9.300000000000000000e+01 2.303465054687500388e-03
9.400000000000000000e+01 2.225804351562499228e-03
9.500000000000000000e+01 2.153234085937499268e-03
9.600000000000000000e+01 2.086207180078125233e-03
9.700000000000000000e+01 2.025189769531250076e-03
9.800000000000000000e+01 1.970606265624999607e-03
9.900000000000000000e+01 1.922849343750000816e-03
1.000000000000000000e+02 1.882262062499999531e-03
1.010000000000000000e+02 1.849153265625000375e-03
1.020000000000000000e+02 1.823773648437501714e-03
1.030000000000000000e+02 1.806329679687498739e-03
1.040000000000000000e+02 1.796946148437499925e-03
1.050000000000000000e+02 1.795702875000000556e-03
1.060000000000000000e+02 1.802598234374999100e-03
1.070000000000000000e+02 1.817566351562500959e-03
1.080000000000000000e+02 1.840475210937499509e-03
1.090000000000000000e+02 1.871106437500000405e-03
1.100000000000000000e+02 1.909179328125000259e-03
1.110000000000000000e+02 1.954336773437499470e-03
1.120000000000000000e+02 2.006157765625000197e-03
1.130000000000000000e+02 2.064156795312500035e-03
1.140000000000000000e+02 2.127785149218749863e-03
1.150000000000000000e+02 2.196436791328125818e-03
1.160000000000000000e+02 2.269451212773437344e-03
1.170000000000000000e+02 2.346145481640624520e-03
1.180000000000000000e+02 2.425780091406250401e-03
1.190000000000000000e+02 2.507608816406250041e-03
1.200000000000000000e+02 2.590838559375000134e-03
1.210000000000000000e+02 2.674696945312498696e-03
1.220000000000000000e+02 2.758397570312500022e-03
1.230000000000000000e+02 2.841157007812500183e-03
1.240000000000000000e+02 2.922214580468749691e-03
1.250000000000000000e+02 3.000860911718749267e-03
1.260000000000000000e+02 3.076354472656248670e-03
1.270000000000000000e+02 3.148065499999999541e-03
1.280000000000000000e+02 3.215335632812500039e-03
1.290000000000000000e+02 3.277642101562499612e-03
1.300000000000000000e+02 3.334461296875000647e-03
1.310000000000000000e+02 3.385327218750001227e-03
1.320000000000000000e+02 3.429879546874999106e-03
1.330000000000000000e+02 3.467803828124998902e-03
1.340000000000000000e+02 3.498826820312500238e-03
1.350000000000000000e+02 3.522738484374998962e-03
1.360000000000000000e+02 3.539441250000000677e-03
1.370000000000000000e+02 3.548839335937499853e-03
1.380000000000000000e+02 3.550945867187501291e-03
1.390000000000000000e+02 3.545797312499999673e-03
1.400000000000000000e+02 3.533538109375000073e-03
1.410000000000000000e+02 3.514333462187499771e-03
1.420000000000000000e+02 3.488384855468751582e-03
1.430000000000000000e+02 3.455978117187500330e-03
1.440000000000000000e+02 3.417482960937500910e-03
1.450000000000000000e+02 3.373253624999999339e-03
1.460000000000000000e+02 3.323777500000001019e-03
1.470000000000000000e+02 3.269573437500000214e-03
1.480000000000000000e+02 3.211231250000001324e-03
1.490000000000000000e+02 3.149377656249998866e-03
1.500000000000000000e+02 3.084749453124999673e-03
1.510000000000000000e+02 3.018126875000001156e-03
1.520000000000000000e+02 2.950359843750000478e-03
1.530000000000000000e+02 2.882393671874999667e-03
1.540000000000000000e+02 2.815189999999999533e-03
1.550000000000000000e+02 2.749817734375000801e-03
1.560000000000000000e+02 2.687350859374998055e-03
1.570000000000000000e+02 2.628917562499998983e-03
1.580000000000000000e+02 2.575672210937499009e-03
1.590000000000000000e+02 2.528750429687501040e-03
1.600000000000000000e+02 2.489291625000000785e-03
1.610000000000000000e+02 2.458373281250001395e-03
1.620000000000000000e+02 2.437010085937499609e-03
1.630000000000000000e+02 2.426120921874998140e-03
1.640000000000000000e+02 2.426487835937499952e-03
1.650000000000000000e+02 2.438757765625000629e-03
1.660000000000000000e+02 2.463414859374998388e-03
1.670000000000000000e+02 2.500704890624999392e-03
1.680000000000000000e+02 2.550679945312501161e-03
1.690000000000000000e+02 2.613133867187500750e-03
1.700000000000000000e+02 2.687650460937501037e-03
1.710000000000000000e+02 2.773523046875000803e-03
1.720000000000000000e+02 2.869809382812499657e-03
1.730000000000000000e+02 2.975327984375001050e-03
1.740000000000000000e+02 3.088669804687500711e-03
1.750000000000000000e+02 3.208214648437497738e-03
1.760000000000000000e+02 3.332163414062499097e-03
1.770000000000000000e+02 3.458598554687500586e-03
1.780000000000000000e+02 3.585465078124999445e-03
1.790000000000000000e+02 3.710689609374998900e-03
1.800000000000000000e+02 3.832189765625001066e-03
1.810000000000000000e+02 3.947880937500001207e-03
1.820000000000000000e+02 4.055821796874998532e-03
1.830000000000000000e+02 4.154239914062499844e-03
1.840000000000000000e+02 4.241495171093752521e-03
1.850000000000000000e+02 4.316244296874999740e-03
1.860000000000000000e+02 4.377429382812499971e-03
1.870000000000000000e+02 4.424278328125002234e-03
1.880000000000000000e+02 4.456368515625004981e-03
1.890000000000000000e+02 4.473714781249998884e-03
1.900000000000000000e+02 4.476595546875000893e-03
1.910000000000000000e+02 4.465767890624999792e-03
1.920000000000000000e+02 4.442227265625002877e-03
1.930000000000000000e+02 4.407409140624999645e-03
1.940000000000000000e+02 4.363012187500001082e-03
1.950000000000000000e+02 4.310959687499998395e-03
1.960000000000000000e+02 4.253431250000001829e-03
1.970000000000000000e+02 4.192711640624998369e-03
1.980000000000000000e+02 4.131187578125000703e-03
1.990000000000000000e+02 4.071268414062500715e-03
2.000000000000000000e+02 4.015282109375001469e-03
2.010000000000000000e+02 3.965484960937501469e-03
2.020000000000000000e+02 3.923930429687499076e-03
2.030000000000000000e+02 3.892398968749999095e-03
2.040000000000000000e+02 3.872447390624998275e-03
2.050000000000000000e+02 3.865303882812501108e-03
2.060000000000000000e+02 3.871852007812499625e-03
2.070000000000000000e+02 3.892556854687499301e-03
2.080000000000000000e+02 3.927617640624999663e-03
2.090000000000000000e+02 3.976834624999999075e-03
2.100000000000000000e+02 4.039687054687500327e-03
2.110000000000000000e+02 4.115408382812500536e-03
2.120000000000000000e+02 4.202918492187499890e-03
2.130000000000000000e+02 4.301092659375001064e-03
2.140000000000000000e+02 4.408540078124998512e-03
2.150000000000000000e+02 4.523942421874999759e-03
2.160000000000000000e+02 4.645924687499996229e-03
2.170000000000000000e+02 4.773219765624996114e-03
2.180000000000000000e+02 4.904672890624999643e-03
2.190000000000000000e+02 5.039412859374999172e-03
2.200000000000000000e+02 5.176680250000001079e-03
2.210000000000000000e+02 5.316045632812501330e-03
2.220000000000000000e+02 5.457375906250001678e-03
2.230000000000000000e+02 5.600823781249997420e-03
2.240000000000000000e+02 5.746790748437499360e-03
2.250000000000000000e+02 5.895953689843747014e-03
2.260000000000000000e+02 6.049177149999999600e-03
2.270000000000000000e+02 6.207515786718750296e-03
2.280000000000000000e+02 6.372117171874999535e-03
2.290000000000000000e+02 6.544177773437499790e-03
2.300000000000000000e+02 6.724763749999997792e-03
2.310000000000000000e+02 6.914997656249997036e-03
2.320000000000000000e+02 7.115653828125003029e-03
2.330000000000000000e+02 7.327343593749998003e-03
2.340000000000000000e+02 7.550343984374999207e-03
2.350000000000000000e+02 7.784537265624999654e-03
2.360000000000000000e+02 8.029490703124999434e-03
2.370000000000000000e+02 8.284257031250000583e-03
2.380000000000000000e+02 8.547517500000002474e-03
2.390000000000000000e+02 8.817507265624998161e-03
2.400000000000000000e+02 9.092139999999996822e-03
2.410000000000000000e+02 9.368852343749997647e-03
2.420000000000000000e+02 9.644896171875000368e-03
2.430000000000000000e+02 9.917173828124998744e-03
2.440000000000000000e+02 1.018243921875000395e-02
2.450000000000000000e+02 1.043741781249999702e-02
2.460000000000000000e+02 1.067876217187500171e-02
2.470000000000000000e+02 1.090314689843749872e-02
2.480000000000000000e+02 1.110753153125000267e-02
2.490000000000000000e+02 1.128895798437500042e-02
2.500000000000000000e+02 1.144472218749999562e-02
2.510000000000000000e+02 1.157270062499999967e-02
2.520000000000000000e+02 1.167096421875000491e-02
2.530000000000000000e+02 1.173813250000000155e-02
2.540000000000000000e+02 1.177329625000000414e-02
2.550000000000000000e+02 1.177607367187499636e-02
2.560000000000000000e+02 1.174656742187499790e-02
2.570000000000000000e+02 1.168538499999999952e-02
2.580000000000000000e+02 1.159368218749999742e-02
2.590000000000000000e+02 1.147301641406250385e-02
2.600000000000000000e+02 1.132539559375000081e-02
2.610000000000000000e+02 1.115314225000000117e-02
2.620000000000000000e+02 1.095902349218749738e-02
2.630000000000000000e+02 1.074599282031249783e-02
2.640000000000000000e+02 1.051711172656250200e-02
2.650000000000000000e+02 1.027573036171874725e-02
2.660000000000000000e+02 1.002521684374999868e-02
2.670000000000000000e+02 9.768890429687499682e-03
2.680000000000000000e+02 9.510195632812499383e-03
2.690000000000000000e+02 9.252293148437508788e-03
2.700000000000000000e+02 8.998532593749998879e-03
2.710000000000000000e+02 8.751788234375001974e-03
2.720000000000000000e+02 8.515014522656247711e-03
2.730000000000000000e+02 8.290991921875002710e-03
2.740000000000000000e+02 8.082140132812498656e-03
2.750000000000000000e+02 7.890825390625001712e-03
2.760000000000000000e+02 7.719257812499998039e-03
2.770000000000000000e+02 7.569373125000000702e-03
2.780000000000000000e+02 7.442979843750001899e-03
2.790000000000000000e+02 7.341688828124998990e-03
2.800000000000000000e+02 7.266969023437502666e-03
2.810000000000000000e+02 7.220130773437500628e-03
2.820000000000000000e+02 7.202290898437499825e-03
2.830000000000000000e+02 7.214447914062499870e-03
2.840000000000000000e+02 7.257417906249999905e-03
2.850000000000000000e+02 7.331937294531248525e-03
2.860000000000000000e+02 7.438394224218752154e-03
2.870000000000000000e+02 7.577232304687499774e-03
2.880000000000000000e+02 7.748498648437502842e-03
2.890000000000000000e+02 7.952233554687500316e-03
2.900000000000000000e+02 8.188002460937503224e-03
2.910000000000000000e+02 8.455308414062502956e-03
2.920000000000000000e+02 8.753313421875000624e-03
2.930000000000000000e+02 9.080923968749996314e-03
2.940000000000000000e+02 9.436650210937497923e-03
2.950000000000000000e+02 9.818732765625004522e-03
2.960000000000000000e+02 1.022500420000000201e-02
2.970000000000000000e+02 1.065311708593749337e-02
2.980000000000000000e+02 1.110014258593750199e-02
2.990000000000000000e+02 1.156283570312499794e-02
3.000000000000000000e+02 1.203784484375000109e-02
3.010000000000000000e+02 1.252126835937499884e-02
3.020000000000000000e+02 1.300898320312499946e-02
3.030000000000000000e+02 1.349682796874999806e-02
3.040000000000000000e+02 1.398018132812499717e-02
3.050000000000000000e+02 1.445458062499999780e-02
3.060000000000000000e+02 1.491529679687500325e-02
3.070000000000000000e+02 1.535768093749999633e-02
3.080000000000000000e+02 1.577737140624999729e-02
3.090000000000000000e+02 1.616989085937499751e-02
3.100000000000000000e+02 1.653106710937500556e-02
3.110000000000000000e+02 1.685708242187500608e-02
3.120000000000000000e+02 1.714459196093748999e-02
3.130000000000000000e+02 1.739047967187500043e-02
3.140000000000000000e+02 1.759225227343749406e-02
3.150000000000000000e+02 1.774784319531250501e-02
3.160000000000000000e+02 1.785588558593749486e-02
3.170000000000000000e+02 1.791552175078125683e-02
3.180000000000000000e+02 1.792656403906250570e-02
3.190000000000000000e+02 1.788937757812499724e-02
3.200000000000000000e+02 1.780510655468749495e-02
3.210000000000000000e+02 1.767535849218750468e-02
3.220000000000000000e+02 1.750240608593749830e-02
3.230000000000000000e+02 1.728930132812500631e-02
3.240000000000000000e+02 1.703946960937499991e-02
3.250000000000000000e+02 1.675689687499999289e-02
3.260000000000000000e+02 1.644624249999999260e-02
3.270000000000000000e+02 1.611236882812499757e-02
3.280000000000000000e+02 1.576078546874999306e-02
3.290000000000000000e+02 1.539725289062499752e-02
3.300000000000000000e+02 1.502778375000000076e-02
3.310000000000000000e+02 1.465851937499999813e-02
3.320000000000000000e+02 1.429587085937499523e-02
3.330000000000000000e+02 1.394613999999999923e-02
3.340000000000000000e+02 1.361570828124999619e-02
3.350000000000000000e+02 1.331064006250000376e-02
3.360000000000000000e+02 1.303699948437500068e-02
3.370000000000000000e+02 1.280038849453125037e-02
3.380000000000000000e+02 1.260606523437499994e-02
3.390000000000000000e+02 1.245887112499999803e-02
3.400000000000000000e+02 1.236313812500000262e-02
3.410000000000000000e+02 1.232245140625000054e-02
3.420000000000000000e+02 1.233989867187499680e-02
3.430000000000000000e+02 1.241774609374999942e-02
3.440000000000000000e+02 1.255758281250000420e-02
3.450000000000000000e+02 1.276005390625000076e-02
3.460000000000000000e+02 1.302497656250000378e-02
3.470000000000000000e+02 1.335151250000000088e-02
3.480000000000000000e+02 1.373760624999999930e-02
3.490000000000000000e+02 1.418055625000000201e-02
3.500000000000000000e+02 1.467686953125000617e-02
3.510000000000000000e+02 1.522217890624999632e-02
3.520000000000000000e+02 1.581127031250000384e-02
3.530000000000000000e+02 1.643845468750000302e-02
3.540000000000000000e+02 1.709724765625000517e-02
3.550000000000000000e+02 1.778079453125000139e-02
3.560000000000000000e+02 1.848174039062499066e-02
3.570000000000000000e+02 1.919238656249998981e-02
3.580000000000000000e+02 1.990499898437500179e-02
3.590000000000000000e+02 2.061161312499999385e-02
3.600000000000000000e+02 2.130429656250000178e-02
3.610000000000000000e+02 2.197537203124999908e-02
3.620000000000000000e+02 2.261723500000000983e-02
3.630000000000000000e+02 2.322282726562497485e-02
3.640000000000000000e+02 2.378522773437499391e-02
3.650000000000000000e+02 2.429823679687499391e-02
3.660000000000000000e+02 2.475622820312498723e-02
3.670000000000000000e+02 2.515420045312498701e-02
3.680000000000000000e+02 2.548798740624999906e-02
3.690000000000000000e+02 2.575430439843750391e-02
3.700000000000000000e+02 2.595072742968749721e-02
3.710000000000000000e+02 2.607593188671875409e-02
3.720000000000000000e+02 2.612942582187499987e-02
3.730000000000000000e+02 2.611201685156251673e-02
3.740000000000000000e+02 2.602537278906249391e-02
3.750000000000000000e+02 2.587229009374999306e-02
3.760000000000000000e+02 2.565655389843750356e-02
3.770000000000000000e+02 2.538283968749999522e-02
3.780000000000000000e+02 2.505658570312500194e-02
3.790000000000000000e+02 2.468421296875000781e-02
3.800000000000000000e+02 2.427261484375001915e-02
3.810000000000000000e+02 2.382927148437499407e-02
3.820000000000000000e+02 2.336199460937499889e-02
3.830000000000000000e+02 2.287894882812499184e-02
3.840000000000000000e+02 2.238839171874999062e-02
3.850000000000000000e+02 2.189837249999999555e-02
3.860000000000000000e+02 2.141685250000001026e-02
3.870000000000000000e+02 2.095133039062499480e-02
3.880000000000000000e+02 2.050868234374999058e-02
3.890000000000000000e+02 2.009505062499999245e-02
3.900000000000000000e+02 1.971574453125000265e-02
3.910000000000000000e+02 1.937503578124999404e-02
3.920000000000000000e+02 1.907610109374999544e-02
3.930000000000000000e+02 1.882092679687499132e-02
3.940000000000000000e+02 1.861031210937500249e-02
3.950000000000000000e+02 1.844393828125001286e-02
3.960000000000000000e+02 1.832014242187501515e-02
3.970000000000000000e+02 1.823633648437497992e-02
3.980000000000000000e+02 1.818866414062499798e-02
3.990000000000000000e+02 1.817247679687499645e-02
4.000000000000000000e+02 1.818212421875000859e-02
4.010000000000000000e+02 1.821131273437500558e-02
4.020000000000000000e+02 1.825311074999999908e-02
4.030000000000000000e+02 1.830022375000001089e-02
4.040000000000000000e+02 1.834497228125001045e-02
4.050000000000000000e+02 1.837969588281249123e-02
4.060000000000000000e+02 1.839679050781250352e-02
4.070000000000000000e+02 1.838892368906250990e-02
4.080000000000000000e+02 1.834927027617187442e-02
4.090000000000000000e+02 1.827158244380076499e-02
4.100000000000000000e+02 1.815048531859374606e-02
4.110000000000000000e+02 1.798151144375000066e-02
4.120000000000000000e+02 1.776110379843750392e-02
4.130000000000000000e+02 1.748690747656250419e-02
4.140000000000000000e+02 1.715768843750000577e-02
4.150000000000000000e+02 1.677337494531249903e-02
4.160000000000000000e+02 1.633501553125000019e-02
4.170000000000000000e+02 1.584487375781248875e-02
4.180000000000000000e+02 1.530634657812500639e-02
4.190000000000000000e+02 1.472392101562499875e-02
4.200000000000000000e+02 1.410296664062500420e-02
4.210000000000000000e+02 1.344984656250000112e-02
4.220000000000000000e+02 1.277151460937499955e-02
4.230000000000000000e+02 1.207549328124999516e-02
4.240000000000000000e+02 1.136969499999999564e-02
4.250000000000000000e+02 1.066224562499999869e-02
4.260000000000000000e+02 9.961161718750000116e-03
4.270000000000000000e+02 9.274393515625005066e-03
4.280000000000000000e+02 8.609375546874993915e-03
4.290000000000000000e+02 7.973099218750001604e-03
4.300000000000000000e+02 7.371738281250002529e-03
4.310000000000000000e+02 6.810546718750000277e-03
4.320000000000000000e+02 6.293837265625000336e-03
4.330000000000000000e+02 5.824644140624998974e-03
4.340000000000000000e+02 5.404733203124998699e-03
4.350000000000000000e+02 5.034696953125000762e-03
4.360000000000000000e+02 4.713669218750003546e-03
4.370000000000000000e+02 4.439629921874996103e-03
4.380000000000000000e+02 4.209479687499999984e-03
4.390000000000000000e+02 4.019070781249998309e-03
4.400000000000000000e+02 3.863656093750002154e-03
4.410000000000000000e+02 3.737940312500000195e-03
4.420000000000000000e+02 3.636484218749998741e-03
4.430000000000000000e+02 3.553842812499999771e-03
4.440000000000000000e+02 3.484898046875000138e-03
4.450000000000000000e+02 3.425024765624998333e-03
4.460000000000000000e+02 3.370266640625001631e-03
4.470000000000000000e+02 3.317523828124999737e-03
4.480000000000000000e+02 3.264584765625000093e-03
4.490000000000000000e+02 3.210267734374999335e-03
4.500000000000000000e+02 3.154305859375002626e-03
4.510000000000000000e+02 3.097402812499998239e-03
4.520000000000000000e+02 3.041052656250002074e-03
4.530000000000000000e+02 2.987406718749998497e-03
4.540000000000000000e+02 2.939076562500001107e-03
4.550000000000000000e+02 2.898887890624999696e-03
4.560000000000000000e+02 2.869652265624998873e-03
4.570000000000000000e+02 2.853922875000000029e-03
4.580000000000000000e+02 2.853766171875000545e-03
4.590000000000000000e+02 2.870576875000000090e-03
4.600000000000000000e+02 2.904881742187496139e-03
4.610000000000000000e+02 2.956267507812501520e-03
4.620000000000000000e+02 3.023309643749999120e-03
4.630000000000000000e+02 3.103564304687499251e-03
4.640000000000000000e+02 3.193672976562498232e-03
4.650000000000000000e+02 3.289467575781250715e-03
4.660000000000000000e+02 3.386210617968750131e-03
4.670000000000000000e+02 3.478835351562500032e-03
4.680000000000000000e+02 3.562216554687501219e-03
4.690000000000000000e+02 3.631424533593751065e-03
4.700000000000000000e+02 3.681994357812501048e-03
4.710000000000000000e+02 3.710141054687497286e-03
4.720000000000000000e+02 3.712869609374999831e-03
4.730000000000000000e+02 3.688150835937500493e-03
4.740000000000000000e+02 3.634916328124998715e-03
4.750000000000000000e+02 3.553222000000001279e-03
4.760000000000000000e+02 3.444254632812501511e-03
4.770000000000000000e+02 3.310469492187500303e-03
4.780000000000000000e+02 3.155720851562500082e-03
4.790000000000000000e+02 2.985214070312499236e-03
4.800000000000000000e+02 2.805446492187500026e-03
4.810000000000000000e+02 2.623986085937499331e-03
4.820000000000000000e+02 2.449087445312500815e-03
4.830000000000000000e+02 2.289263484374999460e-03
4.840000000000000000e+02 2.152736054687501201e-03
4.850000000000000000e+02 2.046994867187499657e-03
4.860000000000000000e+02 1.978244585937500872e-03
4.870000000000000000e+02 1.950921921093749659e-03
4.880000000000000000e+02 1.967141108593751121e-03
4.890000000000000000e+02 2.026136398437500003e-03
4.900000000000000000e+02 2.123760468750000765e-03
4.910000000000000000e+02 2.252130312500000460e-03
4.920000000000000000e+02 2.399676054687500081e-03
4.930000000000000000e+02 2.551649531250000172e-03
4.940000000000000000e+02 2.691301187500000879e-03
4.950000000000000000e+02 2.801628687499999222e-03
4.960000000000000000e+02 2.867601250390626206e-03
4.970000000000000000e+02 2.878571414062500340e-03
4.980000000000000000e+02 2.830338726562499352e-03
4.990000000000000000e+02 2.726523707812500245e-03
5.000000000000000000e+02 2.578846601562499990e-03
5.010000000000000000e+02 2.406229085937499051e-03
5.020000000000000000e+02 2.232421750000000531e-03
5.030000000000000000e+02 2.081989617187500561e-03
5.040000000000000000e+02 1.974418213281250219e-03
5.050000000000000000e+02 1.916797799218751108e-03
5.060000000000000000e+02 1.896761265624999707e-03
5.070000000000000000e+02 1.879351476562499991e-03
5.080000000000000000e+02 1.814146828125000636e-03
5.090000000000000000e+02 1.665144624999999800e-03
5.100000000000000000e+02 1.490592062500000186e-03
5.110000000000000000e+02 1.636210265624999782e-03
