0.000000000000000000e+00 7.719347812499999240e-03
1.000000000000000000e+00 7.684771015624996919e-03
2.000000000000000000e+00 7.616029999999999328e-03
3.000000000000000000e+00 7.513985468749999688e-03
4.000000000000000000e+00 7.379961328125001982e-03
5.000000000000000000e+00 7.215523437499996896e-03
6.000000000000000000e+00 7.022806406250002749e-03
7.000000000000000000e+00 6.804083515624999128e-03
8.000000000000000000e+00 6.562008750000003325e-03
9.000000000000000000e+00 6.299592031249999675e-03
1.000000000000000000e+01 6.019869921875002292e-03
1.100000000000000000e+01 5.726126484375000832e-03
1.200000000000000000e+01 5.421833593750001457e-03
1.300000000000000000e+01 5.110420390625001162e-03
1.400000000000000000e+01 4.795371406250003785e-03
1.500000000000000000e+01 4.480110781250001145e-03
1.600000000000000000e+01 4.168045929687499290e-03
1.700000000000000000e+01 3.862373062499998341e-03
1.800000000000000000e+01 3.566151695312501629e-03
1.900000000000000000e+01 3.282244219531249649e-03
2.000000000000000000e+01 3.013254495312501016e-03
2.100000000000000000e+01 2.761495245312499142e-03
2.200000000000000000e+01 2.529002359374997455e-03
2.300000000000000000e+01 2.317495054687500333e-03
2.400000000000000000e+01 2.128341261718749711e-03
2.500000000000000000e+01 1.962588896093749469e-03
2.600000000000000000e+01 1.820945648437500555e-03
2.700000000000000000e+01 1.703766429687499995e-03
2.800000000000000000e+01 1.611106250000000038e-03
2.900000000000000000e+01 1.542671718749998337e-03
3.000000000000000000e+01 1.497909687499999597e-03
3.100000000000000000e+01 1.475980781249999589e-03
3.200000000000000000e+01 1.475786796874999562e-03
3.300000000000000000e+01 1.496034375000000055e-03
3.400000000000000000e+01 1.535227421874998596e-03
3.500000000000000000e+01 1.591716796875000412e-03
3.600000000000000000e+01 1.663739218749999684e-03
3.700000000000000000e+01 1.749417140624999782e-03
3.800000000000000000e+01 1.846849531249999954e-03
3.900000000000000000e+01 1.954084335937499202e-03
4.000000000000000000e+01 2.069183843749999602e-03
4.100000000000000000e+01 2.190239546874999787e-03
4.200000000000000000e+01 2.315400262109375447e-03
4.300000000000000000e+01 2.442905264843748918e-03
4.400000000000000000e+01 2.571086406249999991e-03
4.500000000000000000e+01 2.698398320312499904e-03
4.600000000000000000e+01 2.823407296875000711e-03
4.700000000000000000e+01 2.944852781249999562e-03
4.800000000000000000e+01 3.061609835937499201e-03
4.900000000000000000e+01 3.172702695312501053e-03
5.000000000000000000e+01 3.277305187499998489e-03
5.100000000000000000e+01 3.374750078125000538e-03
5.200000000000000000e+01 3.464510109375000882e-03
5.300000000000000000e+01 3.546212546875000555e-03
5.400000000000000000e+01 3.619567812500000190e-03
5.500000000000000000e+01 3.684503046874999105e-03
5.600000000000000000e+01 3.740929382812499624e-03
5.700000000000000000e+01 3.788926015625000612e-03
5.800000000000000000e+01 3.828671328125000332e-03
5.900000000000000000e+01 3.860350078125000198e-03
6.000000000000000000e+01 3.884259609374998961e-03
6.100000000000000000e+01 3.900693593749999469e-03
6.200000000000000000e+01 3.910017656250001396e-03
6.300000000000000000e+01 3.912576328124998601e-03
6.400000000000000000e+01 3.908747499999999479e-03
6.500000000000000000e+01 3.898918515624998776e-03
6.600000000000000000e+01 3.883460546875000183e-03
6.700000000000000000e+01 3.862694531249999137e-03
6.800000000000000000e+01 3.836998437500000955e-03
6.900000000000000000e+01 3.806687421874999349e-03
7.000000000000000000e+01 3.772007031250000815e-03
7.100000000000000000e+01 3.733293671875000455e-03
7.200000000000000000e+01 3.690810937499998737e-03
7.300000000000000000e+01 3.644750546874999698e-03
7.400000000000000000e+01 3.595345218750000110e-03
7.500000000000000000e+01 3.542842148437499311e-03
7.600000000000000000e+01 3.487385742187501525e-03
7.700000000000000000e+01 3.429249570312499149e-03
7.800000000000000000e+01 3.368601796875000162e-03
7.900000000000000000e+01 3.305664354687500115e-03
8.000000000000000000e+01 3.240659772656249646e-03
8.100000000000000000e+01 3.173842578125002801e-03
8.200000000000000000e+01 3.105460687499999629e-03
8.300000000000000000e+01 3.035816484375000388e-03
8.400000000000000000e+01 2.965217859375000875e-03
8.500000000000000000e+01 2.894008906249999520e-03
8.600000000000000000e+01 2.822559609374997603e-03
8.700000000000000000e+01 2.751273906249998482e-03
8.800000000000000000e+01 2.680568515624999221e-03
8.900000000000000000e+01 2.610914843750001494e-03
9.000000000000000000e+01 2.542776796874998343e-03
9.100000000000000000e+01 2.476653124999999168e-03
9.200000000000000000e+01 2.413056171875000572e-03
9.300000000000000000e+01 2.352503625000000684e-03
9.400000000000000000e+01 2.295511710937501223e-03
9.500000000000000000e+01 2.242605325781250013e-03
9.600000000000000000e+01 2.194289258125000416e-03
9.700000000000000000e+01 2.151059528906248963e-03
9.800000000000000000e+01 2.113376703125000207e-03
9.900000000000000000e+01 2.081672921875000071e-03
1.000000000000000000e+02 2.056345929687499081e-03
1.010000000000000000e+02 2.037741179687499286e-03
1.020000000000000000e+02 2.026150664062499433e-03
1.030000000000000000e+02 2.021816460937500906e-03
1.040000000000000000e+02 2.024897773437502307e-03
1.050000000000000000e+02 2.035500617187500309e-03
1.060000000000000000e+02 2.053651390624999015e-03
1.070000000000000000e+02 2.079301273437499618e-03
1.080000000000000000e+02 2.112332421875001264e-03
1.090000000000000000e+02 2.152531859375000477e-03
1.100000000000000000e+02 2.199620148437500360e-03
1.110000000000000000e+02 2.253238195312500837e-03
1.120000000000000000e+02 2.312963281249999763e-03
1.130000000000000000e+02 2.378282837499999698e-03
1.140000000000000000e+02 2.448633409374998716e-03
1.150000000000000000e+02 2.523396289062501165e-03
1.160000000000000000e+02 2.601892667968749937e-03
1.170000000000000000e+02 2.683399604609375527e-03
1.180000000000000000e+02 2.767168442187500996e-03
1.190000000000000000e+02 2.852410237499998936e-03
1.200000000000000000e+02 2.938328703125000531e-03
1.210000000000000000e+02 3.024129211718750137e-03
1.220000000000000000e+02 3.108988589062498028e-03
1.230000000000000000e+02 3.192129058593748923e-03
1.240000000000000000e+02 3.272807299218749577e-03
1.250000000000000000e+02 3.350221770312500000e-03
1.260000000000000000e+02 3.423723071093749855e-03
1.270000000000000000e+02 3.492655554687500684e-03
1.280000000000000000e+02 3.556400735937500536e-03
1.290000000000000000e+02 3.614432773906249736e-03
1.300000000000000000e+02 3.666254032812499546e-03
1.310000000000000000e+02 3.711468946875000167e-03
1.320000000000000000e+02 3.749757769531249750e-03
1.330000000000000000e+02 3.780782934374999141e-03
1.340000000000000000e+02 3.804405898437499597e-03
1.350000000000000000e+02 3.820430281249998644e-03
1.360000000000000000e+02 3.828853531249999838e-03
1.370000000000000000e+02 3.829607164062500194e-03
1.380000000000000000e+02 3.822775765625000509e-03
1.390000000000000000e+02 3.808486953125001049e-03
1.400000000000000000e+02 3.786886015624999283e-03
1.410000000000000000e+02 3.758256406249999536e-03
1.420000000000000000e+02 3.722855625000000713e-03
1.430000000000000000e+02 3.681055000000000785e-03
1.440000000000000000e+02 3.633252109375000385e-03
1.450000000000000000e+02 3.579952578124999223e-03
1.460000000000000000e+02 3.521677109375000343e-03
1.470000000000000000e+02 3.459023671874999952e-03
1.480000000000000000e+02 3.392686796875000240e-03
1.490000000000000000e+02 3.323428203124999258e-03
1.500000000000000000e+02 3.252080000000000942e-03
1.510000000000000000e+02 3.179559218749999656e-03
1.520000000000000000e+02 3.106852187499999692e-03
1.530000000000000000e+02 3.035030078125000585e-03
1.540000000000000000e+02 2.965235125000001328e-03
1.550000000000000000e+02 2.898668632812499962e-03
1.560000000000000000e+02 2.836576632812500259e-03
1.570000000000000000e+02 2.780244500000001329e-03
1.580000000000000000e+02 2.730963687499999085e-03
1.590000000000000000e+02 2.690012234375000182e-03
1.600000000000000000e+02 2.658626671875000819e-03
1.610000000000000000e+02 2.637985054687499997e-03
1.620000000000000000e+02 2.629151585937500053e-03
1.630000000000000000e+02 2.633050039062499823e-03
1.640000000000000000e+02 2.650454859375000853e-03
1.650000000000000000e+02 2.681910515625001053e-03
1.660000000000000000e+02 2.727753945312500015e-03
1.670000000000000000e+02 2.788056046874999236e-03
1.680000000000000000e+02 2.862608085937500164e-03
1.690000000000000000e+02 2.950917812499999522e-03
1.700000000000000000e+02 3.052174531250000534e-03
1.710000000000000000e+02 3.165276406249999640e-03
1.720000000000000000e+02 3.288833593750000242e-03
1.730000000000000000e+02 3.421164375000000646e-03
1.740000000000000000e+02 3.560345703125000413e-03
1.750000000000000000e+02 3.704226093750001818e-03
1.760000000000000000e+02 3.850505546874999872e-03
1.770000000000000000e+02 3.996718828124998929e-03
1.780000000000000000e+02 4.140374921875001300e-03
1.790000000000000000e+02 4.278899625000000609e-03
1.800000000000000000e+02 4.409857023437500738e-03
1.810000000000000000e+02 4.530887710937499778e-03
1.820000000000000000e+02 4.639795064062499606e-03
1.830000000000000000e+02 4.734633781250001568e-03
1.840000000000000000e+02 4.813769953125001527e-03
1.850000000000000000e+02 4.875927343749996735e-03
1.860000000000000000e+02 4.920218906250000031e-03
1.870000000000000000e+02 4.946168828124999917e-03
1.880000000000000000e+02 4.953739765625001304e-03
1.890000000000000000e+02 4.943403671875001675e-03
1.900000000000000000e+02 4.916067656249999314e-03
1.910000000000000000e+02 4.873063046875000803e-03
1.920000000000000000e+02 4.816136484374998819e-03
1.930000000000000000e+02 4.747437734375001099e-03
1.940000000000000000e+02 4.669364296874998176e-03
1.950000000000000000e+02 4.584642195312500432e-03
1.960000000000000000e+02 4.496080375000000191e-03
1.970000000000000000e+02 4.406652054687499806e-03
1.980000000000000000e+02 4.319270382812501370e-03
1.990000000000000000e+02 4.236816124999999954e-03
2.000000000000000000e+02 4.162018375000000638e-03
2.010000000000000000e+02 4.097297500000001216e-03
2.020000000000000000e+02 4.044824003124997472e-03
2.030000000000000000e+02 4.006383407812500429e-03
2.040000000000000000e+02 3.983299257812500556e-03
2.050000000000000000e+02 3.976506892187500405e-03
2.060000000000000000e+02 3.986443087109376240e-03
2.070000000000000000e+02 4.013148212890623769e-03
2.080000000000000000e+02 4.056110083593748167e-03
2.090000000000000000e+02 4.114516210937498725e-03
2.100000000000000000e+02 4.187154531249998209e-03
2.110000000000000000e+02 4.272506687499999338e-03
2.120000000000000000e+02 4.368858273437499842e-03
2.130000000000000000e+02 4.474352031250000868e-03
2.140000000000000000e+02 4.587144687499999235e-03
2.150000000000000000e+02 4.705316796875000200e-03
2.160000000000000000e+02 4.827145234375000010e-03
2.170000000000000000e+02 4.951076250000000303e-03
2.180000000000000000e+02 5.075794921875000608e-03
2.190000000000000000e+02 5.200387187500004130e-03
2.200000000000000000e+02 5.324189320312502222e-03
2.210000000000000000e+02 5.446953656249997958e-03
2.220000000000000000e+02 5.568936382812500474e-03
2.230000000000000000e+02 5.690574023437498796e-03
2.240000000000000000e+02 5.812780390624999391e-03
2.250000000000000000e+02 5.936748203125001566e-03
2.260000000000000000e+02 6.063929843750003046e-03
2.270000000000000000e+02 6.195878515624997709e-03
2.280000000000000000e+02 6.334281640625002464e-03
2.290000000000000000e+02 6.480863749999998639e-03
2.300000000000000000e+02 6.637193437500002804e-03
2.310000000000000000e+02 6.804638828125002606e-03
2.320000000000000000e+02 6.984364062499996348e-03
2.330000000000000000e+02 7.177121718749999470e-03
2.340000000000000000e+02 7.383333593750000291e-03
2.350000000000000000e+02 7.602809374999997503e-03
2.360000000000000000e+02 7.835053125000004948e-03
2.370000000000000000e+02 8.078921874999998864e-03
2.380000000000000000e+02 8.332846093750002209e-03
2.390000000000000000e+02 8.594774218750000222e-03
2.400000000000000000e+02 8.862090624999994018e-03
2.410000000000000000e+02 9.132045156249999143e-03
2.420000000000000000e+02 9.401307265625000534e-03
2.430000000000000000e+02 9.666462265624994887e-03
2.440000000000000000e+02 9.924015859375001289e-03
2.450000000000000000e+02 1.017013704687500485e-02
2.460000000000000000e+02 1.040141421953124506e-02
2.470000000000000000e+02 1.061432204687500283e-02
2.480000000000000000e+02 1.080560356249999840e-02
2.490000000000000000e+02 1.097241671875000442e-02
2.500000000000000000e+02 1.111213749999999910e-02
2.510000000000000000e+02 1.122268500000000307e-02
2.520000000000000000e+02 1.130247945312500696e-02
2.530000000000000000e+02 1.135037828125000196e-02
2.540000000000000000e+02 1.136595257812499787e-02
2.550000000000000000e+02 1.134903960937500705e-02
2.560000000000000000e+02 1.130032093749999862e-02
2.570000000000000000e+02 1.122088859374999886e-02
2.580000000000000000e+02 1.111232320312500327e-02
2.590000000000000000e+02 1.097654453125000013e-02
2.600000000000000000e+02 1.081605585937500669e-02
2.610000000000000000e+02 1.063365937499999823e-02
2.620000000000000000e+02 1.043222742187499899e-02
2.630000000000000000e+02 1.021514263281249509e-02
2.640000000000000000e+02 9.985658671875001502e-03
2.650000000000000000e+02 9.747181968749997483e-03
2.660000000000000000e+02 9.503264833515623691e-03
2.670000000000000000e+02 9.257250532812500571e-03
2.680000000000000000e+02 9.012403140625003389e-03
2.690000000000000000e+02 8.771996414062496750e-03
2.700000000000000000e+02 8.539078640624999522e-03
2.710000000000000000e+02 8.316445312499998535e-03
2.720000000000000000e+02 8.106838506171873404e-03
2.730000000000000000e+02 7.912716789062499562e-03
2.740000000000000000e+02 7.736330476562503465e-03
2.750000000000000000e+02 7.579871562499998147e-03
2.760000000000000000e+02 7.445242343750001039e-03
2.770000000000000000e+02 7.334136249999997047e-03
2.780000000000000000e+02 7.248152500000001365e-03
2.790000000000000000e+02 7.188655390625000620e-03
2.800000000000000000e+02 7.156923906250000321e-03
2.810000000000000000e+02 7.153970937499998586e-03
2.820000000000000000e+02 7.180781632812500113e-03
2.830000000000000000e+02 7.238076445312501689e-03
2.840000000000000000e+02 7.326511992187497921e-03
2.850000000000000000e+02 7.446507554687500571e-03
2.860000000000000000e+02 7.598214156249998887e-03
2.870000000000000000e+02 7.781835906249999490e-03
2.880000000000000000e+02 7.997079719531252975e-03
2.890000000000000000e+02 8.243546703124994893e-03
2.900000000000000000e+02 8.520548093749994931e-03
2.910000000000000000e+02 8.827111851562497932e-03
2.920000000000000000e+02 9.161927953124999330e-03
2.930000000000000000e+02 9.523411460937495493e-03
2.940000000000000000e+02 9.909487781249998531e-03
2.950000000000000000e+02 1.031787003906250132e-02
2.960000000000000000e+02 1.074593597812499406e-02
2.970000000000000000e+02 1.119053108593750373e-02
2.980000000000000000e+02 1.164823251562499898e-02
2.990000000000000000e+02 1.211531390625000641e-02
3.000000000000000000e+02 1.258782914062500126e-02
3.010000000000000000e+02 1.306141773437500056e-02
3.020000000000000000e+02 1.353154812499999214e-02
3.030000000000000000e+02 1.399366382812499907e-02
3.040000000000000000e+02 1.444306234374999331e-02
3.050000000000000000e+02 1.487497624999999796e-02
3.060000000000000000e+02 1.528490656249999365e-02
3.070000000000000000e+02 1.566821859374999473e-02
3.080000000000000000e+02 1.602068515625000578e-02
3.090000000000000000e+02 1.633831265624999599e-02
3.100000000000000000e+02 1.661755359375000421e-02
3.110000000000000000e+02 1.685519265625000720e-02
3.120000000000000000e+02 1.704848000000000474e-02
3.130000000000000000e+02 1.719537265624998881e-02
3.140000000000000000e+02 1.729420453125000284e-02
3.150000000000000000e+02 1.734413265625000047e-02
3.160000000000000000e+02 1.734470765625000313e-02
3.170000000000000000e+02 1.729632000000000738e-02
3.180000000000000000e+02 1.719994149218749199e-02
3.190000000000000000e+02 1.705720176562500190e-02
3.200000000000000000e+02 1.687046446093750166e-02
3.210000000000000000e+02 1.664253102343750401e-02
3.220000000000000000e+02 1.637696996874999852e-02
3.230000000000000000e+02 1.607789721562500121e-02
3.240000000000000000e+02 1.574973885156249684e-02
3.250000000000000000e+02 1.539768702343749691e-02
3.260000000000000000e+02 1.502725021093749731e-02
3.270000000000000000e+02 1.464419419531249461e-02
3.280000000000000000e+02 1.425475415624999527e-02
3.290000000000000000e+02 1.386514539843749713e-02
3.300000000000000000e+02 1.348206484375000236e-02
3.310000000000000000e+02 1.311200649218749979e-02
3.320000000000000000e+02 1.276156446874999496e-02
3.330000000000000000e+02 1.243725437500000676e-02
3.340000000000000000e+02 1.214539517968749559e-02
3.350000000000000000e+02 1.189200747656250258e-02
3.360000000000000000e+02 1.168286238281250264e-02
3.370000000000000000e+02 1.152314207031250419e-02
3.380000000000000000e+02 1.141775211718749905e-02
3.390000000000000000e+02 1.137087842968749138e-02
3.400000000000000000e+02 1.138591828124999733e-02
3.410000000000000000e+02 1.146563007812500048e-02
3.420000000000000000e+02 1.161209742187499852e-02
3.430000000000000000e+02 1.182619281249999883e-02
3.440000000000000000e+02 1.210804531249999767e-02
3.450000000000000000e+02 1.245696953125000755e-02
3.460000000000000000e+02 1.287105625000000038e-02
3.470000000000000000e+02 1.334741171874999875e-02
3.480000000000000000e+02 1.388246015625000003e-02
3.490000000000000000e+02 1.447141328125000487e-02
3.500000000000000000e+02 1.510872890625000221e-02
3.510000000000000000e+02 1.578784609375000203e-02
3.520000000000000000e+02 1.650185624999999864e-02
3.530000000000000000e+02 1.724283359374999616e-02
3.540000000000000000e+02 1.800253226562498199e-02
3.550000000000000000e+02 1.877225578125000724e-02
3.560000000000000000e+02 1.954314601562501252e-02
3.570000000000000000e+02 2.030600484374999945e-02
3.580000000000000000e+02 2.105193718750001178e-02
3.590000000000000000e+02 2.177205421874999630e-02
3.600000000000000000e+02 2.245790593750001188e-02
3.610000000000000000e+02 2.310128882812501061e-02
3.620000000000000000e+02 2.369472953125000350e-02
3.630000000000000000e+02 2.423138406249999641e-02
3.640000000000000000e+02 2.470507351562500550e-02
3.650000000000000000e+02 2.511061179687499798e-02
3.660000000000000000e+02 2.544358945312500189e-02
3.670000000000000000e+02 2.570078085937500464e-02
3.680000000000000000e+02 2.587998164062499731e-02
3.690000000000000000e+02 2.598006367187499083e-02
3.700000000000000000e+02 2.600115781250000174e-02
3.710000000000000000e+02 2.594451273437500122e-02
3.720000000000000000e+02 2.581259546875000477e-02
3.730000000000000000e+02 2.560903609374999210e-02
3.740000000000000000e+02 2.533841992187498698e-02
3.750000000000000000e+02 2.500653132812499096e-02
3.760000000000000000e+02 2.461992640625000964e-02
3.770000000000000000e+02 2.418599398437498368e-02
3.780000000000000000e+02 2.371292414062500450e-02
3.790000000000000000e+02 2.320920937500001863e-02
3.800000000000000000e+02 2.268391351562500796e-02
3.810000000000000000e+02 2.214637703125000093e-02
3.820000000000000000e+02 2.160591476562502555e-02
3.830000000000000000e+02 2.107182382812499560e-02
3.840000000000000000e+02 2.055298671875000274e-02
3.850000000000000000e+02 2.005807890624999520e-02
3.860000000000000000e+02 1.959480289062499533e-02
3.870000000000000000e+02 1.917041062500000892e-02
3.880000000000000000e+02 1.879094062499999176e-02
3.890000000000000000e+02 1.846148835937502092e-02
3.900000000000000000e+02 1.818581273437500090e-02
3.910000000000000000e+02 1.796649109375000886e-02
3.920000000000000000e+02 1.780459093749999291e-02
3.930000000000000000e+02 1.769999382812498245e-02
3.940000000000000000e+02 1.765113960937500504e-02
3.950000000000000000e+02 1.765507828124998971e-02
3.960000000000000000e+02 1.770764250000000234e-02
3.970000000000000000e+02 1.780347965624999584e-02
3.980000000000000000e+02 1.793625332812499862e-02
3.990000000000000000e+02 1.809860999999998374e-02
4.000000000000000000e+02 1.828239417968750141e-02
4.010000000000000000e+02 1.847893678875779655e-02
4.020000000000000000e+02 1.867900112187499337e-02
4.030000000000000000e+02 1.887322035781250490e-02
4.040000000000000000e+02 1.905225180625001735e-02
4.050000000000000000e+02 1.920679243218750831e-02
4.060000000000000000e+02 1.932798684687499213e-02
4.070000000000000000e+02 1.940754310937499796e-02
4.080000000000000000e+02 1.943801290625000663e-02
4.090000000000000000e+02 1.941273169531250453e-02
4.100000000000000000e+02 1.932622607812499449e-02
4.110000000000000000e+02 1.917416191406250831e-02
4.120000000000000000e+02 1.895335656249999556e-02
4.130000000000000000e+02 1.866217414062499441e-02
4.140000000000000000e+02 1.830008882812498433e-02
4.150000000000000000e+02 1.786806734375000205e-02
4.160000000000000000e+02 1.736843531249999267e-02
4.170000000000000000e+02 1.680500257812500564e-02
4.180000000000000000e+02 1.618260234375000148e-02
4.190000000000000000e+02 1.550760945312499271e-02
4.200000000000000000e+02 1.478735124999998318e-02
4.210000000000000000e+02 1.403001828124999725e-02
4.220000000000000000e+02 1.324466843749999394e-02
4.230000000000000000e+02 1.244092445312500357e-02
4.240000000000000000e+02 1.162869437499999999e-02
4.250000000000000000e+02 1.081797375000000810e-02
4.260000000000000000e+02 1.001874421875000032e-02
4.270000000000000000e+02 9.240569531249992474e-03
4.280000000000000000e+02 8.492540625000002952e-03
4.290000000000000000e+02 7.782928906249999244e-03
4.300000000000000000e+02 7.118919531249997580e-03
4.310000000000000000e+02 6.506619531250001399e-03
4.320000000000000000e+02 5.950735156249998582e-03
4.330000000000000000e+02 5.454444531250001588e-03
4.340000000000000000e+02 5.019371874999996840e-03
4.350000000000000000e+02 4.645401562500000962e-03
4.360000000000000000e+02 4.330988281249999010e-03
4.370000000000000000e+02 4.073058593749998881e-03
4.380000000000000000e+02 3.867282031250002250e-03
4.390000000000000000e+02 3.708259375000000444e-03
4.400000000000000000e+02 3.589795312499999627e-03
4.410000000000000000e+02 3.505213281249999931e-03
4.420000000000000000e+02 3.447642968750000685e-03
4.430000000000000000e+02 3.410310546874999876e-03
4.440000000000000000e+02 3.386823046875000586e-03
4.450000000000000000e+02 3.371405859375000043e-03
4.460000000000000000e+02 3.359123906249999840e-03
4.470000000000000000e+02 3.346041171875002197e-03
4.480000000000000000e+02 3.329342500000000496e-03
4.490000000000000000e+02 3.307370000000001749e-03
4.500000000000000000e+02 3.279624999999997386e-03
4.510000000000000000e+02 3.246704531249999283e-03
4.520000000000000000e+02 3.210131171874997923e-03
4.530000000000000000e+02 3.172187031249998172e-03
4.540000000000000000e+02 3.135668046874999851e-03
4.550000000000000000e+02 3.103603984375000700e-03
4.560000000000000000e+02 3.078985546874999941e-03
4.570000000000000000e+02 3.064518359374998960e-03
4.580000000000000000e+02 3.062378132812500296e-03
4.590000000000000000e+02 3.074026789062499036e-03
4.600000000000000000e+02 3.100021656250000635e-03
4.610000000000000000e+02 3.139972671874998768e-03
4.620000000000000000e+02 3.192464224132812896e-03
4.630000000000000000e+02 3.255131429687500074e-03
4.640000000000000000e+02 3.324776445312500189e-03
4.650000000000000000e+02 3.397559035078124515e-03
4.660000000000000000e+02 3.469233742187501079e-03
4.670000000000000000e+02 3.535452414062499691e-03
4.680000000000000000e+02 3.591989440468751609e-03
4.690000000000000000e+02 3.635056429687500649e-03
4.700000000000000000e+02 3.661389812500000143e-03
4.710000000000000000e+02 3.668388445312500273e-03
4.720000000000000000e+02 3.654173359374999520e-03
4.730000000000000000e+02 3.617571320312498728e-03
4.740000000000000000e+02 3.558157734375000207e-03
4.750000000000000000e+02 3.476299664062499836e-03
4.760000000000000000e+02 3.373265796874999438e-03
4.770000000000000000e+02 3.251251789062499942e-03
4.780000000000000000e+02 3.113418679687500468e-03
4.790000000000000000e+02 2.963800343749999761e-03
4.800000000000000000e+02 2.807152593749998645e-03
4.810000000000000000e+02 2.648706421093750818e-03
4.820000000000000000e+02 2.493955335937500430e-03
4.830000000000000000e+02 2.348400054687498940e-03
4.840000000000000000e+02 2.217401953125001154e-03
4.850000000000000000e+02 2.106051093750000228e-03
4.860000000000000000e+02 2.018983124999999303e-03
4.870000000000000000e+02 1.960127273437500383e-03
4.880000000000000000e+02 1.932322687500000061e-03
4.890000000000000000e+02 1.936761617187501144e-03
4.900000000000000000e+02 1.972388414062500265e-03
4.910000000000000000e+02 2.035333367187500304e-03
4.920000000000000000e+02 2.118611593750000400e-03
4.930000000000000000e+02 2.212242375000001218e-03
4.940000000000000000e+02 2.303927601562499351e-03
4.950000000000000000e+02 2.380257960937499050e-03
4.960000000000000000e+02 2.428311569531250123e-03
4.970000000000000000e+02 2.437499723437499665e-03
4.980000000000000000e+02 2.401319195312500831e-03
4.990000000000000000e+02 2.319054281249999065e-03
5.000000000000000000e+02 2.196972937499999667e-03
5.010000000000000000e+02 2.048763078125000279e-03
5.020000000000000000e+02 1.894328390625000256e-03
5.030000000000000000e+02 1.756434587499999898e-03
5.040000000000000000e+02 1.655060132421874546e-03
5.050000000000000000e+02 1.600309757812500098e-03
5.060000000000000000e+02 1.585824054687501056e-03
5.070000000000000000e+02 1.585597390624999365e-03
5.080000000000000000e+02 1.559384984374999512e-03
5.090000000000000000e+02 1.477660132812500362e-03
5.100000000000000000e+02 1.393357753125000313e-03
5.110000000000000000e+02 1.626322976562500928e-03
