0.000000000000000000e+00 6.825948984375000000e-03
1.000000000000000000e+00 6.792372656249999301e-03
2.000000000000000000e+00 6.725708437500001018e-03
3.000000000000000000e+00 6.626793671874997224e-03
4.000000000000000000e+00 6.497082578124998772e-03
5.000000000000000000e+00 6.338271015625001649e-03
6.000000000000000000e+00 6.152537890624995218e-03
7.000000000000000000e+00 5.942366484375000320e-03
8.000000000000000000e+00 5.710559453125000663e-03
9.000000000000000000e+00 5.460212343750001432e-03
1.000000000000000000e+01 5.194543828125002850e-03
1.100000000000000000e+01 4.917018828125001295e-03
1.200000000000000000e+01 4.631174843750001345e-03
1.300000000000000000e+01 4.340526796875000815e-03
1.400000000000000000e+01 4.048656875000000710e-03
1.500000000000000000e+01 3.759056914062500372e-03
1.600000000000000000e+01 3.475093554687501071e-03
1.700000000000000000e+01 3.199957242187499024e-03
1.800000000000000000e+01 2.936635265624998499e-03
1.900000000000000000e+01 2.687861607812499273e-03
2.000000000000000000e+01 2.456082632812499073e-03
2.100000000000000000e+01 2.243425724218749921e-03
2.200000000000000000e+01 2.051680398437500177e-03
2.300000000000000000e+01 1.882282015624999654e-03
2.400000000000000000e+01 1.736303633593749103e-03
2.500000000000000000e+01 1.614451043906250851e-03
2.600000000000000000e+01 1.517076419531251117e-03
2.700000000000000000e+01 1.444173617187499876e-03
2.800000000000000000e+01 1.395405828125000167e-03
2.900000000000000000e+01 1.370115117187500030e-03
3.000000000000000000e+01 1.367362484375000617e-03
3.100000000000000000e+01 1.385941039062500105e-03
3.200000000000000000e+01 1.424434531250000401e-03
3.300000000000000000e+01 1.481211210937499745e-03
3.400000000000000000e+01 1.554497432812499769e-03
3.500000000000000000e+01 1.642402455468750661e-03
3.600000000000000000e+01 1.742943291406249444e-03
3.700000000000000000e+01 1.854110603124999555e-03
3.800000000000000000e+01 1.973860835937499367e-03
3.900000000000000000e+01 2.100191996874999599e-03
4.000000000000000000e+01 2.231153392968751332e-03
4.100000000000000000e+01 2.364869805156251479e-03
4.200000000000000000e+01 2.499571817968748635e-03
4.300000000000000000e+01 2.633624874999998446e-03
4.400000000000000000e+01 2.765521296875000229e-03
4.500000000000000000e+01 2.893933757812498959e-03
4.600000000000000000e+01 3.017667273437497390e-03
4.700000000000000000e+01 3.135719718750001276e-03
4.800000000000000000e+01 3.247244250000000994e-03
4.900000000000000000e+01 3.351577125000000483e-03
5.000000000000000000e+01 3.448194734375001260e-03
5.100000000000000000e+01 3.536745718750001349e-03
5.200000000000000000e+01 3.616999203124998674e-03
5.300000000000000000e+01 3.688895007812498673e-03
5.400000000000000000e+01 3.752436195312500167e-03
5.500000000000000000e+01 3.807756249999998815e-03
5.600000000000000000e+01 3.855063593750002876e-03
5.700000000000000000e+01 3.894615468749997728e-03
5.800000000000000000e+01 3.926762031250000291e-03
5.900000000000000000e+01 3.951848593750002282e-03
6.000000000000000000e+01 3.970256562499999836e-03
6.100000000000000000e+01 3.982367656249998465e-03
6.200000000000000000e+01 3.988554140624997815e-03
6.300000000000000000e+01 3.989204843750000958e-03
6.400000000000000000e+01 3.984614609374997549e-03
6.500000000000000000e+01 3.975111328124999316e-03
6.600000000000000000e+01 3.960981718750000193e-03
6.700000000000000000e+01 3.942453593749999097e-03
6.800000000000000000e+01 3.919721328124999536e-03
6.900000000000000000e+01 3.892916718750002829e-03
7.000000000000000000e+01 3.862199843750000611e-03
7.100000000000000000e+01 3.827661875000000838e-03
7.200000000000000000e+01 3.789399531250001174e-03
7.300000000000000000e+01 3.747461796874998821e-03
7.400000000000000000e+01 3.701846351562501723e-03
7.500000000000000000e+01 3.652692398437500793e-03
7.600000000000000000e+01 3.600014125000000273e-03
7.700000000000000000e+01 3.543882525546875051e-03
7.800000000000000000e+01 3.484430875000001007e-03
7.900000000000000000e+01 3.421753109375000410e-03
8.000000000000000000e+01 3.356074703125000620e-03
8.100000000000000000e+01 3.287550515625001224e-03
8.200000000000000000e+01 3.216484296874999767e-03
8.300000000000000000e+01 3.143200078125000033e-03
8.400000000000000000e+01 3.068047265624999388e-03
8.500000000000000000e+01 2.991461250000001983e-03
8.600000000000000000e+01 2.913927734375001098e-03
8.700000000000000000e+01 2.835974609375001201e-03
8.800000000000000000e+01 2.758173671874999695e-03
8.900000000000000000e+01 2.681160390624999501e-03
9.000000000000000000e+01 2.605586328124998539e-03
9.100000000000000000e+01 2.532141093749998555e-03
9.200000000000000000e+01 2.461528289062501085e-03
9.300000000000000000e+01 2.394472507812498568e-03
9.400000000000000000e+01 2.331687390624998749e-03
9.500000000000000000e+01 2.273886074218750639e-03
9.600000000000000000e+01 2.221761848437502160e-03
9.700000000000000000e+01 2.175970453125000356e-03
9.800000000000000000e+01 2.137130321875000283e-03
9.900000000000000000e+01 2.105812840625000473e-03
1.000000000000000000e+02 2.082517407031250160e-03
1.010000000000000000e+02 2.067682428125001103e-03
1.020000000000000000e+02 2.061660195312499562e-03
1.030000000000000000e+02 2.064722046875000147e-03
1.040000000000000000e+02 2.077038226562499465e-03
1.050000000000000000e+02 2.098693710937499408e-03
1.060000000000000000e+02 2.129651093750001018e-03
1.070000000000000000e+02 2.169796656250000400e-03
1.080000000000000000e+02 2.218895046874999784e-03
1.090000000000000000e+02 2.276605940624999887e-03
1.100000000000000000e+02 2.342488911718751485e-03
1.110000000000000000e+02 2.416010265624999546e-03
1.120000000000000000e+02 2.496540664062500518e-03
1.130000000000000000e+02 2.583351406249999142e-03
1.140000000000000000e+02 2.675660718750002068e-03
1.150000000000000000e+02 2.772600406250000718e-03
1.160000000000000000e+02 2.873233710937499186e-03
1.170000000000000000e+02 2.976604499999999619e-03
1.180000000000000000e+02 3.081694656250000795e-03
1.190000000000000000e+02 3.187481085937499993e-03
1.200000000000000000e+02 3.292911234375001106e-03
1.210000000000000000e+02 3.396963289062499870e-03
1.220000000000000000e+02 3.498600882812500767e-03
1.230000000000000000e+02 3.596842039062500031e-03
1.240000000000000000e+02 3.690723929687500082e-03
1.250000000000000000e+02 3.779386296875000741e-03
1.260000000000000000e+02 3.861943632812499944e-03
1.270000000000000000e+02 3.937677781250000127e-03
1.280000000000000000e+02 4.005896695312500394e-03
1.290000000000000000e+02 4.066015531250000668e-03
1.300000000000000000e+02 4.117530148437501328e-03
1.310000000000000000e+02 4.160051906250000937e-03
1.320000000000000000e+02 4.193265203125000166e-03
1.330000000000000000e+02 4.216970312500000276e-03
1.340000000000000000e+02 4.231048828124998537e-03
1.350000000000000000e+02 4.235477265624999071e-03
1.360000000000000000e+02 4.230341328124999703e-03
1.370000000000000000e+02 4.215804296874998622e-03
1.380000000000000000e+02 4.192099999999998952e-03
1.390000000000000000e+02 4.159509453125000665e-03
1.400000000000000000e+02 4.118452656250001266e-03
1.410000000000000000e+02 4.069390703125000050e-03
1.420000000000000000e+02 4.012822031249999206e-03
1.430000000000000000e+02 3.949353046875000474e-03
1.440000000000000000e+02 3.879637578124999278e-03
1.450000000000000000e+02 3.804396250000000555e-03
1.460000000000000000e+02 3.724407734375000372e-03
1.470000000000000000e+02 3.640546250000000015e-03
1.480000000000000000e+02 3.553726249999999108e-03
1.490000000000000000e+02 3.464961562500000914e-03
1.500000000000000000e+02 3.375324296875001004e-03
1.510000000000000000e+02 3.285953937499999818e-03
1.520000000000000000e+02 3.198073914062498496e-03
1.530000000000000000e+02 3.112947602343750855e-03
1.540000000000000000e+02 3.031890939062499395e-03
1.550000000000000000e+02 2.956268210937501584e-03
1.560000000000000000e+02 2.887445570312500119e-03
1.570000000000000000e+02 2.826786593749998789e-03
1.580000000000000000e+02 2.775622304687499781e-03
1.590000000000000000e+02 2.735223578125000297e-03
1.600000000000000000e+02 2.706765937499999372e-03
1.610000000000000000e+02 2.691308609375000875e-03
1.620000000000000000e+02 2.689728156250000522e-03
1.630000000000000000e+02 2.702740492187499441e-03
1.640000000000000000e+02 2.730821929687499757e-03
1.650000000000000000e+02 2.774189109374998897e-03
1.660000000000000000e+02 2.832824453125000041e-03
1.670000000000000000e+02 2.906389929687500269e-03
1.680000000000000000e+02 2.994275828125000666e-03
1.690000000000000000e+02 3.095557523437499157e-03
1.700000000000000000e+02 3.209032210937499789e-03
1.710000000000000000e+02 3.333229843750000043e-03
1.720000000000000000e+02 3.466403515625000008e-03
1.730000000000000000e+02 3.606613281249998384e-03
1.740000000000000000e+02 3.751723203124997935e-03
1.750000000000000000e+02 3.899481406249999567e-03
1.760000000000000000e+02 4.047493046874998772e-03
1.770000000000000000e+02 4.193411867187500815e-03
1.780000000000000000e+02 4.334854718749998718e-03
1.790000000000000000e+02 4.469511257031251114e-03
1.800000000000000000e+02 4.595274187499998921e-03
1.810000000000000000e+02 4.710137882812501578e-03
1.820000000000000000e+02 4.812392859374996917e-03
1.830000000000000000e+02 4.900598070312499679e-03
1.840000000000000000e+02 4.973640468749999412e-03
1.850000000000000000e+02 5.030741664062500333e-03
1.860000000000000000e+02 5.071495343750000336e-03
1.870000000000000000e+02 5.095927835937496403e-03
1.880000000000000000e+02 5.104422593750003109e-03
1.890000000000000000e+02 5.097688408593751240e-03
1.900000000000000000e+02 5.076854472656250512e-03
1.910000000000000000e+02 5.043405657031249656e-03
1.920000000000000000e+02 4.999092296874997794e-03
1.930000000000000000e+02 4.945897625000000852e-03
1.940000000000000000e+02 4.885997179687500552e-03
1.950000000000000000e+02 4.821708951875000766e-03
1.960000000000000000e+02 4.755449117187500289e-03
1.970000000000000000e+02 4.689588851562501680e-03
1.980000000000000000e+02 4.626482835937499247e-03
1.990000000000000000e+02 4.568356251562502579e-03
2.000000000000000000e+02 4.517174930414064905e-03
2.010000000000000000e+02 4.474768851562500697e-03
2.020000000000000000e+02 4.442664890625001514e-03
2.030000000000000000e+02 4.422049812500000385e-03
2.040000000000000000e+02 4.413821914062500233e-03
2.050000000000000000e+02 4.418508718749999432e-03
2.060000000000000000e+02 4.436316468750001532e-03
2.070000000000000000e+02 4.467160335937500441e-03
2.080000000000000000e+02 4.510628406250000687e-03
2.090000000000000000e+02 4.566078870312500343e-03
2.100000000000000000e+02 4.632675281250000013e-03
2.110000000000000000e+02 4.709429484375000398e-03
2.120000000000000000e+02 4.795252117187500003e-03
2.130000000000000000e+02 4.889022406249998731e-03
2.140000000000000000e+02 4.989686664062498687e-03
2.150000000000000000e+02 5.096209179687502706e-03
2.160000000000000000e+02 5.207738664062498517e-03
2.170000000000000000e+02 5.323598124999999633e-03
2.180000000000000000e+02 5.443275507812499539e-03
2.190000000000000000e+02 5.566531414062499128e-03
2.200000000000000000e+02 5.693270867187501770e-03
2.210000000000000000e+02 5.823727015625001190e-03
2.220000000000000000e+02 5.958259210937500577e-03
2.230000000000000000e+02 6.097435312500002445e-03
2.240000000000000000e+02 6.241854531250002128e-03
2.250000000000000000e+02 6.392252812500003219e-03
2.260000000000000000e+02 6.549341093750001876e-03
2.270000000000000000e+02 6.713710703125001268e-03
2.280000000000000000e+02 6.885874999999996166e-03
2.290000000000000000e+02 7.066132031250000993e-03
2.300000000000000000e+02 7.254431250000004626e-03
2.310000000000000000e+02 7.450530468749998365e-03
2.320000000000000000e+02 7.653755468750002289e-03
2.330000000000000000e+02 7.862928124999999865e-03
2.340000000000000000e+02 8.076795312500001031e-03
2.350000000000000000e+02 8.293373437500001222e-03
2.360000000000000000e+02 8.510564843750000399e-03
2.370000000000000000e+02 8.725832812499997176e-03
2.380000000000000000e+02 8.936442968749999660e-03
2.390000000000000000e+02 9.139444531250000628e-03
2.400000000000000000e+02 9.331772656249995648e-03
2.410000000000000000e+02 9.510403515625001636e-03
2.420000000000000000e+02 9.672357187499997649e-03
2.430000000000000000e+02 9.814763281249997903e-03
2.440000000000000000e+02 9.934905335937500859e-03
2.450000000000000000e+02 1.003065874999999919e-02
2.460000000000000000e+02 1.010004940625000049e-02
2.470000000000000000e+02 1.014157990624999298e-02
2.480000000000000000e+02 1.015436257812500111e-02
2.490000000000000000e+02 1.013789882812499675e-02
2.500000000000000000e+02 1.009212664062500084e-02
2.510000000000000000e+02 1.001770617187500156e-02
2.520000000000000000e+02 9.915742656250000481e-03
2.530000000000000000e+02 9.787723281250000629e-03
2.540000000000000000e+02 9.635670156249999743e-03
2.550000000000000000e+02 9.461959843749995908e-03
2.560000000000000000e+02 9.269325000000000134e-03
2.570000000000000000e+02 9.060617499999999713e-03
2.580000000000000000e+02 8.839047812499998755e-03
2.590000000000000000e+02 8.607880781250000501e-03
2.600000000000000000e+02 8.370382265625002025e-03
2.610000000000000000e+02 8.129842031250000822e-03
2.620000000000000000e+02 7.889404382812501351e-03
2.630000000000000000e+02 7.652207656249996465e-03
2.640000000000000000e+02 7.420995125781254878e-03
2.650000000000000000e+02 7.198524914062504054e-03
2.660000000000000000e+02 6.987116812499998518e-03
2.670000000000000000e+02 6.788985234374998561e-03
2.680000000000000000e+02 6.606089531249998738e-03
2.690000000000000000e+02 6.439998671875003279e-03
2.700000000000000000e+02 6.292203500000003759e-03
2.710000000000000000e+02 6.163968359375000816e-03
2.720000000000000000e+02 6.056366347656246332e-03
2.730000000000000000e+02 5.970305593750000958e-03
2.740000000000000000e+02 5.906646953125000571e-03
2.750000000000000000e+02 5.866050546874999536e-03
2.760000000000000000e+02 5.849231640624997369e-03
2.770000000000000000e+02 5.856801640624999250e-03
2.780000000000000000e+02 5.889377734375002976e-03
2.790000000000000000e+02 5.947493124999999811e-03
2.800000000000000000e+02 6.031749062500000279e-03
2.810000000000000000e+02 6.142674062500002446e-03
2.820000000000000000e+02 6.280660312499997643e-03
2.830000000000000000e+02 6.446214453124998918e-03
2.840000000000000000e+02 6.639625312500001264e-03
2.850000000000000000e+02 6.861066656250007327e-03
2.860000000000000000e+02 7.110551429687500535e-03
2.870000000000000000e+02 7.387938398437499284e-03
2.880000000000000000e+02 7.692820062499996017e-03
2.890000000000000000e+02 8.024374179687500039e-03
2.900000000000000000e+02 8.381679149218749722e-03
2.910000000000000000e+02 8.763253374999998430e-03
2.920000000000000000e+02 9.167308493515621479e-03
2.930000000000000000e+02 9.591665164062500651e-03
2.940000000000000000e+02 1.003362569531250116e-02
2.950000000000000000e+02 1.049016757031249851e-02
2.960000000000000000e+02 1.095779146093749795e-02
2.970000000000000000e+02 1.143266497656250137e-02
2.980000000000000000e+02 1.191056272656249373e-02
2.990000000000000000e+02 1.238692353124999646e-02
3.000000000000000000e+02 1.285695642968749490e-02
3.010000000000000000e+02 1.331579520312500126e-02
3.020000000000000000e+02 1.375837249999999762e-02
3.030000000000000000e+02 1.417963992187499557e-02
3.040000000000000000e+02 1.457472335937499627e-02
3.050000000000000000e+02 1.493868273437499485e-02
3.060000000000000000e+02 1.526713859375000357e-02
3.070000000000000000e+02 1.555589312500000286e-02
3.080000000000000000e+02 1.580118578125001144e-02
3.090000000000000000e+02 1.599976367187499679e-02
3.100000000000000000e+02 1.614901835937498920e-02
3.110000000000000000e+02 1.624680406250000181e-02
3.120000000000000000e+02 1.629177664062499142e-02
3.130000000000000000e+02 1.628321007812499888e-02
3.140000000000000000e+02 1.622120914062499114e-02
3.150000000000000000e+02 1.610643429687500308e-02
3.160000000000000000e+02 1.594036951562499693e-02
3.170000000000000000e+02 1.572533334375000175e-02
3.180000000000000000e+02 1.546405507812499865e-02
3.190000000000000000e+02 1.516030297656249977e-02
3.200000000000000000e+02 1.481823730468750065e-02
3.210000000000000000e+02 1.444266828906249668e-02
3.220000000000000000e+02 1.403897768750000073e-02
3.230000000000000000e+02 1.361301357031250228e-02
3.240000000000000000e+02 1.317105594531250458e-02
3.250000000000000000e+02 1.271974362499999657e-02
3.260000000000000000e+02 1.226584665625000611e-02
3.270000000000000000e+02 1.181665043750000470e-02
3.280000000000000000e+02 1.137923051562499989e-02
3.290000000000000000e+02 1.096084980468750233e-02
3.300000000000000000e+02 1.056885722656249714e-02
3.310000000000000000e+02 1.021034925000000211e-02
3.320000000000000000e+02 9.892244374999999493e-03
3.330000000000000000e+02 9.621340468749997946e-03
3.340000000000000000e+02 9.403875156250001560e-03
3.350000000000000000e+02 9.245692890624997162e-03
3.360000000000000000e+02 9.152195625000004997e-03
3.370000000000000000e+02 9.127877187500004624e-03
3.380000000000000000e+02 9.176690890624996863e-03
3.390000000000000000e+02 9.301641039062497410e-03
3.400000000000000000e+02 9.504673984375001591e-03
3.410000000000000000e+02 9.786926015625000905e-03
3.420000000000000000e+02 1.014832382812499989e-02
3.430000000000000000e+02 1.058751609374999729e-02
3.440000000000000000e+02 1.110218906249999839e-02
3.450000000000000000e+02 1.168871718750000462e-02
3.460000000000000000e+02 1.234235468749999773e-02
3.470000000000000000e+02 1.305725625000000827e-02
3.480000000000000000e+02 1.382626796875000875e-02
3.490000000000000000e+02 1.464142273437500294e-02
3.500000000000000000e+02 1.549379570312500905e-02
3.510000000000000000e+02 1.637353148437500211e-02
3.520000000000000000e+02 1.727023171875000096e-02
3.530000000000000000e+02 1.817301578124998901e-02
3.540000000000000000e+02 1.907065648437501065e-02
3.550000000000000000e+02 1.995186187500000777e-02
3.560000000000000000e+02 2.080539382812501489e-02
3.570000000000000000e+02 2.162029890624997744e-02
3.580000000000000000e+02 2.238623281249999333e-02
3.590000000000000000e+02 2.309333953125001365e-02
3.600000000000000000e+02 2.373279257812500181e-02
3.610000000000000000e+02 2.429660289062500131e-02
3.620000000000000000e+02 2.477796710937499314e-02
3.630000000000000000e+02 2.517136390624998346e-02
3.640000000000000000e+02 2.547244851562500620e-02
3.650000000000000000e+02 2.567847070312500798e-02
3.660000000000000000e+02 2.578792593749998710e-02
3.670000000000000000e+02 2.580097500000001765e-02
3.680000000000000000e+02 2.571920265624999882e-02
3.690000000000000000e+02 2.554571210937500031e-02
3.700000000000000000e+02 2.528500109375000568e-02
3.710000000000000000e+02 2.494290726562500837e-02
3.720000000000000000e+02 2.452655320312500942e-02
3.730000000000000000e+02 2.404404976562499879e-02
3.740000000000000000e+02 2.350465945312498611e-02
3.750000000000000000e+02 2.291820499999999358e-02
3.760000000000000000e+02 2.229518828124998908e-02
3.770000000000000000e+02 2.164679351562500895e-02
3.780000000000000000e+02 2.098397695312501088e-02
3.790000000000000000e+02 2.031817656249999132e-02
3.800000000000000000e+02 1.966044265624999551e-02
3.810000000000000000e+02 1.902162843750001067e-02
3.820000000000000000e+02 1.841204031249998874e-02
3.830000000000000000e+02 1.784124125000000755e-02
3.840000000000000000e+02 1.731791617187499258e-02
3.850000000000000000e+02 1.684983539062500854e-02
3.860000000000000000e+02 1.644351343750000138e-02
3.870000000000000000e+02 1.610412460937499582e-02
3.880000000000000000e+02 1.583544085937500442e-02
3.890000000000000000e+02 1.563982914062499868e-02
3.900000000000000000e+02 1.551814360937499998e-02
3.910000000000000000e+02 1.546969597656249786e-02
3.920000000000000000e+02 1.549235823437499979e-02
3.930000000000000000e+02 1.558252279374999945e-02
3.940000000000000000e+02 1.573528059898436984e-02
3.950000000000000000e+02 1.594436294140624127e-02
3.960000000000000000e+02 1.620251322085937418e-02
3.970000000000000000e+02 1.650144750148437381e-02
3.980000000000000000e+02 1.683193740390625040e-02
3.990000000000000000e+02 1.718428843750001433e-02
4.000000000000000000e+02 1.754826036718750218e-02
4.010000000000000000e+02 1.791315528124999557e-02
4.020000000000000000e+02 1.826846679687500752e-02
4.030000000000000000e+02 1.860364390624998782e-02
4.040000000000000000e+02 1.890842046875000279e-02
4.050000000000000000e+02 1.917300203124999020e-02
4.060000000000000000e+02 1.938844421875000890e-02
4.070000000000000000e+02 1.954629742187501129e-02
4.080000000000000000e+02 1.963947218749999279e-02
4.090000000000000000e+02 1.966164398437500460e-02
4.100000000000000000e+02 1.960781312500001899e-02
4.110000000000000000e+02 1.947429289062497376e-02
4.120000000000000000e+02 1.925869867187500126e-02
4.130000000000000000e+02 1.896008734374998381e-02
4.140000000000000000e+02 1.857910695312498320e-02
4.150000000000000000e+02 1.811785312499999967e-02
4.160000000000000000e+02 1.758001796875000369e-02
4.170000000000000000e+02 1.697081249999998764e-02
4.180000000000000000e+02 1.629678593750000237e-02
4.190000000000000000e+02 1.556563749999999302e-02
4.200000000000000000e+02 1.478643984374999887e-02
4.210000000000000000e+02 1.396904296874999611e-02
4.220000000000000000e+02 1.312400859375000527e-02
4.230000000000000000e+02 1.226243281250000150e-02
4.240000000000000000e+02 1.139578593749999286e-02
4.250000000000000000e+02 1.053547656249999818e-02
4.260000000000000000e+02 9.692736718749999161e-03
4.270000000000000000e+02 8.878328906250001692e-03
4.280000000000000000e+02 8.102312500000000139e-03
4.290000000000000000e+02 7.373606249999998564e-03
4.300000000000000000e+02 6.700014062500002365e-03
4.310000000000000000e+02 6.087659374999999408e-03
4.320000000000000000e+02 5.541161718750000666e-03
4.330000000000000000e+02 5.063285156249999752e-03
4.340000000000000000e+02 4.654931250000000041e-03
4.350000000000000000e+02 4.315165625000000685e-03
4.360000000000000000e+02 4.041291406250000461e-03
4.370000000000000000e+02 3.829022656249999722e-03
4.380000000000000000e+02 3.672687187500000769e-03
4.390000000000000000e+02 3.565515859375000852e-03
4.400000000000000000e+02 3.499978671874999156e-03
4.410000000000000000e+02 3.468083593749998663e-03
4.420000000000000000e+02 3.461763515625000242e-03
4.430000000000000000e+02 3.473149140624999087e-03
4.440000000000000000e+02 3.494883749999999015e-03
4.450000000000000000e+02 3.520398359375001215e-03
4.460000000000000000e+02 3.544127031250002800e-03
4.470000000000000000e+02 3.561664765624997838e-03
4.480000000000000000e+02 3.569894296875000816e-03
4.490000000000000000e+02 3.567029921874999721e-03
4.500000000000000000e+02 3.552556249999999985e-03
4.510000000000000000e+02 3.527105937499999504e-03
4.520000000000000000e+02 3.492321796875000935e-03
4.530000000000000000e+02 3.450563203124998399e-03
4.540000000000000000e+02 3.404749687500000389e-03
4.550000000000000000e+02 3.358037796875000362e-03
4.560000000000000000e+02 3.313620882812501681e-03
4.570000000000000000e+02 3.274445312500000229e-03
4.580000000000000000e+02 3.243039062500000045e-03
4.590000000000000000e+02 3.221268601562499254e-03
4.600000000000000000e+02 3.210266812500000688e-03
4.610000000000000000e+02 3.210334929687499745e-03
4.620000000000000000e+02 3.221019257812498225e-03
4.630000000000000000e+02 3.241186007812500713e-03
4.640000000000000000e+02 3.269225234374999612e-03
4.650000000000000000e+02 3.303234000000000812e-03
4.660000000000000000e+02 3.341191093749998516e-03
4.670000000000000000e+02 3.381130703124999616e-03
4.680000000000000000e+02 3.421194218749999249e-03
4.690000000000000000e+02 3.459645859374999022e-03
4.700000000000000000e+02 3.494867265625000319e-03
4.710000000000000000e+02 3.525347890625001555e-03
4.720000000000000000e+02 3.549667734374998586e-03
4.730000000000000000e+02 3.566516328125000738e-03
4.740000000000000000e+02 3.574739687499999159e-03
4.750000000000000000e+02 3.573308593749998686e-03
4.760000000000000000e+02 3.561243281249999813e-03
4.770000000000000000e+02 3.537582968749999543e-03
4.780000000000000000e+02 3.501265390624999727e-03
4.790000000000000000e+02 3.451122421874997220e-03
4.800000000000000000e+02 3.385924375000001329e-03
4.810000000000000000e+02 3.304581953125000377e-03
4.820000000000000000e+02 3.206534999999999073e-03
4.830000000000000000e+02 3.092283749999998228e-03
4.840000000000000000e+02 2.963882187500001784e-03
4.850000000000000000e+02 2.825412500000000840e-03
4.860000000000000000e+02 2.683143984374999295e-03
4.870000000000000000e+02 2.545236796875001081e-03
4.880000000000000000e+02 2.421038328125001051e-03
4.890000000000000000e+02 2.319949085937498840e-03
4.900000000000000000e+02 2.250087351562500039e-03
4.910000000000000000e+02 2.216878773437499627e-03
4.920000000000000000e+02 2.221820230468749338e-03
4.930000000000000000e+02 2.261570329687499596e-03
4.940000000000000000e+02 2.327430671875000637e-03
4.950000000000000000e+02 2.405479476562501131e-03
4.960000000000000000e+02 2.477665703125000052e-03
4.970000000000000000e+02 2.524071875000000100e-03
4.980000000000000000e+02 2.526244843749998661e-03
4.990000000000000000e+02 2.471342890625000035e-03
5.000000000000000000e+02 2.356113124999999892e-03
5.010000000000000000e+02 2.189554232812499553e-03
5.020000000000000000e+02 1.993317803125000624e-03
5.030000000000000000e+02 1.798798101562499403e-03
5.040000000000000000e+02 1.640980187499999901e-03
5.050000000000000000e+02 1.549428539062499980e-03
5.060000000000000000e+02 1.538077710937501034e-03
5.070000000000000000e+02 1.596413078125000044e-03
5.080000000000000000e+02 1.686623875000000349e-03
5.090000000000000000e+02 1.757612351562500008e-03
5.100000000000000000e+02 1.804332085937500026e-03
5.110000000000000000e+02 2.044214437500000998e-03
