0.000000000000000000e+00 6.750170078125000174e-03
1.000000000000000000e+00 6.715256484374998620e-03
2.000000000000000000e+00 6.645919531250000720e-03
3.000000000000000000e+00 6.543212031250002225e-03
4.000000000000000000e+00 6.408450937500001672e-03
5.000000000000000000e+00 6.243663671874999203e-03
6.000000000000000000e+00 6.051109453125002625e-03
7.000000000000000000e+00 5.833475703125000356e-03
8.000000000000000000e+00 5.593723125000003502e-03
9.000000000000000000e+00 5.335108984375000647e-03
1.000000000000000000e+01 5.061124687499998082e-03
1.100000000000000000e+01 4.775351640625003294e-03
1.200000000000000000e+01 4.481559375000000213e-03
1.300000000000000000e+01 4.183396640624999045e-03
1.400000000000000000e+01 3.884576093750000212e-03
1.500000000000000000e+01 3.588666093749998121e-03
1.600000000000000000e+01 3.299095390625000380e-03
1.700000000000000000e+01 3.019098203124998599e-03
1.800000000000000000e+01 2.751632789062500185e-03
1.900000000000000000e+01 2.499375781250000750e-03
2.000000000000000000e+01 2.264670054687500066e-03
2.100000000000000000e+01 2.049507366406250284e-03
2.200000000000000000e+01 1.855503253124999793e-03
2.300000000000000000e+01 1.683892943046874082e-03
2.400000000000000000e+01 1.535511176562501202e-03
2.500000000000000000e+01 1.410827632812499581e-03
2.600000000000000000e+01 1.309910828125000499e-03
2.700000000000000000e+01 1.232492999999999653e-03
2.800000000000000000e+01 1.177973671874999991e-03
2.900000000000000000e+01 1.145429921874998973e-03
3.000000000000000000e+01 1.133686398437500509e-03
3.100000000000000000e+01 1.141326226562499897e-03
3.200000000000000000e+01 1.166732539062500552e-03
3.300000000000000000e+01 1.208135328125000416e-03
3.400000000000000000e+01 1.263661446093750172e-03
3.500000000000000000e+01 1.331351794999999574e-03
3.600000000000000000e+01 1.409235814843749768e-03
3.700000000000000000e+01 1.495323146093749736e-03
3.800000000000000000e+01 1.587695327343749191e-03
3.900000000000000000e+01 1.684494680468749846e-03
4.000000000000000000e+01 1.783967449218750974e-03
4.100000000000000000e+01 1.884494718750000719e-03
4.200000000000000000e+01 1.984598378906250304e-03
4.300000000000000000e+01 2.082979562499999698e-03
4.400000000000000000e+01 2.178499609375000087e-03
4.500000000000000000e+01 2.270200859374999977e-03
4.600000000000000000e+01 2.357324531249998904e-03
4.700000000000000000e+01 2.439280851562499169e-03
4.800000000000000000e+01 2.515636870312501234e-03
4.900000000000000000e+01 2.586144421874999200e-03
5.000000000000000000e+01 2.650695648437498796e-03
5.100000000000000000e+01 2.709322789062501222e-03
5.200000000000000000e+01 2.762160515625000645e-03
5.300000000000000000e+01 2.809446039062502530e-03
5.400000000000000000e+01 2.851499968750000318e-03
5.500000000000000000e+01 2.888684424218751143e-03
5.600000000000000000e+01 2.921416053124999655e-03
5.700000000000000000e+01 2.950106539062498281e-03
5.800000000000000000e+01 2.975197062499999705e-03
5.900000000000000000e+01 2.997088179687499871e-03
6.000000000000000000e+01 3.016156757812500557e-03
6.100000000000000000e+01 3.032723640624996816e-03
6.200000000000000000e+01 3.047114453125001135e-03
6.300000000000000000e+01 3.059521328125000637e-03
6.400000000000000000e+01 3.070098124999999338e-03
6.500000000000000000e+01 3.078953671874999805e-03
6.600000000000000000e+01 3.086124921874999066e-03
6.700000000000000000e+01 3.091570625000001488e-03
6.800000000000000000e+01 3.095197421874998529e-03
6.900000000000000000e+01 3.096907398437500313e-03
7.000000000000000000e+01 3.096487242187502022e-03
7.100000000000000000e+01 3.093743546875001808e-03
7.200000000000000000e+01 3.088431062499999089e-03
7.300000000000000000e+01 3.080367578124999350e-03
7.400000000000000000e+01 3.069294305468750310e-03
7.500000000000000000e+01 3.055008187499999150e-03
7.600000000000000000e+01 3.037329789062499438e-03
7.700000000000000000e+01 3.016145976562501028e-03
7.800000000000000000e+01 2.991353906250000805e-03
7.900000000000000000e+01 2.962938437499999800e-03
8.000000000000000000e+01 2.930933515624999444e-03
8.100000000000000000e+01 2.895486406249998552e-03
8.200000000000000000e+01 2.856790156250001329e-03
8.300000000000000000e+01 2.815118750000000173e-03
8.400000000000000000e+01 2.770841484375000194e-03
8.500000000000000000e+01 2.724411250000000669e-03
8.600000000000000000e+01 2.676346328124999414e-03
8.700000000000000000e+01 2.627243593750000581e-03
8.800000000000000000e+01 2.577758671874998651e-03
8.900000000000000000e+01 2.528625781250000946e-03
9.000000000000000000e+01 2.480583281249999165e-03
9.100000000000000000e+01 2.434449898437501033e-03
9.200000000000000000e+01 2.391039132812500332e-03
9.300000000000000000e+01 2.351181101562498359e-03
9.400000000000000000e+01 2.315691218750000682e-03
9.500000000000000000e+01 2.285390218750002044e-03
9.600000000000000000e+01 2.261052157031248622e-03
9.700000000000000000e+01 2.243394789062499919e-03
9.800000000000000000e+01 2.233093789062501333e-03
9.900000000000000000e+01 2.230741514062500094e-03
1.000000000000000000e+02 2.236853164062501450e-03
1.010000000000000000e+02 2.251852742187501061e-03
1.020000000000000000e+02 2.276041914062500518e-03
1.030000000000000000e+02 2.309633953125000104e-03
1.040000000000000000e+02 2.352711929687500113e-03
1.050000000000000000e+02 2.405245406250000086e-03
1.060000000000000000e+02 2.467073581250000570e-03
1.070000000000000000e+02 2.537903453124999535e-03
1.080000000000000000e+02 2.617346515625000591e-03
1.090000000000000000e+02 2.704859054687500618e-03
1.100000000000000000e+02 2.799809164062498287e-03
1.110000000000000000e+02 2.901446484375000412e-03
1.120000000000000000e+02 3.008910343750000743e-03
1.130000000000000000e+02 3.121264773437499706e-03
1.140000000000000000e+02 3.237487843749999386e-03
1.150000000000000000e+02 3.356513085937500376e-03
1.160000000000000000e+02 3.477178323437500346e-03
1.170000000000000000e+02 3.598336209374999699e-03
1.180000000000000000e+02 3.718783749999998115e-03
1.190000000000000000e+02 3.837332674218748695e-03
1.200000000000000000e+02 3.952794739843750425e-03
1.210000000000000000e+02 4.064029955468749511e-03
1.220000000000000000e+02 4.169928346875000774e-03
1.230000000000000000e+02 4.269418460156250428e-03
1.240000000000000000e+02 4.361592289062499704e-03
1.250000000000000000e+02 4.445517281250000244e-03
1.260000000000000000e+02 4.520436523437499146e-03
1.270000000000000000e+02 4.585679695312500775e-03
1.280000000000000000e+02 4.640674492187499972e-03
1.290000000000000000e+02 4.685001031249999386e-03
1.300000000000000000e+02 4.718325171874998385e-03
1.310000000000000000e+02 4.740501390625001359e-03
1.320000000000000000e+02 4.751414257812500326e-03
1.330000000000000000e+02 4.751177968750001750e-03
1.340000000000000000e+02 4.739910156249999874e-03
1.350000000000000000e+02 4.717880546874999963e-03
1.360000000000000000e+02 4.685462187499998647e-03
1.370000000000000000e+02 4.643075234375000290e-03
1.380000000000000000e+02 4.591264453124999610e-03
1.390000000000000000e+02 4.530618359375000390e-03
1.400000000000000000e+02 4.461776250000000499e-03
1.410000000000000000e+02 4.385442499999998682e-03
1.420000000000000000e+02 4.302391562500000599e-03
1.430000000000000000e+02 4.213364765624999855e-03
1.440000000000000000e+02 4.119251484375001902e-03
1.450000000000000000e+02 4.020941015624999657e-03
1.460000000000000000e+02 3.919337812499998873e-03
1.470000000000000000e+02 3.815477187499999746e-03
1.480000000000000000e+02 3.710391875000002091e-03
1.490000000000000000e+02 3.605206640624998484e-03
1.500000000000000000e+02 3.501116656249999952e-03
1.510000000000000000e+02 3.399366590625000316e-03
1.520000000000000000e+02 3.301285222656250799e-03
1.530000000000000000e+02 3.208254632812498376e-03
1.540000000000000000e+02 3.121712968749998634e-03
1.550000000000000000e+02 3.043139695312500545e-03
1.560000000000000000e+02 2.974028398437498794e-03
1.570000000000000000e+02 2.915886551562500879e-03
1.580000000000000000e+02 2.870153428593749320e-03
1.590000000000000000e+02 2.838236685156250369e-03
1.600000000000000000e+02 2.821423264062500585e-03
1.610000000000000000e+02 2.820871718749997856e-03
1.620000000000000000e+02 2.837547257812500674e-03
1.630000000000000000e+02 2.872210210937500147e-03
1.640000000000000000e+02 2.925356859374999164e-03
1.650000000000000000e+02 2.997209976562500381e-03
1.660000000000000000e+02 3.087668289062499641e-03
1.670000000000000000e+02 3.196328031250001735e-03
1.680000000000000000e+02 3.322384398437498981e-03
1.690000000000000000e+02 3.464745390625000206e-03
1.700000000000000000e+02 3.621932703124998779e-03
1.710000000000000000e+02 3.792168085937500880e-03
1.720000000000000000e+02 3.973335796875000596e-03
1.730000000000000000e+02 4.163062953125000291e-03
1.740000000000000000e+02 4.358778414062499350e-03
1.750000000000000000e+02 4.557672929687500187e-03
1.760000000000000000e+02 4.756829929687497738e-03
1.770000000000000000e+02 4.953224963281249900e-03
1.780000000000000000e+02 5.143919710156250914e-03
1.790000000000000000e+02 5.325950149062497023e-03
1.800000000000000000e+02 5.496527262500001954e-03
1.810000000000000000e+02 5.653042031250003069e-03
1.820000000000000000e+02 5.793131609374996618e-03
1.830000000000000000e+02 5.914788921874998030e-03
1.840000000000000000e+02 6.016373343750000026e-03
1.850000000000000000e+02 6.096604554687501051e-03
1.860000000000000000e+02 6.154745632812499111e-03
1.870000000000000000e+02 6.190542062499997632e-03
1.880000000000000000e+02 6.204180859375000960e-03
1.890000000000000000e+02 6.196467109374996680e-03
1.900000000000000000e+02 6.168597500000000226e-03
1.910000000000000000e+02 6.122295078124998478e-03
1.920000000000000000e+02 6.059782109374999177e-03
1.930000000000000000e+02 5.983531093750000217e-03
1.940000000000000000e+02 5.896465624999997976e-03
1.950000000000000000e+02 5.801722156249998659e-03
1.960000000000000000e+02 5.702562664062500730e-03
1.970000000000000000e+02 5.602291328125003425e-03
1.980000000000000000e+02 5.504228195312502181e-03
1.990000000000000000e+02 5.411636052343750045e-03
2.000000000000000000e+02 5.327380158593753197e-03
2.010000000000000000e+02 5.254207819531248741e-03
2.020000000000000000e+02 5.194283117187498480e-03
2.030000000000000000e+02 5.149506492187500700e-03
2.040000000000000000e+02 5.121165031249999555e-03
2.050000000000000000e+02 5.110032312499999431e-03
2.060000000000000000e+02 5.116409750000001054e-03
2.070000000000000000e+02 5.140032421874999452e-03
2.080000000000000000e+02 5.180103907031252328e-03
2.090000000000000000e+02 5.235488164843751444e-03
2.100000000000000000e+02 5.304558242968753640e-03
2.110000000000000000e+02 5.385478859375002550e-03
2.120000000000000000e+02 5.476142851562500885e-03
2.130000000000000000e+02 5.574348726562499204e-03
2.140000000000000000e+02 5.677897531250000913e-03
2.150000000000000000e+02 5.784604765624997043e-03
2.160000000000000000e+02 5.892517578124999156e-03
2.170000000000000000e+02 5.999855062499997484e-03
2.180000000000000000e+02 6.105240289062502726e-03
2.190000000000000000e+02 6.207535389843752034e-03
2.200000000000000000e+02 6.306086859375001526e-03
2.210000000000000000e+02 6.400533867187504014e-03
2.220000000000000000e+02 6.490969999999998685e-03
2.230000000000000000e+02 6.577804609374999709e-03
2.240000000000000000e+02 6.661779218749999502e-03
2.250000000000000000e+02 6.743876406249997395e-03
2.260000000000000000e+02 6.825185937499999612e-03
2.270000000000000000e+02 6.906914843750002267e-03
2.280000000000000000e+02 6.990369687499999388e-03
2.290000000000000000e+02 7.076642187500001811e-03
2.300000000000000000e+02 7.166697656250001040e-03
2.310000000000000000e+02 7.261258593749999289e-03
2.320000000000000000e+02 7.360782265625000036e-03
2.330000000000000000e+02 7.465375312500002226e-03
2.340000000000000000e+02 7.574759374999999288e-03
2.350000000000000000e+02 7.688292968750000574e-03
2.360000000000000000e+02 7.804999374999998900e-03
2.370000000000000000e+02 7.923480546875001987e-03
2.380000000000000000e+02 8.042195312499998347e-03
2.390000000000000000e+02 8.159319609375000060e-03
2.400000000000000000e+02 8.272762499999999214e-03
2.410000000000000000e+02 8.380562421875003068e-03
2.420000000000000000e+02 8.480625078124999841e-03
2.430000000000000000e+02 8.570929914062493798e-03
2.440000000000000000e+02 8.649597492187499279e-03
2.450000000000000000e+02 8.715036671875000737e-03
2.460000000000000000e+02 8.765835000000001334e-03
2.470000000000000000e+02 8.800954296874999999e-03
2.480000000000000000e+02 8.819596718749997746e-03
2.490000000000000000e+02 8.821348906250000080e-03
2.500000000000000000e+02 8.806197812500001290e-03
2.510000000000000000e+02 8.774475703125002995e-03
2.520000000000000000e+02 8.726630234374999420e-03
2.530000000000000000e+02 8.663648906250001613e-03
2.540000000000000000e+02 8.586719140624997360e-03
2.550000000000000000e+02 8.497080000000002339e-03
2.560000000000000000e+02 8.396290937500001939e-03
2.570000000000000000e+02 8.285942937499997038e-03
2.580000000000000000e+02 8.167696541406250024e-03
2.590000000000000000e+02 8.043220109374998872e-03
2.600000000000000000e+02 7.914275984374998310e-03
2.610000000000000000e+02 7.782353437500000304e-03
2.620000000000000000e+02 7.649083642968747786e-03
2.630000000000000000e+02 7.515839101562493511e-03
2.640000000000000000e+02 7.384008914062502836e-03
2.650000000000000000e+02 7.254790234375003456e-03
2.660000000000000000e+02 7.129327109374999048e-03
2.670000000000000000e+02 7.008649374999999411e-03
2.680000000000000000e+02 6.893813125000000305e-03
2.690000000000000000e+02 6.785762187499997170e-03
2.700000000000000000e+02 6.685491843749997824e-03
2.710000000000000000e+02 6.594019640625002274e-03
2.720000000000000000e+02 6.512332094531246562e-03
2.730000000000000000e+02 6.441632937499999594e-03
2.740000000000000000e+02 6.383100421874999403e-03
2.750000000000000000e+02 6.338097343750000688e-03
2.760000000000000000e+02 6.308016406249995073e-03
2.770000000000000000e+02 6.294309453124998996e-03
2.780000000000000000e+02 6.298609140625001379e-03
2.790000000000000000e+02 6.322436718750002946e-03
2.800000000000000000e+02 6.367432499999992057e-03
2.810000000000000000e+02 6.435141640625001956e-03
2.820000000000000000e+02 6.527015625000001132e-03
2.830000000000000000e+02 6.644327265625001380e-03
2.840000000000000000e+02 6.788246640624998746e-03
2.850000000000000000e+02 6.959570781250003918e-03
2.860000000000000000e+02 7.158866640624994733e-03
2.870000000000000000e+02 7.386311796874997851e-03
2.880000000000000000e+02 7.641579999999997645e-03
2.890000000000000000e+02 7.924059609374999036e-03
2.900000000000000000e+02 8.232516093749994365e-03
2.910000000000000000e+02 8.565230859375003516e-03
2.920000000000000000e+02 8.920087390624997781e-03
2.930000000000000000e+02 9.294251460937501610e-03
2.940000000000000000e+02 9.684596343749995659e-03
2.950000000000000000e+02 1.008743280468750447e-02
2.960000000000000000e+02 1.049863364843749841e-02
2.970000000000000000e+02 1.091381580859375304e-02
2.980000000000000000e+02 1.132824079609375326e-02
2.990000000000000000e+02 1.173697208593750367e-02
3.000000000000000000e+02 1.213499669843749566e-02
3.010000000000000000e+02 1.251728013281250100e-02
3.020000000000000000e+02 1.287891848437500326e-02
3.030000000000000000e+02 1.321505430468750478e-02
3.040000000000000000e+02 1.352122645312499837e-02
3.050000000000000000e+02 1.379332625000000319e-02
3.060000000000000000e+02 1.402759773437500107e-02
3.070000000000000000e+02 1.422075835937500893e-02
3.080000000000000000e+02 1.437029789062499625e-02
3.090000000000000000e+02 1.447406585937500295e-02
3.100000000000000000e+02 1.453067250000000289e-02
3.110000000000000000e+02 1.453937000000000111e-02
3.120000000000000000e+02 1.450020031250000806e-02
3.130000000000000000e+02 1.441361093750000502e-02
3.140000000000000000e+02 1.428121835937500028e-02
3.150000000000000000e+02 1.410488148437499811e-02
3.160000000000000000e+02 1.388740429687499063e-02
3.170000000000000000e+02 1.363202960937500048e-02
3.180000000000000000e+02 1.334275601562499684e-02
3.190000000000000000e+02 1.302399640624999667e-02
3.200000000000000000e+02 1.268076789062499293e-02
3.210000000000000000e+02 1.231846539062500002e-02
3.220000000000000000e+02 1.194287226562500137e-02
3.230000000000000000e+02 1.156000374999999886e-02
3.240000000000000000e+02 1.117623687500000039e-02
3.250000000000000000e+02 1.079808851562500185e-02
3.260000000000000000e+02 1.043223712499999692e-02
3.270000000000000000e+02 1.008527808593750325e-02
3.280000000000000000e+02 9.763989507812499344e-03
3.290000000000000000e+02 9.475096335937498865e-03
3.300000000000000000e+02 9.224997796875000419e-03
3.310000000000000000e+02 9.020075125000000596e-03
3.320000000000000000e+02 8.866256129687503235e-03
3.330000000000000000e+02 8.769248134375002765e-03
3.340000000000000000e+02 8.734128367187501615e-03
3.350000000000000000e+02 8.765374398437499395e-03
3.360000000000000000e+02 8.866798957265624795e-03
3.370000000000000000e+02 9.041285296875005081e-03
3.380000000000000000e+02 9.290896437500001381e-03
3.390000000000000000e+02 9.616705062499999665e-03
3.400000000000000000e+02 1.001840671874999929e-02
3.410000000000000000e+02 1.049488335937500544e-02
3.420000000000000000e+02 1.104356875000000321e-02
3.430000000000000000e+02 1.166079703125000137e-02
3.440000000000000000e+02 1.234164453124999596e-02
3.450000000000000000e+02 1.307992812499999581e-02
3.460000000000000000e+02 1.386821484374999199e-02
3.470000000000000000e+02 1.469821796874999642e-02
3.480000000000000000e+02 1.556037578125000868e-02
3.490000000000000000e+02 1.644434687500000158e-02
3.500000000000000000e+02 1.733914531249999835e-02
3.510000000000000000e+02 1.823305781250000174e-02
3.520000000000000000e+02 1.911414921874999770e-02
3.530000000000000000e+02 1.997039453124999434e-02
3.540000000000000000e+02 2.078983046874998894e-02
3.550000000000000000e+02 2.156096171874997622e-02
3.560000000000000000e+02 2.227273984375000015e-02
3.570000000000000000e+02 2.291508125000000021e-02
3.580000000000000000e+02 2.347887031249999701e-02
3.590000000000000000e+02 2.395625390624998852e-02
3.600000000000000000e+02 2.434059296875000500e-02
3.610000000000000000e+02 2.462695234375000819e-02
3.620000000000000000e+02 2.481183281249999331e-02
3.630000000000000000e+02 2.489347890625000573e-02
3.640000000000000000e+02 2.487183984374999671e-02
3.650000000000000000e+02 2.474856874999999123e-02
3.660000000000000000e+02 2.452713359375001748e-02
3.670000000000000000e+02 2.421259140624999404e-02
3.680000000000000000e+02 2.381155312499999913e-02
3.690000000000000000e+02 2.333228125000001013e-02
3.700000000000000000e+02 2.278409843750000066e-02
3.710000000000000000e+02 2.217757734374999762e-02
3.720000000000000000e+02 2.152411874999999447e-02
3.730000000000000000e+02 2.083578437500000283e-02
3.740000000000000000e+02 2.012514531250000904e-02
3.750000000000000000e+02 1.940490625000000982e-02
3.760000000000000000e+02 1.868775703125000881e-02
3.770000000000000000e+02 1.798615781250000045e-02
3.780000000000000000e+02 1.731210703125000278e-02
3.790000000000000000e+02 1.667683828125000531e-02
3.800000000000000000e+02 1.609089898437499749e-02
3.810000000000000000e+02 1.556353070312500690e-02
3.820000000000000000e+02 1.510295757812499598e-02
3.830000000000000000e+02 1.471594609375000313e-02
3.840000000000000000e+02 1.440787351562500783e-02
3.850000000000000000e+02 1.418253132812500455e-02
3.860000000000000000e+02 1.404197249999999605e-02
3.870000000000000000e+02 1.398681714843750049e-02
3.880000000000000000e+02 1.401594773437499566e-02
3.890000000000000000e+02 1.412673181249999438e-02
3.900000000000000000e+02 1.431495039921875170e-02
3.910000000000000000e+02 1.457506672656250397e-02
3.920000000000000000e+02 1.490026678124999754e-02
3.930000000000000000e+02 1.528258104687500556e-02
3.940000000000000000e+02 1.571312081718750225e-02
3.950000000000000000e+02 1.618216054921874439e-02
3.960000000000000000e+02 1.667935311718748981e-02
3.970000000000000000e+02 1.719399085937499058e-02
3.980000000000000000e+02 1.771500171874998766e-02
3.990000000000000000e+02 1.823121164062499813e-02
4.000000000000000000e+02 1.873161648437500493e-02
4.010000000000000000e+02 1.920532179687500091e-02
4.020000000000000000e+02 1.964190179687499288e-02
4.030000000000000000e+02 2.003148265624999161e-02
4.040000000000000000e+02 2.036496312499998240e-02
4.050000000000000000e+02 2.063385687500001245e-02
4.060000000000000000e+02 2.083089796874997360e-02
4.070000000000000000e+02 2.094970898437498175e-02
4.080000000000000000e+02 2.098506945312499788e-02
4.090000000000000000e+02 2.093301093749999273e-02
4.100000000000000000e+02 2.079082890625001678e-02
4.110000000000000000e+02 2.055728359374998926e-02
4.120000000000000000e+02 2.023248046874999775e-02
4.130000000000000000e+02 1.981802031250000373e-02
4.140000000000000000e+02 1.931699375000001800e-02
4.150000000000000000e+02 1.873389140625000837e-02
4.160000000000000000e+02 1.807457968749999130e-02
4.170000000000000000e+02 1.734624765624999052e-02
4.180000000000000000e+02 1.655727421875000799e-02
4.190000000000000000e+02 1.571702421875000380e-02
4.200000000000000000e+02 1.483571249999999890e-02
4.210000000000000000e+02 1.392440937499999677e-02
4.220000000000000000e+02 1.299458124999999624e-02
4.230000000000000000e+02 1.205810000000000388e-02
4.240000000000000000e+02 1.112699921874999928e-02
4.250000000000000000e+02 1.021316406249999850e-02
4.260000000000000000e+02 9.328041406250001111e-03
4.270000000000000000e+02 8.482445312500003221e-03
4.280000000000000000e+02 7.686246875000002018e-03
4.290000000000000000e+02 6.947996093749997902e-03
4.300000000000000000e+02 6.274796874999998691e-03
4.310000000000000000e+02 5.672017187500002187e-03
4.320000000000000000e+02 5.143131250000000307e-03
4.330000000000000000e+02 4.689599218750003379e-03
4.340000000000000000e+02 4.310918749999999126e-03
4.350000000000000000e+02 4.004640624999999086e-03
4.360000000000000000e+02 3.766586484375001632e-03
4.370000000000000000e+02 3.591037109374999991e-03
4.380000000000000000e+02 3.471059203124999323e-03
4.390000000000000000e+02 3.398776167187498708e-03
4.400000000000000000e+02 3.365713772656249523e-03
4.410000000000000000e+02 3.363111867187500419e-03
4.420000000000000000e+02 3.382287007812500093e-03
4.430000000000000000e+02 3.414935132812498865e-03
4.440000000000000000e+02 3.453469296093750456e-03
4.450000000000000000e+02 3.491256681249999428e-03
4.460000000000000000e+02 3.522867804687500499e-03
4.470000000000000000e+02 3.544172931406249817e-03
4.480000000000000000e+02 3.552402453125000272e-03
4.490000000000000000e+02 3.546104845546875148e-03
4.500000000000000000e+02 3.525102835937500220e-03
4.510000000000000000e+02 3.490289118750000003e-03
4.520000000000000000e+02 3.443487804140624598e-03
4.530000000000000000e+02 3.387229382812499429e-03
4.540000000000000000e+02 3.324525548437499891e-03
4.550000000000000000e+02 3.258548632812500751e-03
4.560000000000000000e+02 3.192423149218751293e-03
4.570000000000000000e+02 3.128965595312499428e-03
4.580000000000000000e+02 3.070519078124998944e-03
4.590000000000000000e+02 3.018850904687499833e-03
4.600000000000000000e+02 2.975147086718750271e-03
4.610000000000000000e+02 2.940048820312500880e-03
4.620000000000000000e+02 2.913741953125000006e-03
4.630000000000000000e+02 2.896153687499999473e-03
4.640000000000000000e+02 2.886964749999998848e-03
4.650000000000000000e+02 2.885834632812500199e-03
4.660000000000000000e+02 2.892378171874998745e-03
4.670000000000000000e+02 2.906259140625001673e-03
4.680000000000000000e+02 2.927157578124998938e-03
4.690000000000000000e+02 2.954823375000001189e-03
4.700000000000000000e+02 2.988963124999998930e-03
4.710000000000000000e+02 3.029264453124999156e-03
4.720000000000000000e+02 3.075195859375000600e-03
4.730000000000000000e+02 3.125933749999997881e-03
4.740000000000000000e+02 3.180126250000001736e-03
4.750000000000000000e+02 3.235737499999999985e-03
4.760000000000000000e+02 3.289816796875000109e-03
4.770000000000000000e+02 3.338421406250000056e-03
4.780000000000000000e+02 3.376581718749999215e-03
4.790000000000000000e+02 3.398594218750001193e-03
4.800000000000000000e+02 3.398526953125001471e-03
4.810000000000000000e+02 3.371024999999999716e-03
4.820000000000000000e+02 3.312284765625000005e-03
4.830000000000000000e+02 3.221028749999999084e-03
4.840000000000000000e+02 3.099232734374999122e-03
4.850000000000000000e+02 2.952555312499999338e-03
4.860000000000000000e+02 2.790226484375000430e-03
4.870000000000000000e+02 2.624493828124999008e-03
4.880000000000000000e+02 2.469554679687499966e-03
4.890000000000000000e+02 2.340116531249999878e-03
4.900000000000000000e+02 2.249529054687498999e-03
4.910000000000000000e+02 2.207674101562499911e-03
4.920000000000000000e+02 2.218792195312499927e-03
4.930000000000000000e+02 2.279536119531249457e-03
4.940000000000000000e+02 2.377894035937500126e-03
4.950000000000000000e+02 2.493447421874999976e-03
4.960000000000000000e+02 2.599474531250000643e-03
4.970000000000000000e+02 2.666927671875000006e-03
4.980000000000000000e+02 2.669964140624999857e-03
4.990000000000000000e+02 2.592007710937500181e-03
5.000000000000000000e+02 2.431206963281249897e-03
5.010000000000000000e+02 2.203509257812499410e-03
5.020000000000000000e+02 1.942188984375000423e-03
5.030000000000000000e+02 1.693250625000000415e-03
5.040000000000000000e+02 1.506848609375000415e-03
5.050000000000000000e+02 1.425492328124999602e-03
5.060000000000000000e+02 1.469878929687500144e-03
5.070000000000000000e+02 1.624742031249999750e-03
5.080000000000000000e+02 1.830257701562500432e-03
5.090000000000000000e+02 1.992444494687498763e-03
5.100000000000000000e+02 2.043062507812500386e-03
5.110000000000000000e+02 2.123080390624999640e-03
