0.000000000000000000e+00 4.775263210937500183e-03
1.000000000000000000e+00 4.743895992187500271e-03
2.000000000000000000e+00 4.681684328124996984e-03
3.000000000000000000e+00 4.589687429687502873e-03
4.000000000000000000e+00 4.469380039062502592e-03
5.000000000000000000e+00 4.322772023437497502e-03
6.000000000000000000e+00 4.152280148437499652e-03
7.000000000000000000e+00 3.960687148437497598e-03
8.000000000000000000e+00 3.751031226562498953e-03
9.000000000000000000e+00 3.526702148437501055e-03
1.000000000000000000e+01 3.291222335937498637e-03
1.100000000000000000e+01 3.048266656250001386e-03
1.200000000000000000e+01 2.801523789062502177e-03
1.300000000000000000e+01 2.554687367187499954e-03
1.400000000000000000e+01 2.311365499999999858e-03
1.500000000000000000e+01 2.075002189843750365e-03
1.600000000000000000e+01 1.848854677343749484e-03
1.700000000000000000e+01 1.635893976562499729e-03
1.800000000000000000e+01 1.438789374218750168e-03
1.900000000000000000e+01 1.259848237500000396e-03
2.000000000000000000e+01 1.101008890624999639e-03
2.100000000000000000e+01 9.637994296875000916e-04
2.200000000000000000e+01 8.493181484375001951e-04
2.300000000000000000e+01 7.582633828125003549e-04
2.400000000000000000e+01 6.908926484375001176e-04
2.500000000000000000e+01 6.470761015624999562e-04
2.600000000000000000e+01 6.262933544531250427e-04
2.700000000000000000e+01 6.276682609375000771e-04
2.800000000000000000e+01 6.500065187499998350e-04
2.900000000000000000e+01 6.918392921875001888e-04
3.000000000000000000e+01 7.514540078125003537e-04
3.100000000000000000e+01 8.269495156249998371e-04
3.200000000000000000e+01 9.162877421875005894e-04
3.300000000000000000e+01 1.017327703125000225e-03
3.400000000000000000e+01 1.127896367187500217e-03
3.500000000000000000e+01 1.245818411718750554e-03
3.600000000000000000e+01 1.368958443671874610e-03
3.700000000000000000e+01 1.495273271249999763e-03
3.800000000000000000e+01 1.622834607812499632e-03
3.900000000000000000e+01 1.749871234375000592e-03
4.000000000000000000e+01 1.874778289062499969e-03
4.100000000000000000e+01 1.996160476562499394e-03
4.200000000000000000e+01 2.112817156249999825e-03
4.300000000000000000e+01 2.223763867187499455e-03
4.400000000000000000e+01 2.328238348437498741e-03
4.500000000000000000e+01 2.425697141406249653e-03
4.600000000000000000e+01 2.515784329687500900e-03
4.700000000000000000e+01 2.598352736718750194e-03
4.800000000000000000e+01 2.673410750000000669e-03
4.900000000000000000e+01 2.741131364843748478e-03
5.000000000000000000e+01 2.801818499999999927e-03
5.100000000000000000e+01 2.855881156250001003e-03
5.200000000000000000e+01 2.903799228124999236e-03
5.300000000000000000e+01 2.946125008593751538e-03
5.400000000000000000e+01 2.983440984374998578e-03
5.500000000000000000e+01 3.016317682812501982e-03
5.600000000000000000e+01 3.045318270312498930e-03
5.700000000000000000e+01 3.070992882812499138e-03
5.800000000000000000e+01 3.093795914062499614e-03
5.900000000000000000e+01 3.114172226562501086e-03
6.000000000000000000e+01 3.132413898437498567e-03
6.100000000000000000e+01 3.148821515624999727e-03
6.200000000000000000e+01 3.163535156250000657e-03
6.300000000000000000e+01 3.176617196093749380e-03
6.400000000000000000e+01 3.188052796093750630e-03
6.500000000000000000e+01 3.197773889062499510e-03
6.600000000000000000e+01 3.205570960156250981e-03
6.700000000000000000e+01 3.211236976562500262e-03
6.800000000000000000e+01 3.214456304687498839e-03
6.900000000000000000e+01 3.214940625000000871e-03
7.000000000000000000e+01 3.212317656250001947e-03
7.100000000000000000e+01 3.206219945312499021e-03
7.200000000000000000e+01 3.196302554687501483e-03
7.300000000000000000e+01 3.182286187499999783e-03
7.400000000000000000e+01 3.163839157578123180e-03
7.500000000000000000e+01 3.140801593750000911e-03
7.600000000000000000e+01 3.112965085937501129e-03
7.700000000000000000e+01 3.080274335937499639e-03
7.800000000000000000e+01 3.042787343750000609e-03
7.900000000000000000e+01 3.000556718749999765e-03
8.000000000000000000e+01 2.953824843750002017e-03
8.100000000000000000e+01 2.902914218749999813e-03
8.200000000000000000e+01 2.848275624999999176e-03
8.300000000000000000e+01 2.790432265625000536e-03
8.400000000000000000e+01 2.730031796874996496e-03
8.500000000000000000e+01 2.667795546874998994e-03
8.600000000000000000e+01 2.604550546875000327e-03
8.700000000000000000e+01 2.541192187499999745e-03
8.800000000000000000e+01 2.478669531250001640e-03
8.900000000000000000e+01 2.417977109374999916e-03
9.000000000000000000e+01 2.360175078125001207e-03
9.100000000000000000e+01 2.306291953124998875e-03
9.200000000000000000e+01 2.257392710937499401e-03
9.300000000000000000e+01 2.214497234375000911e-03
9.400000000000000000e+01 2.178610609374999341e-03
9.500000000000000000e+01 2.150661390624999687e-03
9.600000000000000000e+01 2.131523982812498670e-03
9.700000000000000000e+01 2.121987342187498481e-03
9.800000000000000000e+01 2.122730829687500317e-03
9.900000000000000000e+01 2.134318486718749137e-03
1.000000000000000000e+02 2.157189137968750902e-03
1.010000000000000000e+02 2.191637068750000236e-03
1.020000000000000000e+02 2.237839250781250081e-03
1.030000000000000000e+02 2.295782807812499736e-03
1.040000000000000000e+02 2.365311468593750324e-03
1.050000000000000000e+02 2.446120702343749110e-03
1.060000000000000000e+02 2.537744209375000608e-03
1.070000000000000000e+02 2.639555937499999533e-03
1.080000000000000000e+02 2.750776828125001648e-03
1.090000000000000000e+02 2.870500648437501398e-03
1.100000000000000000e+02 2.997675781249999147e-03
1.110000000000000000e+02 3.131145851562500745e-03
1.120000000000000000e+02 3.269616609374998741e-03
1.130000000000000000e+02 3.411739281250000290e-03
1.140000000000000000e+02 3.556069812499999382e-03
1.150000000000000000e+02 3.701102015624999943e-03
1.160000000000000000e+02 3.845314203125000611e-03
1.170000000000000000e+02 3.987143890625000249e-03
1.180000000000000000e+02 4.125074039062499170e-03
1.190000000000000000e+02 4.257585289062499993e-03
1.200000000000000000e+02 4.383226375000001153e-03
1.210000000000000000e+02 4.500588148437499950e-03
1.220000000000000000e+02 4.608385359375000677e-03
1.230000000000000000e+02 4.705468374999999780e-03
1.240000000000000000e+02 4.790716351562500884e-03
1.250000000000000000e+02 4.863285857812498295e-03
1.260000000000000000e+02 4.922415570312499780e-03
1.270000000000000000e+02 4.967528089062501866e-03
1.280000000000000000e+02 4.998240711484373301e-03
1.290000000000000000e+02 5.014288258593747535e-03
1.300000000000000000e+02 5.015731203906247625e-03
1.310000000000000000e+02 5.002644903125001534e-03
1.320000000000000000e+02 4.975400296874996423e-03
1.330000000000000000e+02 4.934444148437498040e-03
1.340000000000000000e+02 4.880489351562499606e-03
1.350000000000000000e+02 4.814228843750000680e-03
1.360000000000000000e+02 4.736631093749997176e-03
1.370000000000000000e+02 4.648647914062498977e-03
1.380000000000000000e+02 4.551405750000001027e-03
1.390000000000000000e+02 4.446038984374998428e-03
1.400000000000000000e+02 4.333769765625000367e-03
1.410000000000000000e+02 4.215892968750001822e-03
1.420000000000000000e+02 4.093654218749999407e-03
1.430000000000000000e+02 3.968350781249998550e-03
1.440000000000000000e+02 3.841300624999999420e-03
1.450000000000000000e+02 3.713826718749999121e-03
1.460000000000000000e+02 3.587254734375000271e-03
1.470000000000000000e+02 3.462911968749999431e-03
1.480000000000000000e+02 3.342124617187500462e-03
1.490000000000000000e+02 3.226246796875000336e-03
1.500000000000000000e+02 3.116617874999999885e-03
1.510000000000000000e+02 3.014583390624999727e-03
1.520000000000000000e+02 2.921496687500000061e-03
1.530000000000000000e+02 2.838691249999999826e-03
1.540000000000000000e+02 2.767497805468750564e-03
1.550000000000000000e+02 2.709173433593749930e-03
1.560000000000000000e+02 2.664942265625000733e-03
1.570000000000000000e+02 2.635966109374999946e-03
1.580000000000000000e+02 2.623276257812499120e-03
1.590000000000000000e+02 2.627793960937499073e-03
1.600000000000000000e+02 2.650236132812499538e-03
1.610000000000000000e+02 2.691174703125000667e-03
1.620000000000000000e+02 2.750921873437498898e-03
1.630000000000000000e+02 2.829600874999999797e-03
1.640000000000000000e+02 2.927003671875000150e-03
1.650000000000000000e+02 3.042746408593749799e-03
1.660000000000000000e+02 3.176082678125001241e-03
1.670000000000000000e+02 3.326051023437499778e-03
1.680000000000000000e+02 3.491359688281250005e-03
1.690000000000000000e+02 3.670524648437500405e-03
1.700000000000000000e+02 3.861764687500000241e-03
1.710000000000000000e+02 4.063163937499999351e-03
1.720000000000000000e+02 4.272525484375000286e-03
1.730000000000000000e+02 4.487581429687498291e-03
1.740000000000000000e+02 4.705952571093748038e-03
1.750000000000000000e+02 4.925121570312499669e-03
1.760000000000000000e+02 5.142565484374999295e-03
1.770000000000000000e+02 5.355769437500000445e-03
1.780000000000000000e+02 5.562221796874999152e-03
1.790000000000000000e+02 5.759579374999997115e-03
1.800000000000000000e+02 5.945473593750002020e-03
1.810000000000000000e+02 6.117736874999999026e-03
1.820000000000000000e+02 6.274446406249997547e-03
1.830000000000000000e+02 6.413809453125003147e-03
1.840000000000000000e+02 6.534332578124999596e-03
1.850000000000000000e+02 6.634842890625001002e-03
1.860000000000000000e+02 6.714440859374999453e-03
1.870000000000000000e+02 6.772739921875001526e-03
1.880000000000000000e+02 6.809576953125000276e-03
1.890000000000000000e+02 6.825316562500001981e-03
1.900000000000000000e+02 6.820649531249999530e-03
1.910000000000000000e+02 6.796827031250001795e-03
1.920000000000000000e+02 6.755484374999998036e-03
1.930000000000000000e+02 6.698687734375000091e-03
1.940000000000000000e+02 6.628743460937498548e-03
1.950000000000000000e+02 6.548469101562500935e-03
1.960000000000000000e+02 6.460862953906248637e-03
1.970000000000000000e+02 6.368927581249995105e-03
1.980000000000000000e+02 6.275965296874999946e-03
1.990000000000000000e+02 6.185135714375002321e-03
2.000000000000000000e+02 6.099450516953125456e-03
2.010000000000000000e+02 6.021786021874999534e-03
2.020000000000000000e+02 5.954617089843750218e-03
2.030000000000000000e+02 5.899978625000002440e-03
2.040000000000000000e+02 5.859580414062500082e-03
2.050000000000000000e+02 5.834419046874999952e-03
2.060000000000000000e+02 5.825104125000001888e-03
2.070000000000000000e+02 5.831494843749999990e-03
2.080000000000000000e+02 5.853093517187498741e-03
2.090000000000000000e+02 5.888787347656249636e-03
2.100000000000000000e+02 5.937115374999997822e-03
2.110000000000000000e+02 5.996164535937500983e-03
2.120000000000000000e+02 6.063867570312501780e-03
2.130000000000000000e+02 6.137922640625000613e-03
2.140000000000000000e+02 6.216013414062501567e-03
2.150000000000000000e+02 6.295899273437504176e-03
2.160000000000000000e+02 6.375439914062495939e-03
2.170000000000000000e+02 6.452780000000000842e-03
2.180000000000000000e+02 6.526382671874999056e-03
2.190000000000000000e+02 6.595004882812501718e-03
2.200000000000000000e+02 6.657815937500002196e-03
2.210000000000000000e+02 6.714457398437499204e-03
2.220000000000000000e+02 6.764813749999999334e-03
2.230000000000000000e+02 6.809198984375004066e-03
2.240000000000000000e+02 6.848245960937498177e-03
2.250000000000000000e+02 6.882755546875001830e-03
2.260000000000000000e+02 6.913708984375000963e-03
2.270000000000000000e+02 6.942098906249998501e-03
2.280000000000000000e+02 6.969090937500001942e-03
2.290000000000000000e+02 6.995541796874998365e-03
2.300000000000000000e+02 7.022400625000001229e-03
2.310000000000000000e+02 7.050260234375001211e-03
2.320000000000000000e+02 7.079605859375000081e-03
2.330000000000000000e+02 7.110574999999998320e-03
2.340000000000000000e+02 7.143148515624998633e-03
2.350000000000000000e+02 7.177031874999999055e-03
2.360000000000000000e+02 7.211704218750002691e-03
2.370000000000000000e+02 7.246523984375000289e-03
2.380000000000000000e+02 7.280694921874997227e-03
2.390000000000000000e+02 7.313303046874998839e-03
2.400000000000000000e+02 7.343543593749997205e-03
2.410000000000000000e+02 7.370512890624999168e-03
2.420000000000000000e+02 7.393435843749999840e-03
2.430000000000000000e+02 7.411706953124997874e-03
2.440000000000000000e+02 7.424752578124999870e-03
2.450000000000000000e+02 7.432307578124997503e-03
2.460000000000000000e+02 7.434127734374997888e-03
2.470000000000000000e+02 7.430224531249997148e-03
2.480000000000000000e+02 7.420789062499998784e-03
2.490000000000000000e+02 7.406065703124998199e-03
2.500000000000000000e+02 7.386402265624999672e-03
2.510000000000000000e+02 7.362243617187498243e-03
2.520000000000000000e+02 7.334070234374999268e-03
2.530000000000000000e+02 7.302319195312499504e-03
2.540000000000000000e+02 7.267356273437500062e-03
2.550000000000000000e+02 7.229516407765626887e-03
2.560000000000000000e+02 7.189013226562501573e-03
2.570000000000000000e+02 7.145910312500002547e-03
2.580000000000000000e+02 7.100163628124996941e-03
2.590000000000000000e+02 7.051625332031250318e-03
2.600000000000000000e+02 6.999938773437500497e-03
2.610000000000000000e+02 6.944791726562503376e-03
2.620000000000000000e+02 6.885742148437496921e-03
2.630000000000000000e+02 6.822310820312500919e-03
2.640000000000000000e+02 6.754060398437504442e-03
2.650000000000000000e+02 6.680685937499999949e-03
2.660000000000000000e+02 6.601992218750000856e-03
2.670000000000000000e+02 6.517930968750001129e-03
2.680000000000000000e+02 6.428791807812502326e-03
2.690000000000000000e+02 6.335010718750003385e-03
2.700000000000000000e+02 6.237502396874998814e-03
2.710000000000000000e+02 6.137423312500001928e-03
2.720000000000000000e+02 6.036279487499999867e-03
2.730000000000000000e+02 5.936002062500000953e-03
2.740000000000000000e+02 5.838779523437497010e-03
2.750000000000000000e+02 5.747120753906250455e-03
2.760000000000000000e+02 5.663803929687500835e-03
2.770000000000000000e+02 5.591763070312500208e-03
2.780000000000000000e+02 5.534100078124997921e-03
2.790000000000000000e+02 5.493920937499996264e-03
2.800000000000000000e+02 5.474267968750000032e-03
2.810000000000000000e+02 5.478082968749997325e-03
2.820000000000000000e+02 5.508040078125000030e-03
2.830000000000000000e+02 5.566547812500001989e-03
2.840000000000000000e+02 5.655527343750002024e-03
2.850000000000000000e+02 5.776529999999999339e-03
2.860000000000000000e+02 5.930428281249997859e-03
2.870000000000000000e+02 6.117651484375003640e-03
2.880000000000000000e+02 6.337805312500001745e-03
2.890000000000000000e+02 6.590041718749999229e-03
2.900000000000000000e+02 6.872586406249997157e-03
2.910000000000000000e+02 7.183282656249996220e-03
2.920000000000000000e+02 7.519099124999997774e-03
2.930000000000000000e+02 7.876596507812503450e-03
2.940000000000000000e+02 8.251704609375005647e-03
2.950000000000000000e+02 8.639905625000002948e-03
2.960000000000000000e+02 9.036275625000003003e-03
2.970000000000000000e+02 9.435824843749994126e-03
2.980000000000000000e+02 9.833259453124996302e-03
2.990000000000000000e+02 1.022319968749999322e-02
3.000000000000000000e+02 1.060047922656249565e-02
3.010000000000000000e+02 1.095986015624999740e-02
3.020000000000000000e+02 1.129667632812500315e-02
3.030000000000000000e+02 1.160631125781250335e-02
3.040000000000000000e+02 1.188470319531250048e-02
3.050000000000000000e+02 1.212832753906250768e-02
3.060000000000000000e+02 1.233412673437500606e-02
3.070000000000000000e+02 1.249966228671874936e-02
3.080000000000000000e+02 1.262314498593750112e-02
3.090000000000000000e+02 1.270331061406249074e-02
3.100000000000000000e+02 1.273966274921874663e-02
3.110000000000000000e+02 1.273245138515624944e-02
3.120000000000000000e+02 1.268229476484375451e-02
3.130000000000000000e+02 1.259077578906249786e-02
3.140000000000000000e+02 1.245985861207031184e-02
3.150000000000000000e+02 1.229215037187499776e-02
3.160000000000000000e+02 1.209095106796875124e-02
3.170000000000000000e+02 1.185982719531249174e-02
3.180000000000000000e+02 1.160302957031249076e-02
3.190000000000000000e+02 1.132499906249999876e-02
3.200000000000000000e+02 1.103072656250000082e-02
3.210000000000000000e+02 1.072545046874999811e-02
3.220000000000000000e+02 1.041460187499999510e-02
3.230000000000000000e+02 1.010386203125000250e-02
3.240000000000000000e+02 9.799113281249997170e-03
3.250000000000000000e+02 9.506416640624999401e-03
3.260000000000000000e+02 9.231833359375002032e-03
3.270000000000000000e+02 8.981498203125000412e-03
3.280000000000000000e+02 8.761520156250000857e-03
3.290000000000000000e+02 8.578007421875000552e-03
3.300000000000000000e+02 8.436831093749997887e-03
3.310000000000000000e+02 8.343623671874998010e-03
3.320000000000000000e+02 8.303654765624999753e-03
3.330000000000000000e+02 8.321717578125003775e-03
3.340000000000000000e+02 8.401988906249999514e-03
3.350000000000000000e+02 8.548031796874997618e-03
3.360000000000000000e+02 8.762388359375003141e-03
3.370000000000000000e+02 9.046857499999999899e-03
3.380000000000000000e+02 9.402097656249998672e-03
3.390000000000000000e+02 9.827720703124997320e-03
3.400000000000000000e+02 1.032211445312499788e-02
3.410000000000000000e+02 1.088258508828124881e-02
3.420000000000000000e+02 1.150511219531249671e-02
3.430000000000000000e+02 1.218439453125000002e-02
3.440000000000000000e+02 1.291415210937500203e-02
3.450000000000000000e+02 1.368654554687499803e-02
3.460000000000000000e+02 1.449316718750000982e-02
3.470000000000000000e+02 1.532423593749999979e-02
3.480000000000000000e+02 1.616913515625000020e-02
3.490000000000000000e+02 1.701686328124999217e-02
3.500000000000000000e+02 1.785577578124999953e-02
3.510000000000000000e+02 1.867400078125000876e-02
3.520000000000000000e+02 1.945974140625001195e-02
3.530000000000000000e+02 2.020146796875000803e-02
3.540000000000000000e+02 2.088819296875000717e-02
3.550000000000000000e+02 2.150969140624999984e-02
3.560000000000000000e+02 2.205668046875000968e-02
3.570000000000000000e+02 2.252112109375000587e-02
3.580000000000000000e+02 2.289639531249999110e-02
3.590000000000000000e+02 2.317737812500000882e-02
3.600000000000000000e+02 2.336038984374998878e-02
3.610000000000000000e+02 2.344367265625000099e-02
3.620000000000000000e+02 2.342729062499999612e-02
3.630000000000000000e+02 2.331295859375002305e-02
3.640000000000000000e+02 2.310425624999999650e-02
3.650000000000000000e+02 2.280646562499997684e-02
3.660000000000000000e+02 2.242664062499998695e-02
3.670000000000000000e+02 2.197324140624998604e-02
3.680000000000000000e+02 2.145598593750001892e-02
3.690000000000000000e+02 2.088578359375002289e-02
3.700000000000000000e+02 2.027432500000001317e-02
3.710000000000000000e+02 1.963402734374998862e-02
3.720000000000000000e+02 1.897754140624999947e-02
3.730000000000000000e+02 1.831766953125000749e-02
3.740000000000000000e+02 1.766686250000001554e-02
3.750000000000000000e+02 1.703747031249998670e-02
3.760000000000000000e+02 1.644091640624999878e-02
3.770000000000000000e+02 1.588803023437500295e-02
3.780000000000000000e+02 1.538829710937500428e-02
3.790000000000000000e+02 1.495012851562500973e-02
3.800000000000000000e+02 1.458059929687499125e-02
3.810000000000000000e+02 1.428520046875000372e-02
3.820000000000000000e+02 1.406788399218749513e-02
3.830000000000000000e+02 1.393096161718750461e-02
3.840000000000000000e+02 1.387517739921874209e-02
3.850000000000000000e+02 1.389950600859374621e-02
3.860000000000000000e+02 1.400150710156249090e-02
3.870000000000000000e+02 1.417726444531250754e-02
3.880000000000000000e+02 1.442146560156249910e-02
3.890000000000000000e+02 1.472767214843749214e-02
3.900000000000000000e+02 1.508851112500000230e-02
3.910000000000000000e+02 1.549566368124999718e-02
3.920000000000000000e+02 1.594018931249999854e-02
3.930000000000000000e+02 1.641270448437500903e-02
3.940000000000000000e+02 1.690362545312500825e-02
3.950000000000000000e+02 1.740304933593748646e-02
3.960000000000000000e+02 1.790115570312500459e-02
3.970000000000000000e+02 1.838812078125000304e-02
3.980000000000000000e+02 1.885468554687498924e-02
3.990000000000000000e+02 1.929160828124999033e-02
4.000000000000000000e+02 1.969046359374999888e-02
4.010000000000000000e+02 2.004318523437500360e-02
4.020000000000000000e+02 2.034265968749999348e-02
4.030000000000000000e+02 2.058235445312500342e-02
4.040000000000000000e+02 2.075671171875000109e-02
4.050000000000000000e+02 2.086104765625000287e-02
4.060000000000000000e+02 2.089147734375001314e-02
4.070000000000000000e+02 2.084521484375000122e-02
4.080000000000000000e+02 2.072023203124999380e-02
4.090000000000000000e+02 2.051570390624998796e-02
4.100000000000000000e+02 2.023164843750000635e-02
4.110000000000000000e+02 1.986906484374999921e-02
4.120000000000000000e+02 1.943009687500000388e-02
4.130000000000000000e+02 1.891781250000000580e-02
4.140000000000000000e+02 1.833629062499998741e-02
4.150000000000000000e+02 1.769040546874999995e-02
4.160000000000000000e+02 1.698607343749999193e-02
4.170000000000000000e+02 1.622994765625000724e-02
4.180000000000000000e+02 1.542958906249998659e-02
4.190000000000000000e+02 1.459326250000000415e-02
4.200000000000000000e+02 1.372978984375000135e-02
4.210000000000000000e+02 1.284879687500000041e-02
4.220000000000000000e+02 1.196021093750000187e-02
4.230000000000000000e+02 1.107430078125000959e-02
4.240000000000000000e+02 1.020141250000000492e-02
4.250000000000000000e+02 9.351790624999996651e-03
4.260000000000000000e+02 8.535203906249998543e-03
4.270000000000000000e+02 7.760817187499996148e-03
4.280000000000000000e+02 7.036667968750002881e-03
4.290000000000000000e+02 6.369797500000002298e-03
4.300000000000000000e+02 5.765582187500001635e-03
4.310000000000000000e+02 5.228016171875002338e-03
4.320000000000000000e+02 4.759259062499998291e-03
4.330000000000000000e+02 4.359861171874998206e-03
4.340000000000000000e+02 4.028716406249999681e-03
4.350000000000000000e+02 3.763149999999999828e-03
4.360000000000000000e+02 3.559077500000000071e-03
4.370000000000000000e+02 3.411169757812501039e-03
4.380000000000000000e+02 3.313079290859375671e-03
4.390000000000000000e+02 3.257673425781250093e-03
4.400000000000000000e+02 3.237354446093750494e-03
4.410000000000000000e+02 3.244335671874998880e-03
4.420000000000000000e+02 3.270956335937498950e-03
4.430000000000000000e+02 3.309952343750000806e-03
4.440000000000000000e+02 3.354690351562500047e-03
4.450000000000000000e+02 3.399369007812499954e-03
4.460000000000000000e+02 3.439125625000001747e-03
4.470000000000000000e+02 3.470188062499999452e-03
4.480000000000000000e+02 3.489884838281249926e-03
4.490000000000000000e+02 3.496635335156248782e-03
4.500000000000000000e+02 3.489942226562498147e-03
4.510000000000000000e+02 3.470215824218748826e-03
4.520000000000000000e+02 3.438645968750000514e-03
4.530000000000000000e+02 3.397049752343748574e-03
4.540000000000000000e+02 3.347639940625000542e-03
4.550000000000000000e+02 3.292875648437498803e-03
4.560000000000000000e+02 3.235308040625000433e-03
4.570000000000000000e+02 3.177420679687500537e-03
4.580000000000000000e+02 3.121582820312498834e-03
4.590000000000000000e+02 3.069945656250000227e-03
4.600000000000000000e+02 3.024503593749999688e-03
4.610000000000000000e+02 2.987053359374998440e-03
4.620000000000000000e+02 2.959303281249999352e-03
4.630000000000000000e+02 2.942862890624999180e-03
4.640000000000000000e+02 2.939293593749999628e-03
4.650000000000000000e+02 2.950073203124999564e-03
4.660000000000000000e+02 2.976572812499999818e-03
4.670000000000000000e+02 3.019956718750000345e-03
4.680000000000000000e+02 3.081055937500001320e-03
4.690000000000000000e+02 3.160250703124998627e-03
4.700000000000000000e+02 3.257286796875000310e-03
4.710000000000000000e+02 3.371100468750000325e-03
4.720000000000000000e+02 3.499619843750000243e-03
4.730000000000000000e+02 3.639522109375001747e-03
4.740000000000000000e+02 3.786035937499998734e-03
4.750000000000000000e+02 3.932858593750000568e-03
4.760000000000000000e+02 4.072252343750000850e-03
4.770000000000000000e+02 4.195378124999998674e-03
4.780000000000000000e+02 4.292975000000000090e-03
4.790000000000000000e+02 4.356260937499997592e-03
4.800000000000000000e+02 4.377915625000000123e-03
4.810000000000000000e+02 4.353186718749998962e-03
4.820000000000000000e+02 4.280829687499999522e-03
4.830000000000000000e+02 4.163763281249997263e-03
4.840000000000000000e+02 4.009410546875000723e-03
4.850000000000000000e+02 3.829511484375001332e-03
4.860000000000000000e+02 3.639671562500000710e-03
4.870000000000000000e+02 3.458031687500001672e-03
4.880000000000000000e+02 3.303802171874999690e-03
4.890000000000000000e+02 3.194846515625000480e-03
4.900000000000000000e+02 3.145217734375000979e-03
4.910000000000000000e+02 3.162259531249999017e-03
4.920000000000000000e+02 3.244247656250001405e-03
4.930000000000000000e+02 3.378970070312499983e-03
4.940000000000000000e+02 3.543817734375002103e-03
4.950000000000000000e+02 3.707861367187498952e-03
4.960000000000000000e+02 3.836093541406249748e-03
4.970000000000000000e+02 3.895337887499998857e-03
4.980000000000000000e+02 3.861026671875001422e-03
4.990000000000000000e+02 3.723487359374999528e-03
5.000000000000000000e+02 3.492551328125000683e-03
5.010000000000000000e+02 3.199218046875000176e-03
5.020000000000000000e+02 2.893093460937499767e-03
5.030000000000000000e+02 2.634528781250001020e-03
5.040000000000000000e+02 2.481189796875000846e-03
5.050000000000000000e+02 2.470570734375000972e-03
5.060000000000000000e+02 2.602407687499999362e-03
5.070000000000000000e+02 2.826729906250000438e-03
5.080000000000000000e+02 3.044583479687500236e-03
5.090000000000000000e+02 3.132491781249999423e-03
5.100000000000000000e+02 3.016797156249999366e-03
5.110000000000000000e+02 2.869639035156251392e-03
