 0.31250E-02 0.36885E-05 0.40416E-05 0.56247E-05
 0.46875E-02 0.37002E-05 0.50935E-05 0.23538E-04
 0.62500E-02 0.36884E-05 0.40573E-05 0.56784E-05
 0.78125E-02 0.37333E-05 0.51184E-05 0.23516E-04
 0.93750E-02 0.37001E-05 0.40834E-05 0.57012E-05
 0.10937E-01 0.37831E-05 0.51507E-05 0.23506E-04
 0.12500E-01 0.37406E-05 0.41197E-05 0.58740E-05
 0.14063E-01 0.38426E-05 0.51899E-05 0.23511E-04
 0.15625E-01 0.37908E-05 0.41660E-05 0.61448E-05
 0.17188E-01 0.39079E-05 0.52359E-05 0.23528E-04
 0.18750E-01 0.38456E-05 0.42218E-05 0.64254E-05
 0.20313E-01 0.39767E-05 0.52882E-05 0.23560E-04
 0.21875E-01 0.39026E-05 0.42868E-05 0.67146E-05
 0.23438E-01 0.40473E-05 0.53464E-05 0.23604E-04
 0.25000E-01 0.39608E-05 0.43603E-05 0.70129E-05
 0.26563E-01 0.41184E-05 0.54102E-05 0.23663E-04
 0.28125E-01 0.40195E-05 0.44418E-05 0.73191E-05
 0.29687E-01 0.41892E-05 0.54791E-05 0.23734E-04
 0.31250E-01 0.40781E-05 0.45307E-05 0.76320E-05
 0.32813E-01 0.42590E-05 0.55528E-05 0.23821E-04
 0.34375E-01 0.41393E-05 0.46264E-05 0.79525E-05
 0.35937E-01 0.43327E-05 0.56306E-05 0.23918E-04
 0.37500E-01 0.42158E-05 0.47281E-05 0.82791E-05
 0.39062E-01 0.44150E-05 0.57125E-05 0.24031E-04
 0.40625E-01 0.43009E-05 0.48352E-05 0.86113E-05
 0.42188E-01 0.45023E-05 0.57979E-05 0.24156E-04
 0.43750E-01 0.43915E-05 0.49471E-05 0.89464E-05
 0.45313E-01 0.45927E-05 0.58864E-05 0.24380E-04
 0.46875E-01 0.44855E-05 0.50632E-05 0.92878E-05
 0.48438E-01 0.46844E-05 0.59776E-05 0.24663E-04
 0.50000E-01 0.45818E-05 0.51827E-05 0.96327E-05
 0.51562E-01 0.47765E-05 0.60710E-05 0.24948E-04
 0.53125E-01 0.46793E-05 0.53051E-05 0.99804E-05
 0.54688E-01 0.48680E-05 0.61667E-05 0.25237E-04
 0.56250E-01 0.47771E-05 0.54299E-05 0.10330E-04
 0.57813E-01 0.49581E-05 0.62641E-05 0.25529E-04
 0.59375E-01 0.48747E-05 0.55564E-05 0.10679E-04
 0.60938E-01 0.50463E-05 0.63629E-05 0.25823E-04
 0.62500E-01 0.49711E-05 0.56842E-05 0.11031E-04
 0.64062E-01 0.51318E-05 0.64626E-05 0.26114E-04
 0.65625E-01 0.50659E-05 0.58128E-05 0.11386E-04
 0.67188E-01 0.52143E-05 0.65637E-05 0.26412E-04
 0.68750E-01 0.51607E-05 0.59416E-05 0.11734E-04
 0.70312E-01 0.52933E-05 0.66648E-05 0.26702E-04
 0.71875E-01 0.52610E-05 0.60704E-05 0.12081E-04
 0.73438E-01 0.53693E-05 0.67669E-05 0.26999E-04
 0.75000E-01 0.53670E-05 0.61986E-05 0.12432E-04
 0.76563E-01 0.54491E-05 0.68685E-05 0.27286E-04
 0.78125E-01 0.54756E-05 0.63258E-05 0.12773E-04
 0.79687E-01 0.55350E-05 0.69699E-05 0.27571E-04
 0.81250E-01 0.55849E-05 0.64517E-05 0.13118E-04
 0.82813E-01 0.56230E-05 0.70717E-05 0.27860E-04
 0.84375E-01 0.56941E-05 0.65760E-05 0.13451E-04
 0.85938E-01 0.57110E-05 0.71723E-05 0.28137E-04
 0.87500E-01 0.58023E-05 0.66984E-05 0.13778E-04
 0.89063E-01 0.57982E-05 0.72728E-05 0.28418E-04
 0.90625E-01 0.59086E-05 0.68184E-05 0.14109E-04
 0.92188E-01 0.58837E-05 0.73718E-05 0.28685E-04
 0.93750E-01 0.60125E-05 0.69360E-05 0.14425E-04
 0.95312E-01 0.59670E-05 0.74697E-05 0.28946E-04
 0.96875E-01 0.61135E-05 0.70507E-05 0.14742E-04
 0.98438E-01 0.60476E-05 0.75670E-05 0.29210E-04
 0.10000E+00 0.62109E-05 0.71624E-05 0.15043E-04
 0.10156E+00 0.61249E-05 0.76623E-05 0.29457E-04
 0.10312E+00 0.63044E-05 0.72708E-05 0.15335E-04
 0.10469E+00 0.61989E-05 0.77567E-05 0.29707E-04
 0.10625E+00 0.63934E-05 0.73758E-05 0.15629E-04
 0.10781E+00 0.62691E-05 0.78486E-05 0.29938E-04
 0.10938E+00 0.64777E-05 0.74771E-05 0.15903E-04
 0.11094E+00 0.63355E-05 0.79387E-05 0.30160E-04
 0.11250E+00 0.65567E-05 0.75746E-05 0.16178E-04
 0.11406E+00 0.63979E-05 0.80276E-05 0.30384E-04
 0.11563E+00 0.66304E-05 0.76682E-05 0.16432E-04
 0.11719E+00 0.64568E-05 0.81135E-05 0.30587E-04
 0.11875E+00 0.67008E-05 0.77576E-05 0.16675E-04
 0.12031E+00 0.65172E-05 0.81979E-05 0.30791E-04
 0.12188E+00 0.67708E-05 0.78428E-05 0.16918E-04
 0.12344E+00 0.65831E-05 0.82791E-05 0.30973E-04
 0.12500E+00 0.68421E-05 0.79237E-05 0.17138E-04
 0.12656E+00 0.66556E-05 0.83585E-05 0.31156E-04
 0.12812E+00 0.69134E-05 0.80001E-05 0.17345E-04
 0.12969E+00 0.67312E-05 0.84345E-05 0.31315E-04
 0.13125E+00 0.69827E-05 0.80720E-05 0.17566E-04
 0.13281E+00 0.68072E-05 0.85076E-05 0.31462E-04
 0.13438E+00 0.70490E-05 0.81394E-05 0.17748E-04
 0.13594E+00 0.68809E-05 0.85778E-05 0.31598E-04
 0.13750E+00 0.71114E-05 0.82022E-05 0.17918E-04
 0.13906E+00 0.69508E-05 0.86467E-05 0.31747E-04
 0.14062E+00 0.71694E-05 0.82603E-05 0.18074E-04
 0.14219E+00 0.70166E-05 0.87106E-05 0.31953E-04
 0.14375E+00 0.72224E-05 0.83137E-05 0.18217E-04
 0.14531E+00 0.70778E-05 0.87713E-05 0.32184E-04
 0.14688E+00 0.72697E-05 0.83623E-05 0.18375E-04
 0.14844E+00 0.71338E-05 0.88285E-05 0.32407E-04
 0.15000E+00 0.73115E-05 0.84063E-05 0.18491E-04
 0.15156E+00 0.71843E-05 0.88823E-05 0.32620E-04
 0.15313E+00 0.73471E-05 0.84455E-05 0.18593E-04
 0.15469E+00 0.72287E-05 0.89343E-05 0.32857E-04
 0.15625E+00 0.73763E-05 0.84801E-05 0.18682E-04
 0.15781E+00 0.72673E-05 0.89806E-05 0.33051E-04
 0.15937E+00 0.73990E-05 0.85100E-05 0.18757E-04
 0.16094E+00 0.72995E-05 0.90232E-05 0.33234E-04
 0.16250E+00 0.74146E-05 0.85351E-05 0.18849E-04
 0.16406E+00 0.73253E-05 0.90619E-05 0.33405E-04
 0.16563E+00 0.74235E-05 0.85558E-05 0.18897E-04
 0.16719E+00 0.73446E-05 0.90966E-05 0.33565E-04
 0.16875E+00 0.74255E-05 0.85719E-05 0.18932E-04
 0.17031E+00 0.73588E-05 0.91292E-05 0.33750E-04
 0.17188E+00 0.74207E-05 0.85835E-05 0.19069E-04
 0.17344E+00 0.73723E-05 0.91557E-05 0.33885E-04
 0.17500E+00 0.74119E-05 0.85907E-05 0.19250E-04
 0.17656E+00 0.73845E-05 0.91779E-05 0.34008E-04
 0.17813E+00 0.74015E-05 0.85935E-05 0.19456E-04
 0.17969E+00 0.73978E-05 0.91959E-05 0.34117E-04
 0.18125E+00 0.73913E-05 0.85921E-05 0.19612E-04
 0.18281E+00 0.74109E-05 0.92096E-05 0.34213E-04
 0.18438E+00 0.73818E-05 0.85865E-05 0.19754E-04
 0.18594E+00 0.74219E-05 0.92211E-05 0.34335E-04
 0.18750E+00 0.73713E-05 0.85768E-05 0.19884E-04
 0.18906E+00 0.74296E-05 0.92261E-05 0.34403E-04
 0.19062E+00 0.73582E-05 0.85631E-05 0.20000E-04
 0.19219E+00 0.74334E-05 0.92266E-05 0.34458E-04
 0.19375E+00 0.73416E-05 0.85454E-05 0.20145E-04
 0.19531E+00 0.74325E-05 0.92228E-05 0.34498E-04
 0.19688E+00 0.73215E-05 0.85241E-05 0.20234E-04
 0.19844E+00 0.74268E-05 0.92145E-05 0.34524E-04
 0.20000E+00 0.72971E-05 0.84990E-05 0.20310E-04
 0.20156E+00 0.74156E-05 0.92041E-05 0.34580E-04
 0.20312E+00 0.72684E-05 0.84703E-05 0.20373E-04
 0.20469E+00 0.73993E-05 0.91870E-05 0.34578E-04
 0.20625E+00 0.72350E-05 0.84382E-05 0.20422E-04
 0.20781E+00 0.73774E-05 0.91656E-05 0.34562E-04
 0.20938E+00 0.71967E-05 0.84027E-05 0.20504E-04
 0.21094E+00 0.73498E-05 0.91398E-05 0.34532E-04
 0.21250E+00 0.71538E-05 0.83640E-05 0.20527E-04
 0.21406E+00 0.73165E-05 0.91097E-05 0.34488E-04
 0.21563E+00 0.71061E-05 0.83222E-05 0.20537E-04
 0.21719E+00 0.72771E-05 0.90780E-05 0.34477E-04
 0.21875E+00 0.70534E-05 0.82773E-05 0.20535E-04
 0.22031E+00 0.72322E-05 0.90397E-05 0.34406E-04
 0.22187E+00 0.69958E-05 0.82297E-05 0.20520E-04
 0.22344E+00 0.71816E-05 0.89972E-05 0.34322E-04
 0.22500E+00 0.69330E-05 0.81792E-05 0.20543E-04
 0.22656E+00 0.71252E-05 0.89509E-05 0.34225E-04
 0.22813E+00 0.68673E-05 0.81262E-05 0.20505E-04
 0.22969E+00 0.70649E-05 0.89008E-05 0.34116E-04
 0.23125E+00 0.68009E-05 0.80706E-05 0.20455E-04
 0.23281E+00 0.70027E-05 0.88498E-05 0.34045E-04
 0.23438E+00 0.67355E-05 0.80127E-05 0.20461E-04
 0.23594E+00 0.69408E-05 0.87925E-05 0.33913E-04
 0.23750E+00 0.66725E-05 0.79526E-05 0.20557E-04
 0.23906E+00 0.68784E-05 0.87318E-05 0.33769E-04
 0.24063E+00 0.66115E-05 0.78903E-05 0.20613E-04
 0.24219E+00 0.68178E-05 0.86679E-05 0.33614E-04
 0.24375E+00 0.65536E-05 0.78261E-05 0.20629E-04
 0.24531E+00 0.67586E-05 0.86010E-05 0.33450E-04
 0.24688E+00 0.64965E-05 0.77601E-05 0.20605E-04
 0.24844E+00 0.67002E-05 0.85345E-05 0.33329E-04
 0.25000E+00 0.64390E-05 0.76924E-05 0.20541E-04
 0.25156E+00 0.66410E-05 0.84623E-05 0.33147E-04
 0.25313E+00 0.63800E-05 0.76232E-05 0.20437E-04
 0.25469E+00 0.65799E-05 0.83910E-05 0.33011E-04
 0.25625E+00 0.63200E-05 0.75525E-05 0.20293E-04
 0.25781E+00 0.65168E-05 0.83110E-05 0.32756E-04
 0.25938E+00 0.62573E-05 0.74806E-05 0.20109E-04
 0.26094E+00 0.64513E-05 0.82359E-05 0.32607E-04
 0.26250E+00 0.61925E-05 0.74077E-05 0.19887E-04
 0.26406E+00 0.63832E-05 0.81523E-05 0.32338E-04
 0.26562E+00 0.61259E-05 0.73337E-05 0.20197E-04
 0.26719E+00 0.63125E-05 0.80745E-05 0.32191E-04
 0.26875E+00 0.60563E-05 0.72591E-05 0.20515E-04
 0.27031E+00 0.62393E-05 0.79959E-05 0.32045E-04
 0.27187E+00 0.59849E-05 0.71838E-05 0.20793E-04
 0.27344E+00 0.61635E-05 0.79090E-05 0.31777E-04
 0.27500E+00 0.59105E-05 0.71082E-05 0.21029E-04
 0.27656E+00 0.60854E-05 0.78294E-05 0.31623E-04
 0.27813E+00 0.58339E-05 0.70325E-05 0.21223E-04
 0.27969E+00 0.60050E-05 0.77420E-05 0.31345E-04
 0.28125E+00 0.57558E-05 0.69565E-05 0.21375E-04
 0.28281E+00 0.59227E-05 0.76628E-05 0.31185E-04
 0.28438E+00 0.56756E-05 0.68809E-05 0.21484E-04
 0.28594E+00 0.58387E-05 0.75845E-05 0.31024E-04
 0.28750E+00 0.55984E-05 0.68055E-05 0.21550E-04
 0.28906E+00 0.57545E-05 0.74986E-05 0.30736E-04
 0.29063E+00 0.55234E-05 0.67310E-05 0.21572E-04
 0.29219E+00 0.56742E-05 0.74227E-05 0.30573E-04
 0.29375E+00 0.54538E-05 0.66574E-05 0.21552E-04
 0.29531E+00 0.55970E-05 0.73397E-05 0.30283E-04
 0.29688E+00 0.53931E-05 0.65846E-05 0.21489E-04
 0.29844E+00 0.55299E-05 0.72676E-05 0.30121E-04
 0.30000E+00 0.53354E-05 0.65136E-05 0.21383E-04
 0.30156E+00 0.54693E-05 0.71982E-05 0.29962E-04
 0.30312E+00 0.52841E-05 0.64438E-05 0.21235E-04
 0.30469E+00 0.54126E-05 0.71220E-05 0.29673E-04
 0.30625E+00 0.52376E-05 0.63764E-05 0.21045E-04
 0.30781E+00 0.53641E-05 0.70585E-05 0.29519E-04
 0.30938E+00 0.51942E-05 0.63113E-05 0.20813E-04
 0.31094E+00 0.53187E-05 0.69885E-05 0.29235E-04
 0.31250E+00 0.51527E-05 0.62482E-05 0.20542E-04
 0.31406E+00 0.52758E-05 0.69323E-05 0.29090E-04
 0.31563E+00 0.51120E-05 0.61885E-05 0.20231E-04
 0.31719E+00 0.52348E-05 0.68803E-05 0.28951E-04
 0.31875E+00 0.50731E-05 0.61313E-05 0.19881E-04
 0.32031E+00 0.51947E-05 0.68221E-05 0.28679E-04
 0.32188E+00 0.50349E-05 0.60783E-05 0.19497E-04
 0.32344E+00 0.51579E-05 0.67791E-05 0.28553E-04
 0.32500E+00 0.49979E-05 0.60290E-05 0.19350E-04
 0.32656E+00 0.51224E-05 0.67301E-05 0.28292E-04
 0.32812E+00 0.49628E-05 0.59832E-05 0.19448E-04
 0.32969E+00 0.50905E-05 0.66971E-05 0.28181E-04
 0.33125E+00 0.49290E-05 0.59425E-05 0.19503E-04
 0.33281E+00 0.50613E-05 0.66694E-05 0.28079E-04
 0.33437E+00 0.48978E-05 0.59058E-05 0.19515E-04
 0.33594E+00 0.50343E-05 0.66357E-05 0.27841E-04
 0.33750E+00 0.48685E-05 0.58749E-05 0.19484E-04
 0.33906E+00 0.50135E-05 0.66190E-05 0.27758E-04
 0.34063E+00 0.48423E-05 0.58492E-05 0.19411E-04
 0.34219E+00 0.49963E-05 0.65963E-05 0.27551E-04
 0.34375E+00 0.48215E-05 0.58283E-05 0.19295E-04
 0.34531E+00 0.49889E-05 0.65909E-05 0.27629E-04
 0.34688E+00 0.48067E-05 0.58140E-05 0.19139E-04
 0.34844E+00 0.49896E-05 0.65912E-05 0.27765E-04
 0.35000E+00 0.47987E-05 0.58047E-05 0.19032E-04
 0.35156E+00 0.49984E-05 0.65852E-05 0.27780E-04
 0.35313E+00 0.47998E-05 0.58025E-05 0.18903E-04
 0.35469E+00 0.50153E-05 0.65968E-05 0.27940E-04
 0.35625E+00 0.48067E-05 0.58066E-05 0.18735E-04
 0.35781E+00 0.50350E-05 0.66017E-05 0.27977E-04
 0.35938E+00 0.48192E-05 0.58160E-05 0.18527E-04
 0.36094E+00 0.50642E-05 0.66243E-05 0.28162E-04
 0.36250E+00 0.48377E-05 0.58328E-05 0.18283E-04
 0.36406E+00 0.50989E-05 0.66522E-05 0.28359E-04
 0.36562E+00 0.48640E-05 0.58550E-05 0.18002E-04
 0.36719E+00 0.51345E-05 0.66728E-05 0.28428E-04
 0.36875E+00 0.48966E-05 0.58846E-05 0.17815E-04
 0.37031E+00 0.51751E-05 0.67107E-05 0.28648E-04
 0.37188E+00 0.49337E-05 0.59205E-05 0.18144E-04
 0.37344E+00 0.52141E-05 0.67408E-05 0.28737E-04
 0.37500E+00 0.49750E-05 0.59615E-05 0.18341E-04
 0.37656E+00 0.52571E-05 0.67880E-05 0.28978E-04
 0.37813E+00 0.50186E-05 0.60096E-05 0.18692E-04
 0.37969E+00 0.53010E-05 0.68394E-05 0.29230E-04
 0.38125E+00 0.50658E-05 0.60625E-05 0.18908E-04
 0.38281E+00 0.53432E-05 0.68822E-05 0.29347E-04
 0.38438E+00 0.51157E-05 0.61221E-05 0.19277E-04
 0.38594E+00 0.53894E-05 0.69414E-05 0.29618E-04
 0.38750E+00 0.51684E-05 0.61870E-05 0.19656E-04
 0.38906E+00 0.54344E-05 0.69915E-05 0.29750E-04
 0.39062E+00 0.52245E-05 0.62558E-05 0.19895E-04
 0.39219E+00 0.54835E-05 0.70574E-05 0.30039E-04
 0.39375E+00 0.52830E-05 0.63306E-05 0.20289E-04
 0.39531E+00 0.55347E-05 0.71263E-05 0.30336E-04
 0.39687E+00 0.53451E-05 0.64086E-05 0.20540E-04
 0.39844E+00 0.55856E-05 0.71854E-05 0.30490E-04
 0.40000E+00 0.54101E-05 0.64919E-05 0.20947E-04
 0.40156E+00 0.56417E-05 0.72594E-05 0.30802E-04
 0.40313E+00 0.54786E-05 0.65788E-05 0.21359E-04
 0.40469E+00 0.56973E-05 0.73232E-05 0.30966E-04
 0.40625E+00 0.55507E-05 0.66680E-05 0.21623E-04
 0.40781E+00 0.57567E-05 0.74015E-05 0.31290E-04
 0.40938E+00 0.56243E-05 0.67614E-05 0.22043E-04
 0.41094E+00 0.58181E-05 0.74814E-05 0.31620E-04
 0.41250E+00 0.57005E-05 0.68562E-05 0.22311E-04
 0.41406E+00 0.58785E-05 0.75505E-05 0.31797E-04
 0.41563E+00 0.57787E-05 0.69544E-05 0.22736E-04
 0.41719E+00 0.59421E-05 0.76333E-05 0.32135E-04
 0.41875E+00 0.58578E-05 0.70544E-05 0.23163E-04
 0.42031E+00 0.60046E-05 0.77048E-05 0.32318E-04
 0.42188E+00 0.59376E-05 0.71548E-05 0.23431E-04
 0.42344E+00 0.60699E-05 0.77895E-05 0.32662E-04
 0.42500E+00 0.60174E-05 0.72575E-05 0.23859E-04
 0.42656E+00 0.61352E-05 0.78748E-05 0.33008E-04
 0.42812E+00 0.60976E-05 0.73599E-05 0.24123E-04
 0.42969E+00 0.61981E-05 0.79485E-05 0.33194E-04
 0.43125E+00 0.61768E-05 0.74638E-05 0.24547E-04
 0.43281E+00 0.62619E-05 0.80345E-05 0.33542E-04
 0.43438E+00 0.62548E-05 0.75678E-05 0.24968E-04
 0.43594E+00 0.63233E-05 0.81087E-05 0.33726E-04
 0.43750E+00 0.63325E-05 0.76706E-05 0.25221E-04
 0.43906E+00 0.63853E-05 0.81949E-05 0.34074E-04
 0.44063E+00 0.64085E-05 0.77739E-05 0.25634E-04
 0.44219E+00 0.64462E-05 0.82807E-05 0.34421E-04
 0.44375E+00 0.64846E-05 0.78753E-05 0.25875E-04
 0.44531E+00 0.65050E-05 0.83544E-05 0.34598E-04
 0.44688E+00 0.65595E-05 0.79766E-05 0.26277E-04
 0.44844E+00 0.65645E-05 0.84394E-05 0.34940E-04
 0.45000E+00 0.66332E-05 0.80766E-05 0.26673E-04
 0.45156E+00 0.66213E-05 0.85121E-05 0.35108E-04
 0.45312E+00 0.67073E-05 0.81740E-05 0.26890E-04
 0.45469E+00 0.66789E-05 0.85956E-05 0.35443E-04
 0.45625E+00 0.67791E-05 0.82704E-05 0.27270E-04
 0.45781E+00 0.67350E-05 0.86782E-05 0.35773E-04
 0.45937E+00 0.68503E-05 0.83638E-05 0.27468E-04
 0.46094E+00 0.67877E-05 0.87482E-05 0.35925E-04
 0.46250E+00 0.69193E-05 0.84559E-05 0.27829E-04
 0.46406E+00 0.68399E-05 0.88286E-05 0.36244E-04
 0.46563E+00 0.69870E-05 0.85455E-05 0.28180E-04
 0.46719E+00 0.68893E-05 0.88961E-05 0.36381E-04
 0.46875E+00 0.70548E-05 0.86314E-05 0.28344E-04
 0.47031E+00 0.69390E-05 0.89737E-05 0.36686E-04
 0.47188E+00 0.71185E-05 0.87154E-05 0.28672E-04
 0.47344E+00 0.69885E-05 0.90498E-05 0.36984E-04
 0.47500E+00 0.71829E-05 0.87954E-05 0.28811E-04
 0.47656E+00 0.70367E-05 0.91128E-05 0.37095E-04
 0.47813E+00 0.72433E-05 0.88732E-05 0.29115E-04
 0.47969E+00 0.70858E-05 0.91853E-05 0.37376E-04
 0.48125E+00 0.73022E-05 0.89478E-05 0.29406E-04
 0.48281E+00 0.71350E-05 0.92447E-05 0.37467E-04
 0.48438E+00 0.73614E-05 0.90180E-05 0.29502E-04
 0.48594E+00 0.71854E-05 0.93134E-05 0.37729E-04
 0.48750E+00 0.74158E-05 0.90856E-05 0.29765E-04
 0.48906E+00 0.72361E-05 0.93800E-05 0.37981E-04
 0.49062E+00 0.74712E-05 0.91488E-05 0.29831E-04
 0.49219E+00 0.72889E-05 0.94330E-05 0.38038E-04
 0.49375E+00 0.75222E-05 0.92092E-05 0.30065E-04
 0.49531E+00 0.73423E-05 0.94950E-05 0.38268E-04
 0.49688E+00 0.75713E-05 0.92659E-05 0.30285E-04
 0.49844E+00 0.73967E-05 0.95434E-05 0.38301E-04
 0.50000E+00 0.76207E-05 0.93179E-05 0.30302E-04
 0.50156E+00 0.74512E-05 0.96116E-05 0.38695E-04
 0.50313E+00 0.76660E-05 0.93670E-05 0.30491E-04
 0.50469E+00 0.75065E-05 0.96436E-05 0.38514E-04
 0.50625E+00 0.77087E-05 0.94123E-05 0.30665E-04
 0.50781E+00 0.75626E-05 0.96952E-05 0.38697E-04
 0.50938E+00 0.77478E-05 0.94538E-05 0.30823E-04
 0.51094E+00 0.76203E-05 0.97441E-05 0.38867E-04
 0.51250E+00 0.77913E-05 0.94895E-05 0.30668E-04
 0.51406E+00 0.76766E-05 0.97900E-05 0.39025E-04
 0.51562E+00 0.78292E-05 0.95233E-05 0.31015E-04
 0.51719E+00 0.77312E-05 0.98328E-05 0.39170E-04
 0.51875E+00 0.78654E-05 0.95533E-05 0.31350E-04
 0.52031E+00 0.77863E-05 0.98502E-05 0.38915E-04
 0.52188E+00 0.78996E-05 0.95795E-05 0.31674E-04
 0.52344E+00 0.78347E-05 0.98869E-05 0.39034E-04
 0.52500E+00 0.79296E-05 0.96020E-05 0.31984E-04
 0.52656E+00 0.78783E-05 0.99203E-05 0.39139E-04
 0.52812E+00 0.79601E-05 0.96187E-05 0.31836E-04
 0.52969E+00 0.79180E-05 0.99504E-05 0.39232E-04
 0.53125E+00 0.79826E-05 0.96338E-05 0.32118E-04
 0.53281E+00 0.79540E-05 0.99771E-05 0.39312E-04
 0.53438E+00 0.80010E-05 0.96452E-05 0.32386E-04
 0.53594E+00 0.79883E-05 0.99778E-05 0.38980E-04
 0.53750E+00 0.80151E-05 0.96532E-05 0.32640E-04
 0.53906E+00 0.80167E-05 0.99976E-05 0.39033E-04
 0.54063E+00 0.80270E-05 0.96577E-05 0.32880E-04
 0.54219E+00 0.80421E-05 0.10014E-04 0.39189E-04
 0.54375E+00 0.80404E-05 0.96567E-05 0.32648E-04
 0.54531E+00 0.80635E-05 0.10027E-04 0.39350E-04
 0.54688E+00 0.80468E-05 0.96545E-05 0.32856E-04
 0.54844E+00 0.80808E-05 0.10036E-04 0.39495E-04
 0.55000E+00 0.80498E-05 0.96491E-05 0.33050E-04
 0.55156E+00 0.80958E-05 0.10018E-04 0.39161E-04
 0.55313E+00 0.80498E-05 0.96406E-05 0.33229E-04
 0.55469E+00 0.81050E-05 0.10020E-04 0.39274E-04
 0.55625E+00 0.80467E-05 0.96291E-05 0.33393E-04
 0.55781E+00 0.81102E-05 0.10019E-04 0.39371E-04
 0.55937E+00 0.80445E-05 0.96124E-05 0.33072E-04
 0.56094E+00 0.81114E-05 0.10013E-04 0.39453E-04
 0.56250E+00 0.80353E-05 0.95951E-05 0.33205E-04
 0.56406E+00 0.81088E-05 0.10004E-04 0.39522E-04
 0.56563E+00 0.80229E-05 0.95750E-05 0.33322E-04
 0.56719E+00 0.81035E-05 0.99682E-05 0.39180E-04
 0.56875E+00 0.80084E-05 0.95524E-05 0.33425E-04
 0.57031E+00 0.80934E-05 0.99522E-05 0.39297E-04
 0.57188E+00 0.79914E-05 0.95273E-05 0.33514E-04
 0.57344E+00 0.80802E-05 0.99326E-05 0.39400E-04
 0.57500E+00 0.79760E-05 0.94974E-05 0.33107E-04
 0.57656E+00 0.80635E-05 0.99097E-05 0.39488E-04
 0.57812E+00 0.79542E-05 0.94676E-05 0.33166E-04
 0.57969E+00 0.80432E-05 0.98834E-05 0.39562E-04
 0.58125E+00 0.79302E-05 0.94355E-05 0.33211E-04
 0.58281E+00 0.80200E-05 0.98294E-05 0.39136E-04
 0.58438E+00 0.79040E-05 0.94015E-05 0.33243E-04
 0.58594E+00 0.79931E-05 0.97965E-05 0.39180E-04
 0.58750E+00 0.78761E-05 0.93655E-05 0.33262E-04
 0.58906E+00 0.79630E-05 0.97606E-05 0.39211E-04
 0.59062E+00 0.78502E-05 0.93250E-05 0.32777E-04
 0.59219E+00 0.79294E-05 0.97218E-05 0.39228E-04
 0.59375E+00 0.78187E-05 0.92854E-05 0.32770E-04
 0.59531E+00 0.78932E-05 0.96801E-05 0.39231E-04
 0.59688E+00 0.77853E-05 0.92441E-05 0.32752E-04
 0.59844E+00 0.78544E-05 0.96101E-05 0.38724E-04
 0.60000E+00 0.77499E-05 0.92014E-05 0.32724E-04
 0.60156E+00 0.78133E-05 0.95630E-05 0.38701E-04
 0.60313E+00 0.77130E-05 0.91573E-05 0.32685E-04
 0.60469E+00 0.77697E-05 0.95136E-05 0.38666E-04
 0.60625E+00 0.76781E-05 0.91089E-05 0.32133E-04
 0.60781E+00 0.77237E-05 0.94619E-05 0.38618E-04
 0.60938E+00 0.76374E-05 0.90622E-05 0.32074E-04
 0.61094E+00 0.76753E-05 0.94083E-05 0.38560E-04
 0.61250E+00 0.75956E-05 0.90144E-05 0.32007E-04
 0.61406E+00 0.76239E-05 0.93257E-05 0.37981E-04
 0.61563E+00 0.75526E-05 0.89658E-05 0.31932E-04
 0.61719E+00 0.75717E-05 0.92683E-05 0.37900E-04
 0.61875E+00 0.75089E-05 0.89162E-05 0.31851E-04
 0.62031E+00 0.75181E-05 0.92095E-05 0.37809E-04
 0.62187E+00 0.74677E-05 0.88627E-05 0.31248E-04
 0.62344E+00 0.74634E-05 0.91494E-05 0.37710E-04
 0.62500E+00 0.74221E-05 0.88117E-05 0.31154E-04
 0.62656E+00 0.74074E-05 0.90884E-05 0.37601E-04
 0.62813E+00 0.73757E-05 0.87602E-05 0.31055E-04
 0.62969E+00 0.73478E-05 0.89979E-05 0.36965E-04
 0.63125E+00 0.73282E-05 0.87083E-05 0.30953E-04
 0.63281E+00 0.72898E-05 0.89353E-05 0.36841E-04
 0.63438E+00 0.72793E-05 0.86562E-05 0.30847E-04
 0.63594E+00 0.72309E-05 0.88724E-05 0.36710E-04
 0.63750E+00 0.72320E-05 0.86003E-05 0.30214E-04
 0.63906E+00 0.71709E-05 0.88095E-05 0.36573E-04
 0.64062E+00 0.71803E-05 0.85478E-05 0.30103E-04
 0.64219E+00 0.71099E-05 0.87468E-05 0.36432E-04
 0.64375E+00 0.71273E-05 0.84955E-05 0.29993E-04
 0.64531E+00 0.70440E-05 0.86541E-05 0.35754E-04
 0.64688E+00 0.70731E-05 0.84435E-05 0.29883E-04
 0.64844E+00 0.69815E-05 0.85922E-05 0.35604E-04
 0.65000E+00 0.70185E-05 0.83918E-05 0.29774E-04
 0.65156E+00 0.69191E-05 0.85312E-05 0.35451E-04
 0.65312E+00 0.69670E-05 0.83365E-05 0.29130E-04
 0.65469E+00 0.68566E-05 0.84715E-05 0.35295E-04
 0.65625E+00 0.69128E-05 0.82858E-05 0.29025E-04
 0.65781E+00 0.67947E-05 0.84132E-05 0.35139E-04
 0.65938E+00 0.68587E-05 0.82359E-05 0.28924E-04
 0.66094E+00 0.67276E-05 0.83243E-05 0.34440E-04
 0.66250E+00 0.68047E-05 0.81870E-05 0.28827E-04
 0.66406E+00 0.66667E-05 0.82693E-05 0.34283E-04
 0.66563E+00 0.67509E-05 0.81392E-05 0.28736E-04
 0.66719E+00 0.66081E-05 0.82164E-05 0.34127E-04
 0.66875E+00 0.67012E-05 0.80881E-05 0.28102E-04
 0.67031E+00 0.65515E-05 0.81659E-05 0.33973E-04
 0.67188E+00 0.66503E-05 0.80427E-05 0.28022E-04
 0.67344E+00 0.64968E-05 0.81180E-05 0.33822E-04
 0.67500E+00 0.66008E-05 0.79989E-05 0.27950E-04
 0.67656E+00 0.64365E-05 0.80387E-05 0.33122E-04
 0.67813E+00 0.65528E-05 0.79568E-05 0.27887E-04
 0.67969E+00 0.63859E-05 0.79961E-05 0.32977E-04
 0.68125E+00 0.65061E-05 0.79166E-05 0.27832E-04
 0.68281E+00 0.63378E-05 0.79565E-05 0.32838E-04
 0.68437E+00 0.64637E-05 0.78735E-05 0.27228E-04
 0.68594E+00 0.62933E-05 0.79203E-05 0.32706E-04
 0.68750E+00 0.64225E-05 0.78374E-05 0.27192E-04
 0.68906E+00 0.62518E-05 0.78874E-05 0.32579E-04
 0.69063E+00 0.63842E-05 0.78036E-05 0.27167E-04
 0.69219E+00 0.62033E-05 0.78223E-05 0.31896E-04
 0.69375E+00 0.63484E-05 0.77723E-05 0.27153E-04
 0.69531E+00 0.61671E-05 0.77961E-05 0.31784E-04
 0.69688E+00 0.63153E-05 0.77438E-05 0.27152E-04
 0.69844E+00 0.61335E-05 0.77737E-05 0.31681E-04
 0.70000E+00 0.62861E-05 0.77127E-05 0.26593E-04
 0.70156E+00 0.61022E-05 0.77549E-05 0.31587E-04
 0.70312E+00 0.62577E-05 0.76896E-05 0.26616E-04
 0.70469E+00 0.60739E-05 0.77398E-05 0.31503E-04
 0.70625E+00 0.62320E-05 0.76697E-05 0.26652E-04
 0.70781E+00 0.60374E-05 0.76917E-05 0.30855E-04
 0.70938E+00 0.62087E-05 0.76530E-05 0.26703E-04
 0.71094E+00 0.60155E-05 0.76839E-05 0.30792E-04
 0.71250E+00 0.61877E-05 0.76395E-05 0.26767E-04
 0.71406E+00 0.59965E-05 0.76798E-05 0.30741E-04
 0.71562E+00 0.61701E-05 0.76239E-05 0.26740E-04
 0.71719E+00 0.59807E-05 0.76794E-05 0.30702E-04
 0.71875E+00 0.61541E-05 0.76172E-05 0.26959E-04
 0.72031E+00 0.59689E-05 0.76826E-05 0.30675E-04
 0.72188E+00 0.61422E-05 0.76140E-05 0.27132E-04
 0.72344E+00 0.59481E-05 0.76518E-05 0.30076E-04
 0.72500E+00 0.61339E-05 0.76143E-05 0.27259E-04
 0.72656E+00 0.59434E-05 0.76619E-05 0.30075E-04
 0.72813E+00 0.61293E-05 0.76184E-05 0.27340E-04
 0.72969E+00 0.59414E-05 0.76753E-05 0.30178E-04
 0.73125E+00 0.61291E-05 0.76204E-05 0.27370E-04
 0.73281E+00 0.59426E-05 0.76919E-05 0.30345E-04
 0.73438E+00 0.61323E-05 0.76315E-05 0.27358E-04
 0.73594E+00 0.59465E-05 0.77116E-05 0.30523E-04
 0.73750E+00 0.61398E-05 0.76462E-05 0.27300E-04
 0.73906E+00 0.59401E-05 0.76967E-05 0.30187E-04
 0.74063E+00 0.61513E-05 0.76645E-05 0.27195E-04
 0.74219E+00 0.59504E-05 0.77221E-05 0.30388E-04
 0.74375E+00 0.61668E-05 0.76864E-05 0.27283E-04
 0.74531E+00 0.59646E-05 0.77503E-05 0.30600E-04
 0.74687E+00 0.61850E-05 0.77060E-05 0.27351E-04
 0.74844E+00 0.59831E-05 0.77809E-05 0.30822E-04
 0.75000E+00 0.62076E-05 0.77343E-05 0.27381E-04
 0.75156E+00 0.60059E-05 0.78140E-05 0.31055E-04
 0.75313E+00 0.62358E-05 0.77659E-05 0.27367E-04
 0.75469E+00 0.60187E-05 0.78119E-05 0.30763E-04
 0.75625E+00 0.62669E-05 0.78006E-05 0.27441E-04
 0.75781E+00 0.60459E-05 0.78491E-05 0.31014E-04
 0.75938E+00 0.62997E-05 0.78383E-05 0.27725E-04
 0.76094E+00 0.60738E-05 0.78883E-05 0.31274E-04
 0.76250E+00 0.63348E-05 0.78732E-05 0.27411E-04
 0.76406E+00 0.61028E-05 0.79292E-05 0.31542E-04
 0.76562E+00 0.63715E-05 0.79160E-05 0.27720E-04
 0.76719E+00 0.61339E-05 0.79717E-05 0.31818E-04
 0.76875E+00 0.64110E-05 0.79612E-05 0.28042E-04
 0.77031E+00 0.61546E-05 0.79789E-05 0.31557E-04
 0.77188E+00 0.64518E-05 0.80086E-05 0.28376E-04
 0.77344E+00 0.61877E-05 0.80241E-05 0.31846E-04
 0.77500E+00 0.64926E-05 0.80580E-05 0.28721E-04
 0.77656E+00 0.62215E-05 0.80704E-05 0.32141E-04
 0.77812E+00 0.65349E-05 0.81041E-05 0.28456E-04
 0.77969E+00 0.62557E-05 0.81177E-05 0.32442E-04
 0.78125E+00 0.65776E-05 0.81566E-05 0.28821E-04
 0.78281E+00 0.62915E-05 0.81659E-05 0.32747E-04
 0.78438E+00 0.66226E-05 0.82105E-05 0.29196E-04
 0.78594E+00 0.63197E-05 0.81789E-05 0.32503E-04
 0.78750E+00 0.66697E-05 0.82655E-05 0.29580E-04
 0.78906E+00 0.63592E-05 0.82284E-05 0.32815E-04
 0.79063E+00 0.67178E-05 0.83213E-05 0.29973E-04
 0.79219E+00 0.63986E-05 0.82784E-05 0.33129E-04
 0.79375E+00 0.67694E-05 0.83730E-05 0.29742E-04
 0.79531E+00 0.64388E-05 0.83286E-05 0.33445E-04
 0.79688E+00 0.68186E-05 0.84297E-05 0.30147E-04
 0.79844E+00 0.64787E-05 0.83791E-05 0.33763E-04
 0.80000E+00 0.68670E-05 0.84866E-05 0.30558E-04
 0.80156E+00 0.65097E-05 0.83949E-05 0.33520E-04
 0.80313E+00 0.69146E-05 0.85435E-05 0.30974E-04
 0.80469E+00 0.65495E-05 0.84455E-05 0.33836E-04
 0.80625E+00 0.69626E-05 0.86001E-05 0.31395E-04
 0.80781E+00 0.65900E-05 0.84960E-05 0.34153E-04
 0.80937E+00 0.70147E-05 0.86518E-05 0.31179E-04
 0.81094E+00 0.66303E-05 0.85463E-05 0.34467E-04
 0.81250E+00 0.70629E-05 0.87071E-05 0.31605E-04
 0.81406E+00 0.66703E-05 0.85963E-05 0.34780E-04
 0.81563E+00 0.71093E-05 0.87614E-05 0.32032E-04
 0.81719E+00 0.67035E-05 0.86120E-05 0.34519E-04
 0.81875E+00 0.71538E-05 0.88147E-05 0.32461E-04
 0.82031E+00 0.67422E-05 0.86610E-05 0.34823E-04
 0.82188E+00 0.71964E-05 0.88668E-05 0.32890E-04
 0.82344E+00 0.67803E-05 0.87095E-05 0.35123E-04
 0.82500E+00 0.72434E-05 0.89135E-05 0.32667E-04
 0.82656E+00 0.68190E-05 0.87573E-05 0.35418E-04
 0.82812E+00 0.72838E-05 0.89623E-05 0.33092E-04
 0.82969E+00 0.68587E-05 0.88042E-05 0.35708E-04
 0.83125E+00 0.73222E-05 0.90094E-05 0.33514E-04
 0.83281E+00 0.68938E-05 0.88174E-05 0.35413E-04
 0.83438E+00 0.73589E-05 0.90546E-05 0.33933E-04
 0.83594E+00 0.69321E-05 0.88625E-05 0.35687E-04
 0.83750E+00 0.73930E-05 0.90978E-05 0.34347E-04
 0.83906E+00 0.69686E-05 0.89066E-05 0.35955E-04
 0.84062E+00 0.74300E-05 0.91354E-05 0.34097E-04
 0.84219E+00 0.70033E-05 0.89495E-05 0.36214E-04
 0.84375E+00 0.74588E-05 0.91740E-05 0.34499E-04
 0.84531E+00 0.70368E-05 0.89912E-05 0.36465E-04
 0.84688E+00 0.74853E-05 0.92102E-05 0.34894E-04
 0.84844E+00 0.70676E-05 0.89995E-05 0.36119E-04
 0.85000E+00 0.75090E-05 0.92441E-05 0.35282E-04
 0.85156E+00 0.70994E-05 0.90384E-05 0.36349E-04
 0.85313E+00 0.75299E-05 0.92755E-05 0.35661E-04
 0.85469E+00 0.71294E-05 0.90758E-05 0.36569E-04
 0.85625E+00 0.75551E-05 0.93011E-05 0.35362E-04
 0.85781E+00 0.71583E-05 0.91117E-05 0.36778E-04
 0.85938E+00 0.75709E-05 0.93271E-05 0.35721E-04
 0.86094E+00 0.71863E-05 0.91459E-05 0.36976E-04
 0.86250E+00 0.75838E-05 0.93504E-05 0.36069E-04
 0.86406E+00 0.72106E-05 0.91470E-05 0.36567E-04
 0.86563E+00 0.75937E-05 0.93710E-05 0.36406E-04
 0.86719E+00 0.72348E-05 0.91776E-05 0.36740E-04
 0.86875E+00 0.76008E-05 0.93889E-05 0.36731E-04
 0.87031E+00 0.72568E-05 0.92063E-05 0.36901E-04
 0.87187E+00 0.76127E-05 0.94013E-05 0.36366E-04
 0.87344E+00 0.72766E-05 0.92329E-05 0.37134E-04
 0.87500E+00 0.76149E-05 0.94134E-05 0.36664E-04
 0.87656E+00 0.72942E-05 0.92576E-05 0.37472E-04
 0.87813E+00 0.76142E-05 0.94229E-05 0.36948E-04
 0.87969E+00 0.73087E-05 0.92494E-05 0.37119E-04
 0.88125E+00 0.76107E-05 0.94297E-05 0.37218E-04
 0.88281E+00 0.73209E-05 0.92697E-05 0.37437E-04
 0.88438E+00 0.76054E-05 0.94337E-05 0.37474E-04
 0.88594E+00 0.73307E-05 0.92876E-05 0.37745E-04
 0.88750E+00 0.76058E-05 0.94327E-05 0.37028E-04
 0.88906E+00 0.73382E-05 0.93033E-05 0.38041E-04
 0.89062E+00 0.75958E-05 0.94312E-05 0.37251E-04
 0.89219E+00 0.73432E-05 0.93165E-05 0.38327E-04
 0.89375E+00 0.75837E-05 0.94272E-05 0.37459E-04
 0.89531E+00 0.73456E-05 0.92971E-05 0.37909E-04
 0.89688E+00 0.75691E-05 0.94207E-05 0.37651E-04
 0.89844E+00 0.73455E-05 0.93053E-05 0.38167E-04
 0.90000E+00 0.75521E-05 0.94117E-05 0.37827E-04
 0.90156E+00 0.73428E-05 0.93110E-05 0.38413E-04
 0.90312E+00 0.75417E-05 0.93981E-05 0.37291E-04
 0.90469E+00 0.73380E-05 0.93142E-05 0.38645E-04
 0.90625E+00 0.75207E-05 0.93841E-05 0.37432E-04
 0.90781E+00 0.73317E-05 0.93148E-05 0.38863E-04
 0.90938E+00 0.74982E-05 0.93678E-05 0.37556E-04
 0.91094E+00 0.73240E-05 0.92827E-05 0.38367E-04
 0.91250E+00 0.74738E-05 0.93494E-05 0.37664E-04
 0.91406E+00 0.73146E-05 0.92778E-05 0.38554E-04
 0.91563E+00 0.74480E-05 0.93289E-05 0.37755E-04
 0.91719E+00 0.73037E-05 0.92703E-05 0.38725E-04
 0.91875E+00 0.74289E-05 0.93044E-05 0.37126E-04
 0.92031E+00 0.72914E-05 0.92601E-05 0.38882E-04
 0.92188E+00 0.73996E-05 0.92796E-05 0.37182E-04
 0.92344E+00 0.72778E-05 0.92474E-05 0.39023E-04
 0.92500E+00 0.73691E-05 0.92529E-05 0.37221E-04
 0.92656E+00 0.72617E-05 0.92019E-05 0.38441E-04
 0.92813E+00 0.73376E-05 0.92245E-05 0.37245E-04
 0.92969E+00 0.72439E-05 0.91837E-05 0.38549E-04
 0.93125E+00 0.73050E-05 0.91945E-05 0.37253E-04
 0.93281E+00 0.72232E-05 0.91629E-05 0.38641E-04
 0.93437E+00 0.72799E-05 0.91611E-05 0.36533E-04
 0.93594E+00 0.71994E-05 0.91396E-05 0.38717E-04
 0.93750E+00 0.72463E-05 0.91276E-05 0.36508E-04
 0.93906E+00 0.71725E-05 0.91138E-05 0.38777E-04
 0.94063E+00 0.72124E-05 0.90927E-05 0.36468E-04
 0.94219E+00 0.71405E-05 0.90553E-05 0.38105E-04
 0.94375E+00 0.71787E-05 0.90565E-05 0.36413E-04
 0.94531E+00 0.71082E-05 0.90244E-05 0.38132E-04
 0.94688E+00 0.71450E-05 0.90190E-05 0.36345E-04
 0.94844E+00 0.70748E-05 0.89913E-05 0.38143E-04
 0.95000E+00 0.71174E-05 0.89789E-05 0.35543E-04
 0.95156E+00 0.70407E-05 0.89560E-05 0.38139E-04
 0.95312E+00 0.70826E-05 0.89389E-05 0.35446E-04
 0.95469E+00 0.70055E-05 0.89186E-05 0.38119E-04
 0.95625E+00 0.70473E-05 0.88979E-05 0.35337E-04
 0.95781E+00 0.69639E-05 0.88484E-05 0.37361E-04
 0.95938E+00 0.70111E-05 0.88560E-05 0.35216E-04
 0.96094E+00 0.69263E-05 0.88068E-05 0.37310E-04
 0.96250E+00 0.69744E-05 0.88133E-05 0.35084E-04
 0.96406E+00 0.68882E-05 0.87635E-05 0.37246E-04
 0.96562E+00 0.69448E-05 0.87685E-05 0.34469E-04
 0.96719E+00 0.68502E-05 0.87185E-05 0.37167E-04
 0.96875E+00 0.69096E-05 0.87241E-05 0.34473E-04
 0.97031E+00 0.68132E-05 0.86720E-05 0.37075E-04
 0.97188E+00 0.68757E-05 0.86790E-05 0.34463E-04
 0.97344E+00 0.67708E-05 0.85926E-05 0.36238E-04
 0.97500E+00 0.68440E-05 0.86335E-05 0.34437E-04
 0.97656E+00 0.67360E-05 0.85432E-05 0.36119E-04
 0.97813E+00 0.68165E-05 0.85875E-05 0.34397E-04
 0.97969E+00 0.67022E-05 0.84928E-05 0.35989E-04
 0.98125E+00 0.67957E-05 0.85400E-05 0.33951E-04
 0.98281E+00 0.66712E-05 0.84415E-05 0.35847E-04
 0.98438E+00 0.67699E-05 0.84930E-05 0.33880E-04
 0.98594E+00 0.66420E-05 0.83895E-05 0.35695E-04
 0.98750E+00 0.67448E-05 0.84458E-05 0.33797E-04
 0.98906E+00 0.66022E-05 0.83044E-05 0.34793E-04
 0.99063E+00 0.67206E-05 0.83984E-05 0.33700E-04
 0.99219E+00 0.65729E-05 0.82511E-05 0.34620E-04
 0.99375E+00 0.66968E-05 0.83510E-05 0.33592E-04
 0.99531E+00 0.65436E-05 0.81976E-05 0.34438E-04
 0.99687E+00 0.66767E-05 0.83025E-05 0.33075E-04
 0.99844E+00 0.65141E-05 0.81441E-05 0.34249E-04
 0.10000E+01 0.66521E-05 0.82547E-05 0.32941E-04
 0.10016E+01 0.64709E-05 0.80578E-05 0.33306E-04
