 0.50000E-01 0.28767E-04 0.39079E-04 0.29818E-03
 0.75000E-01 0.42518E-03 0.78023E-03 0.46670E-02
 0.10000E+00 0.53308E-04 0.74254E-04 0.59855E-03
 0.12500E+00 0.42011E-03 0.77575E-03 0.46726E-02
 0.15000E+00 0.73165E-04 0.10693E-03 0.89944E-03
 0.17500E+00 0.41807E-03 0.76926E-03 0.46566E-02
 0.20000E+00 0.92418E-04 0.14024E-03 0.11958E-02
 0.22500E+00 0.41664E-03 0.76055E-03 0.46104E-02
 0.25000E+00 0.11376E-03 0.17319E-03 0.14816E-02
 0.27500E+00 0.41644E-03 0.75010E-03 0.45398E-02
 0.30000E+00 0.13271E-03 0.20338E-03 0.17525E-02
 0.32500E+00 0.41800E-03 0.73843E-03 0.44622E-02
 0.35000E+00 0.15062E-03 0.23143E-03 0.20084E-02
 0.37500E+00 0.41659E-03 0.72531E-03 0.43930E-02
 0.40000E+00 0.17003E-03 0.25874E-03 0.22517E-02
 0.42500E+00 0.41198E-03 0.71079E-03 0.43361E-02
 0.45000E+00 0.18688E-03 0.28452E-03 0.24847E-02
 0.47500E+00 0.40765E-03 0.69540E-03 0.42803E-02
 0.50000E+00 0.19924E-03 0.30810E-03 0.27071E-02
 0.52500E+00 0.40415E-03 0.67933E-03 0.42084E-02
 0.55000E+00 0.21238E-03 0.33063E-03 0.29152E-02
 0.57500E+00 0.39960E-03 0.66194E-03 0.41083E-02
 0.60000E+00 0.22865E-03 0.35273E-03 0.31052E-02
 0.62500E+00 0.39401E-03 0.64363E-03 0.39843E-02
 0.65000E+00 0.24467E-03 0.37359E-03 0.32755E-02
 0.67500E+00 0.38811E-03 0.62479E-03 0.38517E-02
 0.70000E+00 0.25988E-03 0.39323E-03 0.34285E-02
 0.72500E+00 0.38007E-03 0.60516E-03 0.37277E-02
 0.75000E+00 0.27545E-03 0.41255E-03 0.35687E-02
 0.77500E+00 0.36966E-03 0.58446E-03 0.36190E-02
 0.80000E+00 0.29068E-03 0.43130E-03 0.36996E-02
 0.82500E+00 0.35857E-03 0.56323E-03 0.35166E-02
 0.85000E+00 0.30383E-03 0.44865E-03 0.38217E-02
 0.87500E+00 0.34845E-03 0.54212E-03 0.34044E-02
 0.90000E+00 0.31613E-03 0.46486E-03 0.39324E-02
 0.92500E+00 0.33820E-03 0.52074E-03 0.32683E-02
 0.95000E+00 0.32818E-03 0.48032E-03 0.40288E-02
 0.97500E+00 0.32778E-03 0.49942E-03 0.31082E-02
 0.10000E+01 0.33872E-03 0.49424E-03 0.41104E-02
 0.10250E+01 0.31949E-03 0.47912E-03 0.29371E-02
