 0.25000E-01 0.35908E-05 0.48806E-05 0.37310E-04
 0.37500E-01 0.10754E-03 0.19553E-03 0.11660E-02
 0.50000E-01 0.70471E-05 0.96256E-05 0.74717E-04
 0.62500E-01 0.10675E-03 0.19522E-03 0.11669E-02
 0.75000E-01 0.10264E-04 0.14151E-04 0.11222E-03
 0.87500E-01 0.10591E-03 0.19478E-03 0.11679E-02
 0.10000E+00 0.13191E-04 0.18454E-04 0.14981E-03
 0.11250E+00 0.10530E-03 0.19421E-03 0.11683E-02
 0.12500E+00 0.15836E-04 0.22606E-04 0.18739E-03
 0.13750E+00 0.10490E-03 0.19353E-03 0.11678E-02
 0.15000E+00 0.18284E-04 0.26709E-04 0.22485E-03
 0.16250E+00 0.10464E-03 0.19272E-03 0.11658E-02
 0.17500E+00 0.20643E-04 0.30839E-04 0.26204E-03
 0.18750E+00 0.10443E-03 0.19177E-03 0.11621E-02
 0.20000E+00 0.23095E-04 0.35006E-04 0.29876E-03
 0.21250E+00 0.10424E-03 0.19069E-03 0.11567E-02
 0.22500E+00 0.25727E-04 0.39154E-04 0.33486E-03
 0.23750E+00 0.10408E-03 0.18948E-03 0.11495E-02
 0.25000E+00 0.28346E-04 0.43203E-04 0.37020E-03
 0.26250E+00 0.10400E-03 0.18818E-03 0.11411E-02
 0.27500E+00 0.30825E-04 0.47089E-04 0.40464E-03
 0.28750E+00 0.10407E-03 0.18678E-03 0.11317E-02
 0.30000E+00 0.33132E-04 0.50796E-04 0.43814E-03
 0.31250E+00 0.10423E-03 0.18532E-03 0.11221E-02
 0.32500E+00 0.35326E-04 0.54357E-04 0.47070E-03
 0.33750E+00 0.10432E-03 0.18378E-03 0.11126E-02
 0.35000E+00 0.37560E-04 0.57827E-04 0.50239E-03
 0.36250E+00 0.10422E-03 0.18215E-03 0.11036E-02
 0.37500E+00 0.39873E-04 0.61242E-04 0.53322E-03
 0.38750E+00 0.10388E-03 0.18043E-03 0.10953E-02
 0.40000E+00 0.42247E-04 0.64608E-04 0.56330E-03
 0.41250E+00 0.10335E-03 0.17859E-03 0.10875E-02
 0.42500E+00 0.44522E-04 0.67893E-04 0.59268E-03
 0.43750E+00 0.10276E-03 0.17672E-03 0.10803E-02
 0.45000E+00 0.46568E-04 0.71062E-04 0.62140E-03
 0.46250E+00 0.10220E-03 0.17479E-03 0.10730E-02
 0.47500E+00 0.48345E-04 0.74097E-04 0.64947E-03
 0.48750E+00 0.10170E-03 0.17283E-03 0.10652E-02
 0.50000E+00 0.49911E-04 0.77008E-04 0.67675E-03
 0.51250E+00 0.10122E-03 0.17078E-03 0.10563E-02
 0.52500E+00 0.51442E-04 0.79831E-04 0.70314E-03
 0.53750E+00 0.10075E-03 0.16875E-03 0.10464E-02
 0.55000E+00 0.53128E-04 0.82618E-04 0.72869E-03
 0.56250E+00 0.10018E-03 0.16656E-03 0.10344E-02
 0.57500E+00 0.55030E-04 0.85381E-04 0.75317E-03
 0.58750E+00 0.99558E-04 0.16438E-03 0.10213E-02
 0.60000E+00 0.57055E-04 0.88103E-04 0.77639E-03
 0.61250E+00 0.98819E-04 0.16206E-03 0.10062E-02
 0.62500E+00 0.59106E-04 0.90775E-04 0.79855E-03
 0.63750E+00 0.98030E-04 0.15969E-03 0.99007E-03
 0.65000E+00 0.61103E-04 0.93353E-04 0.81941E-03
 0.66250E+00 0.97286E-04 0.15737E-03 0.97386E-03
 0.67500E+00 0.63041E-04 0.95857E-04 0.83927E-03
 0.68750E+00 0.96430E-04 0.15493E-03 0.95706E-03
 0.70000E+00 0.64942E-04 0.98297E-04 0.85811E-03
 0.71250E+00 0.95490E-04 0.15253E-03 0.94123E-03
 0.72500E+00 0.66830E-04 0.10069E-03 0.87592E-03
 0.73750E+00 0.94360E-04 0.14999E-03 0.92555E-03
 0.75000E+00 0.68742E-04 0.10307E-03 0.89311E-03
 0.76250E+00 0.93086E-04 0.14738E-03 0.91072E-03
 0.77500E+00 0.70658E-04 0.10543E-03 0.90951E-03
 0.78750E+00 0.91765E-04 0.14481E-03 0.89726E-03
 0.80000E+00 0.72540E-04 0.10775E-03 0.92548E-03
 0.81250E+00 0.90353E-04 0.14211E-03 0.88367E-03
 0.82500E+00 0.74317E-04 0.10999E-03 0.94089E-03
 0.83750E+00 0.88998E-04 0.13951E-03 0.87075E-03
 0.85000E+00 0.75957E-04 0.11213E-03 0.95558E-03
 0.86250E+00 0.87650E-04 0.13681E-03 0.85673E-03
 0.87500E+00 0.77512E-04 0.11420E-03 0.96981E-03
 0.88750E+00 0.86385E-04 0.13412E-03 0.84176E-03
 0.90000E+00 0.79003E-04 0.11617E-03 0.98317E-03
 0.91250E+00 0.85194E-04 0.13153E-03 0.82618E-03
 0.92500E+00 0.80475E-04 0.11811E-03 0.99591E-03
 0.93750E+00 0.83919E-04 0.12882E-03 0.80840E-03
 0.95000E+00 0.81918E-04 0.11999E-03 0.10078E-02
 0.96250E+00 0.82677E-04 0.12623E-03 0.78987E-03
 0.97500E+00 0.83294E-04 0.12178E-03 0.10186E-02
 0.98750E+00 0.81428E-04 0.12356E-03 0.76939E-03
 0.10000E+01 0.84576E-04 0.12350E-03 0.10287E-02
 0.10125E+01 0.80349E-04 0.12107E-03 0.74881E-03
