 0.12500E-01 0.44956E-06 0.61080E-06 0.46540E-05
 0.18750E-01 0.26966E-04 0.48912E-04 0.29140E-03
 0.25000E-01 0.89475E-06 0.12169E-05 0.93182E-05
 0.31250E-01 0.26912E-04 0.48892E-04 0.29147E-03
 0.37500E-01 0.13317E-05 0.18146E-05 0.13988E-04
 0.43750E-01 0.26833E-04 0.48862E-04 0.29156E-03
 0.50000E-01 0.17567E-05 0.24009E-05 0.18664E-04
 0.56250E-01 0.26736E-04 0.48824E-04 0.29168E-03
 0.62500E-01 0.21670E-05 0.29735E-05 0.23347E-04
 0.68750E-01 0.26626E-04 0.48777E-04 0.29181E-03
 0.75000E-01 0.25604E-05 0.35316E-05 0.28035E-04
 0.81250E-01 0.26521E-04 0.48722E-04 0.29192E-03
 0.87500E-01 0.29356E-05 0.40760E-05 0.32730E-04
 0.93750E-01 0.26429E-04 0.48659E-04 0.29201E-03
 0.10000E+00 0.32925E-05 0.46082E-05 0.37426E-04
 0.10625E+00 0.26353E-04 0.48589E-04 0.29207E-03
 0.11250E+00 0.36319E-05 0.51309E-05 0.42122E-04
 0.11875E+00 0.26290E-04 0.48510E-04 0.29206E-03
 0.12500E+00 0.39551E-05 0.56473E-05 0.46818E-04
 0.13125E+00 0.26242E-04 0.48428E-04 0.29201E-03
 0.13750E+00 0.42665E-05 0.61605E-05 0.51504E-04
 0.14375E+00 0.26200E-04 0.48331E-04 0.29184E-03
 0.15000E+00 0.45690E-05 0.66734E-05 0.56178E-04
 0.15625E+00 0.26168E-04 0.48230E-04 0.29160E-03
 0.16250E+00 0.48638E-05 0.71879E-05 0.60835E-04
 0.16875E+00 0.26140E-04 0.48122E-04 0.29126E-03
 0.17500E+00 0.51586E-05 0.77051E-05 0.65479E-04
 0.18125E+00 0.26114E-04 0.48005E-04 0.29082E-03
 0.18750E+00 0.54577E-05 0.82245E-05 0.70085E-04
 0.19375E+00 0.26090E-04 0.47879E-04 0.29026E-03
 0.20000E+00 0.57688E-05 0.87450E-05 0.74659E-04
 0.20625E+00 0.26063E-04 0.47738E-04 0.28955E-03
 0.21250E+00 0.60939E-05 0.92645E-05 0.79193E-04
 0.21875E+00 0.26042E-04 0.47596E-04 0.28877E-03
 0.22500E+00 0.64231E-05 0.97806E-05 0.83683E-04
 0.23125E+00 0.26023E-04 0.47446E-04 0.28790E-03
 0.23750E+00 0.67520E-05 0.10291E-04 0.88137E-04
 0.24375E+00 0.26008E-04 0.47290E-04 0.28693E-03
 0.25000E+00 0.70761E-05 0.10792E-04 0.92526E-04
 0.25625E+00 0.25992E-04 0.47120E-04 0.28584E-03
 0.26250E+00 0.73916E-05 0.11284E-04 0.96847E-04
 0.26875E+00 0.25994E-04 0.46962E-04 0.28479E-03
 0.27500E+00 0.76965E-05 0.11765E-04 0.10114E-03
 0.28125E+00 0.25998E-04 0.46780E-04 0.28359E-03
 0.28750E+00 0.79906E-05 0.12234E-04 0.10537E-03
 0.29375E+00 0.26020E-04 0.46614E-04 0.28247E-03
 0.30000E+00 0.82747E-05 0.12692E-04 0.10951E-03
 0.30625E+00 0.26035E-04 0.46422E-04 0.28121E-03
 0.31250E+00 0.85512E-05 0.13142E-04 0.11362E-03
 0.31875E+00 0.26048E-04 0.46225E-04 0.27995E-03
 0.32500E+00 0.88241E-05 0.13583E-04 0.11765E-03
 0.33125E+00 0.26067E-04 0.46046E-04 0.27883E-03
 0.33750E+00 0.91001E-05 0.14020E-04 0.12165E-03
 0.34375E+00 0.26062E-04 0.45837E-04 0.27761E-03
 0.35000E+00 0.93807E-05 0.14451E-04 0.12559E-03
 0.35625E+00 0.26059E-04 0.45648E-04 0.27656E-03
 0.36250E+00 0.96660E-05 0.14878E-04 0.12945E-03
 0.36875E+00 0.26026E-04 0.45428E-04 0.27540E-03
 0.37500E+00 0.99557E-05 0.15304E-04 0.13329E-03
 0.38125E+00 0.25980E-04 0.45202E-04 0.27428E-03
 0.38750E+00 0.10250E-04 0.15725E-04 0.13705E-03
 0.39375E+00 0.25935E-04 0.44997E-04 0.27337E-03
 0.40000E+00 0.10546E-04 0.16144E-04 0.14080E-03
 0.40625E+00 0.25866E-04 0.44759E-04 0.27233E-03
 0.41250E+00 0.10837E-04 0.16559E-04 0.14451E-03
 0.41875E+00 0.25806E-04 0.44545E-04 0.27149E-03
 0.42500E+00 0.11117E-04 0.16965E-04 0.14813E-03
 0.43125E+00 0.25726E-04 0.44298E-04 0.27049E-03
 0.43750E+00 0.11382E-04 0.17367E-04 0.15176E-03
 0.44375E+00 0.25645E-04 0.44047E-04 0.26950E-03
 0.45000E+00 0.11632E-04 0.17758E-04 0.15530E-03
 0.45625E+00 0.25582E-04 0.43824E-04 0.26870E-03
 0.46250E+00 0.11866E-04 0.18143E-04 0.15884E-03
 0.46875E+00 0.25507E-04 0.43566E-04 0.26768E-03
 0.47500E+00 0.12083E-04 0.18520E-04 0.16234E-03
 0.48125E+00 0.25454E-04 0.43339E-04 0.26683E-03
 0.48750E+00 0.12287E-04 0.18886E-04 0.16574E-03
 0.49375E+00 0.25385E-04 0.43076E-04 0.26572E-03
 0.50000E+00 0.12481E-04 0.19248E-04 0.16915E-03
 0.50625E+00 0.25337E-04 0.42844E-04 0.26476E-03
 0.51250E+00 0.12671E-04 0.19605E-04 0.17250E-03
 0.51875E+00 0.25269E-04 0.42574E-04 0.26350E-03
 0.52500E+00 0.12864E-04 0.19951E-04 0.17570E-03
 0.53125E+00 0.25200E-04 0.42300E-04 0.26216E-03
 0.53750E+00 0.13067E-04 0.20301E-04 0.17894E-03
 0.54375E+00 0.25128E-04 0.42021E-04 0.26071E-03
 0.55000E+00 0.13282E-04 0.20650E-04 0.18212E-03
 0.55625E+00 0.25090E-04 0.41812E-04 0.25963E-03
 0.56250E+00 0.13512E-04 0.20997E-04 0.18524E-03
 0.56875E+00 0.25007E-04 0.41522E-04 0.25798E-03
 0.57500E+00 0.13753E-04 0.21342E-04 0.18829E-03
 0.58125E+00 0.24918E-04 0.41228E-04 0.25622E-03
 0.58750E+00 0.14000E-04 0.21677E-04 0.19115E-03
 0.59375E+00 0.24824E-04 0.40929E-04 0.25437E-03
 0.60000E+00 0.14255E-04 0.22018E-04 0.19406E-03
 0.60625E+00 0.24725E-04 0.40626E-04 0.25243E-03
 0.61250E+00 0.14512E-04 0.22356E-04 0.19689E-03
 0.61875E+00 0.24664E-04 0.40402E-04 0.25092E-03
 0.62500E+00 0.14768E-04 0.22690E-04 0.19965E-03
 0.63125E+00 0.24557E-04 0.40093E-04 0.24883E-03
 0.63750E+00 0.15021E-04 0.23019E-04 0.20233E-03
 0.64375E+00 0.24449E-04 0.39780E-04 0.24670E-03
 0.65000E+00 0.15267E-04 0.23330E-04 0.20481E-03
 0.65625E+00 0.24343E-04 0.39466E-04 0.24453E-03
 0.66250E+00 0.15513E-04 0.23649E-04 0.20736E-03
 0.66875E+00 0.24234E-04 0.39150E-04 0.24234E-03
 0.67500E+00 0.15755E-04 0.23962E-04 0.20983E-03
 0.68125E+00 0.24166E-04 0.38920E-04 0.24070E-03
 0.68750E+00 0.15995E-04 0.24271E-04 0.21224E-03
 0.69375E+00 0.24045E-04 0.38598E-04 0.23852E-03
 0.70000E+00 0.16233E-04 0.24576E-04 0.21459E-03
 0.70625E+00 0.23915E-04 0.38274E-04 0.23637E-03
 0.71250E+00 0.16465E-04 0.24865E-04 0.21674E-03
 0.71875E+00 0.23777E-04 0.37946E-04 0.23425E-03
 0.72500E+00 0.16702E-04 0.25167E-04 0.21898E-03
 0.73125E+00 0.23630E-04 0.37614E-04 0.23218E-03
 0.73750E+00 0.16940E-04 0.25468E-04 0.22117E-03
 0.74375E+00 0.23522E-04 0.37371E-04 0.23075E-03
 0.75000E+00 0.17179E-04 0.25767E-04 0.22332E-03
 0.75625E+00 0.23357E-04 0.37031E-04 0.22877E-03
 0.76250E+00 0.17419E-04 0.26066E-04 0.22542E-03
 0.76875E+00 0.23184E-04 0.36686E-04 0.22685E-03
 0.77500E+00 0.17653E-04 0.26346E-04 0.22733E-03
 0.78125E+00 0.23006E-04 0.36338E-04 0.22497E-03
 0.78750E+00 0.17891E-04 0.26641E-04 0.22937E-03
 0.79375E+00 0.22824E-04 0.35988E-04 0.22313E-03
 0.80000E+00 0.18125E-04 0.26932E-04 0.23137E-03
 0.80625E+00 0.22691E-04 0.35734E-04 0.22195E-03
 0.81250E+00 0.18354E-04 0.27218E-04 0.23333E-03
 0.81875E+00 0.22506E-04 0.35381E-04 0.22015E-03
 0.82500E+00 0.18574E-04 0.27500E-04 0.23525E-03
 0.83125E+00 0.22322E-04 0.35027E-04 0.21835E-03
 0.83750E+00 0.18779E-04 0.27756E-04 0.23699E-03
 0.84375E+00 0.22141E-04 0.34674E-04 0.21653E-03
 0.85000E+00 0.18984E-04 0.28027E-04 0.23885E-03
 0.85625E+00 0.21963E-04 0.34321E-04 0.21468E-03
 0.86250E+00 0.19183E-04 0.28291E-04 0.24068E-03
 0.86875E+00 0.21842E-04 0.34071E-04 0.21346E-03
 0.87500E+00 0.19376E-04 0.28550E-04 0.24246E-03
 0.88125E+00 0.21675E-04 0.33719E-04 0.21150E-03
 0.88750E+00 0.19566E-04 0.28805E-04 0.24420E-03
 0.89375E+00 0.21513E-04 0.33367E-04 0.20947E-03
 0.90000E+00 0.19743E-04 0.29033E-04 0.24572E-03
 0.90625E+00 0.21351E-04 0.33014E-04 0.20736E-03
 0.91250E+00 0.19928E-04 0.29280E-04 0.24738E-03
 0.91875E+00 0.21188E-04 0.32661E-04 0.20515E-03
 0.92500E+00 0.20111E-04 0.29523E-04 0.24897E-03
 0.93125E+00 0.21075E-04 0.32413E-04 0.20356E-03
 0.93750E+00 0.20293E-04 0.29764E-04 0.25052E-03
 0.94375E+00 0.20908E-04 0.32059E-04 0.20117E-03
 0.95000E+00 0.20472E-04 0.30001E-04 0.25201E-03
 0.95625E+00 0.20740E-04 0.31706E-04 0.19869E-03
 0.96250E+00 0.20636E-04 0.30208E-04 0.25327E-03
 0.96875E+00 0.20572E-04 0.31353E-04 0.19612E-03
 0.97500E+00 0.20809E-04 0.30436E-04 0.25465E-03
 0.98125E+00 0.20408E-04 0.31003E-04 0.19347E-03
 0.98750E+00 0.20975E-04 0.30658E-04 0.25598E-03
 0.99375E+00 0.20303E-04 0.30765E-04 0.19150E-03
 0.10000E+01 0.21134E-04 0.30874E-04 0.25726E-03
 0.10063E+01 0.20151E-04 0.30422E-04 0.18873E-03
