 0.62500E-02 0.58272E-07 0.78203E-07 0.57538E-06
 0.93750E-02 0.67463E-05 0.12230E-04 0.72858E-04
 0.12500E-01 0.11365E-06 0.15386E-06 0.11564E-05
 0.15625E-01 0.67427E-05 0.12229E-04 0.72863E-04
 0.18750E-01 0.16946E-06 0.22975E-06 0.17377E-05
 0.21875E-01 0.67373E-05 0.12227E-04 0.72869E-04
 0.25000E-01 0.22503E-06 0.30536E-06 0.23194E-05
 0.28125E-01 0.67303E-05 0.12224E-04 0.72878E-04
 0.31250E-01 0.28013E-06 0.38047E-06 0.29015E-05
 0.34375E-01 0.67216E-05 0.12221E-04 0.72889E-04
 0.37500E-01 0.33459E-06 0.45494E-06 0.34838E-05
 0.40625E-01 0.67115E-05 0.12218E-04 0.72902E-04
 0.43750E-01 0.38830E-06 0.52867E-06 0.40671E-05
 0.46875E-01 0.66999E-05 0.12213E-04 0.72915E-04
 0.50000E-01 0.44114E-06 0.60158E-06 0.46503E-05
 0.53125E-01 0.66873E-05 0.12208E-04 0.72931E-04
 0.56250E-01 0.49304E-06 0.67360E-06 0.52340E-05
 0.59375E-01 0.66736E-05 0.12203E-04 0.72945E-04
 0.62500E-01 0.54389E-06 0.74470E-06 0.58189E-05
 0.65625E-01 0.66598E-05 0.12198E-04 0.72966E-04
 0.68750E-01 0.59366E-06 0.81485E-06 0.64035E-05
 0.71875E-01 0.66452E-05 0.12190E-04 0.72976E-04
 0.75000E-01 0.64227E-06 0.88407E-06 0.69886E-05
 0.78125E-01 0.66318E-05 0.12184E-04 0.72992E-04
 0.81250E-01 0.68971E-06 0.95239E-06 0.75741E-05
 0.84375E-01 0.66192E-05 0.12177E-04 0.73008E-04
 0.87500E-01 0.73593E-06 0.10199E-05 0.81622E-05
 0.90625E-01 0.66075E-05 0.12169E-04 0.73023E-04
 0.93750E-01 0.78098E-06 0.10865E-05 0.87483E-05
 0.96875E-01 0.65969E-05 0.12161E-04 0.73035E-04
 0.10000E+00 0.82485E-06 0.11525E-05 0.93347E-05
 0.10312E+00 0.65863E-05 0.12151E-04 0.73034E-04
 0.10625E+00 0.86756E-06 0.12178E-05 0.99213E-05
 0.10938E+00 0.65777E-05 0.12142E-04 0.73042E-04
 0.11250E+00 0.90918E-06 0.12826E-05 0.10508E-04
 0.11563E+00 0.65701E-05 0.12133E-04 0.73045E-04
 0.11875E+00 0.94971E-06 0.13471E-05 0.11098E-04
 0.12188E+00 0.65633E-05 0.12123E-04 0.73045E-04
 0.12500E+00 0.98931E-06 0.14112E-05 0.11684E-04
 0.12812E+00 0.65562E-05 0.12111E-04 0.73027E-04
 0.13125E+00 0.10284E-05 0.14751E-05 0.12267E-04
 0.13438E+00 0.65522E-05 0.12102E-04 0.73031E-04
 0.13750E+00 0.10668E-05 0.15390E-05 0.12856E-04
 0.14062E+00 0.65462E-05 0.12089E-04 0.73002E-04
 0.14375E+00 0.11045E-05 0.16028E-05 0.13444E-04
 0.14688E+00 0.65435E-05 0.12080E-04 0.72997E-04
 0.15000E+00 0.11416E-05 0.16666E-05 0.14025E-04
 0.15313E+00 0.65382E-05 0.12065E-04 0.72954E-04
 0.15625E+00 0.11781E-05 0.17307E-05 0.14612E-04
 0.15937E+00 0.65332E-05 0.12049E-04 0.72905E-04
 0.16250E+00 0.12142E-05 0.17948E-05 0.15190E-04
 0.16563E+00 0.65316E-05 0.12039E-04 0.72884E-04
 0.16875E+00 0.12504E-05 0.18593E-05 0.15775E-04
 0.17188E+00 0.65270E-05 0.12023E-04 0.72820E-04
 0.17500E+00 0.12869E-05 0.19239E-05 0.16358E-04
 0.17813E+00 0.65259E-05 0.12012E-04 0.72786E-04
 0.18125E+00 0.13239E-05 0.19886E-05 0.16931E-04
 0.18438E+00 0.65214E-05 0.11994E-04 0.72707E-04
 0.18750E+00 0.13611E-05 0.20535E-05 0.17511E-04
 0.19062E+00 0.65170E-05 0.11975E-04 0.72620E-04
 0.19375E+00 0.13992E-05 0.21184E-05 0.18080E-04
 0.19688E+00 0.65164E-05 0.11963E-04 0.72568E-04
 0.20000E+00 0.14383E-05 0.21835E-05 0.18656E-04
 0.20312E+00 0.65119E-05 0.11943E-04 0.72466E-04
 0.20625E+00 0.14783E-05 0.22486E-05 0.19230E-04
 0.20938E+00 0.65116E-05 0.11930E-04 0.72402E-04
 0.21250E+00 0.15191E-05 0.23133E-05 0.19790E-04
 0.21563E+00 0.65072E-05 0.11909E-04 0.72286E-04
 0.21875E+00 0.15601E-05 0.23781E-05 0.20359E-04
 0.22187E+00 0.65028E-05 0.11887E-04 0.72162E-04
 0.22500E+00 0.16012E-05 0.24423E-05 0.20913E-04
 0.22813E+00 0.65030E-05 0.11873E-04 0.72081E-04
 0.23125E+00 0.16424E-05 0.25064E-05 0.21477E-04
 0.23438E+00 0.64989E-05 0.11850E-04 0.71944E-04
 0.23750E+00 0.16835E-05 0.25701E-05 0.22036E-04
 0.24063E+00 0.64997E-05 0.11836E-04 0.71853E-04
 0.24375E+00 0.17242E-05 0.26329E-05 0.22580E-04
 0.24688E+00 0.64961E-05 0.11812E-04 0.71704E-04
 0.25000E+00 0.17645E-05 0.26955E-05 0.23134E-04
 0.25313E+00 0.64976E-05 0.11797E-04 0.71605E-04
 0.25625E+00 0.18043E-05 0.27575E-05 0.23683E-04
 0.25938E+00 0.64945E-05 0.11772E-04 0.71446E-04
 0.26250E+00 0.18434E-05 0.28179E-05 0.24202E-04
 0.26562E+00 0.64921E-05 0.11747E-04 0.71283E-04
 0.26875E+00 0.18819E-05 0.28785E-05 0.24745E-04
 0.27187E+00 0.64904E-05 0.11722E-04 0.71116E-04
 0.27500E+00 0.19196E-05 0.29384E-05 0.25284E-04
 0.27813E+00 0.65000E-05 0.11716E-04 0.71066E-04
 0.28125E+00 0.19568E-05 0.29976E-05 0.25820E-04
 0.28438E+00 0.64993E-05 0.11690E-04 0.70893E-04
 0.28750E+00 0.19932E-05 0.30561E-05 0.26351E-04
 0.29063E+00 0.64990E-05 0.11663E-04 0.70718E-04
 0.29375E+00 0.20290E-05 0.31128E-05 0.26848E-04
 0.29688E+00 0.64990E-05 0.11636E-04 0.70541E-04
 0.30000E+00 0.20643E-05 0.31701E-05 0.27373E-04
 0.30312E+00 0.64991E-05 0.11609E-04 0.70362E-04
 0.30625E+00 0.20991E-05 0.32267E-05 0.27894E-04
 0.30938E+00 0.65112E-05 0.11603E-04 0.70316E-04
 0.31250E+00 0.21335E-05 0.32828E-05 0.28410E-04
 0.31563E+00 0.65111E-05 0.11575E-04 0.70136E-04
 0.31875E+00 0.21677E-05 0.33384E-05 0.28923E-04
 0.32188E+00 0.65106E-05 0.11547E-04 0.69957E-04
 0.32500E+00 0.22018E-05 0.33922E-05 0.29399E-04
 0.32812E+00 0.65095E-05 0.11518E-04 0.69778E-04
 0.33125E+00 0.22361E-05 0.34471E-05 0.29905E-04
 0.33437E+00 0.65078E-05 0.11489E-04 0.69600E-04
 0.33750E+00 0.22708E-05 0.35017E-05 0.30408E-04
 0.34063E+00 0.65185E-05 0.11483E-04 0.69569E-04
 0.34375E+00 0.23059E-05 0.35560E-05 0.30907E-04
 0.34688E+00 0.65152E-05 0.11453E-04 0.69394E-04
 0.35000E+00 0.23412E-05 0.36100E-05 0.31403E-04
 0.35313E+00 0.65110E-05 0.11422E-04 0.69221E-04
 0.35625E+00 0.23767E-05 0.36622E-05 0.31858E-04
 0.35938E+00 0.65058E-05 0.11391E-04 0.69049E-04
 0.36250E+00 0.24128E-05 0.37160E-05 0.32348E-04
 0.36562E+00 0.64996E-05 0.11360E-04 0.68880E-04
 0.36875E+00 0.24492E-05 0.37696E-05 0.32835E-04
 0.37188E+00 0.65067E-05 0.11354E-04 0.68871E-04
 0.37500E+00 0.24858E-05 0.38230E-05 0.33319E-04
 0.37813E+00 0.64985E-05 0.11322E-04 0.68707E-04
 0.38125E+00 0.25227E-05 0.38762E-05 0.33799E-04
 0.38438E+00 0.64895E-05 0.11289E-04 0.68544E-04
 0.38750E+00 0.25597E-05 0.39273E-05 0.34237E-04
 0.39062E+00 0.64796E-05 0.11256E-04 0.68383E-04
 0.39375E+00 0.25972E-05 0.39802E-05 0.34713E-04
 0.39687E+00 0.64690E-05 0.11222E-04 0.68225E-04
 0.40000E+00 0.26346E-05 0.40329E-05 0.35186E-04
 0.40313E+00 0.64732E-05 0.11217E-04 0.68240E-04
 0.40625E+00 0.26716E-05 0.40853E-05 0.35656E-04
 0.40938E+00 0.64614E-05 0.11182E-04 0.68085E-04
 0.41250E+00 0.27080E-05 0.41374E-05 0.36124E-04
 0.41563E+00 0.64493E-05 0.11147E-04 0.67932E-04
 0.41875E+00 0.27434E-05 0.41867E-05 0.36545E-04
 0.42188E+00 0.64368E-05 0.11112E-04 0.67779E-04
 0.42500E+00 0.27783E-05 0.42381E-05 0.37009E-04
 0.42812E+00 0.64241E-05 0.11076E-04 0.67628E-04
 0.43125E+00 0.28123E-05 0.42890E-05 0.37470E-04
 0.43438E+00 0.64275E-05 0.11071E-04 0.67661E-04
 0.43750E+00 0.28454E-05 0.43395E-05 0.37928E-04
 0.44063E+00 0.64146E-05 0.11035E-04 0.67510E-04
 0.44375E+00 0.28774E-05 0.43894E-05 0.38384E-04
 0.44688E+00 0.64017E-05 0.10998E-04 0.67358E-04
 0.45000E+00 0.29080E-05 0.44361E-05 0.38791E-04
 0.45312E+00 0.63890E-05 0.10962E-04 0.67205E-04
 0.45625E+00 0.29380E-05 0.44851E-05 0.39243E-04
 0.45937E+00 0.63765E-05 0.10925E-04 0.67051E-04
 0.46250E+00 0.29668E-05 0.45335E-05 0.39692E-04
 0.46563E+00 0.63816E-05 0.10920E-04 0.67092E-04
 0.46875E+00 0.29945E-05 0.45814E-05 0.40138E-04
 0.47188E+00 0.63697E-05 0.10883E-04 0.66934E-04
 0.47500E+00 0.30213E-05 0.46287E-05 0.40582E-04
 0.47813E+00 0.63580E-05 0.10845E-04 0.66773E-04
 0.48125E+00 0.30466E-05 0.46724E-05 0.40973E-04
 0.48438E+00 0.63465E-05 0.10807E-04 0.66608E-04
 0.48750E+00 0.30716E-05 0.47189E-05 0.41412E-04
 0.49062E+00 0.63351E-05 0.10769E-04 0.66439E-04
 0.49375E+00 0.30961E-05 0.47650E-05 0.41849E-04
 0.49688E+00 0.63421E-05 0.10765E-04 0.66476E-04
 0.50000E+00 0.31201E-05 0.48106E-05 0.42282E-04
 0.50313E+00 0.63308E-05 0.10727E-04 0.66299E-04
 0.50625E+00 0.31431E-05 0.48525E-05 0.42660E-04
 0.50938E+00 0.63381E-05 0.10723E-04 0.66330E-04
 0.51250E+00 0.31676E-05 0.49012E-05 0.43140E-04
 0.51562E+00 0.63081E-05 0.10648E-04 0.65925E-04
 0.51875E+00 0.31908E-05 0.49422E-05 0.43510E-04
 0.52188E+00 0.63157E-05 0.10645E-04 0.65950E-04
 0.52500E+00 0.32145E-05 0.49832E-05 0.43877E-04
 0.52812E+00 0.62851E-05 0.10568E-04 0.65528E-04
 0.53125E+00 0.32403E-05 0.50315E-05 0.44349E-04
 0.53438E+00 0.62927E-05 0.10565E-04 0.65545E-04
 0.53750E+00 0.32650E-05 0.50719E-05 0.44708E-04
 0.54063E+00 0.63001E-05 0.10562E-04 0.65559E-04
 0.54375E+00 0.32923E-05 0.51203E-05 0.45173E-04
 0.54688E+00 0.62682E-05 0.10483E-04 0.65109E-04
 0.55000E+00 0.33185E-05 0.51601E-05 0.45522E-04
 0.55313E+00 0.62753E-05 0.10480E-04 0.65113E-04
 0.55625E+00 0.33460E-05 0.52000E-05 0.45868E-04
 0.55937E+00 0.62423E-05 0.10400E-04 0.64645E-04
 0.56250E+00 0.33762E-05 0.52485E-05 0.46324E-04
 0.56563E+00 0.62490E-05 0.10396E-04 0.64640E-04
 0.56875E+00 0.34049E-05 0.52880E-05 0.46660E-04
 0.57188E+00 0.62554E-05 0.10393E-04 0.64630E-04
 0.57500E+00 0.34365E-05 0.53366E-05 0.47108E-04
 0.57812E+00 0.62207E-05 0.10310E-04 0.64135E-04
 0.58125E+00 0.34663E-05 0.53755E-05 0.47433E-04
 0.58438E+00 0.62267E-05 0.10307E-04 0.64116E-04
 0.58750E+00 0.34968E-05 0.54146E-05 0.47755E-04
 0.59062E+00 0.61910E-05 0.10223E-04 0.63602E-04
 0.59375E+00 0.35298E-05 0.54631E-05 0.48192E-04
 0.59688E+00 0.61966E-05 0.10220E-04 0.63575E-04
 0.60000E+00 0.35607E-05 0.55015E-05 0.48502E-04
 0.60313E+00 0.62020E-05 0.10216E-04 0.63545E-04
 0.60625E+00 0.35943E-05 0.55500E-05 0.48931E-04
 0.60938E+00 0.61647E-05 0.10131E-04 0.63006E-04
 0.61250E+00 0.36252E-05 0.55875E-05 0.49230E-04
 0.61563E+00 0.61699E-05 0.10128E-04 0.62970E-04
 0.61875E+00 0.36563E-05 0.56251E-05 0.49525E-04
 0.62187E+00 0.61317E-05 0.10041E-04 0.62417E-04
 0.62500E+00 0.36899E-05 0.56731E-05 0.49942E-04
 0.62813E+00 0.61367E-05 0.10038E-04 0.62375E-04
 0.63125E+00 0.37205E-05 0.57096E-05 0.50227E-04
 0.63438E+00 0.61418E-05 0.10035E-04 0.62332E-04
 0.63750E+00 0.37539E-05 0.57573E-05 0.50634E-04
 0.64062E+00 0.61026E-05 0.99464E-05 0.61761E-04
 0.64375E+00 0.37838E-05 0.57928E-05 0.50908E-04
 0.64688E+00 0.61081E-05 0.99435E-05 0.61716E-04
 0.65000E+00 0.38137E-05 0.58282E-05 0.51177E-04
 0.65312E+00 0.60688E-05 0.98543E-05 0.61135E-04
 0.65625E+00 0.38464E-05 0.58753E-05 0.51574E-04
 0.65938E+00 0.60746E-05 0.98518E-05 0.61090E-04
 0.66250E+00 0.38755E-05 0.59096E-05 0.51833E-04
 0.66563E+00 0.60802E-05 0.98494E-05 0.61046E-04
 0.66875E+00 0.39084E-05 0.59563E-05 0.52221E-04
 0.67188E+00 0.60398E-05 0.97587E-05 0.60455E-04
 0.67500E+00 0.39366E-05 0.59897E-05 0.52470E-04
 0.67813E+00 0.60452E-05 0.97565E-05 0.60414E-04
 0.68125E+00 0.39650E-05 0.60230E-05 0.52716E-04
 0.68437E+00 0.60037E-05 0.96648E-05 0.59818E-04
 0.68750E+00 0.39975E-05 0.60692E-05 0.53094E-04
 0.69063E+00 0.60084E-05 0.96628E-05 0.59782E-04
 0.69375E+00 0.40253E-05 0.61017E-05 0.53330E-04
 0.69688E+00 0.60127E-05 0.96609E-05 0.59750E-04
 0.70000E+00 0.40579E-05 0.61479E-05 0.53701E-04
 0.70312E+00 0.59691E-05 0.95676E-05 0.59150E-04
 0.70625E+00 0.40853E-05 0.61797E-05 0.53928E-04
 0.70938E+00 0.59727E-05 0.95658E-05 0.59126E-04
 0.71250E+00 0.41129E-05 0.62115E-05 0.54153E-04
 0.71562E+00 0.59279E-05 0.94715E-05 0.58525E-04
 0.71875E+00 0.41455E-05 0.62577E-05 0.54517E-04
 0.72188E+00 0.59307E-05 0.94696E-05 0.58509E-04
 0.72500E+00 0.41728E-05 0.62890E-05 0.54733E-04
 0.72813E+00 0.59329E-05 0.94677E-05 0.58498E-04
 0.73125E+00 0.42058E-05 0.63355E-05 0.55091E-04
 0.73438E+00 0.58858E-05 0.93717E-05 0.57900E-04
 0.73750E+00 0.42330E-05 0.63662E-05 0.55299E-04
 0.74063E+00 0.58871E-05 0.93697E-05 0.57898E-04
 0.74375E+00 0.42605E-05 0.63971E-05 0.55507E-04
 0.74687E+00 0.58386E-05 0.92726E-05 0.57301E-04
 0.75000E+00 0.42939E-05 0.64438E-05 0.55859E-04
 0.75313E+00 0.58390E-05 0.92705E-05 0.57310E-04
 0.75625E+00 0.43214E-05 0.64742E-05 0.56059E-04
 0.75938E+00 0.58390E-05 0.92684E-05 0.57323E-04
 0.76250E+00 0.43551E-05 0.65212E-05 0.56407E-04
 0.76562E+00 0.57886E-05 0.91696E-05 0.56730E-04
 0.76875E+00 0.43822E-05 0.65510E-05 0.56601E-04
 0.77188E+00 0.57880E-05 0.91674E-05 0.56753E-04
 0.77500E+00 0.44095E-05 0.65810E-05 0.56794E-04
 0.77812E+00 0.57368E-05 0.90677E-05 0.56160E-04
 0.78125E+00 0.44433E-05 0.66280E-05 0.57137E-04
 0.78438E+00 0.57357E-05 0.90655E-05 0.56192E-04
 0.78750E+00 0.44701E-05 0.66572E-05 0.57324E-04
 0.79063E+00 0.57345E-05 0.90635E-05 0.56228E-04
 0.79375E+00 0.45038E-05 0.67042E-05 0.57664E-04
 0.79688E+00 0.56823E-05 0.89624E-05 0.55635E-04
 0.80000E+00 0.45297E-05 0.67325E-05 0.57845E-04
 0.80313E+00 0.56810E-05 0.89605E-05 0.55678E-04
 0.80625E+00 0.45554E-05 0.67608E-05 0.58026E-04
 0.80937E+00 0.56286E-05 0.88587E-05 0.55084E-04
 0.81250E+00 0.45882E-05 0.68074E-05 0.58362E-04
 0.81563E+00 0.56274E-05 0.88571E-05 0.55132E-04
 0.81875E+00 0.46127E-05 0.68347E-05 0.58537E-04
 0.82188E+00 0.56262E-05 0.88556E-05 0.55183E-04
 0.82500E+00 0.46448E-05 0.68810E-05 0.58870E-04
 0.82812E+00 0.55736E-05 0.87530E-05 0.54583E-04
 0.83125E+00 0.46680E-05 0.69071E-05 0.59039E-04
 0.83438E+00 0.55726E-05 0.87518E-05 0.54635E-04
 0.83750E+00 0.46908E-05 0.69332E-05 0.59208E-04
 0.84062E+00 0.55203E-05 0.86489E-05 0.54029E-04
 0.84375E+00 0.47216E-05 0.69788E-05 0.59537E-04
 0.84688E+00 0.55199E-05 0.86482E-05 0.54082E-04
 0.85000E+00 0.47431E-05 0.70036E-05 0.59700E-04
 0.85313E+00 0.55199E-05 0.86476E-05 0.54135E-04
 0.85625E+00 0.47733E-05 0.70490E-05 0.60024E-04
 0.85938E+00 0.54681E-05 0.85440E-05 0.53516E-04
 0.86250E+00 0.47938E-05 0.70726E-05 0.60181E-04
 0.86563E+00 0.54687E-05 0.85438E-05 0.53566E-04
 0.86875E+00 0.48140E-05 0.70963E-05 0.60337E-04
 0.87187E+00 0.54175E-05 0.84400E-05 0.52937E-04
 0.87500E+00 0.48435E-05 0.71410E-05 0.60657E-04
 0.87813E+00 0.54190E-05 0.84402E-05 0.52982E-04
 0.88125E+00 0.48630E-05 0.71635E-05 0.60806E-04
 0.88438E+00 0.54209E-05 0.84405E-05 0.53025E-04
 0.88750E+00 0.48924E-05 0.72082E-05 0.61120E-04
 0.89062E+00 0.53705E-05 0.83360E-05 0.52376E-04
 0.89375E+00 0.49111E-05 0.72297E-05 0.61262E-04
 0.89688E+00 0.53728E-05 0.83366E-05 0.52412E-04
 0.90000E+00 0.49299E-05 0.72513E-05 0.61403E-04
 0.90312E+00 0.53224E-05 0.82318E-05 0.51749E-04
 0.90625E+00 0.49590E-05 0.72957E-05 0.61711E-04
 0.90938E+00 0.53247E-05 0.82326E-05 0.51776E-04
 0.91250E+00 0.49772E-05 0.73163E-05 0.61844E-04
 0.91563E+00 0.53268E-05 0.82333E-05 0.51800E-04
 0.91875E+00 0.50065E-05 0.73608E-05 0.62146E-04
 0.92188E+00 0.52760E-05 0.81279E-05 0.51114E-04
 0.92500E+00 0.50243E-05 0.73806E-05 0.62271E-04
 0.92813E+00 0.52779E-05 0.81289E-05 0.51128E-04
 0.93125E+00 0.50421E-05 0.74005E-05 0.62394E-04
 0.93437E+00 0.52267E-05 0.80232E-05 0.50426E-04
 0.93750E+00 0.50714E-05 0.74447E-05 0.62689E-04
 0.94063E+00 0.52285E-05 0.80243E-05 0.50431E-04
 0.94375E+00 0.50887E-05 0.74637E-05 0.62803E-04
 0.94688E+00 0.52302E-05 0.80255E-05 0.50431E-04
 0.95000E+00 0.51180E-05 0.75080E-05 0.63091E-04
 0.95312E+00 0.51785E-05 0.79193E-05 0.49706E-04
 0.95625E+00 0.51347E-05 0.75260E-05 0.63196E-04
 0.95938E+00 0.51802E-05 0.79208E-05 0.49698E-04
 0.96250E+00 0.51514E-05 0.75441E-05 0.63301E-04
 0.96562E+00 0.51285E-05 0.78147E-05 0.48957E-04
 0.96875E+00 0.51804E-05 0.75880E-05 0.63580E-04
 0.97188E+00 0.51305E-05 0.78165E-05 0.48941E-04
 0.97500E+00 0.51962E-05 0.76049E-05 0.63675E-04
 0.97813E+00 0.51328E-05 0.78185E-05 0.48921E-04
 0.98125E+00 0.52250E-05 0.76487E-05 0.63947E-04
 0.98438E+00 0.50814E-05 0.77124E-05 0.48161E-04
 0.98750E+00 0.52397E-05 0.76644E-05 0.64033E-04
 0.99063E+00 0.50844E-05 0.77150E-05 0.48135E-04
 0.99375E+00 0.52542E-05 0.76800E-05 0.64118E-04
 0.99687E+00 0.50337E-05 0.76094E-05 0.47363E-04
 0.10000E+01 0.52817E-05 0.77229E-05 0.64381E-04
 0.10031E+01 0.50921E-05 0.77214E-05 0.48081E-04
