 0.31250E-02 0.25378E-07 0.38749E-07 0.15551E-06
 0.46875E-02 0.32335E-05 0.47111E-05 0.27931E-04
 0.62500E-02 0.87710E-07 0.14722E-06 0.62195E-06
 0.78125E-02 0.32232E-05 0.47107E-05 0.27882E-04
 0.93750E-02 0.18819E-06 0.32792E-06 0.13993E-05
 0.10937E-01 0.32103E-05 0.47195E-05 0.27815E-04
 0.12500E-01 0.32716E-06 0.58089E-06 0.24876E-05
 0.14063E-01 0.32074E-05 0.47473E-05 0.27730E-04
 0.15625E-01 0.50480E-06 0.90618E-06 0.38867E-05
 0.17188E-01 0.32220E-05 0.48067E-05 0.27625E-04
 0.18750E-01 0.72123E-06 0.13038E-05 0.55968E-05
 0.20313E-01 0.32672E-05 0.49126E-05 0.27503E-04
 0.21875E-01 0.97660E-06 0.17738E-05 0.76178E-05
 0.23438E-01 0.33491E-05 0.50807E-05 0.27362E-04
 0.25000E-01 0.12710E-05 0.23161E-05 0.99496E-05
 0.26563E-01 0.34889E-05 0.53258E-05 0.27202E-04
 0.28125E-01 0.16046E-05 0.29309E-05 0.12592E-04
 0.29687E-01 0.36786E-05 0.56599E-05 0.27024E-04
 0.31250E-01 0.19774E-05 0.36182E-05 0.15546E-04
 0.32813E-01 0.39211E-05 0.60921E-05 0.27393E-04
 0.34375E-01 0.23896E-05 0.43780E-05 0.18810E-04
 0.35937E-01 0.42216E-05 0.66263E-05 0.28749E-04
 0.37500E-01 0.28414E-05 0.52104E-05 0.22385E-04
 0.39062E-01 0.45730E-05 0.72645E-05 0.31304E-04
 0.40625E-01 0.33327E-05 0.61154E-05 0.26271E-04
 0.42188E-01 0.49751E-05 0.80052E-05 0.34093E-04
 0.43750E-01 0.38640E-05 0.70932E-05 0.30467E-04
 0.45313E-01 0.54252E-05 0.88460E-05 0.37917E-04
 0.46875E-01 0.44351E-05 0.81436E-05 0.34975E-04
 0.48438E-01 0.59255E-05 0.97837E-05 0.42014E-04
 0.50000E-01 0.50466E-05 0.92670E-05 0.39792E-04
 0.51562E-01 0.64707E-05 0.10815E-04 0.46383E-04
 0.53125E-01 0.56987E-05 0.10463E-04 0.44921E-04
 0.54688E-01 0.70646E-05 0.11937E-04 0.51066E-04
 0.56250E-01 0.63919E-05 0.11732E-04 0.50360E-04
 0.57813E-01 0.77048E-05 0.13147E-04 0.56534E-04
 0.59375E-01 0.71263E-05 0.13075E-04 0.56109E-04
 0.60938E-01 0.83882E-05 0.14443E-04 0.62305E-04
 0.62500E-01 0.79018E-05 0.14490E-04 0.62169E-04
 0.64062E-01 0.91148E-05 0.15823E-04 0.68378E-04
 0.65625E-01 0.87185E-05 0.15979E-04 0.68539E-04
 0.67188E-01 0.98881E-05 0.17286E-04 0.74757E-04
 0.68750E-01 0.95768E-05 0.17541E-04 0.75220E-04
 0.70312E-01 0.10708E-04 0.18829E-04 0.81438E-04
 0.71875E-01 0.10477E-04 0.19177E-04 0.82210E-04
 0.73438E-01 0.11573E-04 0.20453E-04 0.88424E-04
 0.75000E-01 0.11418E-04 0.20887E-04 0.89512E-04
 0.76563E-01 0.12481E-04 0.22156E-04 0.95711E-04
 0.78125E-01 0.12402E-04 0.22670E-04 0.97123E-04
 0.79687E-01 0.13433E-04 0.23937E-04 0.10330E-03
 0.81250E-01 0.13427E-04 0.24527E-04 0.10504E-03
 0.82813E-01 0.14431E-04 0.25797E-04 0.11120E-03
 0.84375E-01 0.14495E-04 0.26457E-04 0.11327E-03
 0.85938E-01 0.15473E-04 0.27734E-04 0.11939E-03
 0.87500E-01 0.15605E-04 0.28463E-04 0.12182E-03
 0.89063E-01 0.16561E-04 0.29748E-04 0.12790E-03
 0.90625E-01 0.16758E-04 0.30542E-04 0.13067E-03
 0.92188E-01 0.17694E-04 0.31839E-04 0.13670E-03
 0.93750E-01 0.17954E-04 0.32695E-04 0.13983E-03
 0.95312E-01 0.18871E-04 0.34007E-04 0.14580E-03
 0.96875E-01 0.19193E-04 0.34924E-04 0.14930E-03
 0.98438E-01 0.20096E-04 0.36252E-04 0.15521E-03
 0.10000E+00 0.20476E-04 0.37227E-04 0.15908E-03
 0.10156E+00 0.21365E-04 0.38573E-04 0.16492E-03
 0.10312E+00 0.21802E-04 0.39604E-04 0.16917E-03
 0.10469E+00 0.22680E-04 0.40971E-04 0.17500E-03
 0.10625E+00 0.23172E-04 0.42057E-04 0.17957E-03
 0.10781E+00 0.24042E-04 0.43445E-04 0.18556E-03
 0.10938E+00 0.24585E-04 0.44585E-04 0.19027E-03
 0.11094E+00 0.25449E-04 0.45996E-04 0.19642E-03
 0.11250E+00 0.26042E-04 0.47188E-04 0.20129E-03
 0.11406E+00 0.26903E-04 0.48624E-04 0.20759E-03
 0.11563E+00 0.27544E-04 0.49867E-04 0.21262E-03
 0.11719E+00 0.28402E-04 0.51327E-04 0.21907E-03
 0.11875E+00 0.29091E-04 0.52621E-04 0.22425E-03
 0.12031E+00 0.29947E-04 0.54108E-04 0.23086E-03
 0.12188E+00 0.30682E-04 0.55452E-04 0.23620E-03
 0.12344E+00 0.31538E-04 0.56965E-04 0.24296E-03
 0.12500E+00 0.32319E-04 0.58358E-04 0.24845E-03
 0.12656E+00 0.33176E-04 0.59900E-04 0.25537E-03
 0.12812E+00 0.34000E-04 0.61340E-04 0.26101E-03
 0.12969E+00 0.34861E-04 0.62911E-04 0.26808E-03
 0.13125E+00 0.35726E-04 0.64399E-04 0.27388E-03
 0.13281E+00 0.36593E-04 0.65999E-04 0.28110E-03
 0.13438E+00 0.37499E-04 0.67535E-04 0.28706E-03
 0.13594E+00 0.38372E-04 0.69165E-04 0.29444E-03
 0.13750E+00 0.39318E-04 0.70747E-04 0.30054E-03
 0.13906E+00 0.40199E-04 0.72408E-04 0.30808E-03
 0.14062E+00 0.41182E-04 0.74037E-04 0.31434E-03
 0.14219E+00 0.42072E-04 0.75729E-04 0.32202E-03
 0.14375E+00 0.43093E-04 0.77404E-04 0.32844E-03
 0.14531E+00 0.43993E-04 0.79127E-04 0.33628E-03
 0.14688E+00 0.45050E-04 0.80848E-04 0.34285E-03
 0.14844E+00 0.45962E-04 0.82603E-04 0.35084E-03
 0.15000E+00 0.47053E-04 0.84369E-04 0.35757E-03
 0.15156E+00 0.47978E-04 0.86157E-04 0.36572E-03
 0.15313E+00 0.49104E-04 0.87969E-04 0.37260E-03
 0.15469E+00 0.50042E-04 0.89790E-04 0.38090E-03
 0.15625E+00 0.51202E-04 0.91647E-04 0.38793E-03
 0.15781E+00 0.52153E-04 0.93501E-04 0.39638E-03
 0.15937E+00 0.53347E-04 0.95403E-04 0.40357E-03
 0.16094E+00 0.54313E-04 0.97291E-04 0.41218E-03
 0.16250E+00 0.55539E-04 0.99238E-04 0.41952E-03
 0.16406E+00 0.56521E-04 0.10116E-03 0.42828E-03
 0.16563E+00 0.57780E-04 0.10315E-03 0.43577E-03
 0.16719E+00 0.58779E-04 0.10511E-03 0.44468E-03
 0.16875E+00 0.60069E-04 0.10714E-03 0.45233E-03
 0.17031E+00 0.61085E-04 0.10914E-03 0.46140E-03
 0.17188E+00 0.62406E-04 0.11122E-03 0.46920E-03
 0.17344E+00 0.63440E-04 0.11324E-03 0.47842E-03
 0.17500E+00 0.64793E-04 0.11537E-03 0.48638E-03
 0.17656E+00 0.65844E-04 0.11743E-03 0.49575E-03
 0.17813E+00 0.67227E-04 0.11960E-03 0.50386E-03
 0.17969E+00 0.68297E-04 0.12170E-03 0.51338E-03
 0.18125E+00 0.69711E-04 0.12391E-03 0.52164E-03
 0.18281E+00 0.70801E-04 0.12604E-03 0.53132E-03
 0.18438E+00 0.72244E-04 0.12830E-03 0.53974E-03
 0.18594E+00 0.73354E-04 0.13047E-03 0.54957E-03
 0.18750E+00 0.74826E-04 0.13277E-03 0.55814E-03
 0.18906E+00 0.75957E-04 0.13498E-03 0.56812E-03
 0.19062E+00 0.77457E-04 0.13732E-03 0.57684E-03
 0.19219E+00 0.78611E-04 0.13957E-03 0.58698E-03
 0.19375E+00 0.80138E-04 0.14196E-03 0.59585E-03
 0.19531E+00 0.81315E-04 0.14424E-03 0.60614E-03
 0.19688E+00 0.82870E-04 0.14667E-03 0.61517E-03
 0.19844E+00 0.84070E-04 0.14899E-03 0.62561E-03
 0.20000E+00 0.85653E-04 0.15147E-03 0.63479E-03
 0.20156E+00 0.86876E-04 0.15382E-03 0.64538E-03
 0.20312E+00 0.88486E-04 0.15635E-03 0.65471E-03
 0.20469E+00 0.89733E-04 0.15874E-03 0.66546E-03
 0.20625E+00 0.91370E-04 0.16131E-03 0.67494E-03
 0.20781E+00 0.92641E-04 0.16374E-03 0.68584E-03
 0.20938E+00 0.94303E-04 0.16635E-03 0.69548E-03
 0.21094E+00 0.95600E-04 0.16882E-03 0.70652E-03
 0.21250E+00 0.97289E-04 0.17148E-03 0.71632E-03
 0.21406E+00 0.98610E-04 0.17398E-03 0.72752E-03
 0.21563E+00 0.10033E-03 0.17668E-03 0.73746E-03
 0.21719E+00 0.10167E-03 0.17923E-03 0.74881E-03
 0.21875E+00 0.10342E-03 0.18198E-03 0.75891E-03
 0.22031E+00 0.10479E-03 0.18456E-03 0.77041E-03
 0.22187E+00 0.10656E-03 0.18735E-03 0.78066E-03
 0.22344E+00 0.10795E-03 0.18997E-03 0.79231E-03
 0.22500E+00 0.10975E-03 0.19281E-03 0.80271E-03
 0.22656E+00 0.11117E-03 0.19547E-03 0.81452E-03
 0.22813E+00 0.11300E-03 0.19835E-03 0.82507E-03
 0.22969E+00 0.11445E-03 0.20105E-03 0.83703E-03
 0.23125E+00 0.11629E-03 0.20398E-03 0.84773E-03
 0.23281E+00 0.11777E-03 0.20672E-03 0.85984E-03
 0.23438E+00 0.11964E-03 0.20969E-03 0.87069E-03
 0.23594E+00 0.12115E-03 0.21247E-03 0.88295E-03
 0.23750E+00 0.12305E-03 0.21549E-03 0.89396E-03
 0.23906E+00 0.12458E-03 0.21831E-03 0.90637E-03
 0.24063E+00 0.12650E-03 0.22137E-03 0.91753E-03
 0.24219E+00 0.12807E-03 0.22423E-03 0.93009E-03
 0.24375E+00 0.13002E-03 0.22734E-03 0.94140E-03
 0.24531E+00 0.13161E-03 0.23024E-03 0.95411E-03
 0.24688E+00 0.13358E-03 0.23339E-03 0.96557E-03
 0.24844E+00 0.13520E-03 0.23633E-03 0.97844E-03
 0.25000E+00 0.13720E-03 0.23953E-03 0.99005E-03
 0.25156E+00 0.13885E-03 0.24251E-03 0.10031E-02
 0.25313E+00 0.14087E-03 0.24576E-03 0.10148E-02
 0.25469E+00 0.14255E-03 0.24878E-03 0.10280E-02
 0.25625E+00 0.14460E-03 0.25207E-03 0.10399E-02
 0.25781E+00 0.14631E-03 0.25513E-03 0.10532E-02
 0.25938E+00 0.14839E-03 0.25847E-03 0.10653E-02
 0.26094E+00 0.15012E-03 0.26157E-03 0.10787E-02
 0.26250E+00 0.15222E-03 0.26495E-03 0.10910E-02
 0.26406E+00 0.15399E-03 0.26810E-03 0.11046E-02
 0.26562E+00 0.15612E-03 0.27153E-03 0.11169E-02
 0.26719E+00 0.15791E-03 0.27472E-03 0.11307E-02
 0.26875E+00 0.16006E-03 0.27819E-03 0.11432E-02
 0.27031E+00 0.16189E-03 0.28142E-03 0.11571E-02
 0.27187E+00 0.16407E-03 0.28494E-03 0.11698E-02
 0.27344E+00 0.16592E-03 0.28821E-03 0.11839E-02
 0.27500E+00 0.16812E-03 0.29178E-03 0.11967E-02
 0.27656E+00 0.17001E-03 0.29509E-03 0.12109E-02
 0.27813E+00 0.17224E-03 0.29871E-03 0.12239E-02
 0.27969E+00 0.17416E-03 0.30206E-03 0.12382E-02
 0.28125E+00 0.17641E-03 0.30572E-03 0.12513E-02
 0.28281E+00 0.17836E-03 0.30912E-03 0.12658E-02
 0.28438E+00 0.18064E-03 0.31283E-03 0.12791E-02
 0.28594E+00 0.18262E-03 0.31627E-03 0.12938E-02
 0.28750E+00 0.18492E-03 0.32003E-03 0.13072E-02
 0.28906E+00 0.18693E-03 0.32351E-03 0.13220E-02
 0.29063E+00 0.18926E-03 0.32731E-03 0.13356E-02
 0.29219E+00 0.19130E-03 0.33084E-03 0.13505E-02
 0.29375E+00 0.19366E-03 0.33469E-03 0.13642E-02
 0.29531E+00 0.19573E-03 0.33826E-03 0.13793E-02
 0.29688E+00 0.19812E-03 0.34216E-03 0.13932E-02
 0.29844E+00 0.20022E-03 0.34577E-03 0.14085E-02
 0.30000E+00 0.20263E-03 0.34971E-03 0.14225E-02
 0.30156E+00 0.20476E-03 0.35337E-03 0.14379E-02
 0.30312E+00 0.20720E-03 0.35736E-03 0.14520E-02
 0.30469E+00 0.20937E-03 0.36106E-03 0.14676E-02
 0.30625E+00 0.21182E-03 0.36510E-03 0.14819E-02
 0.30781E+00 0.21403E-03 0.36885E-03 0.14976E-02
 0.30938E+00 0.21651E-03 0.37294E-03 0.15121E-02
 0.31094E+00 0.21874E-03 0.37672E-03 0.15279E-02
 0.31250E+00 0.22125E-03 0.38086E-03 0.15425E-02
 0.31406E+00 0.22352E-03 0.38469E-03 0.15585E-02
 0.31563E+00 0.22605E-03 0.38888E-03 0.15733E-02
 0.31719E+00 0.22835E-03 0.39275E-03 0.15894E-02
 0.31875E+00 0.23091E-03 0.39699E-03 0.16043E-02
 0.32031E+00 0.23325E-03 0.40091E-03 0.16206E-02
 0.32188E+00 0.23583E-03 0.40519E-03 0.16357E-02
 0.32344E+00 0.23820E-03 0.40915E-03 0.16521E-02
 0.32500E+00 0.24081E-03 0.41349E-03 0.16673E-02
 0.32656E+00 0.24321E-03 0.41750E-03 0.16839E-02
 0.32812E+00 0.24585E-03 0.42188E-03 0.16992E-02
 0.32969E+00 0.24828E-03 0.42593E-03 0.17160E-02
 0.33125E+00 0.25094E-03 0.43036E-03 0.17315E-02
 0.33281E+00 0.25341E-03 0.43446E-03 0.17483E-02
 0.33437E+00 0.25610E-03 0.43894E-03 0.17640E-02
 0.33594E+00 0.25860E-03 0.44308E-03 0.17810E-02
 0.33750E+00 0.26132E-03 0.44761E-03 0.17968E-02
 0.33906E+00 0.26385E-03 0.45180E-03 0.18140E-02
 0.34063E+00 0.26659E-03 0.45638E-03 0.18299E-02
 0.34219E+00 0.26916E-03 0.46062E-03 0.18472E-02
 0.34375E+00 0.27193E-03 0.46525E-03 0.18633E-02
 0.34531E+00 0.27453E-03 0.46953E-03 0.18808E-02
 0.34688E+00 0.27732E-03 0.47420E-03 0.18970E-02
 0.34844E+00 0.27996E-03 0.47853E-03 0.19146E-02
 0.35000E+00 0.28278E-03 0.48326E-03 0.19310E-02
 0.35156E+00 0.28545E-03 0.48763E-03 0.19488E-02
 0.35313E+00 0.28830E-03 0.49241E-03 0.19653E-02
 0.35469E+00 0.29100E-03 0.49683E-03 0.19832E-02
 0.35625E+00 0.29387E-03 0.50166E-03 0.19999E-02
 0.35781E+00 0.29661E-03 0.50612E-03 0.20179E-02
 0.35938E+00 0.29951E-03 0.51100E-03 0.20347E-02
 0.36094E+00 0.30228E-03 0.51551E-03 0.20529E-02
 0.36250E+00 0.30521E-03 0.52044E-03 0.20699E-02
 0.36406E+00 0.30801E-03 0.52500E-03 0.20882E-02
 0.36562E+00 0.31097E-03 0.52998E-03 0.21053E-02
 0.36719E+00 0.31381E-03 0.53458E-03 0.21238E-02
 0.36875E+00 0.31679E-03 0.53962E-03 0.21411E-02
 0.37031E+00 0.31966E-03 0.54427E-03 0.21597E-02
 0.37188E+00 0.32267E-03 0.54935E-03 0.21771E-02
 0.37344E+00 0.32558E-03 0.55405E-03 0.21959E-02
 0.37500E+00 0.32862E-03 0.55918E-03 0.22134E-02
 0.37656E+00 0.33156E-03 0.56392E-03 0.22323E-02
 0.37813E+00 0.33462E-03 0.56911E-03 0.22500E-02
 0.37969E+00 0.33760E-03 0.57390E-03 0.22691E-02
 0.38125E+00 0.34069E-03 0.57914E-03 0.22869E-02
 0.38281E+00 0.34371E-03 0.58398E-03 0.23061E-02
 0.38438E+00 0.34682E-03 0.58927E-03 0.23241E-02
 0.38594E+00 0.34988E-03 0.59415E-03 0.23435E-02
 0.38750E+00 0.35301E-03 0.59950E-03 0.23616E-02
 0.38906E+00 0.35611E-03 0.60443E-03 0.23811E-02
 0.39062E+00 0.35927E-03 0.60982E-03 0.23994E-02
 0.39219E+00 0.36240E-03 0.61480E-03 0.24190E-02
 0.39375E+00 0.36559E-03 0.62025E-03 0.24374E-02
 0.39531E+00 0.36875E-03 0.62528E-03 0.24572E-02
 0.39687E+00 0.37198E-03 0.63078E-03 0.24757E-02
 0.39844E+00 0.37517E-03 0.63585E-03 0.24957E-02
 0.40000E+00 0.37842E-03 0.64140E-03 0.25144E-02
 0.40156E+00 0.38165E-03 0.64653E-03 0.25344E-02
 0.40313E+00 0.38493E-03 0.65213E-03 0.25533E-02
 0.40469E+00 0.38820E-03 0.65730E-03 0.25735E-02
 0.40625E+00 0.39150E-03 0.66296E-03 0.25925E-02
 0.40781E+00 0.39480E-03 0.66818E-03 0.26128E-02
 0.40938E+00 0.39813E-03 0.67389E-03 0.26320E-02
 0.41094E+00 0.40147E-03 0.67916E-03 0.26525E-02
 0.41250E+00 0.40483E-03 0.68492E-03 0.26717E-02
 0.41406E+00 0.40820E-03 0.69024E-03 0.26924E-02
 0.41563E+00 0.41159E-03 0.69605E-03 0.27118E-02
 0.41719E+00 0.41500E-03 0.70142E-03 0.27326E-02
 0.41875E+00 0.41842E-03 0.70729E-03 0.27521E-02
 0.42031E+00 0.42186E-03 0.71270E-03 0.27731E-02
 0.42188E+00 0.42530E-03 0.71862E-03 0.27928E-02
 0.42344E+00 0.42878E-03 0.72409E-03 0.28138E-02
 0.42500E+00 0.43225E-03 0.73006E-03 0.28337E-02
 0.42656E+00 0.43576E-03 0.73557E-03 0.28549E-02
 0.42812E+00 0.43927E-03 0.74160E-03 0.28749E-02
 0.42969E+00 0.44282E-03 0.74716E-03 0.28962E-02
 0.43125E+00 0.44635E-03 0.75325E-03 0.29163E-02
 0.43281E+00 0.44993E-03 0.75886E-03 0.29378E-02
 0.43438E+00 0.45349E-03 0.76499E-03 0.29581E-02
 0.43594E+00 0.45712E-03 0.77065E-03 0.29797E-02
 0.43750E+00 0.46070E-03 0.77684E-03 0.30001E-02
 0.43906E+00 0.46436E-03 0.78255E-03 0.30219E-02
 0.44063E+00 0.46797E-03 0.78880E-03 0.30425E-02
 0.44219E+00 0.47167E-03 0.79456E-03 0.30644E-02
 0.44375E+00 0.47531E-03 0.80086E-03 0.30851E-02
 0.44531E+00 0.47904E-03 0.80667E-03 0.31071E-02
 0.44688E+00 0.48271E-03 0.81302E-03 0.31280E-02
 0.44844E+00 0.48648E-03 0.81888E-03 0.31502E-02
 0.45000E+00 0.49018E-03 0.82528E-03 0.31711E-02
 0.45156E+00 0.49399E-03 0.83119E-03 0.31935E-02
 0.45312E+00 0.49772E-03 0.83765E-03 0.32146E-02
 0.45469E+00 0.50156E-03 0.84361E-03 0.32371E-02
 0.45625E+00 0.50532E-03 0.85013E-03 0.32583E-02
 0.45781E+00 0.50920E-03 0.85614E-03 0.32809E-02
 0.45937E+00 0.51299E-03 0.86271E-03 0.33023E-02
 0.46094E+00 0.51690E-03 0.86877E-03 0.33251E-02
 0.46250E+00 0.52072E-03 0.87539E-03 0.33466E-02
 0.46406E+00 0.52467E-03 0.88150E-03 0.33695E-02
 0.46563E+00 0.52851E-03 0.88818E-03 0.33912E-02
 0.46719E+00 0.53250E-03 0.89434E-03 0.34142E-02
 0.46875E+00 0.53638E-03 0.90108E-03 0.34360E-02
 0.47031E+00 0.54040E-03 0.90729E-03 0.34592E-02
 0.47188E+00 0.54430E-03 0.91408E-03 0.34811E-02
 0.47344E+00 0.54836E-03 0.92034E-03 0.35044E-02
 0.47500E+00 0.55229E-03 0.92719E-03 0.35265E-02
 0.47656E+00 0.55639E-03 0.93350E-03 0.35500E-02
 0.47813E+00 0.56035E-03 0.94040E-03 0.35722E-02
 0.47969E+00 0.56448E-03 0.94676E-03 0.35958E-02
 0.48125E+00 0.56847E-03 0.95372E-03 0.36182E-02
 0.48281E+00 0.57264E-03 0.96013E-03 0.36419E-02
 0.48438E+00 0.57666E-03 0.96714E-03 0.36644E-02
 0.48594E+00 0.58087E-03 0.97361E-03 0.36882E-02
 0.48750E+00 0.58492E-03 0.98067E-03 0.37109E-02
 0.48906E+00 0.58916E-03 0.98719E-03 0.37349E-02
 0.49062E+00 0.59324E-03 0.99431E-03 0.37577E-02
 0.49219E+00 0.59752E-03 0.10009E-02 0.37818E-02
 0.49375E+00 0.60163E-03 0.10081E-02 0.38047E-02
 0.49531E+00 0.60594E-03 0.10147E-02 0.38290E-02
 0.49688E+00 0.61008E-03 0.10219E-02 0.38520E-02
 0.49844E+00 0.61443E-03 0.10286E-02 0.38764E-02
 0.50000E+00 0.61860E-03 0.10359E-02 0.38996E-02
 0.50156E+00 0.62298E-03 0.10426E-02 0.39242E-02
 0.50313E+00 0.62718E-03 0.10499E-02 0.39475E-02
 0.50469E+00 0.63161E-03 0.10567E-02 0.39722E-02
 0.50625E+00 0.63583E-03 0.10641E-02 0.39957E-02
 0.50781E+00 0.64030E-03 0.10709E-02 0.40205E-02
 0.50938E+00 0.64454E-03 0.10784E-02 0.40441E-02
 0.51094E+00 0.64905E-03 0.10853E-02 0.40690E-02
 0.51250E+00 0.65333E-03 0.10928E-02 0.40928E-02
 0.51406E+00 0.65786E-03 0.10997E-02 0.41179E-02
 0.51562E+00 0.66218E-03 0.11073E-02 0.41417E-02
 0.51719E+00 0.66675E-03 0.11142E-02 0.41670E-02
 0.51875E+00 0.67109E-03 0.11219E-02 0.41910E-02
 0.52031E+00 0.67571E-03 0.11289E-02 0.42163E-02
 0.52188E+00 0.68008E-03 0.11366E-02 0.42405E-02
 0.52344E+00 0.68473E-03 0.11437E-02 0.42660E-02
 0.52500E+00 0.68912E-03 0.11514E-02 0.42903E-02
 0.52656E+00 0.69381E-03 0.11585E-02 0.43159E-02
 0.52812E+00 0.69825E-03 0.11663E-02 0.43403E-02
 0.52969E+00 0.70296E-03 0.11735E-02 0.43661E-02
 0.53125E+00 0.70743E-03 0.11814E-02 0.43906E-02
 0.53281E+00 0.71218E-03 0.11886E-02 0.44165E-02
 0.53438E+00 0.71667E-03 0.11965E-02 0.44412E-02
 0.53594E+00 0.72147E-03 0.12038E-02 0.44672E-02
 0.53750E+00 0.72599E-03 0.12118E-02 0.44920E-02
 0.53906E+00 0.73083E-03 0.12191E-02 0.45182E-02
 0.54063E+00 0.73537E-03 0.12271E-02 0.45432E-02
 0.54219E+00 0.74025E-03 0.12345E-02 0.45694E-02
 0.54375E+00 0.74483E-03 0.12426E-02 0.45945E-02
 0.54531E+00 0.74973E-03 0.12500E-02 0.46210E-02
 0.54688E+00 0.75435E-03 0.12582E-02 0.46462E-02
 0.54844E+00 0.75928E-03 0.12657E-02 0.46727E-02
 0.55000E+00 0.76393E-03 0.12739E-02 0.46981E-02
 0.55156E+00 0.76891E-03 0.12814E-02 0.47248E-02
 0.55313E+00 0.77357E-03 0.12897E-02 0.47503E-02
 0.55469E+00 0.77859E-03 0.12973E-02 0.47771E-02
 0.55625E+00 0.78328E-03 0.13056E-02 0.48027E-02
 0.55781E+00 0.78834E-03 0.13132E-02 0.48297E-02
 0.55937E+00 0.79307E-03 0.13216E-02 0.48554E-02
 0.56094E+00 0.79815E-03 0.13293E-02 0.48825E-02
 0.56250E+00 0.80292E-03 0.13377E-02 0.49084E-02
 0.56406E+00 0.80803E-03 0.13455E-02 0.49356E-02
 0.56563E+00 0.81283E-03 0.13539E-02 0.49616E-02
 0.56719E+00 0.81799E-03 0.13618E-02 0.49890E-02
 0.56875E+00 0.82281E-03 0.13703E-02 0.50151E-02
 0.57031E+00 0.82801E-03 0.13781E-02 0.50426E-02
 0.57188E+00 0.83285E-03 0.13867E-02 0.50689E-02
 0.57344E+00 0.83809E-03 0.13946E-02 0.50965E-02
 0.57500E+00 0.84298E-03 0.14033E-02 0.51229E-02
 0.57656E+00 0.84824E-03 0.14113E-02 0.51507E-02
 0.57812E+00 0.85315E-03 0.14200E-02 0.51772E-02
 0.57969E+00 0.85846E-03 0.14280E-02 0.52051E-02
 0.58125E+00 0.86340E-03 0.14367E-02 0.52391E-02
 0.58281E+00 0.86875E-03 0.14448E-02 0.52681E-02
 0.58438E+00 0.87371E-03 0.14536E-02 0.53175E-02
 0.58594E+00 0.87909E-03 0.14618E-02 0.53468E-02
 0.58750E+00 0.88408E-03 0.14706E-02 0.53965E-02
 0.58906E+00 0.88951E-03 0.14788E-02 0.54261E-02
 0.59062E+00 0.89453E-03 0.14877E-02 0.54763E-02
 0.59219E+00 0.89998E-03 0.14960E-02 0.55062E-02
 0.59375E+00 0.90504E-03 0.15049E-02 0.55567E-02
 0.59531E+00 0.91053E-03 0.15132E-02 0.55869E-02
 0.59688E+00 0.91562E-03 0.15223E-02 0.56378E-02
 0.59844E+00 0.92115E-03 0.15306E-02 0.56683E-02
 0.60000E+00 0.92626E-03 0.15397E-02 0.57196E-02
 0.60156E+00 0.93182E-03 0.15481E-02 0.57504E-02
 0.60313E+00 0.93697E-03 0.15572E-02 0.58020E-02
 0.60469E+00 0.94257E-03 0.15657E-02 0.58331E-02
 0.60625E+00 0.94775E-03 0.15749E-02 0.58851E-02
 0.60781E+00 0.95338E-03 0.15834E-02 0.59164E-02
 0.60938E+00 0.95859E-03 0.15926E-02 0.59689E-02
 0.61094E+00 0.96425E-03 0.16012E-02 0.60005E-02
 0.61250E+00 0.96949E-03 0.16105E-02 0.60533E-02
 0.61406E+00 0.97520E-03 0.16191E-02 0.60853E-02
 0.61563E+00 0.98046E-03 0.16285E-02 0.61384E-02
 0.61719E+00 0.98621E-03 0.16371E-02 0.61707E-02
 0.61875E+00 0.99150E-03 0.16466E-02 0.62241E-02
 0.62031E+00 0.99728E-03 0.16553E-02 0.62567E-02
 0.62187E+00 0.10026E-02 0.16648E-02 0.63106E-02
 0.62344E+00 0.10084E-02 0.16735E-02 0.63434E-02
 0.62500E+00 0.10138E-02 0.16831E-02 0.63977E-02
 0.62656E+00 0.10196E-02 0.16919E-02 0.64308E-02
 0.62813E+00 0.10250E-02 0.17015E-02 0.64855E-02
 0.62969E+00 0.10309E-02 0.17103E-02 0.65190E-02
 0.63125E+00 0.10363E-02 0.17200E-02 0.65739E-02
 0.63281E+00 0.10422E-02 0.17289E-02 0.66077E-02
 0.63438E+00 0.10477E-02 0.17386E-02 0.66630E-02
 0.63594E+00 0.10536E-02 0.17476E-02 0.66971E-02
 0.63750E+00 0.10591E-02 0.17574E-02 0.67528E-02
 0.63906E+00 0.10651E-02 0.17664E-02 0.67871E-02
 0.64062E+00 0.10706E-02 0.17762E-02 0.68432E-02
 0.64219E+00 0.10766E-02 0.17852E-02 0.68778E-02
 0.64375E+00 0.10822E-02 0.17951E-02 0.69343E-02
 0.64531E+00 0.10882E-02 0.18043E-02 0.69692E-02
 0.64688E+00 0.10938E-02 0.18142E-02 0.70260E-02
 0.64844E+00 0.10999E-02 0.18234E-02 0.70613E-02
 0.65000E+00 0.11055E-02 0.18334E-02 0.71184E-02
 0.65156E+00 0.11116E-02 0.18426E-02 0.71539E-02
 0.65312E+00 0.11172E-02 0.18526E-02 0.72115E-02
 0.65469E+00 0.11234E-02 0.18619E-02 0.72473E-02
 0.65625E+00 0.11291E-02 0.18720E-02 0.73052E-02
 0.65781E+00 0.11353E-02 0.18813E-02 0.73413E-02
 0.65938E+00 0.11409E-02 0.18915E-02 0.73995E-02
 0.66094E+00 0.11472E-02 0.19009E-02 0.74360E-02
 0.66250E+00 0.11529E-02 0.19111E-02 0.74945E-02
 0.66406E+00 0.11592E-02 0.19205E-02 0.75313E-02
 0.66563E+00 0.11649E-02 0.19308E-02 0.75902E-02
 0.66719E+00 0.11712E-02 0.19403E-02 0.76273E-02
 0.66875E+00 0.11770E-02 0.19506E-02 0.76866E-02
 0.67031E+00 0.11833E-02 0.19601E-02 0.77239E-02
 0.67188E+00 0.11891E-02 0.19705E-02 0.77836E-02
 0.67344E+00 0.11955E-02 0.19801E-02 0.78211E-02
 0.67500E+00 0.12013E-02 0.19905E-02 0.78812E-02
 0.67656E+00 0.12077E-02 0.20002E-02 0.79191E-02
 0.67813E+00 0.12136E-02 0.20107E-02 0.79794E-02
 0.67969E+00 0.12200E-02 0.20203E-02 0.80176E-02
 0.68125E+00 0.12259E-02 0.20309E-02 0.80783E-02
 0.68281E+00 0.12324E-02 0.20406E-02 0.81168E-02
 0.68437E+00 0.12383E-02 0.20512E-02 0.81779E-02
 0.68594E+00 0.12448E-02 0.20610E-02 0.82166E-02
 0.68750E+00 0.12508E-02 0.20717E-02 0.82781E-02
 0.68906E+00 0.12573E-02 0.20815E-02 0.83171E-02
 0.69063E+00 0.12633E-02 0.20922E-02 0.83789E-02
 0.69219E+00 0.12699E-02 0.21021E-02 0.84183E-02
 0.69375E+00 0.12759E-02 0.21129E-02 0.84804E-02
 0.69531E+00 0.12825E-02 0.21228E-02 0.85200E-02
 0.69688E+00 0.12885E-02 0.21336E-02 0.85825E-02
 0.69844E+00 0.12952E-02 0.21436E-02 0.86224E-02
 0.70000E+00 0.13012E-02 0.21545E-02 0.86853E-02
 0.70156E+00 0.13079E-02 0.21645E-02 0.87254E-02
 0.70312E+00 0.13140E-02 0.21754E-02 0.87886E-02
 0.70469E+00 0.13207E-02 0.21855E-02 0.88291E-02
 0.70625E+00 0.13268E-02 0.21965E-02 0.88926E-02
 0.70781E+00 0.13336E-02 0.22066E-02 0.89334E-02
 0.70938E+00 0.13397E-02 0.22177E-02 0.89972E-02
 0.71094E+00 0.13465E-02 0.22279E-02 0.90383E-02
 0.71250E+00 0.13526E-02 0.22390E-02 0.91024E-02
 0.71406E+00 0.13595E-02 0.22492E-02 0.91438E-02
 0.71562E+00 0.13657E-02 0.22603E-02 0.92084E-02
 0.71719E+00 0.13725E-02 0.22706E-02 0.92499E-02
 0.71875E+00 0.13787E-02 0.22818E-02 0.93148E-02
 0.72031E+00 0.13856E-02 0.22921E-02 0.93567E-02
 0.72188E+00 0.13919E-02 0.23034E-02 0.94219E-02
 0.72344E+00 0.13988E-02 0.23138E-02 0.94641E-02
 0.72500E+00 0.14051E-02 0.23251E-02 0.95296E-02
 0.72656E+00 0.14120E-02 0.23355E-02 0.95721E-02
 0.72813E+00 0.14183E-02 0.23469E-02 0.96379E-02
 0.72969E+00 0.14253E-02 0.23573E-02 0.96807E-02
 0.73125E+00 0.14316E-02 0.23687E-02 0.97469E-02
 0.73281E+00 0.14386E-02 0.23793E-02 0.97899E-02
 0.73438E+00 0.14450E-02 0.23907E-02 0.98565E-02
 0.73594E+00 0.14520E-02 0.24013E-02 0.98997E-02
 0.73750E+00 0.14584E-02 0.24128E-02 0.99666E-02
 0.73906E+00 0.14655E-02 0.24234E-02 0.10010E-01
 0.74063E+00 0.14719E-02 0.24350E-02 0.10077E-01
 0.74219E+00 0.14790E-02 0.24457E-02 0.10121E-01
 0.74375E+00 0.14855E-02 0.24573E-02 0.10189E-01
 0.74531E+00 0.14926E-02 0.24680E-02 0.10233E-01
 0.74687E+00 0.14991E-02 0.24797E-02 0.10301E-01
 0.74844E+00 0.15063E-02 0.24904E-02 0.10345E-01
 0.75000E+00 0.15128E-02 0.25022E-02 0.10413E-01
 0.75156E+00 0.15200E-02 0.25130E-02 0.10458E-01
 0.75313E+00 0.15265E-02 0.25248E-02 0.10526E-01
 0.75469E+00 0.15337E-02 0.25356E-02 0.10571E-01
 0.75625E+00 0.15403E-02 0.25474E-02 0.10640E-01
 0.75781E+00 0.15476E-02 0.25583E-02 0.10685E-01
 0.75938E+00 0.15541E-02 0.25702E-02 0.10754E-01
 0.76094E+00 0.15614E-02 0.25812E-02 0.10800E-01
 0.76250E+00 0.15681E-02 0.25931E-02 0.10869E-01
 0.76406E+00 0.15754E-02 0.26041E-02 0.10915E-01
 0.76562E+00 0.15820E-02 0.26161E-02 0.10985E-01
 0.76719E+00 0.15894E-02 0.26271E-02 0.11030E-01
 0.76875E+00 0.15960E-02 0.26392E-02 0.11101E-01
 0.77031E+00 0.16034E-02 0.26502E-02 0.11147E-01
 0.77188E+00 0.16101E-02 0.26623E-02 0.11217E-01
 0.77344E+00 0.16175E-02 0.26735E-02 0.11264E-01
 0.77500E+00 0.16242E-02 0.26856E-02 0.11334E-01
 0.77656E+00 0.16317E-02 0.26968E-02 0.11381E-01
 0.77812E+00 0.16384E-02 0.27090E-02 0.11452E-01
 0.77969E+00 0.16459E-02 0.27202E-02 0.11499E-01
 0.78125E+00 0.16527E-02 0.27324E-02 0.11570E-01
 0.78281E+00 0.16602E-02 0.27437E-02 0.11617E-01
 0.78438E+00 0.16670E-02 0.27560E-02 0.11689E-01
 0.78594E+00 0.16745E-02 0.27673E-02 0.11736E-01
 0.78750E+00 0.16814E-02 0.27796E-02 0.11808E-01
 0.78906E+00 0.16889E-02 0.27910E-02 0.11856E-01
 0.79063E+00 0.16958E-02 0.28033E-02 0.11928E-01
 0.79219E+00 0.17034E-02 0.28147E-02 0.11976E-01
 0.79375E+00 0.17103E-02 0.28272E-02 0.12049E-01
 0.79531E+00 0.17179E-02 0.28386E-02 0.12097E-01
 0.79688E+00 0.17248E-02 0.28511E-02 0.12170E-01
 0.79844E+00 0.17324E-02 0.28626E-02 0.12218E-01
 0.80000E+00 0.17394E-02 0.28751E-02 0.12291E-01
 0.80156E+00 0.17471E-02 0.28866E-02 0.12340E-01
 0.80313E+00 0.17540E-02 0.28992E-02 0.12413E-01
 0.80469E+00 0.17617E-02 0.29108E-02 0.12462E-01
 0.80625E+00 0.17687E-02 0.29234E-02 0.12536E-01
 0.80781E+00 0.17764E-02 0.29350E-02 0.12585E-01
 0.80937E+00 0.17834E-02 0.29477E-02 0.12659E-01
 0.81094E+00 0.17912E-02 0.29594E-02 0.12708E-01
 0.81250E+00 0.17982E-02 0.29721E-02 0.12783E-01
 0.81406E+00 0.18060E-02 0.29838E-02 0.12832E-01
 0.81563E+00 0.18131E-02 0.29965E-02 0.12907E-01
 0.81719E+00 0.18209E-02 0.30083E-02 0.12956E-01
 0.81875E+00 0.18280E-02 0.30211E-02 0.13031E-01
 0.82031E+00 0.18359E-02 0.30329E-02 0.13081E-01
 0.82188E+00 0.18430E-02 0.30457E-02 0.13156E-01
 0.82344E+00 0.18509E-02 0.30576E-02 0.13207E-01
 0.82500E+00 0.18580E-02 0.30705E-02 0.13282E-01
 0.82656E+00 0.18659E-02 0.30823E-02 0.13332E-01
 0.82812E+00 0.18730E-02 0.30953E-02 0.13408E-01
 0.82969E+00 0.18810E-02 0.31072E-02 0.13459E-01
 0.83125E+00 0.18882E-02 0.31202E-02 0.13535E-01
 0.83281E+00 0.18961E-02 0.31322E-02 0.13586E-01
 0.83438E+00 0.19033E-02 0.31452E-02 0.13662E-01
 0.83594E+00 0.19113E-02 0.31572E-02 0.13713E-01
 0.83750E+00 0.19185E-02 0.31703E-02 0.13789E-01
 0.83906E+00 0.19266E-02 0.31823E-02 0.13841E-01
 0.84062E+00 0.19338E-02 0.31954E-02 0.13917E-01
 0.84219E+00 0.19418E-02 0.32075E-02 0.13969E-01
 0.84375E+00 0.19491E-02 0.32207E-02 0.14046E-01
 0.84531E+00 0.19572E-02 0.32328E-02 0.14098E-01
 0.84688E+00 0.19645E-02 0.32460E-02 0.14175E-01
 0.84844E+00 0.19726E-02 0.32582E-02 0.14227E-01
 0.85000E+00 0.19799E-02 0.32714E-02 0.14304E-01
 0.85156E+00 0.19880E-02 0.32836E-02 0.14357E-01
 0.85313E+00 0.19953E-02 0.32969E-02 0.14434E-01
 0.85469E+00 0.20035E-02 0.33092E-02 0.14487E-01
 0.85625E+00 0.20109E-02 0.33225E-02 0.14565E-01
 0.85781E+00 0.20190E-02 0.33348E-02 0.14617E-01
 0.85938E+00 0.20264E-02 0.33482E-02 0.14695E-01
 0.86094E+00 0.20346E-02 0.33605E-02 0.14748E-01
 0.86250E+00 0.20420E-02 0.33739E-02 0.14827E-01
 0.86406E+00 0.20502E-02 0.33862E-02 0.14880E-01
 0.86563E+00 0.20576E-02 0.33997E-02 0.14958E-01
 0.86719E+00 0.20659E-02 0.34121E-02 0.15011E-01
 0.86875E+00 0.20733E-02 0.34256E-02 0.15090E-01
 0.87031E+00 0.20816E-02 0.34380E-02 0.15144E-01
 0.87187E+00 0.20891E-02 0.34516E-02 0.15223E-01
 0.87344E+00 0.20974E-02 0.34640E-02 0.15276E-01
 0.87500E+00 0.21049E-02 0.34776E-02 0.15356E-01
 0.87656E+00 0.21132E-02 0.34901E-02 0.15410E-01
 0.87813E+00 0.21207E-02 0.35038E-02 0.15489E-01
 0.87969E+00 0.21291E-02 0.35163E-02 0.15543E-01
 0.88125E+00 0.21366E-02 0.35300E-02 0.15623E-01
 0.88281E+00 0.21450E-02 0.35425E-02 0.15677E-01
 0.88438E+00 0.21525E-02 0.35563E-02 0.15757E-01
 0.88594E+00 0.21609E-02 0.35689E-02 0.15811E-01
 0.88750E+00 0.21685E-02 0.35826E-02 0.15892E-01
 0.88906E+00 0.21769E-02 0.35953E-02 0.15946E-01
 0.89062E+00 0.21845E-02 0.36091E-02 0.16027E-01
 0.89219E+00 0.21929E-02 0.36217E-02 0.16081E-01
 0.89375E+00 0.22005E-02 0.36356E-02 0.16162E-01
 0.89531E+00 0.22090E-02 0.36483E-02 0.16217E-01
 0.89688E+00 0.22166E-02 0.36621E-02 0.16298E-01
 0.89844E+00 0.22251E-02 0.36749E-02 0.16353E-01
 0.90000E+00 0.22327E-02 0.36888E-02 0.16434E-01
 0.90156E+00 0.22413E-02 0.37016E-02 0.16489E-01
 0.90312E+00 0.22489E-02 0.37155E-02 0.16570E-01
 0.90469E+00 0.22575E-02 0.37283E-02 0.16625E-01
 0.90625E+00 0.22651E-02 0.37423E-02 0.16707E-01
 0.90781E+00 0.22737E-02 0.37551E-02 0.16762E-01
 0.90938E+00 0.22814E-02 0.37691E-02 0.16844E-01
 0.91094E+00 0.22900E-02 0.37820E-02 0.16900E-01
 0.91250E+00 0.22977E-02 0.37961E-02 0.16982E-01
 0.91406E+00 0.23063E-02 0.38090E-02 0.17037E-01
 0.91563E+00 0.23140E-02 0.38231E-02 0.17119E-01
 0.91719E+00 0.23227E-02 0.38360E-02 0.17175E-01
 0.91875E+00 0.23304E-02 0.38501E-02 0.17258E-01
 0.92031E+00 0.23391E-02 0.38631E-02 0.17313E-01
 0.92188E+00 0.23468E-02 0.38773E-02 0.17396E-01
 0.92344E+00 0.23555E-02 0.38903E-02 0.17452E-01
 0.92500E+00 0.23633E-02 0.39045E-02 0.17535E-01
 0.92656E+00 0.23720E-02 0.39175E-02 0.17591E-01
 0.92813E+00 0.23798E-02 0.39317E-02 0.17674E-01
 0.92969E+00 0.23885E-02 0.39448E-02 0.17730E-01
 0.93125E+00 0.23963E-02 0.39590E-02 0.17813E-01
 0.93281E+00 0.24050E-02 0.39721E-02 0.17870E-01
 0.93437E+00 0.24129E-02 0.39864E-02 0.17953E-01
 0.93594E+00 0.24216E-02 0.39996E-02 0.18010E-01
 0.93750E+00 0.24295E-02 0.40139E-02 0.18093E-01
 0.93906E+00 0.24382E-02 0.40270E-02 0.18150E-01
 0.94063E+00 0.24461E-02 0.40414E-02 0.18233E-01
 0.94219E+00 0.24549E-02 0.40546E-02 0.18290E-01
 0.94375E+00 0.24628E-02 0.40690E-02 0.18374E-01
 0.94531E+00 0.24716E-02 0.40822E-02 0.18431E-01
 0.94688E+00 0.24795E-02 0.40966E-02 0.18515E-01
 0.94844E+00 0.24883E-02 0.41098E-02 0.18572E-01
 0.95000E+00 0.24963E-02 0.41243E-02 0.18656E-01
 0.95156E+00 0.25051E-02 0.41376E-02 0.18713E-01
 0.95312E+00 0.25131E-02 0.41520E-02 0.18797E-01
 0.95469E+00 0.25219E-02 0.41653E-02 0.18855E-01
 0.95625E+00 0.25299E-02 0.41799E-02 0.18939E-01
 0.95781E+00 0.25387E-02 0.41932E-02 0.18997E-01
 0.95938E+00 0.25467E-02 0.42077E-02 0.19081E-01
 0.96094E+00 0.25556E-02 0.42211E-02 0.19139E-01
 0.96250E+00 0.25636E-02 0.42356E-02 0.19223E-01
 0.96406E+00 0.25725E-02 0.42490E-02 0.19281E-01
 0.96562E+00 0.25805E-02 0.42636E-02 0.19366E-01
 0.96719E+00 0.25894E-02 0.42770E-02 0.19423E-01
 0.96875E+00 0.25975E-02 0.42916E-02 0.19508E-01
 0.97031E+00 0.26064E-02 0.43051E-02 0.19566E-01
 0.97188E+00 0.26144E-02 0.43197E-02 0.19651E-01
 0.97344E+00 0.26234E-02 0.43332E-02 0.19709E-01
 0.97500E+00 0.26314E-02 0.43478E-02 0.19794E-01
 0.97656E+00 0.26404E-02 0.43613E-02 0.19852E-01
 0.97813E+00 0.26485E-02 0.43760E-02 0.19937E-01
 0.97969E+00 0.26575E-02 0.43895E-02 0.19995E-01
 0.98125E+00 0.26656E-02 0.44043E-02 0.20081E-01
 0.98281E+00 0.26746E-02 0.44178E-02 0.20139E-01
 0.98438E+00 0.26827E-02 0.44325E-02 0.20224E-01
 0.98594E+00 0.26917E-02 0.44461E-02 0.20282E-01
 0.98750E+00 0.26998E-02 0.44609E-02 0.20368E-01
 0.98906E+00 0.27088E-02 0.44744E-02 0.20426E-01
 0.99063E+00 0.27169E-02 0.44892E-02 0.20512E-01
 0.99219E+00 0.27260E-02 0.45028E-02 0.20570E-01
 0.99375E+00 0.27341E-02 0.45177E-02 0.20656E-01
 0.99531E+00 0.27432E-02 0.45313E-02 0.20714E-01
 0.99687E+00 0.27513E-02 0.45461E-02 0.20800E-01
 0.99844E+00 0.27604E-02 0.45598E-02 0.20859E-01
 0.10000E+01 0.27686E-02 0.45747E-02 0.20945E-01
 0.10016E+01 0.27777E-02 0.45883E-02 0.21003E-01
 0.10016E+01 0.27777E-02 0.45883E-02 0.21003E-01
