 0.50000E-01 0.38173E-04 0.57400E-04 0.18578E-03
 0.75000E-01 0.82843E-03 0.12081E-02 0.80680E-02
 0.10000E+00 0.76188E-04 0.11449E-03 0.37289E-03
 0.12500E+00 0.82396E-03 0.12030E-02 0.80508E-02
 0.15000E+00 0.11390E-03 0.17100E-03 0.56199E-03
 0.17500E+00 0.81748E-03 0.11955E-02 0.80267E-02
 0.20000E+00 0.15116E-03 0.22667E-03 0.75349E-03
 0.22500E+00 0.80908E-03 0.11860E-02 0.79959E-02
 0.25000E+00 0.18784E-03 0.28126E-03 0.94751E-03
 0.27500E+00 0.79884E-03 0.11745E-02 0.79582E-02
 0.30000E+00 0.22378E-03 0.33455E-03 0.11438E-02
 0.32500E+00 0.78689E-03 0.11611E-02 0.79141E-02
 0.35000E+00 0.25887E-03 0.38632E-03 0.13418E-02
 0.37500E+00 0.77333E-03 0.11462E-02 0.78632E-02
 0.40000E+00 0.29297E-03 0.43642E-03 0.15408E-02
 0.42500E+00 0.75832E-03 0.11298E-02 0.78064E-02
 0.45000E+00 0.32599E-03 0.48468E-03 0.17398E-02
 0.47500E+00 0.74195E-03 0.11122E-02 0.77432E-02
 0.50000E+00 0.35784E-03 0.53097E-03 0.19384E-02
 0.52500E+00 0.72451E-03 0.10938E-02 0.76749E-02
 0.55000E+00 0.38842E-03 0.57520E-03 0.21371E-02
 0.57500E+00 0.70601E-03 0.10744E-02 0.75999E-02
 0.60000E+00 0.41767E-03 0.61728E-03 0.23330E-02
 0.62500E+00 0.68679E-03 0.10546E-02 0.75204E-02
 0.65000E+00 0.44555E-03 0.65717E-03 0.25250E-02
 0.67500E+00 0.66699E-03 0.10344E-02 0.74360E-02
 0.70000E+00 0.47203E-03 0.69483E-03 0.27122E-02
 0.72500E+00 0.64711E-03 0.10142E-02 0.73469E-02
 0.75000E+00 0.49707E-03 0.73023E-03 0.28944E-02
 0.77500E+00 0.62817E-03 0.99391E-03 0.72534E-02
 0.80000E+00 0.52068E-03 0.76338E-03 0.30777E-02
 0.82500E+00 0.61041E-03 0.97366E-03 0.71548E-02
 0.85000E+00 0.54286E-03 0.79432E-03 0.32545E-02
 0.87500E+00 0.59458E-03 0.95386E-03 0.70535E-02
 0.90000E+00 0.56364E-03 0.82309E-03 0.34241E-02
 0.92500E+00 0.58087E-03 0.93444E-03 0.69486E-02
 0.95000E+00 0.58310E-03 0.84975E-03 0.35859E-02
 0.97500E+00 0.56892E-03 0.91547E-03 0.68403E-02
 0.10000E+01 0.60118E-03 0.87432E-03 0.37388E-02
 0.10250E+01 0.55833E-03 0.89684E-03 0.67275E-02
 0.10250E+01 0.55833E-03 0.89684E-03 0.67275E-02
