 0.31250E-02 0.93207E-08 0.14016E-07 0.45297E-07
 0.46875E-02 0.32443E-05 0.47287E-05 0.31544E-04
 0.62500E-02 0.18641E-07 0.28024E-07 0.90592E-07
 0.78125E-02 0.32429E-05 0.47267E-05 0.31531E-04
 0.93750E-02 0.27962E-07 0.42024E-07 0.13589E-06
 0.10937E-01 0.32415E-05 0.47247E-05 0.31518E-04
 0.12500E-01 0.37286E-07 0.56015E-07 0.18120E-06
 0.14063E-01 0.32401E-05 0.47227E-05 0.31505E-04
 0.15625E-01 0.46614E-07 0.69999E-07 0.22654E-06
 0.17188E-01 0.32386E-05 0.47206E-05 0.31491E-04
 0.18750E-01 0.55945E-07 0.83976E-07 0.27186E-06
 0.20313E-01 0.32371E-05 0.47185E-05 0.31477E-04
 0.21875E-01 0.65286E-07 0.97944E-07 0.31730E-06
 0.23438E-01 0.32355E-05 0.47163E-05 0.31463E-04
 0.25000E-01 0.74628E-07 0.11191E-06 0.36268E-06
 0.26563E-01 0.32339E-05 0.47142E-05 0.31449E-04
 0.28125E-01 0.83975E-07 0.12586E-06 0.40811E-06
 0.29687E-01 0.32322E-05 0.47118E-05 0.31434E-04
 0.31250E-01 0.93338E-07 0.13981E-06 0.45370E-06
 0.32813E-01 0.32307E-05 0.47098E-05 0.31421E-04
 0.34375E-01 0.10270E-06 0.15375E-06 0.49922E-06
 0.35937E-01 0.32287E-05 0.47071E-05 0.31404E-04
 0.37500E-01 0.11207E-06 0.16768E-06 0.54479E-06
 0.39062E-01 0.32270E-05 0.47049E-05 0.31389E-04
 0.40625E-01 0.12145E-06 0.18161E-06 0.59044E-06
 0.42188E-01 0.32253E-05 0.47026E-05 0.31375E-04
 0.43750E-01 0.13086E-06 0.19553E-06 0.63652E-06
 0.45313E-01 0.32236E-05 0.47003E-05 0.31360E-04
 0.46875E-01 0.14025E-06 0.20944E-06 0.68230E-06
 0.48438E-01 0.32218E-05 0.46980E-05 0.31345E-04
 0.50000E-01 0.14966E-06 0.22335E-06 0.72817E-06
 0.51562E-01 0.32195E-05 0.46949E-05 0.31326E-04
 0.53125E-01 0.15907E-06 0.23725E-06 0.77414E-06
 0.54688E-01 0.32177E-05 0.46926E-05 0.31311E-04
 0.56250E-01 0.16849E-06 0.25115E-06 0.82020E-06
 0.57813E-01 0.32158E-05 0.46901E-05 0.31295E-04
 0.59375E-01 0.17797E-06 0.26504E-06 0.86687E-06
 0.60938E-01 0.32139E-05 0.46877E-05 0.31280E-04
 0.62500E-01 0.18741E-06 0.27893E-06 0.91314E-06
 0.64062E-01 0.32113E-05 0.46844E-05 0.31259E-04
 0.65625E-01 0.19681E-06 0.29280E-06 0.95896E-06
 0.67188E-01 0.32100E-05 0.46828E-05 0.31249E-04
 0.68750E-01 0.20633E-06 0.30668E-06 0.10061E-05
 0.70312E-01 0.32073E-05 0.46793E-05 0.31227E-04
 0.71875E-01 0.21586E-06 0.32056E-06 0.10533E-05
 0.73438E-01 0.32060E-05 0.46778E-05 0.31218E-04
 0.75000E-01 0.22528E-06 0.33441E-06 0.10994E-05
 0.76563E-01 0.32032E-05 0.46741E-05 0.31194E-04
 0.78125E-01 0.23485E-06 0.34828E-06 0.11470E-05
 0.79687E-01 0.32003E-05 0.46704E-05 0.31171E-04
 0.81250E-01 0.24428E-06 0.36212E-06 0.11934E-05
 0.82813E-01 0.31990E-05 0.46689E-05 0.31162E-04
 0.84375E-01 0.25388E-06 0.37599E-06 0.12414E-05
 0.85938E-01 0.31960E-05 0.46651E-05 0.31138E-04
 0.87500E-01 0.26348E-06 0.38985E-06 0.12895E-05
 0.89063E-01 0.31947E-05 0.46636E-05 0.31129E-04
 0.90625E-01 0.27294E-06 0.40367E-06 0.13362E-05
 0.92188E-01 0.31916E-05 0.46596E-05 0.31104E-04
 0.93750E-01 0.28258E-06 0.41753E-06 0.13848E-05
 0.95312E-01 0.31884E-05 0.46556E-05 0.31078E-04
 0.96875E-01 0.29206E-06 0.43134E-06 0.14318E-05
 0.98438E-01 0.31871E-05 0.46542E-05 0.31070E-04
 0.10000E+00 0.30173E-06 0.44519E-06 0.14808E-05
 0.10156E+00 0.31838E-05 0.46500E-05 0.31043E-04
 0.10312E+00 0.31142E-06 0.45905E-06 0.15299E-05
 0.10469E+00 0.31825E-05 0.46486E-05 0.31036E-04
 0.10625E+00 0.32091E-06 0.47284E-06 0.15775E-05
 0.10781E+00 0.31791E-05 0.46443E-05 0.31008E-04
 0.10938E+00 0.33064E-06 0.48669E-06 0.16271E-05
 0.11094E+00 0.31756E-05 0.46398E-05 0.30980E-04
 0.11250E+00 0.34015E-06 0.50048E-06 0.16750E-05
 0.11406E+00 0.31743E-05 0.46386E-05 0.30973E-04
 0.11563E+00 0.34991E-06 0.51433E-06 0.17251E-05
 0.11719E+00 0.31707E-05 0.46340E-05 0.30944E-04
 0.11875E+00 0.35968E-06 0.52818E-06 0.17755E-05
 0.12031E+00 0.31694E-05 0.46327E-05 0.30937E-04
 0.12188E+00 0.36922E-06 0.54194E-06 0.18239E-05
 0.12344E+00 0.31657E-05 0.46280E-05 0.30907E-04
 0.12500E+00 0.37902E-06 0.55579E-06 0.18748E-05
 0.12656E+00 0.31644E-05 0.46268E-05 0.30901E-04
 0.12812E+00 0.38885E-06 0.56965E-06 0.19259E-05
 0.12969E+00 0.31605E-05 0.46220E-05 0.30870E-04
 0.13125E+00 0.39814E-06 0.58332E-06 0.19727E-05
 0.13281E+00 0.31567E-05 0.46171E-05 0.30839E-04
 0.13438E+00 0.40800E-06 0.59717E-06 0.20244E-05
 0.13594E+00 0.31527E-05 0.46121E-05 0.30808E-04
 0.13750E+00 0.41787E-06 0.61103E-06 0.20764E-05
 0.13906E+00 0.31541E-05 0.46149E-05 0.30828E-04
 0.14062E+00 0.42777E-06 0.62488E-06 0.21287E-05
 0.14219E+00 0.31501E-05 0.46098E-05 0.30796E-04
 0.14375E+00 0.43769E-06 0.63874E-06 0.21812E-05
 0.14531E+00 0.31459E-05 0.46046E-05 0.30763E-04
 0.14688E+00 0.44697E-06 0.65237E-06 0.22289E-05
 0.14844E+00 0.31418E-05 0.45994E-05 0.30729E-04
 0.15000E+00 0.45692E-06 0.66624E-06 0.22821E-05
 0.15156E+00 0.31375E-05 0.45941E-05 0.30696E-04
 0.15313E+00 0.46689E-06 0.68010E-06 0.23356E-05
 0.15469E+00 0.31392E-05 0.45974E-05 0.30720E-04
 0.15625E+00 0.47687E-06 0.69397E-06 0.23894E-05
 0.15781E+00 0.31349E-05 0.45920E-05 0.30685E-04
 0.15937E+00 0.48688E-06 0.70785E-06 0.24435E-05
 0.16094E+00 0.31305E-05 0.45865E-05 0.30650E-04
 0.16250E+00 0.49616E-06 0.72144E-06 0.24922E-05
 0.16406E+00 0.31260E-05 0.45809E-05 0.30615E-04
 0.16563E+00 0.50620E-06 0.73532E-06 0.25471E-05
 0.16719E+00 0.31215E-05 0.45753E-05 0.30579E-04
 0.16875E+00 0.51626E-06 0.74920E-06 0.26022E-05
 0.17031E+00 0.31235E-05 0.45792E-05 0.30607E-04
 0.17188E+00 0.52634E-06 0.76310E-06 0.26577E-05
 0.17344E+00 0.31189E-05 0.45734E-05 0.30570E-04
 0.17500E+00 0.53644E-06 0.77699E-06 0.27135E-05
 0.17656E+00 0.31142E-05 0.45676E-05 0.30533E-04
 0.17813E+00 0.54571E-06 0.79055E-06 0.27634E-05
 0.17969E+00 0.31095E-05 0.45617E-05 0.30495E-04
 0.18125E+00 0.55585E-06 0.80446E-06 0.28200E-05
 0.18281E+00 0.31047E-05 0.45557E-05 0.30457E-04
 0.18438E+00 0.56600E-06 0.81837E-06 0.28769E-05
 0.18594E+00 0.31070E-05 0.45602E-05 0.30488E-04
 0.18750E+00 0.57617E-06 0.83229E-06 0.29342E-05
 0.18906E+00 0.31021E-05 0.45541E-05 0.30449E-04
 0.19062E+00 0.58637E-06 0.84622E-06 0.29919E-05
 0.19219E+00 0.30972E-05 0.45480E-05 0.30410E-04
 0.19375E+00 0.59563E-06 0.85974E-06 0.30430E-05
 0.19531E+00 0.30922E-05 0.45418E-05 0.30370E-04
 0.19688E+00 0.60586E-06 0.87368E-06 0.31015E-05
 0.19844E+00 0.30871E-05 0.45355E-05 0.30330E-04
 0.20000E+00 0.61611E-06 0.88763E-06 0.31604E-05
 0.20156E+00 0.30898E-05 0.45406E-05 0.30365E-04
 0.20312E+00 0.62638E-06 0.90159E-06 0.32196E-05
 0.20469E+00 0.30846E-05 0.45342E-05 0.30324E-04
 0.20625E+00 0.63668E-06 0.91556E-06 0.32793E-05
 0.20781E+00 0.30794E-05 0.45278E-05 0.30283E-04
 0.20938E+00 0.64592E-06 0.92906E-06 0.33319E-05
 0.21094E+00 0.30741E-05 0.45213E-05 0.30241E-04
 0.21250E+00 0.65625E-06 0.94304E-06 0.33924E-05
 0.21406E+00 0.30688E-05 0.45147E-05 0.30199E-04
 0.21563E+00 0.66660E-06 0.95704E-06 0.34533E-05
 0.21719E+00 0.30718E-05 0.45203E-05 0.30238E-04
 0.21875E+00 0.67697E-06 0.97105E-06 0.35146E-05
 0.22031E+00 0.30664E-05 0.45137E-05 0.30194E-04
 0.22187E+00 0.68736E-06 0.98507E-06 0.35763E-05
 0.22344E+00 0.30609E-05 0.45069E-05 0.30151E-04
 0.22500E+00 0.69659E-06 0.99853E-06 0.36305E-05
 0.22656E+00 0.30554E-05 0.45001E-05 0.30107E-04
 0.22813E+00 0.70702E-06 0.10126E-05 0.36931E-05
 0.22969E+00 0.30498E-05 0.44933E-05 0.30062E-04
 0.23125E+00 0.71746E-06 0.10266E-05 0.37562E-05
 0.23281E+00 0.30532E-05 0.44995E-05 0.30105E-04
 0.23438E+00 0.72793E-06 0.10407E-05 0.38197E-05
 0.23594E+00 0.30475E-05 0.44926E-05 0.30059E-04
 0.23750E+00 0.73842E-06 0.10548E-05 0.38836E-05
 0.23906E+00 0.30417E-05 0.44855E-05 0.30014E-04
 0.24063E+00 0.74764E-06 0.10682E-05 0.39395E-05
 0.24219E+00 0.30360E-05 0.44785E-05 0.29967E-04
 0.24375E+00 0.75816E-06 0.10823E-05 0.40044E-05
 0.24531E+00 0.30301E-05 0.44713E-05 0.29921E-04
 0.24688E+00 0.76871E-06 0.10965E-05 0.40698E-05
 0.24844E+00 0.30339E-05 0.44782E-05 0.29967E-04
 0.25000E+00 0.77928E-06 0.11106E-05 0.41356E-05
 0.25156E+00 0.30279E-05 0.44710E-05 0.29920E-04
 0.25313E+00 0.78851E-06 0.11241E-05 0.41929E-05
 0.25469E+00 0.30318E-05 0.44780E-05 0.29968E-04
 0.25625E+00 0.80053E-06 0.11390E-05 0.42688E-05
 0.25781E+00 0.30158E-05 0.44562E-05 0.29822E-04
 0.25938E+00 0.80969E-06 0.11524E-05 0.43268E-05
 0.26094E+00 0.30198E-05 0.44635E-05 0.29872E-04
 0.26250E+00 0.81897E-06 0.11659E-05 0.43852E-05
 0.26406E+00 0.30035E-05 0.44412E-05 0.29723E-04
 0.26562E+00 0.83106E-06 0.11808E-05 0.44630E-05
 0.26719E+00 0.30077E-05 0.44487E-05 0.29774E-04
 0.26875E+00 0.84026E-06 0.11943E-05 0.45222E-05
 0.27031E+00 0.30119E-05 0.44564E-05 0.29826E-04
 0.27187E+00 0.85251E-06 0.12094E-05 0.46011E-05
 0.27344E+00 0.29951E-05 0.44335E-05 0.29673E-04
 0.27500E+00 0.86165E-06 0.12227E-05 0.46610E-05
 0.27656E+00 0.29995E-05 0.44414E-05 0.29726E-04
 0.27813E+00 0.87090E-06 0.12363E-05 0.47214E-05
 0.27969E+00 0.29824E-05 0.44180E-05 0.29569E-04
 0.28125E+00 0.88322E-06 0.12514E-05 0.48022E-05
 0.28281E+00 0.29869E-05 0.44262E-05 0.29624E-04
 0.28438E+00 0.89240E-06 0.12648E-05 0.48634E-05
 0.28594E+00 0.29915E-05 0.44345E-05 0.29679E-04
 0.28750E+00 0.90488E-06 0.12801E-05 0.49454E-05
 0.28906E+00 0.29739E-05 0.44104E-05 0.29518E-04
 0.29063E+00 0.91399E-06 0.12935E-05 0.50073E-05
 0.29219E+00 0.29786E-05 0.44190E-05 0.29575E-04
 0.29375E+00 0.92321E-06 0.13070E-05 0.50698E-05
 0.29531E+00 0.29607E-05 0.43945E-05 0.29411E-04
 0.29688E+00 0.93576E-06 0.13224E-05 0.51538E-05
 0.29844E+00 0.29656E-05 0.44033E-05 0.29469E-04
 0.30000E+00 0.94492E-06 0.13358E-05 0.52171E-05
 0.30156E+00 0.29706E-05 0.44123E-05 0.29528E-04
 0.30312E+00 0.95763E-06 0.13513E-05 0.53044E-05
 0.30469E+00 0.29522E-05 0.43872E-05 0.29359E-04
 0.30625E+00 0.96672E-06 0.13647E-05 0.53663E-05
 0.30781E+00 0.29573E-05 0.43964E-05 0.29420E-04
 0.30938E+00 0.97592E-06 0.13783E-05 0.54310E-05
 0.31094E+00 0.29386E-05 0.43709E-05 0.29248E-04
 0.31250E+00 0.98870E-06 0.13938E-05 0.55193E-05
 0.31406E+00 0.29439E-05 0.43803E-05 0.29310E-04
 0.31563E+00 0.99783E-06 0.14073E-05 0.55837E-05
 0.31719E+00 0.29493E-05 0.43899E-05 0.29372E-04
 0.31875E+00 0.10108E-05 0.14230E-05 0.56768E-05
 0.32031E+00 0.29301E-05 0.43638E-05 0.29195E-04
 0.32188E+00 0.10198E-05 0.14364E-05 0.57384E-05
 0.32344E+00 0.29357E-05 0.43736E-05 0.29260E-04
 0.32500E+00 0.10290E-05 0.14500E-05 0.58053E-05
 0.32656E+00 0.29162E-05 0.43471E-05 0.29080E-04
 0.32812E+00 0.10420E-05 0.14658E-05 0.58995E-05
 0.32969E+00 0.29219E-05 0.43572E-05 0.29145E-04
 0.33125E+00 0.10511E-05 0.14793E-05 0.59636E-05
 0.33281E+00 0.29277E-05 0.43674E-05 0.29212E-04
 0.33437E+00 0.10643E-05 0.14953E-05 0.60629E-05
 0.33594E+00 0.29077E-05 0.43403E-05 0.29027E-04
 0.33750E+00 0.10733E-05 0.15087E-05 0.61265E-05
 0.33906E+00 0.29137E-05 0.43508E-05 0.29095E-04
 0.34063E+00 0.10825E-05 0.15223E-05 0.61932E-05
 0.34219E+00 0.28935E-05 0.43233E-05 0.28907E-04
 0.34375E+00 0.10957E-05 0.15383E-05 0.62936E-05
 0.34531E+00 0.28996E-05 0.43340E-05 0.28977E-04
 0.34688E+00 0.11048E-05 0.15518E-05 0.63586E-05
 0.34844E+00 0.29057E-05 0.43449E-05 0.29047E-04
 0.35000E+00 0.11182E-05 0.15681E-05 0.64630E-05
 0.35156E+00 0.28851E-05 0.43168E-05 0.28854E-04
 0.35313E+00 0.11272E-05 0.15815E-05 0.65288E-05
 0.35469E+00 0.28914E-05 0.43280E-05 0.28926E-04
 0.35625E+00 0.11363E-05 0.15952E-05 0.65952E-05
 0.35781E+00 0.28705E-05 0.42995E-05 0.28730E-04
 0.35938E+00 0.11498E-05 0.16115E-05 0.67020E-05
 0.36094E+00 0.28770E-05 0.43110E-05 0.28803E-04
 0.36250E+00 0.11589E-05 0.16251E-05 0.67691E-05
 0.36406E+00 0.28836E-05 0.43226E-05 0.28877E-04
 0.36562E+00 0.11726E-05 0.16416E-05 0.68775E-05
 0.36719E+00 0.28623E-05 0.42935E-05 0.28677E-04
 0.36875E+00 0.11815E-05 0.16551E-05 0.69455E-05
 0.37031E+00 0.28690E-05 0.43054E-05 0.28752E-04
 0.37188E+00 0.11906E-05 0.16688E-05 0.70141E-05
 0.37344E+00 0.28474E-05 0.42760E-05 0.28549E-04
 0.37500E+00 0.12043E-05 0.16854E-05 0.71250E-05
 0.37656E+00 0.28544E-05 0.42882E-05 0.28626E-04
 0.37813E+00 0.12133E-05 0.16990E-05 0.71944E-05
 0.37969E+00 0.28614E-05 0.43004E-05 0.28703E-04
 0.38125E+00 0.12273E-05 0.17159E-05 0.73068E-05
 0.38281E+00 0.28394E-05 0.42705E-05 0.28495E-04
 0.38438E+00 0.12362E-05 0.17294E-05 0.73771E-05
 0.38594E+00 0.28466E-05 0.42831E-05 0.28574E-04
 0.38750E+00 0.12452E-05 0.17432E-05 0.74480E-05
 0.38906E+00 0.28243E-05 0.42528E-05 0.28363E-04
 0.39062E+00 0.12592E-05 0.17601E-05 0.75629E-05
 0.39219E+00 0.28317E-05 0.42657E-05 0.28444E-04
 0.39375E+00 0.12682E-05 0.17738E-05 0.76347E-05
 0.39531E+00 0.28391E-05 0.42787E-05 0.28524E-04
 0.39687E+00 0.12824E-05 0.17910E-05 0.77511E-05
 0.39844E+00 0.28165E-05 0.42479E-05 0.28309E-04
 0.40000E+00 0.12913E-05 0.18046E-05 0.78238E-05
 0.40156E+00 0.28241E-05 0.42612E-05 0.28391E-04
 0.40313E+00 0.13003E-05 0.18184E-05 0.78971E-05
 0.40469E+00 0.28013E-05 0.42301E-05 0.28173E-04
 0.40625E+00 0.13145E-05 0.18357E-05 0.80160E-05
 0.40781E+00 0.28091E-05 0.42436E-05 0.28257E-04
 0.40938E+00 0.13234E-05 0.18494E-05 0.80902E-05
 0.41094E+00 0.28170E-05 0.42573E-05 0.28341E-04
 0.41250E+00 0.13379E-05 0.18670E-05 0.82107E-05
 0.41406E+00 0.27937E-05 0.42258E-05 0.28119E-04
 0.41563E+00 0.13467E-05 0.18806E-05 0.82858E-05
 0.41719E+00 0.28018E-05 0.42398E-05 0.28205E-04
 0.41875E+00 0.13557E-05 0.18945E-05 0.83616E-05
 0.42031E+00 0.27784E-05 0.42079E-05 0.27979E-04
 0.42188E+00 0.13702E-05 0.19122E-05 0.84846E-05
 0.42344E+00 0.27867E-05 0.42222E-05 0.28066E-04
 0.42500E+00 0.13791E-05 0.19260E-05 0.85613E-05
 0.42656E+00 0.27950E-05 0.42366E-05 0.28154E-04
 0.42812E+00 0.13938E-05 0.19439E-05 0.86859E-05
 0.42969E+00 0.27713E-05 0.42043E-05 0.27924E-04
 0.43125E+00 0.14026E-05 0.19577E-05 0.87635E-05
 0.43281E+00 0.27799E-05 0.42191E-05 0.28013E-04
 0.43438E+00 0.14115E-05 0.19717E-05 0.88418E-05
 0.43594E+00 0.27559E-05 0.41864E-05 0.27780E-04
 0.43750E+00 0.14263E-05 0.19897E-05 0.89690E-05
 0.43906E+00 0.27647E-05 0.42015E-05 0.27871E-04
 0.44063E+00 0.14351E-05 0.20036E-05 0.90482E-05
 0.44219E+00 0.27735E-05 0.42167E-05 0.27962E-04
 0.44375E+00 0.14501E-05 0.20219E-05 0.91769E-05
 0.44531E+00 0.27493E-05 0.41836E-05 0.27725E-04
 0.44688E+00 0.14589E-05 0.20357E-05 0.92571E-05
 0.44844E+00 0.27584E-05 0.41992E-05 0.27818E-04
 0.45000E+00 0.14677E-05 0.20498E-05 0.93379E-05
 0.45156E+00 0.27339E-05 0.41658E-05 0.27577E-04
 0.45312E+00 0.14828E-05 0.20682E-05 0.94692E-05
 0.45469E+00 0.27432E-05 0.41817E-05 0.27672E-04
 0.45625E+00 0.14916E-05 0.20823E-05 0.95510E-05
 0.45781E+00 0.27526E-05 0.41976E-05 0.27767E-04
 0.45937E+00 0.15068E-05 0.21009E-05 0.96839E-05
 0.46094E+00 0.27279E-05 0.41639E-05 0.27522E-04
 0.46250E+00 0.15155E-05 0.21149E-05 0.97666E-05
 0.46406E+00 0.27375E-05 0.41802E-05 0.27618E-04
 0.46563E+00 0.15244E-05 0.21291E-05 0.98500E-05
 0.46719E+00 0.27126E-05 0.41463E-05 0.27370E-04
 0.46875E+00 0.15397E-05 0.21479E-05 0.99856E-05
 0.47031E+00 0.27224E-05 0.41629E-05 0.27468E-04
 0.47188E+00 0.15484E-05 0.21621E-05 0.10070E-04
 0.47344E+00 0.27324E-05 0.41797E-05 0.27567E-04
 0.47500E+00 0.15640E-05 0.21812E-05 0.10207E-04
 0.47656E+00 0.27073E-05 0.41454E-05 0.27314E-04
 0.47813E+00 0.15726E-05 0.21953E-05 0.10292E-04
 0.47969E+00 0.27174E-05 0.41624E-05 0.27414E-04
 0.48125E+00 0.15814E-05 0.22096E-05 0.10378E-04
 0.48281E+00 0.26923E-05 0.41280E-05 0.27159E-04
 0.48438E+00 0.15970E-05 0.22288E-05 0.10518E-04
 0.48594E+00 0.27026E-05 0.41453E-05 0.27260E-04
 0.48750E+00 0.16057E-05 0.22431E-05 0.10605E-04
 0.48906E+00 0.27131E-05 0.41629E-05 0.27362E-04
 0.49062E+00 0.16215E-05 0.22627E-05 0.10746E-04
 0.49219E+00 0.26877E-05 0.41281E-05 0.27103E-04
 0.49375E+00 0.16301E-05 0.22769E-05 0.10834E-04
 0.49531E+00 0.26984E-05 0.41460E-05 0.27206E-04
 0.49688E+00 0.16388E-05 0.22914E-05 0.10923E-04
 0.49844E+00 0.26729E-05 0.41110E-05 0.26944E-04
 0.50000E+00 0.16547E-05 0.23110E-05 0.11067E-04
 0.50156E+00 0.27202E-05 0.41825E-05 0.27417E-04
 0.50313E+00 0.16634E-05 0.23255E-05 0.11157E-04
 0.50469E+00 0.26580E-05 0.40937E-05 0.26781E-04
 0.50625E+00 0.16722E-05 0.23402E-05 0.11247E-04
 0.50781E+00 0.26691E-05 0.41123E-05 0.26888E-04
 0.50938E+00 0.16811E-05 0.23552E-05 0.11338E-04
 0.51094E+00 0.26804E-05 0.41310E-05 0.26994E-04
 0.51250E+00 0.17046E-05 0.23804E-05 0.11542E-04
 0.51406E+00 0.26917E-05 0.41498E-05 0.27102E-04
 0.51562E+00 0.17130E-05 0.23948E-05 0.11633E-04
 0.51719E+00 0.27032E-05 0.41688E-05 0.27210E-04
 0.51875E+00 0.17216E-05 0.24094E-05 0.11725E-04
 0.52031E+00 0.26399E-05 0.40784E-05 0.26557E-04
 0.52188E+00 0.17303E-05 0.24242E-05 0.11818E-04
 0.52344E+00 0.26516E-05 0.40978E-05 0.26666E-04
 0.52500E+00 0.17392E-05 0.24394E-05 0.11912E-04
 0.52656E+00 0.26635E-05 0.41173E-05 0.26776E-04
 0.52812E+00 0.17633E-05 0.24654E-05 0.12121E-04
 0.52969E+00 0.26754E-05 0.41370E-05 0.26887E-04
 0.53125E+00 0.17717E-05 0.24799E-05 0.12216E-04
 0.53281E+00 0.26874E-05 0.41568E-05 0.26998E-04
 0.53438E+00 0.17802E-05 0.24947E-05 0.12311E-04
 0.53594E+00 0.26234E-05 0.40650E-05 0.26328E-04
 0.53750E+00 0.17889E-05 0.25097E-05 0.12406E-04
 0.53906E+00 0.26357E-05 0.40852E-05 0.26441E-04
 0.54063E+00 0.17978E-05 0.25251E-05 0.12503E-04
 0.54219E+00 0.26481E-05 0.41055E-05 0.26554E-04
 0.54375E+00 0.18225E-05 0.25519E-05 0.12718E-04
 0.54531E+00 0.26607E-05 0.41260E-05 0.26668E-04
 0.54688E+00 0.18308E-05 0.25665E-05 0.12815E-04
 0.54844E+00 0.26733E-05 0.41467E-05 0.26783E-04
 0.55000E+00 0.18393E-05 0.25814E-05 0.12912E-04
 0.55156E+00 0.26086E-05 0.40535E-05 0.26095E-04
 0.55313E+00 0.18479E-05 0.25967E-05 0.13011E-04
 0.55469E+00 0.26215E-05 0.40746E-05 0.26211E-04
 0.55625E+00 0.18567E-05 0.26122E-05 0.13110E-04
 0.55781E+00 0.26345E-05 0.40958E-05 0.26328E-04
 0.55937E+00 0.18821E-05 0.26398E-05 0.13331E-04
 0.56094E+00 0.26477E-05 0.41171E-05 0.26446E-04
 0.56250E+00 0.18903E-05 0.26547E-05 0.13430E-04
 0.56406E+00 0.26609E-05 0.41386E-05 0.26564E-04
 0.56563E+00 0.18988E-05 0.26698E-05 0.13530E-04
 0.56719E+00 0.25955E-05 0.40443E-05 0.25859E-04
 0.56875E+00 0.19073E-05 0.26852E-05 0.13631E-04
 0.57031E+00 0.26091E-05 0.40662E-05 0.25978E-04
 0.57188E+00 0.19161E-05 0.27010E-05 0.13733E-04
 0.57344E+00 0.26227E-05 0.40882E-05 0.26099E-04
 0.57500E+00 0.19422E-05 0.27294E-05 0.13960E-04
 0.57656E+00 0.26365E-05 0.41104E-05 0.26219E-04
 0.57812E+00 0.19503E-05 0.27444E-05 0.14062E-04
 0.57969E+00 0.26503E-05 0.41328E-05 0.26341E-04
 0.58125E+00 0.19587E-05 0.27598E-05 0.14165E-04
 0.58281E+00 0.25844E-05 0.40375E-05 0.25619E-04
 0.58438E+00 0.19672E-05 0.27754E-05 0.14269E-04
 0.58594E+00 0.25985E-05 0.40602E-05 0.25742E-04
 0.58750E+00 0.19759E-05 0.27914E-05 0.14373E-04
 0.58906E+00 0.26127E-05 0.40831E-05 0.25865E-04
 0.59062E+00 0.20026E-05 0.28206E-05 0.14605E-04
 0.59219E+00 0.26271E-05 0.41062E-05 0.25989E-04
 0.59375E+00 0.20107E-05 0.28359E-05 0.14710E-04
 0.59531E+00 0.26415E-05 0.41294E-05 0.26114E-04
 0.59688E+00 0.20190E-05 0.28514E-05 0.14816E-04
 0.59844E+00 0.25751E-05 0.40333E-05 0.25375E-04
 0.60000E+00 0.20275E-05 0.28672E-05 0.14922E-04
 0.60156E+00 0.25898E-05 0.40569E-05 0.25501E-04
 0.60313E+00 0.20362E-05 0.28834E-05 0.15029E-04
 0.60469E+00 0.26046E-05 0.40807E-05 0.25628E-04
 0.60625E+00 0.20636E-05 0.29135E-05 0.15267E-04
 0.60781E+00 0.26195E-05 0.41046E-05 0.25755E-04
 0.60938E+00 0.20716E-05 0.29290E-05 0.15374E-04
 0.61094E+00 0.26346E-05 0.41287E-05 0.25883E-04
 0.61250E+00 0.20798E-05 0.29447E-05 0.15483E-04
 0.61406E+00 0.25679E-05 0.40319E-05 0.25128E-04
 0.61563E+00 0.20883E-05 0.29608E-05 0.15591E-04
 0.61719E+00 0.25832E-05 0.40564E-05 0.25257E-04
 0.61875E+00 0.20969E-05 0.29772E-05 0.15701E-04
 0.62031E+00 0.25987E-05 0.40810E-05 0.25387E-04
 0.62187E+00 0.21249E-05 0.30082E-05 0.15945E-04
 0.62344E+00 0.26142E-05 0.41058E-05 0.25518E-04
 0.62500E+00 0.21329E-05 0.30239E-05 0.16055E-04
 0.62656E+00 0.26298E-05 0.41308E-05 0.25649E-04
 0.62813E+00 0.21411E-05 0.30398E-05 0.16165E-04
 0.62969E+00 0.25630E-05 0.40335E-05 0.24878E-04
 0.63125E+00 0.21495E-05 0.30562E-05 0.16277E-04
 0.63281E+00 0.25789E-05 0.40589E-05 0.25010E-04
 0.63438E+00 0.21580E-05 0.30728E-05 0.16389E-04
 0.63594E+00 0.25950E-05 0.40844E-05 0.25143E-04
 0.63750E+00 0.21868E-05 0.31046E-05 0.16638E-04
 0.63906E+00 0.26111E-05 0.41100E-05 0.25277E-04
 0.64062E+00 0.21947E-05 0.31205E-05 0.16751E-04
 0.64219E+00 0.26273E-05 0.41358E-05 0.25411E-04
 0.64375E+00 0.22028E-05 0.31367E-05 0.16864E-04
 0.64531E+00 0.25604E-05 0.40383E-05 0.24627E-04
 0.64688E+00 0.22111E-05 0.31533E-05 0.16978E-04
 0.64844E+00 0.25769E-05 0.40645E-05 0.24763E-04
 0.65000E+00 0.22196E-05 0.31702E-05 0.17093E-04
 0.65156E+00 0.25936E-05 0.40909E-05 0.24900E-04
 0.65312E+00 0.22491E-05 0.32029E-05 0.17348E-04
 0.65469E+00 0.26103E-05 0.41174E-05 0.25038E-04
 0.65625E+00 0.22569E-05 0.32190E-05 0.17462E-04
 0.65781E+00 0.26271E-05 0.41441E-05 0.25176E-04
 0.65938E+00 0.22650E-05 0.32355E-05 0.17578E-04
 0.66094E+00 0.25602E-05 0.40465E-05 0.24378E-04
 0.66250E+00 0.22732E-05 0.32523E-05 0.17695E-04
 0.66406E+00 0.25773E-05 0.40736E-05 0.24518E-04
 0.66563E+00 0.22817E-05 0.32694E-05 0.17812E-04
 0.66719E+00 0.25946E-05 0.41008E-05 0.24658E-04
 0.66875E+00 0.23118E-05 0.33030E-05 0.18077E-04
 0.67031E+00 0.26119E-05 0.41282E-05 0.24799E-04
 0.67188E+00 0.23196E-05 0.33194E-05 0.18189E-04
 0.67344E+00 0.26293E-05 0.41557E-05 0.24940E-04
 0.67500E+00 0.23276E-05 0.33361E-05 0.18308E-04
 0.67656E+00 0.25625E-05 0.40583E-05 0.24126E-04
 0.67813E+00 0.23358E-05 0.33531E-05 0.18427E-04
 0.67969E+00 0.25802E-05 0.40862E-05 0.24269E-04
 0.68125E+00 0.23442E-05 0.33705E-05 0.18546E-04
 0.68281E+00 0.25981E-05 0.41142E-05 0.24412E-04
 0.68437E+00 0.23751E-05 0.34050E-05 0.18822E-04
 0.68594E+00 0.26160E-05 0.41425E-05 0.24556E-04
 0.68750E+00 0.23828E-05 0.34216E-05 0.18931E-04
 0.68906E+00 0.26340E-05 0.41708E-05 0.24701E-04
 0.69063E+00 0.23908E-05 0.34386E-05 0.19052E-04
 0.69219E+00 0.25676E-05 0.40737E-05 0.23872E-04
 0.69375E+00 0.23989E-05 0.34559E-05 0.19173E-04
 0.69531E+00 0.25859E-05 0.41025E-05 0.24017E-04
 0.69688E+00 0.24072E-05 0.34736E-05 0.19296E-04
 0.69844E+00 0.26043E-05 0.41314E-05 0.24164E-04
 0.70000E+00 0.24388E-05 0.35089E-05 0.19581E-04
 0.70156E+00 0.26227E-05 0.41604E-05 0.24311E-04
 0.70312E+00 0.24465E-05 0.35258E-05 0.19693E-04
 0.70469E+00 0.26413E-05 0.41896E-05 0.24458E-04
 0.70625E+00 0.24543E-05 0.35430E-05 0.19811E-04
 0.70781E+00 0.25757E-05 0.40930E-05 0.23614E-04
 0.70938E+00 0.24624E-05 0.35606E-05 0.19935E-04
 0.71094E+00 0.25946E-05 0.41226E-05 0.23763E-04
 0.71250E+00 0.24707E-05 0.35785E-05 0.20059E-04
 0.71406E+00 0.26135E-05 0.41523E-05 0.23912E-04
 0.71562E+00 0.25030E-05 0.36147E-05 0.20355E-04
 0.71719E+00 0.26325E-05 0.41822E-05 0.24062E-04
 0.71875E+00 0.25106E-05 0.36318E-05 0.20469E-04
 0.72031E+00 0.26517E-05 0.42122E-05 0.24213E-04
 0.72188E+00 0.25184E-05 0.36493E-05 0.20584E-04
 0.72344E+00 0.25871E-05 0.41164E-05 0.23353E-04
 0.72500E+00 0.25264E-05 0.36672E-05 0.20710E-04
 0.72656E+00 0.26065E-05 0.41467E-05 0.23505E-04
 0.72813E+00 0.25347E-05 0.36853E-05 0.20837E-04
 0.72969E+00 0.26259E-05 0.41772E-05 0.23657E-04
 0.73125E+00 0.25676E-05 0.37224E-05 0.21144E-04
 0.73281E+00 0.26455E-05 0.42079E-05 0.23811E-04
 0.73438E+00 0.25752E-05 0.37398E-05 0.21259E-04
 0.73594E+00 0.26652E-05 0.42387E-05 0.23964E-04
 0.73750E+00 0.25830E-05 0.37576E-05 0.21376E-04
 0.73906E+00 0.26017E-05 0.41438E-05 0.23090E-04
 0.74063E+00 0.25909E-05 0.37757E-05 0.21499E-04
 0.74219E+00 0.26216E-05 0.41749E-05 0.23244E-04
 0.74375E+00 0.25991E-05 0.37941E-05 0.21628E-04
 0.74531E+00 0.26416E-05 0.42062E-05 0.23400E-04
 0.74687E+00 0.26328E-05 0.38320E-05 0.21946E-04
 0.74844E+00 0.26617E-05 0.42376E-05 0.23556E-04
 0.75000E+00 0.26403E-05 0.38497E-05 0.22064E-04
 0.75156E+00 0.26818E-05 0.42692E-05 0.23712E-04
 0.75313E+00 0.26480E-05 0.38677E-05 0.22182E-04
 0.75469E+00 0.26195E-05 0.41754E-05 0.22823E-04
 0.75625E+00 0.26559E-05 0.38861E-05 0.22302E-04
 0.75781E+00 0.26399E-05 0.42073E-05 0.22981E-04
 0.75938E+00 0.26641E-05 0.39048E-05 0.22433E-04
 0.76094E+00 0.26604E-05 0.42394E-05 0.23139E-04
 0.76250E+00 0.26985E-05 0.39436E-05 0.22762E-04
 0.76406E+00 0.26809E-05 0.42715E-05 0.23298E-04
 0.76562E+00 0.27059E-05 0.39615E-05 0.22881E-04
 0.76719E+00 0.27016E-05 0.43038E-05 0.23458E-04
 0.76875E+00 0.27136E-05 0.39798E-05 0.23001E-04
 0.77031E+00 0.26406E-05 0.42114E-05 0.22554E-04
 0.77188E+00 0.27214E-05 0.39985E-05 0.23122E-04
 0.77344E+00 0.26614E-05 0.42440E-05 0.22715E-04
 0.77500E+00 0.27295E-05 0.40174E-05 0.23250E-04
 0.77656E+00 0.26823E-05 0.42768E-05 0.22876E-04
 0.77812E+00 0.27646E-05 0.40571E-05 0.23590E-04
 0.77969E+00 0.27033E-05 0.43097E-05 0.23038E-04
 0.78125E+00 0.27720E-05 0.40753E-05 0.23711E-04
 0.78281E+00 0.27244E-05 0.43427E-05 0.23200E-04
 0.78438E+00 0.27796E-05 0.40938E-05 0.23833E-04
 0.78594E+00 0.26647E-05 0.42517E-05 0.22282E-04
 0.78750E+00 0.27874E-05 0.41127E-05 0.23955E-04
 0.78906E+00 0.26859E-05 0.42850E-05 0.22446E-04
 0.79063E+00 0.27954E-05 0.41320E-05 0.24079E-04
 0.79219E+00 0.27073E-05 0.43185E-05 0.22610E-04
 0.79375E+00 0.28313E-05 0.41724E-05 0.24431E-04
 0.79531E+00 0.27287E-05 0.43520E-05 0.22774E-04
 0.79688E+00 0.28386E-05 0.41909E-05 0.24554E-04
 0.79844E+00 0.27502E-05 0.43857E-05 0.22940E-04
 0.80000E+00 0.28461E-05 0.42097E-05 0.24677E-04
 0.80156E+00 0.26919E-05 0.42964E-05 0.22008E-04
 0.80313E+00 0.28539E-05 0.42288E-05 0.24801E-04
 0.80469E+00 0.27136E-05 0.43304E-05 0.22174E-04
 0.80625E+00 0.28618E-05 0.42483E-05 0.24926E-04
 0.80781E+00 0.27353E-05 0.43645E-05 0.22341E-04
 0.80937E+00 0.28984E-05 0.42896E-05 0.25283E-04
 0.81094E+00 0.27572E-05 0.43987E-05 0.22508E-04
 0.81250E+00 0.29057E-05 0.43083E-05 0.25408E-04
 0.81406E+00 0.27791E-05 0.44331E-05 0.22676E-04
 0.81563E+00 0.29132E-05 0.43274E-05 0.25533E-04
 0.81719E+00 0.27224E-05 0.43456E-05 0.21731E-04
 0.81875E+00 0.29209E-05 0.43468E-05 0.25658E-04
 0.82031E+00 0.27444E-05 0.43802E-05 0.21900E-04
 0.82188E+00 0.29288E-05 0.43666E-05 0.25784E-04
 0.82344E+00 0.27666E-05 0.44149E-05 0.22069E-04
 0.82500E+00 0.29661E-05 0.44087E-05 0.26147E-04
 0.82656E+00 0.27888E-05 0.44497E-05 0.22240E-04
 0.82812E+00 0.29733E-05 0.44276E-05 0.26272E-04
 0.82969E+00 0.28110E-05 0.44847E-05 0.22410E-04
 0.83125E+00 0.29807E-05 0.44470E-05 0.26399E-04
 0.83281E+00 0.27563E-05 0.43991E-05 0.21593E-04
 0.83438E+00 0.29884E-05 0.44666E-05 0.26526E-04
 0.83594E+00 0.27787E-05 0.44343E-05 0.21770E-04
 0.83750E+00 0.29962E-05 0.44866E-05 0.26653E-04
 0.83906E+00 0.28011E-05 0.44696E-05 0.21948E-04
 0.84062E+00 0.30342E-05 0.45295E-05 0.27020E-04
 0.84219E+00 0.28237E-05 0.45050E-05 0.22126E-04
 0.84375E+00 0.30414E-05 0.45487E-05 0.27147E-04
 0.84531E+00 0.28463E-05 0.45405E-05 0.22304E-04
 0.84688E+00 0.30488E-05 0.45683E-05 0.27275E-04
 0.84844E+00 0.27933E-05 0.44571E-05 0.21602E-04
 0.85000E+00 0.30564E-05 0.45882E-05 0.27403E-04
 0.85156E+00 0.28160E-05 0.44928E-05 0.21784E-04
 0.85313E+00 0.30642E-05 0.46084E-05 0.27532E-04
 0.85469E+00 0.28387E-05 0.45286E-05 0.21967E-04
 0.85625E+00 0.31029E-05 0.46521E-05 0.27904E-04
 0.85781E+00 0.28616E-05 0.45646E-05 0.22150E-04
 0.85938E+00 0.31100E-05 0.46716E-05 0.28032E-04
 0.86094E+00 0.28845E-05 0.46007E-05 0.22334E-04
 0.86250E+00 0.31173E-05 0.46913E-05 0.28161E-04
 0.86406E+00 0.28333E-05 0.45194E-05 0.21640E-04
 0.86563E+00 0.31248E-05 0.47115E-05 0.28290E-04
 0.86719E+00 0.28562E-05 0.45556E-05 0.21825E-04
 0.86875E+00 0.31326E-05 0.47320E-05 0.28420E-04
 0.87031E+00 0.28793E-05 0.45919E-05 0.22010E-04
 0.87187E+00 0.31720E-05 0.47764E-05 0.28796E-04
 0.87344E+00 0.29024E-05 0.46284E-05 0.22196E-04
 0.87500E+00 0.31791E-05 0.47961E-05 0.28925E-04
 0.87656E+00 0.29256E-05 0.46650E-05 0.22383E-04
 0.87813E+00 0.31863E-05 0.48161E-05 0.29055E-04
 0.87969E+00 0.28762E-05 0.45860E-05 0.21680E-04
 0.88125E+00 0.31938E-05 0.48364E-05 0.29185E-04
 0.88281E+00 0.28994E-05 0.46226E-05 0.21867E-04
 0.88438E+00 0.32015E-05 0.48571E-05 0.29316E-04
 0.88594E+00 0.29228E-05 0.46594E-05 0.22055E-04
 0.88750E+00 0.32416E-05 0.49023E-05 0.29697E-04
 0.88906E+00 0.29461E-05 0.46964E-05 0.22244E-04
 0.89062E+00 0.32487E-05 0.49222E-05 0.29827E-04
 0.89219E+00 0.29696E-05 0.47334E-05 0.22433E-04
 0.89375E+00 0.32559E-05 0.49424E-05 0.29958E-04
 0.89531E+00 0.29219E-05 0.46568E-05 0.21956E-04
 0.89688E+00 0.32633E-05 0.49630E-05 0.30089E-04
 0.89844E+00 0.29453E-05 0.46939E-05 0.22145E-04
 0.90000E+00 0.32709E-05 0.49839E-05 0.30220E-04
 0.90156E+00 0.29689E-05 0.47311E-05 0.22334E-04
 0.90312E+00 0.33118E-05 0.50298E-05 0.30604E-04
 0.90469E+00 0.29925E-05 0.47684E-05 0.22524E-04
 0.90625E+00 0.33187E-05 0.50499E-05 0.30735E-04
 0.90781E+00 0.30162E-05 0.48059E-05 0.22714E-04
 0.90938E+00 0.33259E-05 0.50704E-05 0.30867E-04
 0.91094E+00 0.29701E-05 0.47317E-05 0.22271E-04
 0.91250E+00 0.33332E-05 0.50911E-05 0.30998E-04
 0.91406E+00 0.29938E-05 0.47692E-05 0.22462E-04
 0.91563E+00 0.33408E-05 0.51122E-05 0.31131E-04
 0.91719E+00 0.30175E-05 0.48068E-05 0.22654E-04
 0.91875E+00 0.33823E-05 0.51588E-05 0.31519E-04
 0.92031E+00 0.30413E-05 0.48445E-05 0.22846E-04
 0.92188E+00 0.33892E-05 0.51791E-05 0.31650E-04
 0.92344E+00 0.30652E-05 0.48823E-05 0.23039E-04
 0.92500E+00 0.33964E-05 0.51997E-05 0.31782E-04
 0.92656E+00 0.30208E-05 0.48106E-05 0.22591E-04
 0.92813E+00 0.34037E-05 0.52207E-05 0.31914E-04
 0.92969E+00 0.30446E-05 0.48484E-05 0.22784E-04
 0.93125E+00 0.34112E-05 0.52420E-05 0.32047E-04
 0.93281E+00 0.30685E-05 0.48863E-05 0.22978E-04
 0.93437E+00 0.34534E-05 0.52893E-05 0.32439E-04
 0.93594E+00 0.30925E-05 0.49244E-05 0.23173E-04
 0.93750E+00 0.34602E-05 0.53097E-05 0.32571E-04
 0.93906E+00 0.31166E-05 0.49625E-05 0.23368E-04
 0.94063E+00 0.34673E-05 0.53305E-05 0.32703E-04
 0.94219E+00 0.30737E-05 0.48934E-05 0.22969E-04
 0.94375E+00 0.34745E-05 0.53517E-05 0.32835E-04
 0.94531E+00 0.30977E-05 0.49315E-05 0.23163E-04
 0.94688E+00 0.34820E-05 0.53731E-05 0.32968E-04
 0.94844E+00 0.31217E-05 0.49697E-05 0.23357E-04
 0.95000E+00 0.35249E-05 0.54210E-05 0.33363E-04
 0.95156E+00 0.31458E-05 0.50080E-05 0.23551E-04
 0.95312E+00 0.35317E-05 0.54417E-05 0.33495E-04
 0.95469E+00 0.31700E-05 0.50464E-05 0.23746E-04
 0.95625E+00 0.35387E-05 0.54626E-05 0.33628E-04
 0.95781E+00 0.31287E-05 0.49799E-05 0.23387E-04
 0.95938E+00 0.35459E-05 0.54839E-05 0.33761E-04
 0.96094E+00 0.31528E-05 0.50182E-05 0.23582E-04
 0.96250E+00 0.35533E-05 0.55055E-05 0.33894E-04
 0.96406E+00 0.31770E-05 0.50567E-05 0.23778E-04
 0.96562E+00 0.35968E-05 0.55541E-05 0.34291E-04
 0.96719E+00 0.32012E-05 0.50953E-05 0.23975E-04
 0.96875E+00 0.36036E-05 0.55749E-05 0.34424E-04
 0.97031E+00 0.32256E-05 0.51339E-05 0.24172E-04
 0.97188E+00 0.36105E-05 0.55960E-05 0.34556E-04
 0.97344E+00 0.31858E-05 0.50699E-05 0.23808E-04
 0.97500E+00 0.36176E-05 0.56174E-05 0.34689E-04
 0.97656E+00 0.32100E-05 0.51085E-05 0.24005E-04
 0.97813E+00 0.36250E-05 0.56391E-05 0.34822E-04
 0.97969E+00 0.32343E-05 0.51472E-05 0.24203E-04
 0.98125E+00 0.36692E-05 0.56883E-05 0.35222E-04
 0.98281E+00 0.32586E-05 0.51859E-05 0.24402E-04
 0.98438E+00 0.36759E-05 0.57092E-05 0.35355E-04
 0.98594E+00 0.32830E-05 0.52248E-05 0.24600E-04
 0.98750E+00 0.36827E-05 0.57304E-05 0.35487E-04
 0.98906E+00 0.32448E-05 0.51634E-05 0.24233E-04
 0.99063E+00 0.36898E-05 0.57519E-05 0.35619E-04
 0.99219E+00 0.32691E-05 0.52021E-05 0.24432E-04
 0.99375E+00 0.36971E-05 0.57738E-05 0.35752E-04
 0.99531E+00 0.32934E-05 0.52410E-05 0.24631E-04
 0.99687E+00 0.37420E-05 0.58235E-05 0.36155E-04
 0.99844E+00 0.33178E-05 0.52799E-05 0.24831E-04
 0.10000E+01 0.37486E-05 0.58446E-05 0.36287E-04
 0.10016E+01 0.32815E-05 0.52215E-05 0.24495E-04
 0.10016E+01 0.32815E-05 0.52215E-05 0.24495E-04
