0.000000000000000000e+00 4.083244015625000107e-05
1.000000000000000000e+00 4.083332648437498991e-05
2.000000000000000000e+00 4.083521624999996043e-05
3.000000000000000000e+00 4.083815484375002264e-05
4.000000000000000000e+00 4.084216218750000884e-05
5.000000000000000000e+00 4.084709765624999306e-05
6.000000000000000000e+00 4.085304281250003562e-05
7.000000000000000000e+00 4.086001828125000669e-05
8.000000000000000000e+00 4.086772460937501862e-05
9.000000000000000000e+00 4.087678929687498316e-05
1.000000000000000000e+01 4.088707570312500586e-05
1.100000000000000000e+01 4.089799109375000892e-05
1.200000000000000000e+01 4.091035664062501792e-05
1.300000000000000000e+01 4.092332359374999552e-05
1.400000000000000000e+01 4.093771257812503045e-05
1.500000000000000000e+01 4.095341648437498150e-05
1.600000000000000000e+01 4.097002437499996604e-05
1.700000000000000000e+01 4.098782601562496464e-05
1.800000000000000000e+01 4.100676781250002203e-05
1.900000000000000000e+01 4.102703218749998527e-05
2.000000000000000000e+01 4.104848249999998701e-05
2.100000000000000000e+01 4.107131914062499224e-05
2.200000000000000000e+01 4.109523773437499068e-05
2.300000000000000000e+01 4.112077187499999149e-05
2.400000000000000000e+01 4.114759515624999111e-05
2.500000000000000000e+01 4.117586398437499476e-05
2.600000000000000000e+01 4.120544054687499746e-05
2.700000000000000000e+01 4.123651374999998299e-05
2.800000000000000000e+01 4.126914406250002144e-05
2.900000000000000000e+01 4.130340242187501232e-05
3.000000000000000000e+01 4.133949781250002858e-05
3.100000000000000000e+01 4.137680906249999765e-05
3.200000000000000000e+01 4.141591437499999440e-05
3.300000000000000000e+01 4.145696554687500180e-05
3.400000000000000000e+01 4.149976750000004041e-05
3.500000000000000000e+01 4.154420015624997340e-05
3.600000000000000000e+01 4.159090640624997628e-05
3.700000000000000000e+01 4.163970929687501075e-05
3.800000000000000000e+01 4.168978140624998811e-05
3.900000000000000000e+01 4.174262281250000619e-05
4.000000000000000000e+01 4.179741937499999101e-05
4.100000000000000000e+01 4.185436421875001113e-05
4.200000000000000000e+01 4.191355125000000980e-05
4.300000000000000000e+01 4.197497281250001084e-05
4.400000000000000000e+01 4.203916070312501704e-05
4.500000000000000000e+01 4.210553960937498942e-05
4.600000000000000000e+01 4.217476062499998264e-05
4.700000000000000000e+01 4.224645460937497416e-05
4.800000000000000000e+01 4.232068500000001543e-05
4.900000000000000000e+01 4.239797656250003568e-05
5.000000000000000000e+01 4.247823109374996653e-05
5.100000000000000000e+01 4.256123523437499646e-05
5.200000000000000000e+01 4.264719148437501426e-05
5.300000000000000000e+01 4.273649703125000494e-05
5.400000000000000000e+01 4.282919945312498169e-05
5.500000000000000000e+01 4.292480585937500986e-05
5.600000000000000000e+01 4.302407187499998392e-05
5.700000000000000000e+01 4.312703593749999423e-05
5.800000000000000000e+01 4.323356531250002228e-05
5.900000000000000000e+01 4.334352789062499966e-05
6.000000000000000000e+01 4.345789914062500624e-05
6.100000000000000000e+01 4.357563664062498573e-05
6.200000000000000000e+01 4.369779374999997106e-05
6.300000000000000000e+01 4.382414203125001442e-05
6.400000000000000000e+01 4.395466609375000790e-05
6.500000000000000000e+01 4.408985242187498629e-05
6.600000000000000000e+01 4.422953085937501286e-05
6.700000000000000000e+01 4.437377343749999628e-05
6.800000000000000000e+01 4.452324718749998175e-05
6.900000000000000000e+01 4.467727757812501503e-05
7.000000000000000000e+01 4.483662914062499567e-05
7.100000000000000000e+01 4.500124187500002110e-05
7.200000000000000000e+01 4.517129437499997402e-05
7.300000000000000000e+01 4.534662789062500086e-05
7.400000000000000000e+01 4.552783148437499757e-05
7.500000000000000000e+01 4.571472671874999275e-05
7.600000000000000000e+01 4.590798164062496653e-05
7.700000000000000000e+01 4.610730171875001838e-05
7.800000000000000000e+01 4.631304679687501147e-05
7.900000000000000000e+01 4.652535031249999538e-05
8.000000000000000000e+01 4.674417695312502988e-05
8.100000000000000000e+01 4.697025148437496334e-05
8.200000000000000000e+01 4.720332476562499169e-05
8.300000000000000000e+01 4.744367856249997160e-05
8.400000000000000000e+01 4.769135166406245476e-05
8.500000000000000000e+01 4.794673379687501357e-05
8.600000000000000000e+01 4.821020207031247612e-05
8.700000000000000000e+01 4.848157539062498327e-05
8.800000000000000000e+01 4.876156721093747600e-05
8.900000000000000000e+01 4.905001433593746607e-05
9.000000000000000000e+01 4.934709021093748208e-05
9.100000000000000000e+01 4.965325528906251376e-05
9.200000000000000000e+01 4.996871360937501491e-05
9.300000000000000000e+01 5.029362489843752830e-05
9.400000000000000000e+01 5.062818580468746274e-05
9.500000000000000000e+01 5.097304704687501668e-05
9.600000000000000000e+01 5.132780008359376974e-05
9.700000000000000000e+01 5.169316389999997112e-05
9.800000000000000000e+01 5.206975887406249285e-05
9.900000000000000000e+01 5.245699371484375585e-05
1.000000000000000000e+02 5.285564575156246009e-05
1.010000000000000000e+02 5.326616323203127294e-05
1.020000000000000000e+02 5.368828598203128087e-05
1.030000000000000000e+02 5.412294750781250648e-05
1.040000000000000000e+02 5.457029078125001816e-05
1.050000000000000000e+02 5.503043885156251163e-05
1.060000000000000000e+02 5.550391121093750158e-05
1.070000000000000000e+02 5.599040928124996813e-05
1.080000000000000000e+02 5.649124851562500145e-05
1.090000000000000000e+02 5.700675479687498861e-05
1.100000000000000000e+02 5.753629993749997994e-05
1.110000000000000000e+02 5.808126289062498808e-05
1.120000000000000000e+02 5.864129085937498615e-05
1.130000000000000000e+02 5.921724351562499499e-05
1.140000000000000000e+02 5.980928437499999139e-05
1.150000000000000000e+02 6.041767835937500100e-05
1.160000000000000000e+02 6.104358859374999760e-05
1.170000000000000000e+02 6.168642421874997723e-05
1.180000000000000000e+02 6.234744164062496787e-05
1.190000000000000000e+02 6.302684499999994662e-05
1.200000000000000000e+02 6.372472921874997465e-05
1.210000000000000000e+02 6.444192148437497220e-05
1.220000000000000000e+02 6.517879585937507087e-05
1.230000000000000000e+02 6.593574242187501982e-05
1.240000000000000000e+02 6.671323914062502337e-05
1.250000000000000000e+02 6.751208710937498404e-05
1.260000000000000000e+02 6.833270234375000811e-05
1.270000000000000000e+02 6.917541687500006989e-05
1.280000000000000000e+02 7.004101742187496672e-05
1.290000000000000000e+02 7.092983046875001355e-05
1.300000000000000000e+02 7.184273359374997669e-05
1.310000000000000000e+02 7.277964921875001026e-05
1.320000000000000000e+02 7.374207812499997215e-05
1.330000000000000000e+02 7.472993125000001492e-05
1.340000000000000000e+02 7.574436328125002413e-05
1.350000000000000000e+02 7.678541796875001468e-05
1.360000000000000000e+02 7.785418359374998839e-05
1.370000000000000000e+02 7.895148125000001180e-05
1.380000000000000000e+02 8.007721953125001646e-05
1.390000000000000000e+02 8.123286640625000492e-05
1.400000000000000000e+02 8.241867890624996655e-05
1.410000000000000000e+02 8.363609531250003608e-05
1.420000000000000000e+02 8.488481015625001108e-05
1.430000000000000000e+02 8.616639531249999388e-05
1.440000000000000000e+02 8.748115859374998781e-05
1.450000000000000000e+02 8.882995781249999401e-05
1.460000000000000000e+02 9.021401015625004130e-05
1.470000000000000000e+02 9.163384843750006065e-05
1.480000000000000000e+02 9.308996874999996712e-05
1.490000000000000000e+02 9.458381171875000803e-05
1.500000000000000000e+02 9.611642656249996179e-05
1.510000000000000000e+02 9.768802500000001241e-05
1.520000000000000000e+02 9.929976796875000691e-05
1.530000000000000000e+02 1.009531515624999845e-04
1.540000000000000000e+02 1.026484382812500212e-04
1.550000000000000000e+02 1.043866406249999336e-04
1.560000000000000000e+02 1.061695390624999393e-04
1.570000000000000000e+02 1.079971328124999466e-04
1.580000000000000000e+02 1.098710234375000204e-04
1.590000000000000000e+02 1.117930312499999888e-04
1.600000000000000000e+02 1.137628593749999808e-04
1.610000000000000000e+02 1.157825390624999843e-04
1.620000000000000000e+02 1.178527890625000548e-04
1.630000000000000000e+02 1.199751406249999826e-04
1.640000000000000000e+02 1.221504218749999552e-04
1.650000000000000000e+02 1.243801796875000122e-04
1.660000000000000000e+02 1.266654609375000092e-04
1.670000000000000000e+02 1.290080078125000862e-04
1.680000000000000000e+02 1.314087265624999559e-04
1.690000000000000000e+02 1.338687578125000209e-04
1.700000000000000000e+02 1.363902578124999323e-04
1.710000000000000000e+02 1.389736562499999518e-04
1.720000000000000000e+02 1.416213359374999636e-04
1.730000000000000000e+02 1.443341093749999195e-04
1.740000000000000000e+02 1.471129062499999807e-04
1.750000000000000000e+02 1.499614765624999893e-04
1.760000000000000000e+02 1.528789296875000077e-04
1.770000000000000000e+02 1.558679921874999558e-04
1.780000000000000000e+02 1.589304374999999574e-04
1.790000000000000000e+02 1.620675624999999803e-04
1.800000000000000000e+02 1.652809765625000177e-04
1.810000000000000000e+02 1.685727109374999492e-04
1.820000000000000000e+02 1.719444296874999016e-04
1.830000000000000000e+02 1.753979140625000488e-04
1.840000000000000000e+02 1.789350703125000921e-04
1.850000000000000000e+02 1.825580625000000580e-04
1.860000000000000000e+02 1.862685156250001753e-04
1.870000000000000000e+02 1.900674609374999554e-04
1.880000000000000000e+02 1.939586874999999790e-04
1.890000000000000000e+02 1.979434062499999881e-04
1.900000000000000000e+02 2.020238124999999385e-04
1.910000000000000000e+02 2.062017421875000293e-04
1.920000000000000000e+02 2.104793984375000497e-04
1.930000000000000000e+02 2.148594453125000339e-04
1.940000000000000000e+02 2.193446249999998938e-04
1.950000000000000000e+02 2.239355625000000866e-04
1.960000000000000000e+02 2.286363906250000631e-04
1.970000000000000000e+02 2.334480781250000453e-04
1.980000000000000000e+02 2.383741484375000218e-04
1.990000000000000000e+02 2.434166406250001932e-04
2.000000000000000000e+02 2.485778125000001029e-04
2.010000000000000000e+02 2.538613281249999637e-04
2.020000000000000000e+02 2.592695312500000056e-04
2.030000000000000000e+02 2.648046874999999034e-04
2.040000000000000000e+02 2.704691406250000498e-04
2.050000000000000000e+02 2.762664062499997869e-04
2.060000000000000000e+02 2.821997656249999897e-04
2.070000000000000000e+02 2.882717187500001554e-04
2.080000000000000000e+02 2.944846093749998637e-04
2.090000000000000000e+02 3.008435937499998156e-04
2.100000000000000000e+02 3.073489062500001047e-04
2.110000000000000000e+02 3.140056249999999553e-04
2.120000000000000000e+02 3.208172656250000651e-04
2.130000000000000000e+02 3.277855468749999628e-04
2.140000000000000000e+02 3.349152343750000675e-04
2.150000000000000000e+02 3.422094531250002522e-04
2.160000000000000000e+02 3.496707812500000814e-04
2.170000000000000000e+02 3.573040624999999329e-04
2.180000000000000000e+02 3.651129687499999883e-04
2.190000000000000000e+02 3.731001562499999336e-04
2.200000000000000000e+02 3.812698437500000419e-04
2.210000000000000000e+02 3.896262499999999900e-04
2.220000000000000000e+02 3.981730468749999593e-04
2.230000000000000000e+02 4.069134375000001071e-04
2.240000000000000000e+02 4.158526562500000092e-04
2.250000000000000000e+02 4.249942187499998751e-04
2.260000000000000000e+02 4.343430468750001500e-04
2.270000000000000000e+02 4.439027343750000807e-04
2.280000000000000000e+02 4.536778125000003720e-04
2.290000000000000000e+02 4.636727343750000896e-04
2.300000000000000000e+02 4.738917968749997906e-04
2.310000000000000000e+02 4.843394531250000586e-04
2.320000000000000000e+02 4.950218750000000842e-04
2.330000000000000000e+02 5.059417968750002173e-04
2.340000000000000000e+02 5.171054687500000954e-04
2.350000000000000000e+02 5.285167968750002646e-04
2.360000000000000000e+02 5.401814062499999325e-04
2.370000000000000000e+02 5.521037500000002245e-04
2.380000000000000000e+02 5.642903125000001130e-04
2.390000000000000000e+02 5.767448437499999008e-04
2.400000000000000000e+02 5.894739843749998874e-04
2.410000000000000000e+02 6.024825781250002336e-04
2.420000000000000000e+02 6.157760156250001622e-04
2.430000000000000000e+02 6.293603124999999762e-04
2.440000000000000000e+02 6.432398437500000832e-04
2.450000000000000000e+02 6.574221874999999641e-04
2.460000000000000000e+02 6.719117187500001347e-04
2.470000000000000000e+02 6.867152343750000535e-04
2.480000000000000000e+02 7.018391406249999262e-04
2.490000000000000000e+02 7.172885156250003325e-04
2.500000000000000000e+02 7.330700000000000540e-04
2.510000000000000000e+02 7.491903906250003920e-04
2.520000000000000000e+02 7.656550000000006103e-04
2.530000000000000000e+02 7.824713281249999052e-04
2.540000000000000000e+02 7.996463281250003633e-04
2.550000000000000000e+02 8.171848437500001941e-04
2.560000000000000000e+02 8.350932031249998612e-04
2.570000000000000000e+02 8.533831250000001355e-04
2.580000000000000000e+02 8.720550781250000112e-04
2.590000000000000000e+02 8.911199218749999524e-04
2.600000000000000000e+02 9.105820312499999332e-04
2.610000000000000000e+02 9.304542187499994978e-04
2.620000000000000000e+02 9.507393750000005944e-04
2.630000000000000000e+02 9.714428124999998845e-04
2.640000000000000000e+02 9.925769531250001540e-04
2.650000000000000000e+02 1.014141875000000061e-03
2.660000000000000000e+02 1.036159218750000140e-03
2.670000000000000000e+02 1.058619218750000111e-03
2.680000000000000000e+02 1.081536093749999646e-03
2.690000000000000000e+02 1.104929687500000009e-03
2.700000000000000000e+02 1.128791015624999641e-03
2.710000000000000000e+02 1.153135624999999899e-03
2.720000000000000000e+02 1.177969531249999568e-03
2.730000000000000000e+02 1.203304687499999730e-03
2.740000000000000000e+02 1.229142968749999615e-03
2.750000000000000000e+02 1.255497656249999171e-03
2.760000000000000000e+02 1.282368750000000349e-03
2.770000000000000000e+02 1.309780468749999725e-03
2.780000000000000000e+02 1.337721875000000456e-03
2.790000000000000000e+02 1.366217968749999572e-03
2.800000000000000000e+02 1.395271093749999962e-03
2.810000000000000000e+02 1.424880468750000084e-03
2.820000000000000000e+02 1.455071093750000440e-03
2.830000000000000000e+02 1.485839062499999617e-03
2.840000000000000000e+02 1.517196093750000554e-03
2.850000000000000000e+02 1.549153125000000530e-03
2.860000000000000000e+02 1.581714062499999440e-03
2.870000000000000000e+02 1.614892187500000919e-03
2.880000000000000000e+02 1.648693749999999725e-03
2.890000000000000000e+02 1.683131249999999255e-03
2.900000000000000000e+02 1.718202343749999439e-03
2.910000000000000000e+02 1.753927343749999779e-03
2.920000000000000000e+02 1.790311718750000431e-03
2.930000000000000000e+02 1.827354687500000506e-03
2.940000000000000000e+02 1.865074218750000087e-03
2.950000000000000000e+02 1.903474218749999503e-03
2.960000000000000000e+02 1.942561718750000039e-03
2.970000000000000000e+02 1.982352343749999544e-03
2.980000000000000000e+02 2.022848437499999603e-03
2.990000000000000000e+02 2.064056250000000179e-03
3.000000000000000000e+02 2.105992968749999597e-03
3.010000000000000000e+02 2.148643750000000900e-03
3.020000000000000000e+02 2.192039062499999760e-03
3.030000000000000000e+02 2.236179687500000103e-03
3.040000000000000000e+02 2.281067187499999805e-03
3.050000000000000000e+02 2.326709374999999091e-03
3.060000000000000000e+02 2.373121093750000556e-03
3.070000000000000000e+02 2.420298437500000184e-03
3.080000000000000000e+02 2.468255468749999681e-03
3.090000000000000000e+02 2.516990625000000304e-03
3.100000000000000000e+02 2.566512500000000998e-03
3.110000000000000000e+02 2.616836718750000478e-03
3.120000000000000000e+02 2.667946093749999983e-03
3.130000000000000000e+02 2.719864843749999778e-03
3.140000000000000000e+02 2.772589062500002352e-03
3.150000000000000000e+02 2.826119531249998620e-03
3.160000000000000000e+02 2.880458593749999491e-03
3.170000000000000000e+02 2.935627343750001235e-03
3.180000000000000000e+02 2.991610156250000367e-03
3.190000000000000000e+02 3.048408593750000402e-03
3.200000000000000000e+02 3.106027343749999739e-03
3.210000000000000000e+02 3.164485937500000241e-03
3.220000000000000000e+02 3.223749218750001765e-03
3.230000000000000000e+02 3.283841406249998936e-03
3.240000000000000000e+02 3.344757812500002026e-03
3.250000000000000000e+02 3.406493749999998759e-03
3.260000000000000000e+02 3.469046875000000776e-03
3.270000000000000000e+02 3.532418749999998581e-03
3.280000000000000000e+02 3.596596875000001355e-03
3.290000000000000000e+02 3.661580468749999536e-03
3.300000000000000000e+02 3.727367187500000862e-03
3.310000000000000000e+02 3.793953125000000884e-03
3.320000000000000000e+02 3.861322656249999152e-03
3.330000000000000000e+02 3.929471875000001627e-03
3.340000000000000000e+02 3.998386718750000096e-03
3.350000000000000000e+02 4.068060937500000453e-03
3.360000000000000000e+02 4.138484375000000236e-03
3.370000000000000000e+02 4.209646093749998264e-03
3.380000000000000000e+02 4.281524218749997376e-03
3.390000000000000000e+02 4.354108593750001185e-03
3.400000000000000000e+02 4.427385937500001069e-03
3.410000000000000000e+02 4.501329687499999732e-03
3.420000000000000000e+02 4.575925781249996771e-03
3.430000000000000000e+02 4.651156249999999041e-03
3.440000000000000000e+02 4.726985937500000762e-03
3.450000000000000000e+02 4.803417187499998964e-03
3.460000000000000000e+02 4.880395312499999881e-03
3.470000000000000000e+02 4.957910156250000186e-03
3.480000000000000000e+02 5.035928124999996744e-03
3.490000000000000000e+02 5.114416406249998152e-03
3.500000000000000000e+02 5.193347656250001457e-03
3.510000000000000000e+02 5.272682812499998595e-03
3.520000000000000000e+02 5.352387499999999854e-03
3.530000000000000000e+02 5.432420312500000140e-03
3.540000000000000000e+02 5.512745312500000154e-03
3.550000000000000000e+02 5.593316406249999873e-03
3.560000000000000000e+02 5.674081250000001693e-03
3.570000000000000000e+02 5.755002343750001935e-03
3.580000000000000000e+02 5.836032031249998794e-03
3.590000000000000000e+02 5.917109375000001795e-03
3.600000000000000000e+02 5.998179687500003292e-03
3.610000000000000000e+02 6.079189062499996098e-03
3.620000000000000000e+02 6.160072656249996129e-03
3.630000000000000000e+02 6.240766406250002410e-03
3.640000000000000000e+02 6.321216406249997345e-03
3.650000000000000000e+02 6.401335937499997956e-03
3.660000000000000000e+02 6.481069531250003082e-03
3.670000000000000000e+02 6.560333593749995140e-03
3.680000000000000000e+02 6.639043749999998592e-03
3.690000000000000000e+02 6.717129687499997538e-03
3.700000000000000000e+02 6.794506250000000372e-03
3.710000000000000000e+02 6.871077343750001294e-03
3.720000000000000000e+02 6.946760937500002717e-03
3.730000000000000000e+02 7.021453125000001218e-03
3.740000000000000000e+02 7.095059375000003186e-03
3.750000000000000000e+02 7.167483593750000222e-03
3.760000000000000000e+02 7.238614062499999086e-03
3.770000000000000000e+02 7.308337500000003026e-03
3.780000000000000000e+02 7.376561718750001585e-03
3.790000000000000000e+02 7.443153906249995282e-03
3.800000000000000000e+02 7.507993749999999737e-03
3.810000000000000000e+02 7.570964843750003365e-03
3.820000000000000000e+02 7.631934375000003212e-03
3.830000000000000000e+02 7.690779687499997054e-03
3.840000000000000000e+02 7.747363281249996549e-03
3.850000000000000000e+02 7.801534374999999528e-03
3.860000000000000000e+02 7.853179687499999700e-03
3.870000000000000000e+02 7.902126562500002074e-03
3.880000000000000000e+02 7.948239062500001006e-03
3.890000000000000000e+02 7.991359375000001500e-03
3.900000000000000000e+02 8.031350000000001335e-03
3.910000000000000000e+02 8.068017187500000145e-03
3.920000000000000000e+02 8.101237500000002187e-03
3.930000000000000000e+02 8.130824218750002524e-03
3.940000000000000000e+02 8.156621875000002325e-03
3.950000000000000000e+02 8.178453124999995189e-03
3.960000000000000000e+02 8.196140624999999000e-03
3.970000000000000000e+02 8.209528906249997579e-03
3.980000000000000000e+02 8.218422656250000055e-03
3.990000000000000000e+02 8.222655468750001209e-03
4.000000000000000000e+02 8.222047656250000211e-03
4.010000000000000000e+02 8.216414843749998698e-03
4.020000000000000000e+02 8.205586718749997843e-03
4.030000000000000000e+02 8.189379687499998006e-03
4.040000000000000000e+02 8.167607031249997721e-03
4.050000000000000000e+02 8.140101562499999985e-03
4.060000000000000000e+02 8.106687499999997576e-03
4.070000000000000000e+02 8.067185937499997059e-03
4.080000000000000000e+02 8.021428124999998785e-03
4.090000000000000000e+02 7.969252343750002007e-03
4.100000000000000000e+02 7.910486718749996579e-03
4.110000000000000000e+02 7.844992968749997173e-03
4.120000000000000000e+02 7.772611718750001807e-03
4.130000000000000000e+02 7.693192187499997906e-03
4.140000000000000000e+02 7.606625781250000995e-03
4.150000000000000000e+02 7.512774218750001461e-03
4.160000000000000000e+02 7.411532031249998438e-03
4.170000000000000000e+02 7.302810156249998040e-03
4.180000000000000000e+02 7.186516406249999350e-03
4.190000000000000000e+02 7.062587500000000115e-03
4.200000000000000000e+02 6.930981249999997387e-03
4.210000000000000000e+02 6.791667187499998530e-03
4.220000000000000000e+02 6.644641406250002130e-03
4.230000000000000000e+02 6.489918750000001242e-03
4.240000000000000000e+02 6.327559374999998897e-03
4.250000000000000000e+02 6.157621093749999358e-03
4.260000000000000000e+02 5.980232031250001107e-03
4.270000000000000000e+02 5.795529687499998556e-03
4.280000000000000000e+02 5.603694531250001665e-03
4.290000000000000000e+02 5.404948437500001202e-03
4.300000000000000000e+02 5.199571874999999593e-03
4.310000000000000000e+02 4.987878124999999344e-03
4.320000000000000000e+02 4.770249218750001463e-03
4.330000000000000000e+02 4.547107812499997723e-03
4.340000000000000000e+02 4.318950781249999808e-03
4.350000000000000000e+02 4.086342968750000110e-03
4.360000000000000000e+02 3.849921874999998744e-03
4.370000000000000000e+02 3.610402343749999354e-03
4.380000000000000000e+02 3.368572656249999887e-03
4.390000000000000000e+02 3.125340624999999994e-03
4.400000000000000000e+02 2.881692968749999858e-03
4.410000000000000000e+02 2.638717968749999983e-03
4.420000000000000000e+02 2.397635156249999875e-03
4.430000000000000000e+02 2.159764843750001505e-03
4.440000000000000000e+02 1.926576562500000294e-03
4.450000000000000000e+02 1.699670703124999543e-03
4.460000000000000000e+02 1.480798124999999684e-03
4.470000000000000000e+02 1.271875468749999755e-03
4.480000000000000000e+02 1.074987890624999652e-03
4.490000000000000000e+02 8.924057031250000414e-04
4.500000000000000000e+02 7.265905468750003026e-04
4.510000000000000000e+02 5.802210937500000727e-04
4.520000000000000000e+02 4.562016406250000338e-04
4.530000000000000000e+02 3.576689062499999617e-04
4.540000000000000000e+02 2.880211484375000972e-04
4.550000000000000000e+02 2.509274609374999385e-04
4.560000000000000000e+02 2.503495469531249605e-04
4.570000000000000000e+02 2.905576078125000818e-04
4.580000000000000000e+02 3.761547187499998017e-04
4.590000000000000000e+02 5.120928125000001304e-04
4.600000000000000000e+02 7.036993750000000323e-04
4.610000000000000000e+02 9.567094531250000099e-04
4.620000000000000000e+02 1.277270546874999550e-03
4.630000000000000000e+02 1.671991796875000940e-03
4.640000000000000000e+02 2.147950781250000055e-03
4.650000000000000000e+02 2.712757031249998351e-03
4.660000000000000000e+02 3.374544531249999875e-03
4.670000000000000000e+02 4.142025781249999289e-03
4.680000000000000000e+02 5.024553906249998834e-03
4.690000000000000000e+02 6.032100781250004234e-03
4.700000000000000000e+02 7.175333593750001307e-03
4.710000000000000000e+02 8.465675781250001086e-03
4.720000000000000000e+02 9.915350781250005519e-03
4.730000000000000000e+02 1.153731796875000042e-02
4.740000000000000000e+02 1.334548984375000247e-02
4.750000000000000000e+02 1.535478906249999713e-02
4.760000000000000000e+02 1.758091406249999780e-02
4.770000000000000000e+02 2.004081250000001174e-02
4.780000000000000000e+02 2.275242187499999444e-02
4.790000000000000000e+02 2.573489843749999714e-02
4.800000000000000000e+02 2.900874218750000913e-02
4.810000000000000000e+02 3.259563281250000416e-02
4.820000000000000000e+02 3.651862499999998513e-02
4.830000000000000000e+02 4.080246093749999303e-02
4.840000000000000000e+02 4.547331249999999464e-02
4.850000000000000000e+02 5.055897656250000344e-02
4.860000000000000000e+02 5.608914062500002656e-02
4.870000000000000000e+02 6.209526562499996516e-02
4.880000000000000000e+02 6.861089062499996227e-02
4.890000000000000000e+02 7.567153124999996539e-02
4.900000000000000000e+02 8.331500000000000017e-02
4.910000000000000000e+02 9.158128125000004893e-02
4.920000000000000000e+02 1.005134062499999925e-01
4.930000000000000000e+02 1.101565624999999993e-01
4.940000000000000000e+02 1.205569531249999909e-01
4.950000000000000000e+02 1.317687500000000178e-01
4.960000000000000000e+02 1.438430468750000468e-01
4.970000000000000000e+02 1.568392187500000645e-01
4.980000000000000000e+02 1.708167187500000406e-01
4.990000000000000000e+02 1.858414843749999490e-01
5.000000000000000000e+02 2.019799999999999929e-01
5.010000000000000000e+02 2.193053125000000159e-01
5.020000000000000000e+02 2.378948437500000845e-01
5.030000000000000000e+02 2.578292187499999777e-01
5.040000000000000000e+02 2.791949999999999710e-01
5.050000000000000000e+02 3.020837499999999287e-01
5.060000000000000000e+02 3.265907812499999063e-01
5.070000000000000000e+02 3.528197656249998926e-01
5.080000000000000000e+02 3.808785937500000496e-01
5.090000000000000000e+02 4.108814062500000253e-01
5.100000000000000000e+02 4.429504687499998816e-01
5.110000000000000000e+02 4.772142968750001102e-01
