0.000000000000000000e+00 8.994607031249999255e-06
1.000000000000000000e+00 8.996713281250002603e-06
2.000000000000000000e+00 9.000910937500000849e-06
3.000000000000000000e+00 9.007209375000000578e-06
4.000000000000000000e+00 9.015604687500005540e-06
5.000000000000000000e+00 9.026137499999999095e-06
6.000000000000000000e+00 9.038765624999999044e-06
7.000000000000000000e+00 9.053514843750002321e-06
8.000000000000000000e+00 9.070403124999999806e-06
9.000000000000000000e+00 9.089453125000002614e-06
1.000000000000000000e+01 9.110620312500000641e-06
1.100000000000000000e+01 9.134005468750001149e-06
1.200000000000000000e+01 9.159518749999998911e-06
1.300000000000000000e+01 9.187241406249997919e-06
1.400000000000000000e+01 9.217178125000004851e-06
1.500000000000000000e+01 9.249315624999998240e-06
1.600000000000000000e+01 9.283776562499997887e-06
1.700000000000000000e+01 9.320447656250002434e-06
1.800000000000000000e+01 9.359448437499998431e-06
1.900000000000000000e+01 9.400691406250006861e-06
2.000000000000000000e+01 9.444321093749999085e-06
2.100000000000000000e+01 9.490273437500002383e-06
2.200000000000000000e+01 9.538687499999996415e-06
2.300000000000000000e+01 9.589411718750004036e-06
2.400000000000000000e+01 9.642685937500002002e-06
2.500000000000000000e+01 9.698350781250003727e-06
2.600000000000000000e+01 9.756616406249994479e-06
2.700000000000000000e+01 9.817342187499999149e-06
2.800000000000000000e+01 9.880694531249996555e-06
2.900000000000000000e+01 9.946646874999996274e-06
3.000000000000000000e+01 1.001524374999999655e-05
3.100000000000000000e+01 1.008652734375000499e-05
3.200000000000000000e+01 1.016055859375000173e-05
3.300000000000000000e+01 1.023737734374999356e-05
3.400000000000000000e+01 1.031697968750000119e-05
3.500000000000000000e+01 1.039949062499999778e-05
3.600000000000000000e+01 1.048489062499999361e-05
3.700000000000000000e+01 1.057330078124999609e-05
3.800000000000000000e+01 1.066468593750000509e-05
3.900000000000000000e+01 1.075916250000000272e-05
4.000000000000000000e+01 1.085676093750000443e-05
4.100000000000000000e+01 1.095751171875000369e-05
4.200000000000000000e+01 1.106156796875000020e-05
4.300000000000000000e+01 1.116889375000000201e-05
4.400000000000000000e+01 1.127957890624999574e-05
4.500000000000000000e+01 1.139365312499999827e-05
4.600000000000000000e+01 1.151130156249999652e-05
4.700000000000000000e+01 1.163244921874998862e-05
4.800000000000000000e+01 1.175726874999999619e-05
4.900000000000000000e+01 1.188579296875000500e-05
5.000000000000000000e+01 1.201807656249999981e-05
5.100000000000000000e+01 1.215420859374999407e-05
5.200000000000000000e+01 1.229428124999999548e-05
5.300000000000000000e+01 1.243841718749999506e-05
5.400000000000000000e+01 1.258658828125000014e-05
5.500000000000000000e+01 1.273898984374999603e-05
5.600000000000000000e+01 1.289569218749999823e-05
5.700000000000000000e+01 1.305669609375000361e-05
5.800000000000000000e+01 1.322222500000000705e-05
5.900000000000000000e+01 1.339222500000000204e-05
6.000000000000000000e+01 1.356691718749999789e-05
6.100000000000000000e+01 1.374634140624999972e-05
6.200000000000000000e+01 1.393068437500000175e-05
6.300000000000000000e+01 1.412000781249999453e-05
6.400000000000000000e+01 1.431432031250000979e-05
6.500000000000000000e+01 1.451382812500000097e-05
6.600000000000000000e+01 1.471870312500000128e-05
6.700000000000000000e+01 1.492896874999999667e-05
6.800000000000000000e+01 1.514477343749999542e-05
6.900000000000000000e+01 1.536620312500000312e-05
7.000000000000000000e+01 1.559349218749999635e-05
7.100000000000000000e+01 1.582666406250000344e-05
7.200000000000000000e+01 1.606586718749999367e-05
7.300000000000000000e+01 1.631132812500000367e-05
7.400000000000000000e+01 1.656310156250000463e-05
7.500000000000000000e+01 1.682132812500000387e-05
7.600000000000000000e+01 1.708630468749999418e-05
7.700000000000000000e+01 1.735797656250001453e-05
7.800000000000000000e+01 1.763657812499999238e-05
7.900000000000000000e+01 1.792232031250000303e-05
8.000000000000000000e+01 1.821532812499999763e-05
8.100000000000000000e+01 1.851571875000000261e-05
8.200000000000000000e+01 1.882374999999999744e-05
8.300000000000000000e+01 1.913958593749998726e-05
8.400000000000000000e+01 1.946334374999999169e-05
8.500000000000000000e+01 1.979529687499999557e-05
8.600000000000000000e+01 2.013560937499999723e-05
8.700000000000000000e+01 2.048434375000000445e-05
8.800000000000000000e+01 2.084192968750000788e-05
8.900000000000000000e+01 2.120842968749999836e-05
9.000000000000000000e+01 2.158407031250000232e-05
9.100000000000000000e+01 2.196902343749999366e-05
9.200000000000000000e+01 2.236361718750001651e-05
9.300000000000000000e+01 2.276805468750000124e-05
9.400000000000000000e+01 2.318245312499998779e-05
9.500000000000000000e+01 2.360720312499999419e-05
9.600000000000000000e+01 2.404242187500000278e-05
9.700000000000000000e+01 2.448840624999999962e-05
9.800000000000000000e+01 2.494544531249999857e-05
9.900000000000000000e+01 2.541380468750000212e-05
1.000000000000000000e+02 2.589366406250000039e-05
1.010000000000000000e+02 2.638534374999999759e-05
1.020000000000000000e+02 2.688911718749998868e-05
1.030000000000000000e+02 2.740531250000000088e-05
1.040000000000000000e+02 2.793424999999999771e-05
1.050000000000000000e+02 2.847604687499999881e-05
1.060000000000000000e+02 2.903118749999999317e-05
1.070000000000000000e+02 2.959997656249999999e-05
1.080000000000000000e+02 3.018256250000000550e-05
1.090000000000000000e+02 3.077957031250000262e-05
1.100000000000000000e+02 3.139111718750001097e-05
1.110000000000000000e+02 3.201761718750000912e-05
1.120000000000000000e+02 3.265939843750000055e-05
1.130000000000000000e+02 3.331677343749999694e-05
1.140000000000000000e+02 3.399027343750001684e-05
1.150000000000000000e+02 3.468009374999999131e-05
1.160000000000000000e+02 3.538678906250000109e-05
1.170000000000000000e+02 3.611064843750000922e-05
1.180000000000000000e+02 3.685214062499999937e-05
1.190000000000000000e+02 3.761164843750000044e-05
1.200000000000000000e+02 3.838954687499999800e-05
1.210000000000000000e+02 3.918640625000001035e-05
1.220000000000000000e+02 4.000254687500001796e-05
1.230000000000000000e+02 4.083849218749999605e-05
1.240000000000000000e+02 4.169466406250000039e-05
1.250000000000000000e+02 4.257158593749999940e-05
1.260000000000000000e+02 4.346984374999998284e-05
1.270000000000000000e+02 4.438966406250000084e-05
1.280000000000000000e+02 4.533185937500000523e-05
1.290000000000000000e+02 4.629673437499998471e-05
1.300000000000000000e+02 4.728492187499997888e-05
1.310000000000000000e+02 4.829700781249999104e-05
1.320000000000000000e+02 4.933352343750001262e-05
1.330000000000000000e+02 5.039502343750002948e-05
1.340000000000000000e+02 5.148205468749998416e-05
1.350000000000000000e+02 5.259533593749999300e-05
1.360000000000000000e+02 5.373540625000000945e-05
1.370000000000000000e+02 5.490289843749998502e-05
1.380000000000000000e+02 5.609846874999999442e-05
1.390000000000000000e+02 5.732282812500000903e-05
1.400000000000000000e+02 5.857652343749997816e-05
1.410000000000000000e+02 5.986042968750002403e-05
1.420000000000000000e+02 6.117511718749998873e-05
1.430000000000000000e+02 6.252124218749998763e-05
1.440000000000000000e+02 6.389983593750002682e-05
1.450000000000000000e+02 6.531126562499998077e-05
1.460000000000000000e+02 6.675665624999997563e-05
1.470000000000000000e+02 6.823661718749997524e-05
1.480000000000000000e+02 6.975194531249999386e-05
1.490000000000000000e+02 7.130355468749999758e-05
1.500000000000000000e+02 7.289228124999999365e-05
1.510000000000000000e+02 7.451886718750002508e-05
1.520000000000000000e+02 7.618432812499996388e-05
1.530000000000000000e+02 7.788954687500002300e-05
1.540000000000000000e+02 7.963548437499996769e-05
1.550000000000000000e+02 8.142299218750001380e-05
1.560000000000000000e+02 8.325304687499994547e-05
1.570000000000000000e+02 8.512674999999999604e-05
1.580000000000000000e+02 8.704495312499998833e-05
1.590000000000000000e+02 8.900896093749996745e-05
1.600000000000000000e+02 9.101928906250001435e-05
1.610000000000000000e+02 9.307771874999999108e-05
1.620000000000000000e+02 9.518499999999999075e-05
1.630000000000000000e+02 9.734224218750003931e-05
1.640000000000000000e+02 9.955028125000007621e-05
1.650000000000000000e+02 1.018111718749999280e-04
1.660000000000000000e+02 1.041254296875000280e-04
1.670000000000000000e+02 1.064945156250000138e-04
1.680000000000000000e+02 1.089192265625000351e-04
1.690000000000000000e+02 1.114018749999999862e-04
1.700000000000000000e+02 1.139428124999999935e-04
1.710000000000000000e+02 1.165436718750000652e-04
1.720000000000000000e+02 1.192059374999999890e-04
1.730000000000000000e+02 1.219312500000000669e-04
1.740000000000000000e+02 1.247206249999999812e-04
1.750000000000000000e+02 1.275757812500000199e-04
1.760000000000000000e+02 1.304970312499999913e-04
1.770000000000000000e+02 1.334888281250000181e-04
1.780000000000000000e+02 1.365496875000000955e-04
1.790000000000000000e+02 1.396823437499999498e-04
1.800000000000000000e+02 1.428890624999999877e-04
1.810000000000000000e+02 1.461711718750000250e-04
1.820000000000000000e+02 1.495295312499999891e-04
1.830000000000000000e+02 1.529664062499999069e-04
1.840000000000000000e+02 1.564839062499999694e-04
1.850000000000000000e+02 1.600839843750000158e-04
1.860000000000000000e+02 1.637676562499999452e-04
1.870000000000000000e+02 1.675371093750000428e-04
1.880000000000000000e+02 1.713952343749999526e-04
1.890000000000000000e+02 1.753419531250000410e-04
1.900000000000000000e+02 1.793814062500000259e-04
1.910000000000000000e+02 1.835144531249999157e-04
1.920000000000000000e+02 1.877440625000000723e-04
1.930000000000000000e+02 1.920714843750000818e-04
1.940000000000000000e+02 1.964989843749999170e-04
1.950000000000000000e+02 2.010294531249999809e-04
1.960000000000000000e+02 2.056641406249999681e-04
1.970000000000000000e+02 2.104070312500000038e-04
1.980000000000000000e+02 2.152589062500000292e-04
1.990000000000000000e+02 2.202232031249999156e-04
2.000000000000000000e+02 2.253017187499999638e-04
2.010000000000000000e+02 2.304964843750000264e-04
2.020000000000000000e+02 2.358119531249999550e-04
2.030000000000000000e+02 2.412489062499999887e-04
2.040000000000000000e+02 2.468105468750000139e-04
2.050000000000000000e+02 2.525003906250001314e-04
2.060000000000000000e+02 2.583203125000000321e-04
2.070000000000000000e+02 2.642728124999998095e-04
2.080000000000000000e+02 2.703618749999998059e-04
2.090000000000000000e+02 2.765907031249998532e-04
2.100000000000000000e+02 2.829611718749998860e-04
2.110000000000000000e+02 2.894767968750000596e-04
2.120000000000000000e+02 2.961405468750000040e-04
2.130000000000000000e+02 3.029555468749998634e-04
2.140000000000000000e+02 3.099253906249999145e-04
2.150000000000000000e+02 3.170532812500000976e-04
2.160000000000000000e+02 3.243428124999999849e-04
2.170000000000000000e+02 3.317973437499999764e-04
2.180000000000000000e+02 3.394196093750002051e-04
2.190000000000000000e+02 3.472140624999998991e-04
2.200000000000000000e+02 3.551843750000001072e-04
2.210000000000000000e+02 3.633338281250000782e-04
2.220000000000000000e+02 3.716659374999999673e-04
2.230000000000000000e+02 3.801856249999998943e-04
2.240000000000000000e+02 3.888951562500000763e-04
2.250000000000000000e+02 3.978004687500000442e-04
2.260000000000000000e+02 4.069043749999999983e-04
2.270000000000000000e+02 4.162110937499999405e-04
2.280000000000000000e+02 4.257249999999998991e-04
2.290000000000000000e+02 4.354503906250001060e-04
2.300000000000000000e+02 4.453922656250002064e-04
2.310000000000000000e+02 4.555537500000000190e-04
2.320000000000000000e+02 4.659397656249999889e-04
2.330000000000000000e+02 4.765556250000001931e-04
2.340000000000000000e+02 4.874052343750002016e-04
2.350000000000000000e+02 4.984943750000002784e-04
2.360000000000000000e+02 5.098264062499997936e-04
2.370000000000000000e+02 5.214066406249999626e-04
2.380000000000000000e+02 5.332407812500000602e-04
2.390000000000000000e+02 5.453335156250002213e-04
2.400000000000000000e+02 5.576899218749998329e-04
2.410000000000000000e+02 5.703152343750000431e-04
2.420000000000000000e+02 5.832148437499997491e-04
2.430000000000000000e+02 5.963935156249998036e-04
2.440000000000000000e+02 6.098577343749999376e-04
2.450000000000000000e+02 6.236131249999999010e-04
2.460000000000000000e+02 6.376645312500000716e-04
2.470000000000000000e+02 6.520169531250000943e-04
2.480000000000000000e+02 6.666793750000000107e-04
2.490000000000000000e+02 6.816539843749999704e-04
2.500000000000000000e+02 6.969478124999998504e-04
2.510000000000000000e+02 7.125695312500003988e-04
2.520000000000000000e+02 7.285220312499996603e-04
2.530000000000000000e+02 7.448127343750005590e-04
2.540000000000000000e+02 7.614480468750004817e-04
2.550000000000000000e+02 7.784348437499998214e-04
2.560000000000000000e+02 7.957785937500000363e-04
2.570000000000000000e+02 8.134860937499998257e-04
2.580000000000000000e+02 8.315644531249998927e-04
2.590000000000000000e+02 8.500207812499998563e-04
2.600000000000000000e+02 8.688614843750002478e-04
2.610000000000000000e+02 8.880925000000002185e-04
2.620000000000000000e+02 9.077221093749993129e-04
2.630000000000000000e+02 9.277563281249997856e-04
2.640000000000000000e+02 9.482039062499996330e-04
2.650000000000000000e+02 9.690708593750006761e-04
2.660000000000000000e+02 9.903655468749997075e-04
2.670000000000000000e+02 1.012092968749999516e-03
2.680000000000000000e+02 1.034258593750000260e-03
2.690000000000000000e+02 1.056877343750000156e-03
2.700000000000000000e+02 1.079952343750000161e-03
2.710000000000000000e+02 1.103494531249999723e-03
2.720000000000000000e+02 1.127503124999999903e-03
2.730000000000000000e+02 1.151993750000000066e-03
2.740000000000000000e+02 1.176975000000000243e-03
2.750000000000000000e+02 1.202451562500000135e-03
2.760000000000000000e+02 1.228426562499999831e-03
2.770000000000000000e+02 1.254914843750000409e-03
2.780000000000000000e+02 1.281921875000000075e-03
2.790000000000000000e+02 1.309456250000000160e-03
2.800000000000000000e+02 1.337524218750000627e-03
2.810000000000000000e+02 1.366143750000000474e-03
2.820000000000000000e+02 1.395303124999999799e-03
2.830000000000000000e+02 1.425024999999999903e-03
2.840000000000000000e+02 1.455315625000000316e-03
2.850000000000000000e+02 1.486184374999999789e-03
2.860000000000000000e+02 1.517633593749999473e-03
2.870000000000000000e+02 1.549680468750000515e-03
2.880000000000000000e+02 1.582315625000000475e-03
2.890000000000000000e+02 1.615576562500000432e-03
2.900000000000000000e+02 1.649442187499999780e-03
2.910000000000000000e+02 1.683934374999999364e-03
2.920000000000000000e+02 1.719055468750000553e-03
2.930000000000000000e+02 1.754817187499999563e-03
2.940000000000000000e+02 1.791230468749999962e-03
2.950000000000000000e+02 1.828299218749999261e-03
2.960000000000000000e+02 1.866028906250000218e-03
2.970000000000000000e+02 1.904428125000000045e-03
2.980000000000000000e+02 1.943505468749999856e-03
2.990000000000000000e+02 1.983277343749999689e-03
3.000000000000000000e+02 2.023739843750000517e-03
3.010000000000000000e+02 2.064899218750000567e-03
3.020000000000000000e+02 2.106766406250001021e-03
3.030000000000000000e+02 2.149346093750000280e-03
3.040000000000000000e+02 2.192649999999999114e-03
3.050000000000000000e+02 2.236676562500000080e-03
3.060000000000000000e+02 2.281439843749999679e-03
3.070000000000000000e+02 2.326936718749998256e-03
3.080000000000000000e+02 2.373186718749998973e-03
3.090000000000000000e+02 2.420180468750001996e-03
3.100000000000000000e+02 2.467928125000000243e-03
3.110000000000000000e+02 2.516443750000000191e-03
3.120000000000000000e+02 2.565717187500001981e-03
3.130000000000000000e+02 2.615767187500003116e-03
3.140000000000000000e+02 2.666582031249998923e-03
3.150000000000000000e+02 2.718176562499998936e-03
3.160000000000000000e+02 2.770545312500003431e-03
3.170000000000000000e+02 2.823703125000002860e-03
3.180000000000000000e+02 2.877639843749996065e-03
3.190000000000000000e+02 2.932359375000002238e-03
3.200000000000000000e+02 2.987872656250002614e-03
3.210000000000000000e+02 3.044166406249997677e-03
3.220000000000000000e+02 3.101248437499998060e-03
3.230000000000000000e+02 3.159121093749999928e-03
3.240000000000000000e+02 3.217771093749998562e-03
3.250000000000000000e+02 3.277203906249999757e-03
3.260000000000000000e+02 3.337419531249997875e-03
3.270000000000000000e+02 3.398414843750000199e-03
3.280000000000000000e+02 3.460175781250000252e-03
3.290000000000000000e+02 3.522710937499999584e-03
3.300000000000000000e+02 3.586008593750000025e-03
3.310000000000000000e+02 3.650057812499999093e-03
3.320000000000000000e+02 3.714847656249997774e-03
3.330000000000000000e+02 3.780382031249999650e-03
3.340000000000000000e+02 3.846652343749999269e-03
3.350000000000000000e+02 3.913632812499999794e-03
3.360000000000000000e+02 3.981316406249998420e-03
3.370000000000000000e+02 4.049698437499998915e-03
3.380000000000000000e+02 4.118760156249999874e-03
3.390000000000000000e+02 4.188487499999998288e-03
3.400000000000000000e+02 4.258864062500000193e-03
3.410000000000000000e+02 4.329860937499998251e-03
3.420000000000000000e+02 4.401465624999999909e-03
3.430000000000000000e+02 4.473672656250001108e-03
3.440000000000000000e+02 4.546439843749999765e-03
3.450000000000000000e+02 4.619748437499999680e-03
3.460000000000000000e+02 4.693578124999997665e-03
3.470000000000000000e+02 4.767891406249998715e-03
3.480000000000000000e+02 4.842671875000001055e-03
3.490000000000000000e+02 4.917870312499999369e-03
3.500000000000000000e+02 4.993495312499999540e-03
3.510000000000000000e+02 5.069456249999999831e-03
3.520000000000000000e+02 5.145745312500000015e-03
3.530000000000000000e+02 5.222328906250000430e-03
3.540000000000000000e+02 5.299161718750000638e-03
3.550000000000000000e+02 5.376195312499999247e-03
3.560000000000000000e+02 5.453396093749999195e-03
3.570000000000000000e+02 5.530703906250000051e-03
3.580000000000000000e+02 5.608072656250001793e-03
3.590000000000000000e+02 5.685453125000000836e-03
3.600000000000000000e+02 5.762792187499997387e-03
3.610000000000000000e+02 5.840021875000002069e-03
3.620000000000000000e+02 5.917092187499996964e-03
3.630000000000000000e+02 5.993930468750003834e-03
3.640000000000000000e+02 6.070494531250001519e-03
3.650000000000000000e+02 6.146693750000002156e-03
3.660000000000000000e+02 6.222465625000000479e-03
3.670000000000000000e+02 6.297726562500000590e-03
3.680000000000000000e+02 6.372410937500002336e-03
3.690000000000000000e+02 6.446435156249999410e-03
3.700000000000000000e+02 6.519710937500001850e-03
3.710000000000000000e+02 6.592156249999999926e-03
3.720000000000000000e+02 6.663680468749998836e-03
3.730000000000000000e+02 6.734192187499995520e-03
3.740000000000000000e+02 6.803581249999999386e-03
3.750000000000000000e+02 6.871769531250002117e-03
3.760000000000000000e+02 6.938642187499999975e-03
3.770000000000000000e+02 7.004086718749998400e-03
3.780000000000000000e+02 7.068003906249999309e-03
3.790000000000000000e+02 7.130274218749998831e-03
3.800000000000000000e+02 7.190772656249998576e-03
3.810000000000000000e+02 7.249392968750001560e-03
3.820000000000000000e+02 7.305996093749997713e-03
3.830000000000000000e+02 7.360463281249999233e-03
3.840000000000000000e+02 7.412659374999998330e-03
3.850000000000000000e+02 7.462450000000000680e-03
3.860000000000000000e+02 7.509696093749997949e-03
3.870000000000000000e+02 7.554257812500002160e-03
3.880000000000000000e+02 7.595980468750000193e-03
3.890000000000000000e+02 7.634725781249998913e-03
3.900000000000000000e+02 7.670331250000000586e-03
3.910000000000000000e+02 7.702660156249998245e-03
3.920000000000000000e+02 7.731525000000000376e-03
3.930000000000000000e+02 7.756797656249998091e-03
3.940000000000000000e+02 7.778296093750001333e-03
3.950000000000000000e+02 7.795852343749997033e-03
3.960000000000000000e+02 7.809315625000000372e-03
3.970000000000000000e+02 7.818500781250002987e-03
3.980000000000000000e+02 7.823243750000000163e-03
3.990000000000000000e+02 7.823372656249999099e-03
4.000000000000000000e+02 7.818712499999999968e-03
4.010000000000000000e+02 7.809084374999999793e-03
4.020000000000000000e+02 7.794314843750002261e-03
4.030000000000000000e+02 7.774240625000000508e-03
4.040000000000000000e+02 7.748683593749998953e-03
4.050000000000000000e+02 7.717473437500000505e-03
4.060000000000000000e+02 7.680439062499997208e-03
4.070000000000000000e+02 7.637417187500002147e-03
4.080000000000000000e+02 7.588237500000000885e-03
4.090000000000000000e+02 7.532747656250003351e-03
4.100000000000000000e+02 7.470793750000002953e-03
4.110000000000000000e+02 7.402236718750000027e-03
4.120000000000000000e+02 7.326917187499997798e-03
4.130000000000000000e+02 7.244721875000002982e-03
4.140000000000000000e+02 7.155520312500000119e-03
4.150000000000000000e+02 7.059198437499998938e-03
4.160000000000000000e+02 6.955658593749996198e-03
4.170000000000000000e+02 6.844820312500001294e-03
4.180000000000000000e+02 6.726606250000000294e-03
4.190000000000000000e+02 6.600958593749997605e-03
4.200000000000000000e+02 6.467849218750000226e-03
4.210000000000000000e+02 6.327258593750000222e-03
4.220000000000000000e+02 6.179196093749997863e-03
4.230000000000000000e+02 6.023702343749999522e-03
4.240000000000000000e+02 5.860833593749998141e-03
4.250000000000000000e+02 5.690667968750001172e-03
4.260000000000000000e+02 5.513339062499999013e-03
4.270000000000000000e+02 5.329008593750001084e-03
4.280000000000000000e+02 5.137878124999997569e-03
4.290000000000000000e+02 4.940177343749998541e-03
4.300000000000000000e+02 4.736206250000000485e-03
4.310000000000000000e+02 4.526285937500000058e-03
4.320000000000000000e+02 4.310824218750000311e-03
4.330000000000000000e+02 4.090268749999999807e-03
4.340000000000000000e+02 3.865132031249998972e-03
4.350000000000000000e+02 3.635997656249999842e-03
4.360000000000000000e+02 3.403508593750000522e-03
4.370000000000000000e+02 3.168428906250000867e-03
4.380000000000000000e+02 2.931557812499999572e-03
4.390000000000000000e+02 2.693821093750000274e-03
4.400000000000000000e+02 2.456223437499999770e-03
4.410000000000000000e+02 2.219892968750001878e-03
4.420000000000000000e+02 1.986061718749999091e-03
4.430000000000000000e+02 1.756087499999999663e-03
4.440000000000000000e+02 1.531462500000000098e-03
4.450000000000000000e+02 1.313808593750000631e-03
4.460000000000000000e+02 1.104924999999999657e-03
4.470000000000000000e+02 9.067381249999997492e-04
4.480000000000000000e+02 7.213719531249997716e-04
4.490000000000000000e+02 5.511274218749999919e-04
4.500000000000000000e+02 3.985046093750001044e-04
4.510000000000000000e+02 2.662137499999999921e-04
4.520000000000000000e+02 1.571928125000000148e-04
4.530000000000000000e+02 7.461908593749999369e-05
4.540000000000000000e+02 2.192763281250000772e-05
4.550000000000000000e+02 2.827733507812499989e-06
4.560000000000000000e+02 2.132107031249999484e-05
4.570000000000000000e+02 8.172129687500004607e-05
4.580000000000000000e+02 1.886730468750000441e-04
4.590000000000000000e+02 3.471769531250001330e-04
4.600000000000000000e+02 5.626076562499996705e-04
4.610000000000000000e+02 8.407431250000001752e-04
4.620000000000000000e+02 1.187785156249999714e-03
4.630000000000000000e+02 1.610394531249999739e-03
4.640000000000000000e+02 2.115704687500000007e-03
4.650000000000000000e+02 2.711373437499999765e-03
4.660000000000000000e+02 3.405595312500001547e-03
4.670000000000000000e+02 4.207155468749998635e-03
4.680000000000000000e+02 5.125445312499997408e-03
4.690000000000000000e+02 6.170508593749999583e-03
4.700000000000000000e+02 7.353092968749998931e-03
4.710000000000000000e+02 8.684678125000002899e-03
4.720000000000000000e+02 1.017750781249999494e-02
4.730000000000000000e+02 1.184471875000000195e-02
4.740000000000000000e+02 1.370028124999999805e-02
4.750000000000000000e+02 1.575906250000000050e-02
4.760000000000000000e+02 1.803698437500000570e-02
4.770000000000000000e+02 2.055103124999999725e-02
4.780000000000000000e+02 2.331926562500000188e-02
4.790000000000000000e+02 2.636089062500000454e-02
4.800000000000000000e+02 2.969644531249999650e-02
4.810000000000000000e+02 3.334771093749997611e-02
4.820000000000000000e+02 3.733802343750000641e-02
4.830000000000000000e+02 4.169205468749999366e-02
4.840000000000000000e+02 4.643610156249999149e-02
4.850000000000000000e+02 5.159815625000000600e-02
4.860000000000000000e+02 5.720792187500004650e-02
4.870000000000000000e+02 6.329709375000000526e-02
4.880000000000000000e+02 6.989917187499998519e-02
4.890000000000000000e+02 7.704996093750003661e-02
4.900000000000000000e+02 8.478726562499999675e-02
4.910000000000000000e+02 9.315142968749999530e-02
4.920000000000000000e+02 1.021852343749999475e-01
4.930000000000000000e+02 1.119341406250000115e-01
4.940000000000000000e+02 1.224456249999999885e-01
4.950000000000000000e+02 1.337721093750000034e-01
4.960000000000000000e+02 1.459665625000000633e-01
4.970000000000000000e+02 1.590866406249999976e-01
4.980000000000000000e+02 1.731939062500000848e-01
4.990000000000000000e+02 1.883532031250000627e-01
5.000000000000000000e+02 2.046318749999999909e-01
5.010000000000000000e+02 2.221033593749999202e-01
5.020000000000000000e+02 2.408440625000000945e-01
5.030000000000000000e+02 2.609362499999999807e-01
5.040000000000000000e+02 2.824666406250000428e-01
5.050000000000000000e+02 3.055255468749998315e-01
5.060000000000000000e+02 3.302107812500000295e-01
5.070000000000000000e+02 3.566241406249999746e-01
5.080000000000000000e+02 3.848747656250001148e-01
5.090000000000000000e+02 4.150782031249998227e-01
5.100000000000000000e+02 4.473549218749998668e-01
5.110000000000000000e+02 4.818342968749999011e-01
