0.000000000000000000e+00 9.265548437499998872e-05
1.000000000000000000e+00 9.265248437500002280e-05
2.000000000000000000e+00 9.264661718749995329e-05
3.000000000000000000e+00 9.263782031249996217e-05
4.000000000000000000e+00 9.262558593750000501e-05
5.000000000000000000e+00 9.261115625000002430e-05
6.000000000000000000e+00 9.259262500000002051e-05
7.000000000000000000e+00 9.257198437500000214e-05
8.000000000000000000e+00 9.254826562500008608e-05
9.000000000000000000e+00 9.252145312499996885e-05
1.000000000000000000e+01 9.249182812500000384e-05
1.100000000000000000e+01 9.245933593749998945e-05
1.200000000000000000e+01 9.242392187500003578e-05
1.300000000000000000e+01 9.238539062499996103e-05
1.400000000000000000e+01 9.234451562499998152e-05
1.500000000000000000e+01 9.230089062500002647e-05
1.600000000000000000e+01 9.225428125000004306e-05
1.700000000000000000e+01 9.220496874999993748e-05
1.800000000000000000e+01 9.215259375000000729e-05
1.900000000000000000e+01 9.209825000000004271e-05
2.000000000000000000e+01 9.204085156250001903e-05
2.100000000000000000e+01 9.198091406250000364e-05
2.200000000000000000e+01 9.191855468749998909e-05
2.300000000000000000e+01 9.185311718750000908e-05
2.400000000000000000e+01 9.178561718750007114e-05
2.500000000000000000e+01 9.171600781249998309e-05
2.600000000000000000e+01 9.164401562499997018e-05
2.700000000000000000e+01 9.156899218750002136e-05
2.800000000000000000e+01 9.149207812499996991e-05
2.900000000000000000e+01 9.141361718750005505e-05
3.000000000000000000e+01 9.133228124999995940e-05
3.100000000000000000e+01 9.124885937499995880e-05
3.200000000000000000e+01 9.116355468749997345e-05
3.300000000000000000e+01 9.107637500000003990e-05
3.400000000000000000e+01 9.098755468749996700e-05
3.500000000000000000e+01 9.089656250000000730e-05
3.600000000000000000e+01 9.080380468750004182e-05
3.700000000000000000e+01 9.070931249999997280e-05
3.800000000000000000e+01 9.061371093749999981e-05
3.900000000000000000e+01 9.051587500000003738e-05
4.000000000000000000e+01 9.041710156249998566e-05
4.100000000000000000e+01 9.031689062499994518e-05
4.200000000000000000e+01 9.021545312500006241e-05
4.300000000000000000e+01 9.011258593749995639e-05
4.400000000000000000e+01 9.000870312500005969e-05
4.500000000000000000e+01 8.990410156250001276e-05
4.600000000000000000e+01 8.979813281250004849e-05
4.700000000000000000e+01 8.969202343749998205e-05
4.800000000000000000e+01 8.958453124999996584e-05
4.900000000000000000e+01 8.947664843749997905e-05
5.000000000000000000e+01 8.936843749999994813e-05
5.100000000000000000e+01 8.925984375000002385e-05
5.200000000000000000e+01 8.915046093749999989e-05
5.300000000000000000e+01 8.904153906249997726e-05
5.400000000000000000e+01 8.893236718749997780e-05
5.500000000000000000e+01 8.882308593749998170e-05
5.600000000000000000e+01 8.871413281249998907e-05
5.700000000000000000e+01 8.860553906250002412e-05
5.800000000000000000e+01 8.849776562499993911e-05
5.900000000000000000e+01 8.838995312500002373e-05
6.000000000000000000e+01 8.828335156250005373e-05
6.100000000000000000e+01 8.817732812499998272e-05
6.200000000000000000e+01 8.807239062499999064e-05
6.300000000000000000e+01 8.796867968750000347e-05
6.400000000000000000e+01 8.786620312499997644e-05
6.500000000000000000e+01 8.776518750000004781e-05
6.600000000000000000e+01 8.766585937500003054e-05
6.700000000000000000e+01 8.756816406250002120e-05
6.800000000000000000e+01 8.747242968749998260e-05
6.900000000000000000e+01 8.737906250000005326e-05
7.000000000000000000e+01 8.728755468750005325e-05
7.100000000000000000e+01 8.719893749999995476e-05
7.200000000000000000e+01 8.711246093750001703e-05
7.300000000000000000e+01 8.702923437499996784e-05
7.400000000000000000e+01 8.694882031250002392e-05
7.500000000000000000e+01 8.687135937500000283e-05
7.600000000000000000e+01 8.679766406249997835e-05
7.700000000000000000e+01 8.672746875000000898e-05
7.800000000000000000e+01 8.666099218750002023e-05
7.900000000000000000e+01 8.659820312499998791e-05
8.000000000000000000e+01 8.653939843749995902e-05
8.100000000000000000e+01 8.648599218750004309e-05
8.200000000000000000e+01 8.643668750000004181e-05
8.300000000000000000e+01 8.639217187500004055e-05
8.400000000000000000e+01 8.635295312500005662e-05
8.500000000000000000e+01 8.631872656249995224e-05
8.600000000000000000e+01 8.629046874999995878e-05
8.700000000000000000e+01 8.626787500000003333e-05
8.800000000000000000e+01 8.625134375000003393e-05
8.900000000000000000e+01 8.624110937499999984e-05
9.000000000000000000e+01 8.623745312499997277e-05
9.100000000000000000e+01 8.624077343750001404e-05
9.200000000000000000e+01 8.625109375000002999e-05
9.300000000000000000e+01 8.626910937500000703e-05
9.400000000000000000e+01 8.629453906250002541e-05
9.500000000000000000e+01 8.632795312499998825e-05
9.600000000000000000e+01 8.636999218749999202e-05
9.700000000000000000e+01 8.641995312499997314e-05
9.800000000000000000e+01 8.647952343749997850e-05
9.900000000000000000e+01 8.654773437500004368e-05
1.000000000000000000e+02 8.662563281250005133e-05
1.010000000000000000e+02 8.671314062500002902e-05
1.020000000000000000e+02 8.681173437499995849e-05
1.030000000000000000e+02 8.692029687499996699e-05
1.040000000000000000e+02 8.703960937499999567e-05
1.050000000000000000e+02 8.717052343749998934e-05
1.060000000000000000e+02 8.731271093750010714e-05
1.070000000000000000e+02 8.746745312499999995e-05
1.080000000000000000e+02 8.763407812500006208e-05
1.090000000000000000e+02 8.781362500000000409e-05
1.100000000000000000e+02 8.800646874999998098e-05
1.110000000000000000e+02 8.821285937500003733e-05
1.120000000000000000e+02 8.843316406250006120e-05
1.130000000000000000e+02 8.866770312499995174e-05
1.140000000000000000e+02 8.891782031249993680e-05
1.150000000000000000e+02 8.918264843749998492e-05
1.160000000000000000e+02 8.946345312500003980e-05
1.170000000000000000e+02 8.976049218750006061e-05
1.180000000000000000e+02 9.007414843750003559e-05
1.190000000000000000e+02 9.040483593749997718e-05
1.200000000000000000e+02 9.075371093750008995e-05
1.210000000000000000e+02 9.112032031250005674e-05
1.220000000000000000e+02 9.150590624999996911e-05
1.230000000000000000e+02 9.191076562499994184e-05
1.240000000000000000e+02 9.233500000000008411e-05
1.250000000000000000e+02 9.277992187500003034e-05
1.260000000000000000e+02 9.324569531249996522e-05
1.270000000000000000e+02 9.373294531250000701e-05
1.280000000000000000e+02 9.424193750000004301e-05
1.290000000000000000e+02 9.477363281250001466e-05
1.300000000000000000e+02 9.532883593749997273e-05
1.310000000000000000e+02 9.590736718749999826e-05
1.320000000000000000e+02 9.651114843750001478e-05
1.330000000000000000e+02 9.713982812500000406e-05
1.340000000000000000e+02 9.779440625000003604e-05
1.350000000000000000e+02 9.847505468749999315e-05
1.360000000000000000e+02 9.918370312499999810e-05
1.370000000000000000e+02 9.991982812500001471e-05
1.380000000000000000e+02 1.006844531249999786e-04
1.390000000000000000e+02 1.014787734375000196e-04
1.400000000000000000e+02 1.023030390625000061e-04
1.410000000000000000e+02 1.031582734375000227e-04
1.420000000000000000e+02 1.040452109374999948e-04
1.430000000000000000e+02 1.049647820312499990e-04
1.440000000000000000e+02 1.059176179687499930e-04
1.450000000000000000e+02 1.069045023437499629e-04
1.460000000000000000e+02 1.079267484374999873e-04
1.470000000000000000e+02 1.089849656249999892e-04
1.480000000000000000e+02 1.100796695312499413e-04
1.490000000000000000e+02 1.112124890624999619e-04
1.500000000000000000e+02 1.123839304687499933e-04
1.510000000000000000e+02 1.135948046875000342e-04
1.520000000000000000e+02 1.148464882812500051e-04
1.530000000000000000e+02 1.161399624999999967e-04
1.540000000000000000e+02 1.174758710937500117e-04
1.550000000000000000e+02 1.188554773437499896e-04
1.560000000000000000e+02 1.202797765625000461e-04
1.570000000000000000e+02 1.217503953125000110e-04
1.580000000000000000e+02 1.232681546875000320e-04
1.590000000000000000e+02 1.248330781250000154e-04
1.600000000000000000e+02 1.264479101562500265e-04
1.610000000000000000e+02 1.281131406250000189e-04
1.620000000000000000e+02 1.298301109374999044e-04
1.630000000000000000e+02 1.316002117187499540e-04
1.640000000000000000e+02 1.334246367187499243e-04
1.650000000000000000e+02 1.353042117187501340e-04
1.660000000000000000e+02 1.372409499999999790e-04
1.670000000000000000e+02 1.392355023437499351e-04
1.680000000000000000e+02 1.412895437499999502e-04
1.690000000000000000e+02 1.434051859375000024e-04
1.700000000000000000e+02 1.455827679687500922e-04
1.710000000000000000e+02 1.478247171874998850e-04
1.720000000000000000e+02 1.501316656250000403e-04
1.730000000000000000e+02 1.525058804687500641e-04
1.740000000000000000e+02 1.549485453125000651e-04
1.750000000000000000e+02 1.574611007812499249e-04
1.760000000000000000e+02 1.600453531249999340e-04
1.770000000000000000e+02 1.627033203125000658e-04
1.780000000000000000e+02 1.654360781250000195e-04
1.790000000000000000e+02 1.682462109375000667e-04
1.800000000000000000e+02 1.711347656250000087e-04
1.810000000000000000e+02 1.741042421875000745e-04
1.820000000000000000e+02 1.771558515624999520e-04
1.830000000000000000e+02 1.802913515625000442e-04
1.840000000000000000e+02 1.835136562500000370e-04
1.850000000000000000e+02 1.868237812499999649e-04
1.860000000000000000e+02 1.902240546874999307e-04
1.870000000000000000e+02 1.937168046875000101e-04
1.880000000000000000e+02 1.973040624999999740e-04
1.890000000000000000e+02 2.009875703124999898e-04
1.900000000000000000e+02 2.047703437499999880e-04
1.910000000000000000e+02 2.086534140625000220e-04
1.920000000000000000e+02 2.126400078125000200e-04
1.930000000000000000e+02 2.167323125000000230e-04
1.940000000000000000e+02 2.209328437499999539e-04
1.950000000000000000e+02 2.252435781250000462e-04
1.960000000000000000e+02 2.296673515624999455e-04
1.970000000000000000e+02 2.342059140625000590e-04
1.980000000000000000e+02 2.388633281250000372e-04
1.990000000000000000e+02 2.436411953124999587e-04
2.000000000000000000e+02 2.485423593749998988e-04
2.010000000000000000e+02 2.535700625000000211e-04
2.020000000000000000e+02 2.587265468750001214e-04
2.030000000000000000e+02 2.640147499999999543e-04
2.040000000000000000e+02 2.694376796875000511e-04
2.050000000000000000e+02 2.749987578125002909e-04
2.060000000000000000e+02 2.807001484374999686e-04
2.070000000000000000e+02 2.865459843750001070e-04
2.080000000000000000e+02 2.925377734374996416e-04
2.090000000000000000e+02 2.986811953125000823e-04
2.100000000000000000e+02 3.049771562500000303e-04
2.110000000000000000e+02 3.114306484374998940e-04
2.120000000000000000e+02 3.180438750000000856e-04
2.130000000000000000e+02 3.248218281250000918e-04
2.140000000000000000e+02 3.317666406250002536e-04
2.150000000000000000e+02 3.388823437500000212e-04
2.160000000000000000e+02 3.461730468749999422e-04
2.170000000000000000e+02 3.536422656249998465e-04
2.180000000000000000e+02 3.612938281250000503e-04
2.190000000000000000e+02 3.691317187500001368e-04
2.200000000000000000e+02 3.771597656250000427e-04
2.210000000000000000e+02 3.853817187500001252e-04
2.220000000000000000e+02 3.938028125000002312e-04
2.230000000000000000e+02 4.024260156250002076e-04
2.240000000000000000e+02 4.112569531249999125e-04
2.250000000000000000e+02 4.202986718750000190e-04
2.260000000000000000e+02 4.295566406250000339e-04
2.270000000000000000e+02 4.390348437499998657e-04
2.280000000000000000e+02 4.487374218749999371e-04
2.290000000000000000e+02 4.586706249999997773e-04
2.300000000000000000e+02 4.688371874999998985e-04
2.310000000000000000e+02 4.792439843749997722e-04
2.320000000000000000e+02 4.898946093750001628e-04
2.330000000000000000e+02 5.007953124999998951e-04
2.340000000000000000e+02 5.119503125000000009e-04
2.350000000000000000e+02 5.233642968750000729e-04
2.360000000000000000e+02 5.350437500000002761e-04
2.370000000000000000e+02 5.469938281249998478e-04
2.380000000000000000e+02 5.592206250000000258e-04
2.390000000000000000e+02 5.717280468750003805e-04
2.400000000000000000e+02 5.845221875000000894e-04
2.410000000000000000e+02 5.976111718750002971e-04
2.420000000000000000e+02 6.109982812500001437e-04
2.430000000000000000e+02 6.246903906250003474e-04
2.440000000000000000e+02 6.386921874999999587e-04
2.450000000000000000e+02 6.530117968749999053e-04
2.460000000000000000e+02 6.676549218750000040e-04
2.470000000000000000e+02 6.826290625000002105e-04
2.480000000000000000e+02 6.979392187500000613e-04
2.490000000000000000e+02 7.135873437499997210e-04
2.500000000000000000e+02 7.295885937499997772e-04
2.510000000000000000e+02 7.459481250000003349e-04
2.520000000000000000e+02 7.626673437500002201e-04
2.530000000000000000e+02 7.797594531250005064e-04
2.540000000000000000e+02 7.972250781250001059e-04
2.550000000000000000e+02 8.150775000000004848e-04
2.560000000000000000e+02 8.333207812500003720e-04
2.570000000000000000e+02 8.519642968750000371e-04
2.580000000000000000e+02 8.710108593750000598e-04
2.590000000000000000e+02 8.904732812500002013e-04
2.600000000000000000e+02 9.103541406250001888e-04
2.610000000000000000e+02 9.306677343749995444e-04
2.620000000000000000e+02 9.514146875000001075e-04
2.630000000000000000e+02 9.726091406250005067e-04
2.640000000000000000e+02 9.942570312500001103e-04
2.650000000000000000e+02 1.016367421875000437e-03
2.660000000000000000e+02 1.038939999999999699e-03
2.670000000000000000e+02 1.061995390624999834e-03
2.680000000000000000e+02 1.085534843749999968e-03
2.690000000000000000e+02 1.109573828125000414e-03
2.700000000000000000e+02 1.134107265624999944e-03
2.710000000000000000e+02 1.159158046874998868e-03
2.720000000000000000e+02 1.184727031249999335e-03
2.730000000000000000e+02 1.210821406249999732e-03
2.740000000000000000e+02 1.237460000000000773e-03
2.750000000000000000e+02 1.264639609374999590e-03
2.760000000000000000e+02 1.292377421874999497e-03
2.770000000000000000e+02 1.320678984374999308e-03
2.780000000000000000e+02 1.349556796874999817e-03
2.790000000000000000e+02 1.379017968750000100e-03
2.800000000000000000e+02 1.409067968749999449e-03
2.810000000000000000e+02 1.439721093749999660e-03
2.820000000000000000e+02 1.470980468749999090e-03
2.830000000000000000e+02 1.502862500000000379e-03
2.840000000000000000e+02 1.535384375000000334e-03
2.850000000000000000e+02 1.568529687500000436e-03
2.860000000000000000e+02 1.602328906250000042e-03
2.870000000000000000e+02 1.636785156249999894e-03
2.880000000000000000e+02 1.671910937499999699e-03
2.890000000000000000e+02 1.707711718749999616e-03
2.900000000000000000e+02 1.744203125000001178e-03
2.910000000000000000e+02 1.781383593750000653e-03
2.920000000000000000e+02 1.819275781249999994e-03
2.930000000000000000e+02 1.857874218750000563e-03
2.940000000000000000e+02 1.897194531250000421e-03
2.950000000000000000e+02 1.937254687500000521e-03
2.960000000000000000e+02 1.978054687499999995e-03
2.970000000000000000e+02 2.019606249999999180e-03
2.980000000000000000e+02 2.061917187499998950e-03
2.990000000000000000e+02 2.104999218749999644e-03
3.000000000000000000e+02 2.148851562499999937e-03
3.010000000000000000e+02 2.193498437499999659e-03
3.020000000000000000e+02 2.238935937500000431e-03
3.030000000000000000e+02 2.285175781250000423e-03
3.040000000000000000e+02 2.332226562499999881e-03
3.050000000000000000e+02 2.380098437499999532e-03
3.060000000000000000e+02 2.428801562500000101e-03
3.070000000000000000e+02 2.478338281250000354e-03
3.080000000000000000e+02 2.528720312499999762e-03
3.090000000000000000e+02 2.579935937500000588e-03
3.100000000000000000e+02 2.632021874999999986e-03
3.110000000000000000e+02 2.684972656250000402e-03
3.120000000000000000e+02 2.738785156249998274e-03
3.130000000000000000e+02 2.793478906250002405e-03
3.140000000000000000e+02 2.849046874999998716e-03
3.150000000000000000e+02 2.905502343749999730e-03
3.160000000000000000e+02 2.962853906249998323e-03
3.170000000000000000e+02 3.021092968749998584e-03
3.180000000000000000e+02 3.080238281249999752e-03
3.190000000000000000e+02 3.140280468749999387e-03
3.200000000000000000e+02 3.201230468750000408e-03
3.210000000000000000e+02 3.263090625000000713e-03
3.220000000000000000e+02 3.325855468750000144e-03
3.230000000000000000e+02 3.389529687499998403e-03
3.240000000000000000e+02 3.454119531250000007e-03
3.250000000000000000e+02 3.519617968750001283e-03
3.260000000000000000e+02 3.586025000000000931e-03
3.270000000000000000e+02 3.653347656249999152e-03
3.280000000000000000e+02 3.721567187499998878e-03
3.290000000000000000e+02 3.790698437499998800e-03
3.300000000000000000e+02 3.860725781249998469e-03
3.310000000000000000e+02 3.931649218750001354e-03
3.320000000000000000e+02 4.003453906249999222e-03
3.330000000000000000e+02 4.076147656250000972e-03
3.340000000000000000e+02 4.149705468749998946e-03
3.350000000000000000e+02 4.224133593749999395e-03
3.360000000000000000e+02 4.299421093749999402e-03
3.370000000000000000e+02 4.375546093750000073e-03
3.380000000000000000e+02 4.452498437500000683e-03
3.390000000000000000e+02 4.530270312500000139e-03
3.400000000000000000e+02 4.608846093750000594e-03
3.410000000000000000e+02 4.688208593749998085e-03
3.420000000000000000e+02 4.768332812500002300e-03
3.430000000000000000e+02 4.849215624999998406e-03
3.440000000000000000e+02 4.930810937500000254e-03
3.450000000000000000e+02 5.013120312499994881e-03
3.460000000000000000e+02 5.096102343749998875e-03
3.470000000000000000e+02 5.179753124999998681e-03
3.480000000000000000e+02 5.264016406250000488e-03
3.490000000000000000e+02 5.348882812499997086e-03
3.500000000000000000e+02 5.434316406249999586e-03
3.510000000000000000e+02 5.520276562499999880e-03
3.520000000000000000e+02 5.606742187500002132e-03
3.530000000000000000e+02 5.693658593750000434e-03
3.540000000000000000e+02 5.780997656249998312e-03
3.550000000000000000e+02 5.868716406250001905e-03
3.560000000000000000e+02 5.956759375000003978e-03
3.570000000000000000e+02 6.045092968750000531e-03
3.580000000000000000e+02 6.133657031249999808e-03
3.590000000000000000e+02 6.222406249999999639e-03
3.600000000000000000e+02 6.311285937499999318e-03
3.610000000000000000e+02 6.400239843749997229e-03
3.620000000000000000e+02 6.489200000000000523e-03
3.630000000000000000e+02 6.578106250000001834e-03
3.640000000000000000e+02 6.666901562500000822e-03
3.650000000000000000e+02 6.755494531249998762e-03
3.660000000000000000e+02 6.843842968750001379e-03
3.670000000000000000e+02 6.931856250000002599e-03
3.680000000000000000e+02 7.019444531250002006e-03
3.690000000000000000e+02 7.106549218750000951e-03
3.700000000000000000e+02 7.193062499999999804e-03
3.710000000000000000e+02 7.278914843750000467e-03
3.720000000000000000e+02 7.364004687500001756e-03
3.730000000000000000e+02 7.448235937499999605e-03
3.740000000000000000e+02 7.531503124999998355e-03
3.750000000000000000e+02 7.613725781249999595e-03
3.760000000000000000e+02 7.694771093749997772e-03
3.770000000000000000e+02 7.774539843750000873e-03
3.780000000000000000e+02 7.852915624999998179e-03
3.790000000000000000e+02 7.929780468749998007e-03
3.800000000000000000e+02 8.005016406249997399e-03
3.810000000000000000e+02 8.078485156250004087e-03
3.820000000000000000e+02 8.150071874999999591e-03
3.830000000000000000e+02 8.219638281250002051e-03
3.840000000000000000e+02 8.287036718749999850e-03
3.850000000000000000e+02 8.352138281249997520e-03
3.860000000000000000e+02 8.414779687500000341e-03
3.870000000000000000e+02 8.474832812499999424e-03
3.880000000000000000e+02 8.532129687499999046e-03
3.890000000000000000e+02 8.586514843749998641e-03
3.900000000000000000e+02 8.637837499999998642e-03
3.910000000000000000e+02 8.685921875000000500e-03
3.920000000000000000e+02 8.730599218749997628e-03
3.930000000000000000e+02 8.771700781249999052e-03
3.940000000000000000e+02 8.809053124999998916e-03
3.950000000000000000e+02 8.842490625000002866e-03
3.960000000000000000e+02 8.871809375000002870e-03
3.970000000000000000e+02 8.896848437500000373e-03
3.980000000000000000e+02 8.917389062499994287e-03
3.990000000000000000e+02 8.933300781249996908e-03
4.000000000000000000e+02 8.944371875000002581e-03
4.010000000000000000e+02 8.950352343750002382e-03
4.020000000000000000e+02 8.951112499999998653e-03
4.030000000000000000e+02 8.946467968750001706e-03
4.040000000000000000e+02 8.936210156249997302e-03
4.050000000000000000e+02 8.920147656249995116e-03
4.060000000000000000e+02 8.898072656250002183e-03
4.070000000000000000e+02 8.869829687500000587e-03
4.080000000000000000e+02 8.835211718750001289e-03
4.090000000000000000e+02 8.794044531249999713e-03
4.100000000000000000e+02 8.746149218749997220e-03
4.110000000000000000e+02 8.691355468749998453e-03
4.120000000000000000e+02 8.629475781250001490e-03
4.130000000000000000e+02 8.560376562500001188e-03
4.140000000000000000e+02 8.483868749999998182e-03
4.150000000000000000e+02 8.399864062499998174e-03
4.160000000000000000e+02 8.308202343749994390e-03
4.170000000000000000e+02 8.208735156250002510e-03
4.180000000000000000e+02 8.101389843750002664e-03
4.190000000000000000e+02 7.986082812499996353e-03
4.200000000000000000e+02 7.862724999999999229e-03
4.210000000000000000e+02 7.731255468749999131e-03
4.220000000000000000e+02 7.591642968750000366e-03
4.230000000000000000e+02 7.443891406249999142e-03
4.240000000000000000e+02 7.287998437500001030e-03
4.250000000000000000e+02 7.124014062499996192e-03
4.260000000000000000e+02 6.952016406250000752e-03
4.270000000000000000e+02 6.772108593749997726e-03
4.280000000000000000e+02 6.584436718749998689e-03
4.290000000000000000e+02 6.389196093749999715e-03
4.300000000000000000e+02 6.186611718750001203e-03
4.310000000000000000e+02 5.976949218750001250e-03
4.320000000000000000e+02 5.760555468750000289e-03
4.330000000000000000e+02 5.537812500000000200e-03
4.340000000000000000e+02 5.309167187499999954e-03
4.350000000000000000e+02 5.075126562500000688e-03
4.360000000000000000e+02 4.836290624999997970e-03
4.370000000000000000e+02 4.593309375000000951e-03
4.380000000000000000e+02 4.346925781250001071e-03
4.390000000000000000e+02 4.097989062499999766e-03
4.400000000000000000e+02 3.847412499999998577e-03
4.410000000000000000e+02 3.596243749999998573e-03
4.420000000000000000e+02 3.345620312499999072e-03
4.430000000000000000e+02 3.096803125000000771e-03
4.440000000000000000e+02 2.851203124999999571e-03
4.450000000000000000e+02 2.610346093750000318e-03
4.460000000000000000e+02 2.375900781250000256e-03
4.470000000000000000e+02 2.149707031249999817e-03
4.480000000000000000e+02 1.933782109374999718e-03
4.490000000000000000e+02 1.730299218750000348e-03
4.500000000000000000e+02 1.541652656250000215e-03
4.510000000000000000e+02 1.370423828124999951e-03
4.520000000000000000e+02 1.219425624999999347e-03
4.530000000000000000e+02 1.091705781250000128e-03
4.540000000000000000e+02 9.905635156250002394e-04
4.550000000000000000e+02 9.195668828124995602e-04
4.560000000000000000e+02 8.825748828124999794e-04
4.570000000000000000e+02 8.837492320312505213e-04
4.580000000000000000e+02 9.275865765624999922e-04
4.590000000000000000e+02 1.018921875000000296e-03
4.600000000000000000e+02 1.162962179687500363e-03
4.610000000000000000e+02 1.365321640624999949e-03
4.620000000000000000e+02 1.632021171874999902e-03
4.630000000000000000e+02 1.969531953125000425e-03
4.640000000000000000e+02 2.384813124999999017e-03
4.650000000000000000e+02 2.885326562499998960e-03
4.660000000000000000e+02 3.479057031249998926e-03
4.670000000000000000e+02 4.174585937499998393e-03
4.680000000000000000e+02 4.981089062499995807e-03
4.690000000000000000e+02 5.908396093749998003e-03
4.700000000000000000e+02 6.967020312499999819e-03
4.710000000000000000e+02 8.168205468750001919e-03
4.720000000000000000e+02 9.523972656250002597e-03
4.730000000000000000e+02 1.104713906249999919e-02
4.740000000000000000e+02 1.275146640625000188e-02
4.750000000000000000e+02 1.465151874999999840e-02
4.760000000000000000e+02 1.676303906249999864e-02
4.770000000000000000e+02 1.910259375000000412e-02
4.780000000000000000e+02 2.168799999999999548e-02
4.790000000000000000e+02 2.453817187500000399e-02
4.800000000000000000e+02 2.767339062499999183e-02
4.810000000000000000e+02 3.111507812500000081e-02
4.820000000000000000e+02 3.488615624999996667e-02
4.830000000000000000e+02 3.901091406249999893e-02
4.840000000000000000e+02 4.351545312499999207e-02
4.850000000000000000e+02 4.842726562500000720e-02
4.860000000000000000e+02 5.377575781250001213e-02
4.870000000000000000e+02 5.959214062499999798e-02
4.880000000000000000e+02 6.590962499999998558e-02
4.890000000000000000e+02 7.276350781250000288e-02
4.900000000000000000e+02 8.019107031250000128e-02
4.910000000000000000e+02 8.823242968749998860e-02
4.920000000000000000e+02 9.692947656249996380e-02
4.930000000000000000e+02 1.063278984374999986e-01
4.940000000000000000e+02 1.164744218749999699e-01
4.950000000000000000e+02 1.274198437499999559e-01
4.960000000000000000e+02 1.392181249999999704e-01
4.970000000000000000e+02 1.519261718750000434e-01
4.980000000000000000e+02 1.656045312500000199e-01
4.990000000000000000e+02 1.803164062500000053e-01
5.000000000000000000e+02 1.961305468749999503e-01
5.010000000000000000e+02 2.131187499999999124e-01
5.020000000000000000e+02 2.313577343750000126e-01
5.030000000000000000e+02 2.509271875000000374e-01
5.040000000000000000e+02 2.719139062499999482e-01
5.050000000000000000e+02 2.944085156249999780e-01
5.060000000000000000e+02 3.185061718749998549e-01
5.070000000000000000e+02 3.443097656250000416e-01
5.080000000000000000e+02 3.719268749999997681e-01
5.090000000000000000e+02 4.014710937500001187e-01
5.100000000000000000e+02 4.330646093749998538e-01
5.110000000000000000e+02 4.668335156250001394e-01
