0.000000000000000000e+00 1.095789843750001054e-04
1.000000000000000000e+00 1.095735312499999671e-04
2.000000000000000000e+00 1.095645078125000545e-04
3.000000000000000000e+00 1.095509375000000416e-04
4.000000000000000000e+00 1.095326171875000081e-04
5.000000000000000000e+00 1.095091640624999794e-04
6.000000000000000000e+00 1.094815546875001054e-04
7.000000000000000000e+00 1.094491171875000758e-04
8.000000000000000000e+00 1.094120546874999733e-04
9.000000000000000000e+00 1.093707734374999501e-04
1.000000000000000000e+01 1.093248125000000591e-04
1.100000000000000000e+01 1.092743203124999646e-04
1.200000000000000000e+01 1.092188749999999700e-04
1.300000000000000000e+01 1.091595937499999886e-04
1.400000000000000000e+01 1.090955781250000191e-04
1.500000000000000000e+01 1.090273828124999457e-04
1.600000000000000000e+01 1.089547968750000014e-04
1.700000000000000000e+01 1.088775468750000184e-04
1.800000000000000000e+01 1.087964140625000055e-04
1.900000000000000000e+01 1.087103593750000084e-04
2.000000000000000000e+01 1.086206249999999829e-04
2.100000000000000000e+01 1.085267812499999250e-04
2.200000000000000000e+01 1.084286171874999455e-04
2.300000000000000000e+01 1.083264687500000168e-04
2.400000000000000000e+01 1.082202890625000145e-04
2.500000000000000000e+01 1.081097421875000747e-04
2.600000000000000000e+01 1.079955390624999994e-04
2.700000000000000000e+01 1.078774218750000599e-04
2.800000000000000000e+01 1.077555156249999869e-04
2.900000000000000000e+01 1.076305390624999987e-04
3.000000000000000000e+01 1.075007187500000392e-04
3.100000000000000000e+01 1.073679374999999983e-04
3.200000000000000000e+01 1.072319375000000118e-04
3.300000000000000000e+01 1.070919609374999500e-04
3.400000000000000000e+01 1.069486093750000112e-04
3.500000000000000000e+01 1.068020312500000089e-04
3.600000000000000000e+01 1.066526328125000275e-04
3.700000000000000000e+01 1.064992265624999465e-04
3.800000000000000000e+01 1.063431328125000874e-04
3.900000000000000000e+01 1.061841718750000842e-04
4.000000000000000000e+01 1.060221718750000813e-04
4.100000000000000000e+01 1.058577187500000280e-04
4.200000000000000000e+01 1.056905546874999921e-04
4.300000000000000000e+01 1.055204843750000358e-04
4.400000000000000000e+01 1.053478515624999511e-04
4.500000000000000000e+01 1.051731328124999750e-04
4.600000000000000000e+01 1.049958515624999924e-04
4.700000000000000000e+01 1.048166875000000386e-04
4.800000000000000000e+01 1.046356249999999999e-04
4.900000000000000000e+01 1.044521484375000121e-04
5.000000000000000000e+01 1.042669921874999869e-04
5.100000000000000000e+01 1.040797734375000037e-04
5.200000000000000000e+01 1.038912265625000148e-04
5.300000000000000000e+01 1.037014531250000075e-04
5.400000000000000000e+01 1.035097109374999929e-04
5.500000000000000000e+01 1.033174531250000057e-04
5.600000000000000000e+01 1.031243046874999453e-04
5.700000000000000000e+01 1.029296484374999602e-04
5.800000000000000000e+01 1.027341640624999502e-04
5.900000000000000000e+01 1.025382890625000374e-04
6.000000000000000000e+01 1.023422265625000200e-04
6.100000000000000000e+01 1.021452421874999728e-04
6.200000000000000000e+01 1.019485156249999797e-04
6.300000000000000000e+01 1.017514609375000644e-04
6.400000000000000000e+01 1.015546015624999650e-04
6.500000000000000000e+01 1.013583671874999296e-04
6.600000000000000000e+01 1.011622890625000289e-04
6.700000000000000000e+01 1.009665781250000162e-04
6.800000000000000000e+01 1.007720546875000018e-04
6.900000000000000000e+01 1.005786874999999481e-04
7.000000000000000000e+01 1.003863281250000551e-04
7.100000000000000000e+01 1.001955781250000603e-04
7.200000000000000000e+01 1.000059062500000131e-04
7.300000000000000000e+01 9.981828124999999978e-05
7.400000000000000000e+01 9.963270312500006106e-05
7.500000000000000000e+01 9.944963281249998141e-05
7.600000000000000000e+01 9.926840625000000193e-05
7.700000000000000000e+01 9.908969531249995873e-05
7.800000000000000000e+01 9.891440624999995755e-05
7.900000000000000000e+01 9.874189062500004154e-05
8.000000000000000000e+01 9.857218750000004107e-05
8.100000000000000000e+01 9.840672656250003031e-05
8.200000000000000000e+01 9.824448437499999230e-05
8.300000000000000000e+01 9.808648437500002532e-05
8.400000000000000000e+01 9.793221875000000364e-05
8.500000000000000000e+01 9.778329687499997462e-05
8.600000000000000000e+01 9.763852343749994400e-05
8.700000000000000000e+01 9.749877343750000687e-05
8.800000000000000000e+01 9.736451562499999783e-05
8.900000000000000000e+01 9.723538281250000172e-05
9.000000000000000000e+01 9.711248437499996316e-05
9.100000000000000000e+01 9.699568750000007403e-05
9.200000000000000000e+01 9.688542968750002275e-05
9.300000000000000000e+01 9.678134374999996191e-05
9.400000000000000000e+01 9.668387500000005016e-05
9.500000000000000000e+01 9.659475000000004277e-05
9.600000000000000000e+01 9.651315625000000151e-05
9.700000000000000000e+01 9.643860937500001868e-05
9.800000000000000000e+01 9.637318750000000334e-05
9.900000000000000000e+01 9.631589062500000751e-05
1.000000000000000000e+02 9.626760156250002730e-05
1.010000000000000000e+02 9.622846875000002525e-05
1.020000000000000000e+02 9.619903125000002931e-05
1.030000000000000000e+02 9.617986718750000624e-05
1.040000000000000000e+02 9.617074218750003875e-05
1.050000000000000000e+02 9.617242187500003555e-05
1.060000000000000000e+02 9.618523437499995946e-05
1.070000000000000000e+02 9.620959374999999911e-05
1.080000000000000000e+02 9.624605468749997095e-05
1.090000000000000000e+02 9.629420312499997097e-05
1.100000000000000000e+02 9.635524218749997574e-05
1.110000000000000000e+02 9.642996874999991820e-05
1.120000000000000000e+02 9.651830468750001565e-05
1.130000000000000000e+02 9.661996875000003666e-05
1.140000000000000000e+02 9.673680468749997299e-05
1.150000000000000000e+02 9.686798437500000302e-05
1.160000000000000000e+02 9.701464062499999129e-05
1.170000000000000000e+02 9.717777343749999419e-05
1.180000000000000000e+02 9.735660937499997160e-05
1.190000000000000000e+02 9.755295312500003070e-05
1.200000000000000000e+02 9.776593750000004519e-05
1.210000000000000000e+02 9.799759375000003010e-05
1.220000000000000000e+02 9.824691406250001446e-05
1.230000000000000000e+02 9.851593750000004986e-05
1.240000000000000000e+02 9.880400781249998028e-05
1.250000000000000000e+02 9.911244531249996457e-05
1.260000000000000000e+02 9.944151562499999844e-05
1.270000000000000000e+02 9.979183593750002809e-05
1.280000000000000000e+02 1.001642656250000077e-04
1.290000000000000000e+02 1.005586953125000898e-04
1.300000000000000000e+02 1.009768906249999956e-04
1.310000000000000000e+02 1.014180156250000023e-04
1.320000000000000000e+02 1.018840156250000348e-04
1.330000000000000000e+02 1.023747421874999949e-04
1.340000000000000000e+02 1.028919843749999711e-04
1.350000000000000000e+02 1.034351328124999452e-04
1.360000000000000000e+02 1.040051718750000496e-04
1.370000000000000000e+02 1.046037343749999399e-04
1.380000000000000000e+02 1.052304218749999614e-04
1.390000000000000000e+02 1.058865703125000206e-04
1.400000000000000000e+02 1.065732031250000127e-04
1.410000000000000000e+02 1.072903750000000171e-04
1.420000000000000000e+02 1.080393671874999018e-04
1.430000000000000000e+02 1.088215000000000016e-04
1.440000000000000000e+02 1.096359999999999647e-04
1.450000000000000000e+02 1.104855390624999840e-04
1.460000000000000000e+02 1.113699453124999603e-04
1.470000000000000000e+02 1.122906796874999918e-04
1.480000000000000000e+02 1.132480312499999943e-04
1.490000000000000000e+02 1.142431015624999707e-04
1.500000000000000000e+02 1.152777578124999409e-04
1.510000000000000000e+02 1.163516249999999941e-04
1.520000000000000000e+02 1.174667578124999296e-04
1.530000000000000000e+02 1.186231875000000427e-04
1.540000000000000000e+02 1.198228750000000060e-04
1.550000000000000000e+02 1.210663437500000047e-04
1.560000000000000000e+02 1.223548671875000055e-04
1.570000000000000000e+02 1.236892187500000350e-04
1.580000000000000000e+02 1.250713046875000657e-04
1.590000000000000000e+02 1.265014765624999666e-04
1.600000000000000000e+02 1.279815546874999723e-04
1.610000000000000000e+02 1.295121250000000454e-04
1.620000000000000000e+02 1.310950859375001082e-04
1.630000000000000000e+02 1.327309999999999731e-04
1.640000000000000000e+02 1.344214296875000103e-04
1.650000000000000000e+02 1.361679062500000372e-04
1.660000000000000000e+02 1.379713906249999274e-04
1.670000000000000000e+02 1.398337265624999032e-04
1.680000000000000000e+02 1.417558828124999425e-04
1.690000000000000000e+02 1.437396093750000457e-04
1.700000000000000000e+02 1.457858203125000300e-04
1.710000000000000000e+02 1.478966953124999134e-04
1.720000000000000000e+02 1.500732812500000124e-04
1.730000000000000000e+02 1.523175546875000456e-04
1.740000000000000000e+02 1.546305625000000310e-04
1.750000000000000000e+02 1.570140312499999815e-04
1.760000000000000000e+02 1.594702265625000056e-04
1.770000000000000000e+02 1.620003749999999727e-04
1.780000000000000000e+02 1.646061953125000624e-04
1.790000000000000000e+02 1.672895000000000523e-04
1.800000000000000000e+02 1.700522812500000595e-04
1.810000000000000000e+02 1.728954140624999758e-04
1.820000000000000000e+02 1.758223046875000140e-04
1.830000000000000000e+02 1.788340937499999532e-04
1.840000000000000000e+02 1.819325078125000230e-04
1.850000000000000000e+02 1.851197812500000504e-04
1.860000000000000000e+02 1.883983281250001197e-04
1.870000000000000000e+02 1.917695156249999452e-04
1.880000000000000000e+02 1.952356640625000131e-04
1.890000000000000000e+02 1.987992734375000647e-04
1.900000000000000000e+02 2.024629375000000086e-04
1.910000000000000000e+02 2.062276562500000503e-04
1.920000000000000000e+02 2.100970703125000082e-04
1.930000000000000000e+02 2.140727031250001377e-04
1.940000000000000000e+02 2.181569687500000353e-04
1.950000000000000000e+02 2.223531171875000234e-04
1.960000000000000000e+02 2.266627656250000367e-04
1.970000000000000000e+02 2.310887343750000003e-04
1.980000000000000000e+02 2.356337890625000847e-04
1.990000000000000000e+02 2.403008203124999340e-04
2.000000000000000000e+02 2.450926484374999609e-04
2.010000000000000000e+02 2.500106406249999881e-04
2.020000000000000000e+02 2.550595546875001132e-04
2.030000000000000000e+02 2.602414296875000762e-04
2.040000000000000000e+02 2.655585312500000398e-04
2.050000000000000000e+02 2.710152890625000576e-04
2.060000000000000000e+02 2.766141250000001559e-04
2.070000000000000000e+02 2.823574453124999897e-04
2.080000000000000000e+02 2.882496015625001418e-04
2.090000000000000000e+02 2.942928984374999410e-04
2.100000000000000000e+02 3.004915937499999111e-04
2.110000000000000000e+02 3.068480546875000528e-04
2.120000000000000000e+02 3.133670234375000386e-04
2.130000000000000000e+02 3.200509453124998822e-04
2.140000000000000000e+02 3.269037656250001634e-04
2.150000000000000000e+02 3.339294765625000819e-04
2.160000000000000000e+02 3.411313828125000125e-04
2.170000000000000000e+02 3.485136093750001150e-04
2.180000000000000000e+02 3.560799218749998709e-04
2.190000000000000000e+02 3.638342187500001558e-04
2.200000000000000000e+02 3.717801562500000208e-04
2.210000000000000000e+02 3.799229687499999092e-04
2.220000000000000000e+02 3.882657031249998978e-04
2.230000000000000000e+02 3.968136718749999551e-04
2.240000000000000000e+02 4.055699218749998325e-04
2.250000000000000000e+02 4.145401562500000518e-04
2.260000000000000000e+02 4.237282031250000076e-04
2.270000000000000000e+02 4.331389062500000777e-04
2.280000000000000000e+02 4.427769531250000173e-04
2.290000000000000000e+02 4.526473437499999052e-04
2.300000000000000000e+02 4.627539843750000706e-04
2.310000000000000000e+02 4.731024999999998838e-04
2.320000000000000000e+02 4.836989062500001899e-04
2.330000000000000000e+02 4.945461718749999142e-04
2.340000000000000000e+02 5.056524218749999843e-04
2.350000000000000000e+02 5.170189062499999048e-04
2.360000000000000000e+02 5.286531250000000648e-04
2.370000000000000000e+02 5.405629687500001059e-04
2.380000000000000000e+02 5.527518749999998449e-04
2.390000000000000000e+02 5.652246093750001345e-04
2.400000000000000000e+02 5.779883593749999019e-04
2.410000000000000000e+02 5.910489062500004411e-04
2.420000000000000000e+02 6.044128125000002493e-04
2.430000000000000000e+02 6.180819531249997492e-04
2.440000000000000000e+02 6.320643750000002345e-04
2.450000000000000000e+02 6.463764062500002667e-04
2.460000000000000000e+02 6.610085937499996173e-04
2.470000000000000000e+02 6.759765624999999282e-04
2.480000000000000000e+02 6.912842187499993601e-04
2.490000000000000000e+02 7.069366406250003360e-04
2.500000000000000000e+02 7.229488281249999478e-04
2.510000000000000000e+02 7.393164843749999151e-04
2.520000000000000000e+02 7.560552343749998199e-04
2.530000000000000000e+02 7.731684375000001707e-04
2.540000000000000000e+02 7.906602343749997638e-04
2.550000000000000000e+02 8.085432031249998935e-04
2.560000000000000000e+02 8.268221093749997860e-04
2.570000000000000000e+02 8.455071093749999501e-04
2.580000000000000000e+02 8.646062499999996199e-04
2.590000000000000000e+02 8.841175781250002570e-04
2.600000000000000000e+02 9.040619531249999893e-04
2.610000000000000000e+02 9.244403125000002748e-04
2.620000000000000000e+02 9.452607031250001308e-04
2.630000000000000000e+02 9.665332031249996734e-04
2.640000000000000000e+02 9.882661718749992733e-04
2.650000000000000000e+02 1.010465624999999775e-03
2.660000000000000000e+02 1.033142656250000437e-03
2.670000000000000000e+02 1.056302343749999451e-03
2.680000000000000000e+02 1.079956953125000120e-03
2.690000000000000000e+02 1.104112421874999970e-03
2.700000000000000000e+02 1.128777968750000653e-03
2.710000000000000000e+02 1.153966484374999721e-03
2.720000000000000000e+02 1.179681875000000105e-03
2.730000000000000000e+02 1.205934687500000808e-03
2.740000000000000000e+02 1.232731796875000379e-03
2.750000000000000000e+02 1.260087187499999480e-03
2.760000000000000000e+02 1.288007890624999182e-03
2.770000000000000000e+02 1.316503046875000310e-03
2.780000000000000000e+02 1.345576796874999601e-03
2.790000000000000000e+02 1.375246250000001060e-03
2.800000000000000000e+02 1.405521796874999651e-03
2.810000000000000000e+02 1.436412500000000146e-03
2.820000000000000000e+02 1.467916406249999669e-03
2.830000000000000000e+02 1.500047656250000751e-03
2.840000000000000000e+02 1.532832031249999798e-03
2.850000000000000000e+02 1.566263281249999882e-03
2.860000000000000000e+02 1.600349999999999082e-03
2.870000000000000000e+02 1.635112499999999717e-03
2.880000000000000000e+02 1.670553125000000336e-03
2.890000000000000000e+02 1.706682031250000581e-03
2.900000000000000000e+02 1.743521093749999130e-03
2.910000000000000000e+02 1.781057812499999091e-03
2.920000000000000000e+02 1.819317968750000340e-03
2.930000000000000000e+02 1.858307031249999781e-03
2.940000000000000000e+02 1.898031250000000196e-03
2.950000000000000000e+02 1.938504687500000687e-03
2.960000000000000000e+02 1.979736718749999791e-03
2.970000000000000000e+02 2.021735156250000116e-03
2.980000000000000000e+02 2.064514843749999488e-03
2.990000000000000000e+02 2.108071093749999507e-03
3.000000000000000000e+02 2.152429687500000480e-03
3.010000000000000000e+02 2.197588281250000171e-03
3.020000000000000000e+02 2.243564062500000376e-03
3.030000000000000000e+02 2.290360156250001184e-03
3.040000000000000000e+02 2.337985937500001131e-03
3.050000000000000000e+02 2.386450781250001353e-03
3.060000000000000000e+02 2.435768749999998786e-03
3.070000000000000000e+02 2.485936718749999410e-03
3.080000000000000000e+02 2.536963281250000438e-03
3.090000000000000000e+02 2.588870312500001197e-03
3.100000000000000000e+02 2.641653906250000274e-03
3.110000000000000000e+02 2.695320312499998282e-03
3.120000000000000000e+02 2.749882031249999918e-03
3.130000000000000000e+02 2.805339062500001278e-03
3.140000000000000000e+02 2.861703906250000554e-03
3.150000000000000000e+02 2.918975781249999023e-03
3.160000000000000000e+02 2.977167187500000950e-03
3.170000000000000000e+02 3.036283593750001286e-03
3.180000000000000000e+02 3.096316406250001086e-03
3.190000000000000000e+02 3.157282812499999543e-03
3.200000000000000000e+02 3.219178124999999557e-03
3.210000000000000000e+02 3.282016406250000233e-03
3.220000000000000000e+02 3.345789062500001323e-03
3.230000000000000000e+02 3.410496875000000247e-03
3.240000000000000000e+02 3.476153125000000857e-03
3.250000000000000000e+02 3.542753125000001283e-03
3.260000000000000000e+02 3.610278906250000575e-03
3.270000000000000000e+02 3.678753125000001987e-03
3.280000000000000000e+02 3.748167968749998354e-03
3.290000000000000000e+02 3.818515625000000295e-03
3.300000000000000000e+02 3.889799218749998358e-03
3.310000000000000000e+02 3.962014843749998502e-03
3.320000000000000000e+02 4.035144531249999778e-03
3.330000000000000000e+02 4.109189062500000905e-03
3.340000000000000000e+02 4.184153124999998551e-03
3.350000000000000000e+02 4.260009374999999300e-03
3.360000000000000000e+02 4.336761718750000230e-03
3.370000000000000000e+02 4.414396093749999202e-03
3.380000000000000000e+02 4.492895312500000925e-03
3.390000000000000000e+02 4.572248437499999880e-03
3.400000000000000000e+02 4.652449999999997213e-03
3.410000000000000000e+02 4.733471874999999919e-03
3.420000000000000000e+02 4.815306249999998234e-03
3.430000000000000000e+02 4.897927343749999655e-03
3.440000000000000000e+02 4.981319531250003735e-03
3.450000000000000000e+02 5.065455468749998844e-03
3.460000000000000000e+02 5.150317187499998776e-03
3.470000000000000000e+02 5.235883593750000758e-03
3.480000000000000000e+02 5.322109374999997415e-03
3.490000000000000000e+02 5.408985156250002355e-03
3.500000000000000000e+02 5.496467968750001765e-03
3.510000000000000000e+02 5.584528906249997850e-03
3.520000000000000000e+02 5.673135156250004411e-03
3.530000000000000000e+02 5.762250000000000011e-03
3.540000000000000000e+02 5.851824218749999279e-03
3.550000000000000000e+02 5.941828124999997893e-03
3.560000000000000000e+02 6.032210937499998295e-03
3.570000000000000000e+02 6.122928906250000095e-03
3.580000000000000000e+02 6.213926562499996059e-03
3.590000000000000000e+02 6.305164062500000222e-03
3.600000000000000000e+02 6.396574218750000242e-03
3.610000000000000000e+02 6.488107812499997740e-03
3.620000000000000000e+02 6.579707031250000594e-03
3.630000000000000000e+02 6.671303124999999022e-03
3.640000000000000000e+02 6.762832812499995974e-03
3.650000000000000000e+02 6.854226562500000293e-03
3.660000000000000000e+02 6.945406250000001058e-03
3.670000000000000000e+02 7.036310156250001266e-03
3.680000000000000000e+02 7.126848437499997031e-03
3.690000000000000000e+02 7.216944531250002633e-03
3.700000000000000000e+02 7.306507031249999395e-03
3.710000000000000000e+02 7.395460937500001643e-03
3.720000000000000000e+02 7.483702343750003351e-03
3.730000000000000000e+02 7.571136718750001368e-03
3.740000000000000000e+02 7.657656249999996931e-03
3.750000000000000000e+02 7.743179687499997244e-03
3.760000000000000000e+02 7.827581249999999990e-03
3.770000000000000000e+02 7.910761718749997548e-03
3.780000000000000000e+02 7.992588281250000842e-03
3.790000000000000000e+02 8.072960156250001337e-03
3.800000000000000000e+02 8.151746093749996994e-03
3.810000000000000000e+02 8.228818750000003665e-03
3.820000000000000000e+02 8.304053125000000410e-03
3.830000000000000000e+02 8.377311718749997152e-03
3.840000000000000000e+02 8.448446093749999164e-03
3.850000000000000000e+02 8.517325781249997924e-03
3.860000000000000000e+02 8.583792968750003638e-03
3.870000000000000000e+02 8.647706249999999664e-03
3.880000000000000000e+02 8.708911718749998490e-03
3.890000000000000000e+02 8.767236718750003391e-03
3.900000000000000000e+02 8.822531250000001379e-03
3.910000000000000000e+02 8.874621093750003492e-03
3.920000000000000000e+02 8.923349999999998297e-03
3.930000000000000000e+02 8.968525781250003687e-03
3.940000000000000000e+02 9.009976562499995636e-03
3.950000000000000000e+02 9.047538281249999786e-03
3.960000000000000000e+02 9.081003125000002354e-03
3.970000000000000000e+02 9.110202343750001958e-03
3.980000000000000000e+02 9.134941406249999507e-03
3.990000000000000000e+02 9.155043750000002936e-03
4.000000000000000000e+02 9.170289062499999838e-03
4.010000000000000000e+02 9.180492187500005272e-03
4.020000000000000000e+02 9.185526562500000852e-03
4.030000000000000000e+02 9.185080468749995397e-03
4.040000000000000000e+02 9.179018750000000199e-03
4.050000000000000000e+02 9.167136718750003299e-03
4.060000000000000000e+02 9.149271875000001761e-03
4.070000000000000000e+02 9.125199218750004726e-03
4.080000000000000000e+02 9.094711718750000604e-03
4.090000000000000000e+02 9.057645312500002890e-03
4.100000000000000000e+02 9.013792968749996526e-03
4.110000000000000000e+02 8.963046875000000094e-03
4.120000000000000000e+02 8.905139062499997649e-03
4.130000000000000000e+02 8.839964062500000469e-03
4.140000000000000000e+02 8.767323437499998512e-03
4.150000000000000000e+02 8.687099218750000962e-03
4.160000000000000000e+02 8.599122656250006436e-03
4.170000000000000000e+02 8.503311718749999998e-03
4.180000000000000000e+02 8.399501562499998158e-03
4.190000000000000000e+02 8.287590625000002334e-03
4.200000000000000000e+02 8.167539062500001404e-03
4.210000000000000000e+02 8.039257812500000613e-03
4.220000000000000000e+02 7.902689843749999624e-03
4.230000000000000000e+02 7.757837500000003272e-03
4.240000000000000000e+02 7.604694531249999237e-03
4.250000000000000000e+02 7.443288281250000013e-03
4.260000000000000000e+02 7.273689062499999816e-03
4.270000000000000000e+02 7.095994531249998419e-03
4.280000000000000000e+02 6.910322656249997912e-03
4.290000000000000000e+02 6.716859375000003643e-03
4.300000000000000000e+02 6.515816406249997847e-03
4.310000000000000000e+02 6.307454687500001905e-03
4.320000000000000000e+02 6.092095312500001199e-03
4.330000000000000000e+02 5.870102343749997523e-03
4.340000000000000000e+02 5.641904687499999307e-03
4.350000000000000000e+02 5.408010937499998193e-03
4.360000000000000000e+02 5.168967968750000364e-03
4.370000000000000000e+02 4.925437500000000995e-03
4.380000000000000000e+02 4.678137500000001218e-03
4.390000000000000000e+02 4.427880468749998376e-03
4.400000000000000000e+02 4.175575000000000814e-03
4.410000000000000000e+02 3.922241406250001443e-03
4.420000000000000000e+02 3.668992187500001462e-03
4.430000000000000000e+02 3.417072656249999819e-03
4.440000000000000000e+02 3.167857031250001336e-03
4.450000000000000000e+02 2.922846875000000618e-03
4.460000000000000000e+02 2.683696093750001423e-03
4.470000000000000000e+02 2.452211718749999769e-03
4.480000000000000000e+02 2.230379687499999854e-03
4.490000000000000000e+02 2.020340234375000120e-03
4.500000000000000000e+02 1.824471406250000689e-03
4.510000000000000000e+02 1.645310312500000141e-03
4.520000000000000000e+02 1.485645703124999911e-03
4.530000000000000000e+02 1.348486093750000470e-03
4.540000000000000000e+02 1.237095234374999348e-03
4.550000000000000000e+02 1.155008281250000839e-03
4.560000000000000000e+02 1.106047437499999963e-03
4.570000000000000000e+02 1.094336679687499649e-03
4.580000000000000000e+02 1.124327826562499921e-03
4.590000000000000000e+02 1.200821070312500316e-03
4.600000000000000000e+02 1.328975421875000680e-03
4.610000000000000000e+02 1.514366640625000376e-03
4.620000000000000000e+02 1.762971406250000332e-03
4.630000000000000000e+02 2.081214921875000450e-03
4.640000000000000000e+02 2.476000546875000048e-03
4.650000000000000000e+02 2.954742656249999006e-03
4.660000000000000000e+02 3.525376562499999908e-03
4.670000000000000000e+02 4.196435156249999146e-03
4.680000000000000000e+02 4.977022656250001606e-03
4.690000000000000000e+02 5.876925781249999446e-03
4.700000000000000000e+02 6.906632812500001529e-03
4.710000000000000000e+02 8.077290625000000529e-03
4.720000000000000000e+02 9.400841406250004181e-03
4.730000000000000000e+02 1.089006093750000646e-02
4.740000000000000000e+02 1.255867812499999667e-02
4.750000000000000000e+02 1.442117656250000227e-02
4.760000000000000000e+02 1.649321328124999861e-02
4.770000000000000000e+02 1.879126562500000458e-02
4.780000000000000000e+02 2.133310937500000962e-02
4.790000000000000000e+02 2.413753906250000469e-02
4.800000000000000000e+02 2.722476562499999767e-02
4.810000000000000000e+02 3.061620312500000496e-02
4.820000000000000000e+02 3.433464062500000274e-02
4.830000000000000000e+02 3.840431249999999574e-02
4.840000000000000000e+02 4.285111718750000964e-02
4.850000000000000000e+02 4.770264843750002259e-02
4.860000000000000000e+02 5.298810937499997403e-02
4.870000000000000000e+02 5.873867968749998253e-02
4.880000000000000000e+02 6.498730468749999711e-02
4.890000000000000000e+02 7.176935156250000003e-02
4.900000000000000000e+02 7.912192187499998697e-02
4.910000000000000000e+02 8.708535156250002407e-02
4.920000000000000000e+02 9.570084375000004195e-02
4.930000000000000000e+02 1.050140390624999670e-01
4.940000000000000000e+02 1.150720000000000076e-01
4.950000000000000000e+02 1.259253906249999666e-01
4.960000000000000000e+02 1.376274999999999860e-01
4.970000000000000000e+02 1.502364843749999512e-01
4.980000000000000000e+02 1.638101562499998942e-01
4.990000000000000000e+02 1.784135156249999909e-01
5.000000000000000000e+02 1.941155468750001556e-01
5.010000000000000000e+02 2.109869531249999042e-01
5.020000000000000000e+02 2.291042968749999742e-01
5.030000000000000000e+02 2.485474218750000353e-01
5.040000000000000000e+02 2.694031250000000210e-01
5.050000000000000000e+02 2.917614062499999661e-01
5.060000000000000000e+02 3.157175781249999535e-01
5.070000000000000000e+02 3.413750781249998423e-01
5.080000000000000000e+02 3.688392968750000001e-01
5.090000000000000000e+02 3.982257031250001633e-01
5.100000000000000000e+02 4.296546874999998544e-01
5.110000000000000000e+02 4.632535937499999146e-01
