0.000000000000000000e+00 1.849302656249999751e-04
1.000000000000000000e+00 1.849162031250000044e-04
2.000000000000000000e+00 1.848883203124999897e-04
3.000000000000000000e+00 1.848465546874999640e-04
4.000000000000000000e+00 1.847903593749999711e-04
5.000000000000000000e+00 1.847196406249999249e-04
6.000000000000000000e+00 1.846357421875000396e-04
7.000000000000000000e+00 1.845379999999999330e-04
8.000000000000000000e+00 1.844262421874999936e-04
9.000000000000000000e+00 1.843006953125000480e-04
1.000000000000000000e+01 1.841608828125000218e-04
1.100000000000000000e+01 1.840078828124999438e-04
1.200000000000000000e+01 1.838406093750000333e-04
1.300000000000000000e+01 1.836596093749999481e-04
1.400000000000000000e+01 1.834655703124999499e-04
1.500000000000000000e+01 1.832574531249999349e-04
1.600000000000000000e+01 1.830355390625000263e-04
1.700000000000000000e+01 1.828009062500001716e-04
1.800000000000000000e+01 1.825527499999999811e-04
1.900000000000000000e+01 1.822903828124999522e-04
2.000000000000000000e+01 1.820161093750001459e-04
2.100000000000000000e+01 1.817279218749999654e-04
2.200000000000000000e+01 1.814271171875000022e-04
2.300000000000000000e+01 1.811130390625000054e-04
2.400000000000000000e+01 1.807859374999999517e-04
2.500000000000000000e+01 1.804466250000000640e-04
2.600000000000000000e+01 1.800943984374999535e-04
2.700000000000000000e+01 1.797291718749999636e-04
2.800000000000000000e+01 1.793516953124999706e-04
2.900000000000000000e+01 1.789628281249999286e-04
3.000000000000000000e+01 1.785604765624999640e-04
3.100000000000000000e+01 1.781474921874999853e-04
3.200000000000000000e+01 1.777216953125000556e-04
3.300000000000000000e+01 1.772846796874999865e-04
3.400000000000000000e+01 1.768352656249999111e-04
3.500000000000000000e+01 1.763748046875000125e-04
3.600000000000000000e+01 1.759029453124999877e-04
3.700000000000000000e+01 1.754199921874999475e-04
3.800000000000000000e+01 1.749257656250000406e-04
3.900000000000000000e+01 1.744205703124999984e-04
4.000000000000000000e+01 1.739048828125000035e-04
4.100000000000000000e+01 1.733788984374999532e-04
4.200000000000000000e+01 1.728420937499999604e-04
4.300000000000000000e+01 1.722951562499999614e-04
4.400000000000000000e+01 1.717383984375000356e-04
4.500000000000000000e+01 1.711717578124999177e-04
4.600000000000000000e+01 1.705954453125000118e-04
4.700000000000000000e+01 1.700099453125000629e-04
4.800000000000000000e+01 1.694146328124999934e-04
4.900000000000000000e+01 1.688107265625000562e-04
5.000000000000000000e+01 1.681978671874999798e-04
5.100000000000000000e+01 1.675767031250000190e-04
5.200000000000000000e+01 1.669465156250000916e-04
5.300000000000000000e+01 1.663089999999998742e-04
5.400000000000000000e+01 1.656627812500000366e-04
5.500000000000000000e+01 1.650094765625000526e-04
5.600000000000000000e+01 1.643484921875000180e-04
5.700000000000000000e+01 1.636797968750000848e-04
5.800000000000000000e+01 1.630042968750000740e-04
5.900000000000000000e+01 1.623224843749999707e-04
6.000000000000000000e+01 1.616335937499999067e-04
6.100000000000000000e+01 1.609387812500000052e-04
6.200000000000000000e+01 1.602382656249999615e-04
6.300000000000000000e+01 1.595313281249999640e-04
6.400000000000000000e+01 1.588189531249999825e-04
6.500000000000000000e+01 1.581014374999999150e-04
6.600000000000000000e+01 1.573799375000000745e-04
6.700000000000000000e+01 1.566532109374999763e-04
6.800000000000000000e+01 1.559218437499998813e-04
6.900000000000000000e+01 1.551868671874999785e-04
7.000000000000000000e+01 1.544475546874999185e-04
7.100000000000000000e+01 1.537054296875000107e-04
7.200000000000000000e+01 1.529603203124999390e-04
7.300000000000000000e+01 1.522115781250000177e-04
7.400000000000000000e+01 1.514607109375000222e-04
7.500000000000000000e+01 1.507077499999999904e-04
7.600000000000000000e+01 1.499529999999999516e-04
7.700000000000000000e+01 1.491966171875000404e-04
7.800000000000000000e+01 1.484391718750000108e-04
7.900000000000000000e+01 1.476804453124999780e-04
8.000000000000000000e+01 1.469212578124999438e-04
8.100000000000000000e+01 1.461618124999999641e-04
8.200000000000000000e+01 1.454027500000000268e-04
8.300000000000000000e+01 1.446447812500001101e-04
8.400000000000000000e+01 1.438869687500000027e-04
8.500000000000000000e+01 1.431305546875000266e-04
8.600000000000000000e+01 1.423757187500001144e-04
8.700000000000000000e+01 1.416229765624999945e-04
8.800000000000000000e+01 1.408726015625000111e-04
8.900000000000000000e+01 1.401253203124999984e-04
9.000000000000000000e+01 1.393809062500000215e-04
9.100000000000000000e+01 1.386395703124999694e-04
9.200000000000000000e+01 1.379033515625000428e-04
9.300000000000000000e+01 1.371708515624999478e-04
9.400000000000000000e+01 1.364434374999999404e-04
9.500000000000000000e+01 1.357216796874999103e-04
9.600000000000000000e+01 1.350048749999999836e-04
9.700000000000000000e+01 1.342947421874999875e-04
9.800000000000000000e+01 1.335909140624999525e-04
9.900000000000000000e+01 1.328940390624999441e-04
1.000000000000000000e+02 1.322049453125000141e-04
1.010000000000000000e+02 1.315232499999999304e-04
1.020000000000000000e+02 1.308498828124999896e-04
1.030000000000000000e+02 1.301858593750000368e-04
1.040000000000000000e+02 1.295313125000000019e-04
1.050000000000000000e+02 1.288863359375000254e-04
1.060000000000000000e+02 1.282515312500000075e-04
1.070000000000000000e+02 1.276280781250000590e-04
1.080000000000000000e+02 1.270160468749999803e-04
1.090000000000000000e+02 1.264155468750000934e-04
1.100000000000000000e+02 1.258272812499999468e-04
1.110000000000000000e+02 1.252526718750000118e-04
1.120000000000000000e+02 1.246906640625000304e-04
1.130000000000000000e+02 1.241428281249999893e-04
1.140000000000000000e+02 1.236099296875001088e-04
1.150000000000000000e+02 1.230915234375000271e-04
1.160000000000000000e+02 1.225896093750000195e-04
1.170000000000000000e+02 1.221037734374999788e-04
1.180000000000000000e+02 1.216347343750000281e-04
1.190000000000000000e+02 1.211837265625000055e-04
1.200000000000000000e+02 1.207500156250000537e-04
1.210000000000000000e+02 1.203351484374999412e-04
1.220000000000000000e+02 1.199398437499999673e-04
1.230000000000000000e+02 1.195643515624999868e-04
1.240000000000000000e+02 1.192100781250000457e-04
1.250000000000000000e+02 1.188764453125000145e-04
1.260000000000000000e+02 1.185651406250000080e-04
1.270000000000000000e+02 1.182764453124999593e-04
1.280000000000000000e+02 1.180109140624999831e-04
1.290000000000000000e+02 1.177695703124999880e-04
1.300000000000000000e+02 1.175527578125000098e-04
1.310000000000000000e+02 1.173612578124999897e-04
1.320000000000000000e+02 1.171967187500000087e-04
1.330000000000000000e+02 1.170584843749999514e-04
1.340000000000000000e+02 1.169485078124999960e-04
1.350000000000000000e+02 1.168666015625000244e-04
1.360000000000000000e+02 1.168141953124999751e-04
1.370000000000000000e+02 1.167919609374999825e-04
1.380000000000000000e+02 1.168004140625000190e-04
1.390000000000000000e+02 1.168410546875000135e-04
1.400000000000000000e+02 1.169135312499999612e-04
1.410000000000000000e+02 1.170199218749999880e-04
1.420000000000000000e+02 1.171607500000000353e-04
1.430000000000000000e+02 1.173366953124999621e-04
1.440000000000000000e+02 1.175483828125000222e-04
1.450000000000000000e+02 1.177975234374999656e-04
1.460000000000000000e+02 1.180842109375000140e-04
1.470000000000000000e+02 1.184102031250000282e-04
1.480000000000000000e+02 1.187761093750000128e-04
1.490000000000000000e+02 1.191830703125000042e-04
1.500000000000000000e+02 1.196316718749999787e-04
1.510000000000000000e+02 1.201230078125000111e-04
1.520000000000000000e+02 1.206585859374999313e-04
1.530000000000000000e+02 1.212391953125000014e-04
1.540000000000000000e+02 1.218655390625000411e-04
1.550000000000000000e+02 1.225394843750000028e-04
1.560000000000000000e+02 1.232617734374999701e-04
1.570000000000000000e+02 1.240339375000000315e-04
1.580000000000000000e+02 1.248560859374999669e-04
1.590000000000000000e+02 1.257303203125000523e-04
1.600000000000000000e+02 1.266581171874999715e-04
1.610000000000000000e+02 1.276397265624999180e-04
1.620000000000000000e+02 1.286771171874999940e-04
1.630000000000000000e+02 1.297717499999999726e-04
1.640000000000000000e+02 1.309242031250000375e-04
1.650000000000000000e+02 1.321357968750000087e-04
1.660000000000000000e+02 1.334090624999999903e-04
1.670000000000000000e+02 1.347444453124999649e-04
1.680000000000000000e+02 1.361433359374999866e-04
1.690000000000000000e+02 1.376078046875000226e-04
1.700000000000000000e+02 1.391386718749999124e-04
1.710000000000000000e+02 1.407377421874999798e-04
1.720000000000000000e+02 1.424066640624999536e-04
1.730000000000000000e+02 1.441469531249999576e-04
1.740000000000000000e+02 1.459599062499999868e-04
1.750000000000000000e+02 1.478470625000000442e-04
1.760000000000000000e+02 1.498111249999999810e-04
1.770000000000000000e+02 1.518531796875000387e-04
1.780000000000000000e+02 1.539741796874999325e-04
1.790000000000000000e+02 1.561771093750000702e-04
1.800000000000000000e+02 1.584633359375000304e-04
1.810000000000000000e+02 1.608344687500000501e-04
1.820000000000000000e+02 1.632929218750001326e-04
1.830000000000000000e+02 1.658398671875000677e-04
1.840000000000000000e+02 1.684777343750000131e-04
1.850000000000000000e+02 1.712091328125001674e-04
1.860000000000000000e+02 1.740346953124999535e-04
1.870000000000000000e+02 1.769576953124999525e-04
1.880000000000000000e+02 1.799800312500000595e-04
1.890000000000000000e+02 1.831035937499999027e-04
1.900000000000000000e+02 1.863305390624998923e-04
1.910000000000000000e+02 1.896640234375001016e-04
1.920000000000000000e+02 1.931050546875000002e-04
1.930000000000000000e+02 1.966564921874999533e-04
1.940000000000000000e+02 2.003214843749997944e-04
1.950000000000000000e+02 2.041016093750001295e-04
1.960000000000000000e+02 2.080001406249998861e-04
1.970000000000000000e+02 2.120184609374999626e-04
1.980000000000000000e+02 2.161606640624999661e-04
1.990000000000000000e+02 2.204287265624999947e-04
2.000000000000000000e+02 2.248251562499999480e-04
2.010000000000000000e+02 2.293530156250000302e-04
2.020000000000000000e+02 2.340150312500000800e-04
2.030000000000000000e+02 2.388144453125000714e-04
2.040000000000000000e+02 2.437539609375000181e-04
2.050000000000000000e+02 2.488367499999999313e-04
2.060000000000000000e+02 2.540658749999999064e-04
2.070000000000000000e+02 2.594447109375000644e-04
2.080000000000000000e+02 2.649758124999999280e-04
2.090000000000000000e+02 2.706631953124999314e-04
2.100000000000000000e+02 2.765097500000000168e-04
2.110000000000000000e+02 2.825187421874999290e-04
2.120000000000000000e+02 2.886956718750000798e-04
2.130000000000000000e+02 2.950405703125000734e-04
2.140000000000000000e+02 3.015596796874999309e-04
2.150000000000000000e+02 3.082566249999996958e-04
2.160000000000000000e+02 3.151342812499998607e-04
2.170000000000000000e+02 3.221969921874999823e-04
2.180000000000000000e+02 3.294483593750000623e-04
2.190000000000000000e+02 3.368927265624999828e-04
2.200000000000000000e+02 3.445344296875000093e-04
2.210000000000000000e+02 3.523772734374999824e-04
2.220000000000000000e+02 3.604254843750002253e-04
2.230000000000000000e+02 3.686844218749998686e-04
2.240000000000000000e+02 3.771569687499997259e-04
2.250000000000000000e+02 3.858485937499999004e-04
2.260000000000000000e+02 3.947634609374999349e-04
2.270000000000000000e+02 4.039078515625001012e-04
2.280000000000000000e+02 4.132851015625000528e-04
2.290000000000000000e+02 4.228997656249997776e-04
2.300000000000000000e+02 4.327566406250001117e-04
2.310000000000000000e+02 4.428637500000000304e-04
2.320000000000000000e+02 4.532248437500000534e-04
2.330000000000000000e+02 4.638403124999998669e-04
2.340000000000000000e+02 4.747236718750000002e-04
2.350000000000000000e+02 4.858762499999997545e-04
2.360000000000000000e+02 4.973035937499996253e-04
2.370000000000000000e+02 5.090108593749999343e-04
2.380000000000000000e+02 5.210050000000001659e-04
2.390000000000000000e+02 5.332941406249997298e-04
2.400000000000000000e+02 5.458789843749999905e-04
2.410000000000000000e+02 5.587713281250000514e-04
2.420000000000000000e+02 5.719722656250000956e-04
2.430000000000000000e+02 5.854898437499996824e-04
2.440000000000000000e+02 5.993339062500000272e-04
2.450000000000000000e+02 6.135071875000004497e-04
2.460000000000000000e+02 6.280192187499998363e-04
2.470000000000000000e+02 6.428735156250001311e-04
2.480000000000000000e+02 6.580799218749997306e-04
2.490000000000000000e+02 6.736457031249999065e-04
2.500000000000000000e+02 6.895717187499997725e-04
2.510000000000000000e+02 7.058742968749995165e-04
2.520000000000000000e+02 7.225596875000000769e-04
2.530000000000000000e+02 7.396250781249998985e-04
2.540000000000000000e+02 7.570870312500007802e-04
2.550000000000000000e+02 7.749571093749998887e-04
2.560000000000000000e+02 7.932310937500000950e-04
2.570000000000000000e+02 8.119293750000003158e-04
2.580000000000000000e+02 8.310513281249999043e-04
2.590000000000000000e+02 8.506104687500005285e-04
2.600000000000000000e+02 8.706124218749994445e-04
2.610000000000000000e+02 8.910671093749999950e-04
2.620000000000000000e+02 9.119803124999996792e-04
2.630000000000000000e+02 9.333647656250000342e-04
2.640000000000000000e+02 9.552287499999998453e-04
2.650000000000000000e+02 9.775781249999994978e-04
2.660000000000000000e+02 1.000423906249999590e-03
2.670000000000000000e+02 1.023774218749999750e-03
2.680000000000000000e+02 1.047646015624999509e-03
2.690000000000000000e+02 1.072030781249999880e-03
2.700000000000000000e+02 1.096958203124999984e-03
2.710000000000000000e+02 1.122425468749999999e-03
2.720000000000000000e+02 1.148449765624999118e-03
2.730000000000000000e+02 1.175033906250000197e-03
2.740000000000000000e+02 1.202196015625000636e-03
2.750000000000000000e+02 1.229938671875000378e-03
2.760000000000000000e+02 1.258275078125000498e-03
2.770000000000000000e+02 1.287215156250000108e-03
2.780000000000000000e+02 1.316773671874999678e-03
2.790000000000000000e+02 1.346954140624999959e-03
2.800000000000000000e+02 1.377767968749999501e-03
2.810000000000000000e+02 1.409236015624999684e-03
2.820000000000000000e+02 1.441353515624999330e-03
2.830000000000000000e+02 1.474142187500000452e-03
2.840000000000000000e+02 1.507612499999999925e-03
2.850000000000000000e+02 1.541772499999999584e-03
2.860000000000000000e+02 1.576631796875000010e-03
2.870000000000000000e+02 1.612200156249999966e-03
2.880000000000000000e+02 1.648501953124999631e-03
2.890000000000000000e+02 1.685528593750000061e-03
2.900000000000000000e+02 1.723303515624999109e-03
2.910000000000000000e+02 1.761839453125000265e-03
2.920000000000000000e+02 1.801145234375000183e-03
2.930000000000000000e+02 1.841227343750000004e-03
2.940000000000000000e+02 1.882103906250000161e-03
2.950000000000000000e+02 1.923779687500000533e-03
2.960000000000000000e+02 1.966269531250000244e-03
2.970000000000000000e+02 2.009585937499999871e-03
2.980000000000000000e+02 2.053735937499999616e-03
2.990000000000000000e+02 2.098735937499999517e-03
3.000000000000000000e+02 2.144596093750001601e-03
3.010000000000000000e+02 2.191328125000000134e-03
3.020000000000000000e+02 2.238935937500000431e-03
3.030000000000000000e+02 2.287440625000000931e-03
3.040000000000000000e+02 2.336846874999999601e-03
3.050000000000000000e+02 2.387166406249998946e-03
3.060000000000000000e+02 2.438414843750000283e-03
3.070000000000000000e+02 2.490592968750000597e-03
3.080000000000000000e+02 2.543710156250001027e-03
3.090000000000000000e+02 2.597788281250000032e-03
3.100000000000000000e+02 2.652828906249998526e-03
3.110000000000000000e+02 2.708840624999998489e-03
3.120000000000000000e+02 2.765840625000000851e-03
3.130000000000000000e+02 2.823828124999999516e-03
3.140000000000000000e+02 2.882815625000000048e-03
3.150000000000000000e+02 2.942817187500000251e-03
3.160000000000000000e+02 3.003828906249999143e-03
3.170000000000000000e+02 3.065870312499999022e-03
3.180000000000000000e+02 3.128945312499999132e-03
3.190000000000000000e+02 3.193056249999998673e-03
3.200000000000000000e+02 3.258208593749999538e-03
3.210000000000000000e+02 3.324416406249999095e-03
3.220000000000000000e+02 3.391681249999999558e-03
3.230000000000000000e+02 3.460006250000001449e-03
3.240000000000000000e+02 3.529391406250000866e-03
3.250000000000000000e+02 3.599846093749999813e-03
3.260000000000000000e+02 3.671375781249998881e-03
3.270000000000000000e+02 3.743978906249999759e-03
3.280000000000000000e+02 3.817649218750000534e-03
3.290000000000000000e+02 3.892403124999999509e-03
3.300000000000000000e+02 3.968231249999999884e-03
3.310000000000000000e+02 4.045136718750001747e-03
3.320000000000000000e+02 4.123111718750000973e-03
3.330000000000000000e+02 4.202154687499999250e-03
3.340000000000000000e+02 4.282264843749999592e-03
3.350000000000000000e+02 4.363441406249998940e-03
3.360000000000000000e+02 4.445661718749999679e-03
3.370000000000000000e+02 4.528936718749999521e-03
3.380000000000000000e+02 4.613252343749998929e-03
3.390000000000000000e+02 4.698603906250000371e-03
3.400000000000000000e+02 4.784961718749999524e-03
3.410000000000000000e+02 4.872333593750000080e-03
3.420000000000000000e+02 4.960694531250000455e-03
3.430000000000000000e+02 5.050035156250002114e-03
3.440000000000000000e+02 5.140339843749999402e-03
3.450000000000000000e+02 5.231584374999998996e-03
3.460000000000000000e+02 5.323749218749999033e-03
3.470000000000000000e+02 5.416815624999998975e-03
3.480000000000000000e+02 5.510761718749997325e-03
3.490000000000000000e+02 5.605551562499999987e-03
3.500000000000000000e+02 5.701172656249995328e-03
3.510000000000000000e+02 5.797592187499999751e-03
3.520000000000000000e+02 5.894763281249999765e-03
3.530000000000000000e+02 5.992664062499999077e-03
3.540000000000000000e+02 6.091267187500002539e-03
3.550000000000000000e+02 6.190514843750002417e-03
3.560000000000000000e+02 6.290380468750000550e-03
3.570000000000000000e+02 6.390807031250001803e-03
3.580000000000000000e+02 6.491761718749999160e-03
3.590000000000000000e+02 6.593197656249999081e-03
3.600000000000000000e+02 6.695053906249998077e-03
3.610000000000000000e+02 6.797275781250000648e-03
3.620000000000000000e+02 6.899807031250002574e-03
3.630000000000000000e+02 7.002590625000004385e-03
3.640000000000000000e+02 7.105562500000001634e-03
3.650000000000000000e+02 7.208654687500004078e-03
3.660000000000000000e+02 7.311798437500001933e-03
3.670000000000000000e+02 7.414920312499997425e-03
3.680000000000000000e+02 7.517942968750000038e-03
3.690000000000000000e+02 7.620785156250003967e-03
3.700000000000000000e+02 7.723356250000004870e-03
3.710000000000000000e+02 7.825592187500002642e-03
3.720000000000000000e+02 7.927360937500000856e-03
3.730000000000000000e+02 8.028613281249999400e-03
3.740000000000000000e+02 8.129205468749999344e-03
3.750000000000000000e+02 8.229077343749998524e-03
3.760000000000000000e+02 8.328085156250003215e-03
3.770000000000000000e+02 8.426128125000001412e-03
3.780000000000000000e+02 8.523121093749998906e-03
3.790000000000000000e+02 8.618917968750002337e-03
3.800000000000000000e+02 8.713361718749998083e-03
3.810000000000000000e+02 8.806380468749999690e-03
3.820000000000000000e+02 8.897773437500004420e-03
3.830000000000000000e+02 8.987478124999996598e-03
3.840000000000000000e+02 9.075314062500000958e-03
3.850000000000000000e+02 9.161131250000006249e-03
3.860000000000000000e+02 9.244787499999997105e-03
3.870000000000000000e+02 9.326091406249998814e-03
3.880000000000000000e+02 9.404982031249996613e-03
3.890000000000000000e+02 9.481169531249999949e-03
3.900000000000000000e+02 9.554544531249998737e-03
3.910000000000000000e+02 9.624973437499998244e-03
3.920000000000000000e+02 9.692229687499999760e-03
3.930000000000000000e+02 9.756125781250006568e-03
3.940000000000000000e+02 9.816457031249999771e-03
3.950000000000000000e+02 9.873074218750001532e-03
3.960000000000000000e+02 9.925829687500000234e-03
3.970000000000000000e+02 9.974360156250000609e-03
3.980000000000000000e+02 1.001867734375000256e-02
3.990000000000000000e+02 1.005840468749999612e-02
4.000000000000000000e+02 1.009345703124999924e-02
4.010000000000000000e+02 1.012351562499999753e-02
4.020000000000000000e+02 1.014842656250000176e-02
4.030000000000000000e+02 1.016799609374999767e-02
4.040000000000000000e+02 1.018197421875000064e-02
4.050000000000000000e+02 1.019019296875000452e-02
4.060000000000000000e+02 1.019235546875000425e-02
4.070000000000000000e+02 1.018830312499999571e-02
4.080000000000000000e+02 1.017783359375000127e-02
4.090000000000000000e+02 1.016068046875000068e-02
4.100000000000000000e+02 1.013664921874999660e-02
4.110000000000000000e+02 1.010555312500000143e-02
4.120000000000000000e+02 1.006720703124999554e-02
4.130000000000000000e+02 1.002130624999999706e-02
4.140000000000000000e+02 9.967811718750005726e-03
4.150000000000000000e+02 9.906460156249996193e-03
4.160000000000000000e+02 9.837039843749997500e-03
4.170000000000000000e+02 9.759471093749997814e-03
4.180000000000000000e+02 9.673514062500004548e-03
4.190000000000000000e+02 9.579028124999999783e-03
4.200000000000000000e+02 9.475950781250000801e-03
4.210000000000000000e+02 9.364153906250000450e-03
4.220000000000000000e+02 9.243498437500000803e-03
4.230000000000000000e+02 9.113932031249999052e-03
4.240000000000000000e+02 8.975460937500002317e-03
4.250000000000000000e+02 8.827980468749999782e-03
4.260000000000000000e+02 8.671532812499998730e-03
4.270000000000000000e+02 8.506135156250002258e-03
4.280000000000000000e+02 8.331856249999996730e-03
4.290000000000000000e+02 8.148836718749994865e-03
4.300000000000000000e+02 7.957221874999998237e-03
4.310000000000000000e+02 7.757160156250002443e-03
4.320000000000000000e+02 7.548914843749997272e-03
4.330000000000000000e+02 7.332774218749998386e-03
4.340000000000000000e+02 7.109088281250001105e-03
4.350000000000000000e+02 6.878278906250001948e-03
4.360000000000000000e+02 6.640804687500001524e-03
4.370000000000000000e+02 6.397231250000003089e-03
4.380000000000000000e+02 6.148182031249999416e-03
4.390000000000000000e+02 5.894378906249997385e-03
4.400000000000000000e+02 5.636614843750002019e-03
4.410000000000000000e+02 5.375813281250001706e-03
4.420000000000000000e+02 5.112974999999997903e-03
4.430000000000000000e+02 4.849233593749998489e-03
4.440000000000000000e+02 4.585829687500000973e-03
4.450000000000000000e+02 4.324151562499999740e-03
4.460000000000000000e+02 4.065726562500000113e-03
4.470000000000000000e+02 3.812225781250000271e-03
4.480000000000000000e+02 3.565495312500000825e-03
4.490000000000000000e+02 3.327548437500000254e-03
4.500000000000000000e+02 3.100596093749998818e-03
4.510000000000000000e+02 2.887038281250000043e-03
4.520000000000000000e+02 2.689491406249998936e-03
4.530000000000000000e+02 2.510812499999999156e-03
4.540000000000000000e+02 2.354108984375000071e-03
4.550000000000000000e+02 2.222722890624999857e-03
4.560000000000000000e+02 2.120302265624999551e-03
4.570000000000000000e+02 2.050791250000000895e-03
4.580000000000000000e+02 2.018446679687500855e-03
4.590000000000000000e+02 2.027867585937498645e-03
4.600000000000000000e+02 2.084026600078127487e-03
4.610000000000000000e+02 2.192273984375000141e-03
4.620000000000000000e+02 2.358368945312499729e-03
4.630000000000000000e+02 2.588531874999998924e-03
4.640000000000000000e+02 2.889426484375001106e-03
4.650000000000000000e+02 3.268231874999997719e-03
4.660000000000000000e+02 3.732646640625000151e-03
4.670000000000000000e+02 4.290957031249998874e-03
4.680000000000000000e+02 4.951981250000000133e-03
4.690000000000000000e+02 5.725310156249997263e-03
4.700000000000000000e+02 6.621050781249999441e-03
4.710000000000000000e+02 7.650141406249998111e-03
4.720000000000000000e+02 8.824235937500000959e-03
4.730000000000000000e+02 1.015581874999999835e-02
4.740000000000000000e+02 1.165828984374999572e-02
4.750000000000000000e+02 1.334584453125000486e-02
4.760000000000000000e+02 1.523376874999999436e-02
4.770000000000000000e+02 1.733830234375000057e-02
4.780000000000000000e+02 1.967683593750000487e-02
4.790000000000000000e+02 2.226785156249999273e-02
4.800000000000000000e+02 2.513114843749999702e-02
4.810000000000000000e+02 2.828778906250000238e-02
4.820000000000000000e+02 3.176019531250000999e-02
4.830000000000000000e+02 3.557231250000000844e-02
4.840000000000000000e+02 3.974957031249998218e-02
4.850000000000000000e+02 4.431905468750000493e-02
4.860000000000000000e+02 4.930976562500002935e-02
4.870000000000000000e+02 5.475221874999999794e-02
4.880000000000000000e+02 6.067921093749998468e-02
4.890000000000000000e+02 6.712549218749999658e-02
4.900000000000000000e+02 7.412785156250004115e-02
4.910000000000000000e+02 8.172569531249998520e-02
4.920000000000000000e+02 8.996059375000002578e-02
4.930000000000000000e+02 9.887710156250001381e-02
4.940000000000000000e+02 1.085216640624999951e-01
4.950000000000000000e+02 1.189451406250000426e-01
4.960000000000000000e+02 1.301998593749999211e-01
4.970000000000000000e+02 1.423425781249999800e-01
4.980000000000000000e+02 1.554325781249999983e-01
4.990000000000000000e+02 1.695334375000001337e-01
5.000000000000000000e+02 1.847125781250000265e-01
5.010000000000000000e+02 2.010412500000000879e-01
5.020000000000000000e+02 2.185949999999999560e-01
5.030000000000000000e+02 2.374538281249998495e-01
5.040000000000000000e+02 2.577023437499998959e-01
5.050000000000000000e+02 2.794308593750002290e-01
5.060000000000000000e+02 3.027351562499999704e-01
5.070000000000000000e+02 3.277153906249997695e-01
5.080000000000000000e+02 3.544794531250001213e-01
5.090000000000000000e+02 3.831403125000000798e-01
5.100000000000000000e+02 4.138179687500000425e-01
5.110000000000000000e+02 4.466397656250000181e-01
