0.000000000000000000e+00 2.685876015625000444e-04
1.000000000000000000e+00 2.685519921875000851e-04
2.000000000000000000e+00 2.684815781250001225e-04
3.000000000000000000e+00 2.683754531250001998e-04
4.000000000000000000e+00 2.682342187500000004e-04
5.000000000000000000e+00 2.680574296875000840e-04
6.000000000000000000e+00 2.678456328124998375e-04
7.000000000000000000e+00 2.675997578125000184e-04
8.000000000000000000e+00 2.673174062499999917e-04
9.000000000000000000e+00 2.670007109374999900e-04
1.000000000000000000e+01 2.666494218750000908e-04
1.100000000000000000e+01 2.662634609375000641e-04
1.200000000000000000e+01 2.658433125000000345e-04
1.300000000000000000e+01 2.653881171875000205e-04
1.400000000000000000e+01 2.648993671874999957e-04
1.500000000000000000e+01 2.643770781250000604e-04
1.600000000000000000e+01 2.638204843749999669e-04
1.700000000000000000e+01 2.632305468750000769e-04
1.800000000000000000e+01 2.626070859374998886e-04
1.900000000000000000e+01 2.619509999999999048e-04
2.000000000000000000e+01 2.612622578125000337e-04
2.100000000000000000e+01 2.605405234374999642e-04
2.200000000000000000e+01 2.597870000000001471e-04
2.300000000000000000e+01 2.590015078125000266e-04
2.400000000000000000e+01 2.581842656250000838e-04
2.500000000000000000e+01 2.573357187499998675e-04
2.600000000000000000e+01 2.564566015625000753e-04
2.700000000000000000e+01 2.555465781250000168e-04
2.800000000000000000e+01 2.546059765624998986e-04
2.900000000000000000e+01 2.536360078125000591e-04
3.000000000000000000e+01 2.526365859374998931e-04
3.100000000000000000e+01 2.516080000000001158e-04
3.200000000000000000e+01 2.505508046875000016e-04
3.300000000000000000e+01 2.494652578125000652e-04
3.400000000000000000e+01 2.483522187499998543e-04
3.500000000000000000e+01 2.472112109374999993e-04
3.600000000000000000e+01 2.460436093750001016e-04
3.700000000000000000e+01 2.448498906249999105e-04
3.800000000000000000e+01 2.436297031249999362e-04
3.900000000000000000e+01 2.423843984374999551e-04
4.000000000000000000e+01 2.411142890625000198e-04
4.100000000000000000e+01 2.398192265625000185e-04
4.200000000000000000e+01 2.385004218749999915e-04
4.300000000000000000e+01 2.371577656250000235e-04
4.400000000000000000e+01 2.357930859375000196e-04
4.500000000000000000e+01 2.344057812499998898e-04
4.600000000000000000e+01 2.329966640625001010e-04
4.700000000000000000e+01 2.315664375000000121e-04
4.800000000000000000e+01 2.301162109374999877e-04
4.900000000000000000e+01 2.286451249999999651e-04
5.000000000000000000e+01 2.271551796875000302e-04
5.100000000000000000e+01 2.256463124999999177e-04
5.200000000000000000e+01 2.241191796875000139e-04
5.300000000000000000e+01 2.225746718749999314e-04
5.400000000000000000e+01 2.210129140624999026e-04
5.500000000000000000e+01 2.194353750000000488e-04
5.600000000000000000e+01 2.178425390624999524e-04
5.700000000000000000e+01 2.162343437499999175e-04
5.800000000000000000e+01 2.146121796874998896e-04
5.900000000000000000e+01 2.129763203124999688e-04
6.000000000000000000e+01 2.113279609375000138e-04
6.100000000000000000e+01 2.096670937499999746e-04
6.200000000000000000e+01 2.079948671875000055e-04
6.300000000000000000e+01 2.063119921875000034e-04
6.400000000000000000e+01 2.046192031249999884e-04
6.500000000000000000e+01 2.029164531250000664e-04
6.600000000000000000e+01 2.012063437499999523e-04
6.700000000000000000e+01 1.994876874999999459e-04
6.800000000000000000e+01 1.977624062499999842e-04
6.900000000000000000e+01 1.960304375000000189e-04
7.000000000000000000e+01 1.942930703124998864e-04
7.100000000000000000e+01 1.925507499999999216e-04
7.200000000000000000e+01 1.908049062500000225e-04
7.300000000000000000e+01 1.890555703125000641e-04
7.400000000000000000e+01 1.873037968750000063e-04
7.500000000000000000e+01 1.855502656250000064e-04
7.600000000000000000e+01 1.837964687499999837e-04
7.700000000000000000e+01 1.820421484374999113e-04
7.800000000000000000e+01 1.802888203125000213e-04
7.900000000000000000e+01 1.785366015624999811e-04
8.000000000000000000e+01 1.767870781250000130e-04
8.100000000000000000e+01 1.750408046875000418e-04
8.200000000000000000e+01 1.732989531249999929e-04
8.300000000000000000e+01 1.715613203124999732e-04
8.400000000000000000e+01 1.698298125000000092e-04
8.500000000000000000e+01 1.681042890625000124e-04
8.600000000000000000e+01 1.663866328124999675e-04
8.700000000000000000e+01 1.646767421875000635e-04
8.800000000000000000e+01 1.629760468750000087e-04
8.900000000000000000e+01 1.612857343749999912e-04
9.000000000000000000e+01 1.596056249999999700e-04
9.100000000000000000e+01 1.579372968750000089e-04
9.200000000000000000e+01 1.562818046875000407e-04
9.300000000000000000e+01 1.546388046874999482e-04
9.400000000000000000e+01 1.530103281249999903e-04
9.500000000000000000e+01 1.513969609374999942e-04
9.600000000000000000e+01 1.497994218749999610e-04
9.700000000000000000e+01 1.482184687499999798e-04
9.800000000000000000e+01 1.466557734374999836e-04
9.900000000000000000e+01 1.451107968749999852e-04
1.000000000000000000e+02 1.435854609375000030e-04
1.010000000000000000e+02 1.420805312499999863e-04
1.020000000000000000e+02 1.405965156249999661e-04
1.030000000000000000e+02 1.391350414062500127e-04
1.040000000000000000e+02 1.376961476562499158e-04
1.050000000000000000e+02 1.362808851562500169e-04
1.060000000000000000e+02 1.348901289062499637e-04
1.070000000000000000e+02 1.335248406249999657e-04
1.080000000000000000e+02 1.321865312499999486e-04
1.090000000000000000e+02 1.308754296874999599e-04
1.100000000000000000e+02 1.295919796874999883e-04
1.110000000000000000e+02 1.283379835937500555e-04
1.120000000000000000e+02 1.271135250000000308e-04
1.130000000000000000e+02 1.259203328124999582e-04
1.140000000000000000e+02 1.247584257812500339e-04
1.150000000000000000e+02 1.236297859374998868e-04
1.160000000000000000e+02 1.225338468749999777e-04
1.170000000000000000e+02 1.214732578124999666e-04
1.180000000000000000e+02 1.204469359375000330e-04
1.190000000000000000e+02 1.194575085937499786e-04
1.200000000000000000e+02 1.185048414062500420e-04
1.210000000000000000e+02 1.175900187500000240e-04
1.220000000000000000e+02 1.167142789062499910e-04
1.230000000000000000e+02 1.158776796875000102e-04
1.240000000000000000e+02 1.150825757812500103e-04
1.250000000000000000e+02 1.143282890624999906e-04
1.260000000000000000e+02 1.136169078124999956e-04
1.270000000000000000e+02 1.129484062499999658e-04
1.280000000000000000e+02 1.123243046875000063e-04
1.290000000000000000e+02 1.117454453125000179e-04
1.300000000000000000e+02 1.112124765624999847e-04
1.310000000000000000e+02 1.107260468750000262e-04
1.320000000000000000e+02 1.102879687499999878e-04
1.330000000000000000e+02 1.098982187499999768e-04
1.340000000000000000e+02 1.095582265624999997e-04
1.350000000000000000e+02 1.092688984374999995e-04
1.360000000000000000e+02 1.090302656250000140e-04
1.370000000000000000e+02 1.088447187500000182e-04
1.380000000000000000e+02 1.087121328124999829e-04
1.390000000000000000e+02 1.086336718750000274e-04
1.400000000000000000e+02 1.086100156249999836e-04
1.410000000000000000e+02 1.086426562500000012e-04
1.420000000000000000e+02 1.087318828125000093e-04
1.430000000000000000e+02 1.088792812500000135e-04
1.440000000000000000e+02 1.090851328125000419e-04
1.450000000000000000e+02 1.093507187499999622e-04
1.460000000000000000e+02 1.096771406250000484e-04
1.470000000000000000e+02 1.100645859374999714e-04
1.480000000000000000e+02 1.105147734375000056e-04
1.490000000000000000e+02 1.110287109375000271e-04
1.500000000000000000e+02 1.116065546875000079e-04
1.510000000000000000e+02 1.122500468749999933e-04
1.520000000000000000e+02 1.129596875000000316e-04
1.530000000000000000e+02 1.137367343749999760e-04
1.540000000000000000e+02 1.145817343750000263e-04
1.550000000000000000e+02 1.154956093750000363e-04
1.560000000000000000e+02 1.164808124999999885e-04
1.570000000000000000e+02 1.175361171875000408e-04
1.580000000000000000e+02 1.186641875000000242e-04
1.590000000000000000e+02 1.198652109375000026e-04
1.600000000000000000e+02 1.211405078125000941e-04
1.610000000000000000e+02 1.224910390624999964e-04
1.620000000000000000e+02 1.239183046875000447e-04
1.630000000000000000e+02 1.254226250000000297e-04
1.640000000000000000e+02 1.270051874999999770e-04
1.650000000000000000e+02 1.286670312499999631e-04
1.660000000000000000e+02 1.304098671874999546e-04
1.670000000000000000e+02 1.322343828125000778e-04
1.680000000000000000e+02 1.341417031250000114e-04
1.690000000000000000e+02 1.361322734375000360e-04
1.700000000000000000e+02 1.382083984374999958e-04
1.710000000000000000e+02 1.403708984375000280e-04
1.720000000000000000e+02 1.426202343749999985e-04
1.730000000000000000e+02 1.449578906249999663e-04
1.740000000000000000e+02 1.473864062500000044e-04
1.750000000000000000e+02 1.499051562499999538e-04
1.760000000000000000e+02 1.525154687500000100e-04
1.770000000000000000e+02 1.552201562499999936e-04
1.780000000000000000e+02 1.580196874999999289e-04
1.790000000000000000e+02 1.609147656250000421e-04
1.800000000000000000e+02 1.639070312499999848e-04
1.810000000000000000e+02 1.669982031250000448e-04
1.820000000000000000e+02 1.701894531249999306e-04
1.830000000000000000e+02 1.734821093750000002e-04
1.840000000000000000e+02 1.768773437500000434e-04
1.850000000000000000e+02 1.803773437500000201e-04
1.860000000000000000e+02 1.839825781249999274e-04
1.870000000000000000e+02 1.876954687499999815e-04
1.880000000000000000e+02 1.915170312500002168e-04
1.890000000000000000e+02 1.954490625000000130e-04
1.900000000000000000e+02 1.994924999999999878e-04
1.910000000000000000e+02 2.036498437500000179e-04
1.920000000000000000e+02 2.079223593750000607e-04
1.930000000000000000e+02 2.123116875000000386e-04
1.940000000000000000e+02 2.168194296874999217e-04
1.950000000000000000e+02 2.214472499999999456e-04
1.960000000000000000e+02 2.261981796874999512e-04
1.970000000000000000e+02 2.310728046875001180e-04
1.980000000000000000e+02 2.360726171874999316e-04
1.990000000000000000e+02 2.412009843750000050e-04
2.000000000000000000e+02 2.464582265625001154e-04
2.010000000000000000e+02 2.518480546875001796e-04
2.020000000000000000e+02 2.573716249999999958e-04
2.030000000000000000e+02 2.630312656249998563e-04
2.040000000000000000e+02 2.688282500000002294e-04
2.050000000000000000e+02 2.747659531249998805e-04
2.060000000000000000e+02 2.808457578125000877e-04
2.070000000000000000e+02 2.870705859375000720e-04
2.080000000000000000e+02 2.934429765624999606e-04
2.090000000000000000e+02 2.999644999999997942e-04
2.100000000000000000e+02 3.066381406250001163e-04
2.110000000000000000e+02 3.134665937499999419e-04
2.120000000000000000e+02 3.204518750000002157e-04
2.130000000000000000e+02 3.275973046874998407e-04
2.140000000000000000e+02 3.349050703124998880e-04
2.150000000000000000e+02 3.423787031250001794e-04
2.160000000000000000e+02 3.500200703124999491e-04
2.170000000000000000e+02 3.578324375000001886e-04
2.180000000000000000e+02 3.658190781249998254e-04
2.190000000000000000e+02 3.739832499999997469e-04
2.200000000000000000e+02 3.823272812499998660e-04
2.210000000000000000e+02 3.908549999999999568e-04
2.220000000000000000e+02 3.995700078124998582e-04
2.230000000000000000e+02 4.084751015624997245e-04
2.240000000000000000e+02 4.175730703124998764e-04
2.250000000000000000e+02 4.268712187499998302e-04
2.260000000000000000e+02 4.363667968750002744e-04
2.270000000000000000e+02 4.460678984375000930e-04
2.280000000000000000e+02 4.559777031250001602e-04
2.290000000000000000e+02 4.660995937500001050e-04
2.300000000000000000e+02 4.764400312500002670e-04
2.310000000000000000e+02 4.869973906249999837e-04
2.320000000000000000e+02 4.977817187500001468e-04
2.330000000000000000e+02 5.087941562499998308e-04
2.340000000000000000e+02 5.200407968749998396e-04
2.350000000000000000e+02 5.315260859374998934e-04
2.360000000000000000e+02 5.432522031250000376e-04
2.370000000000000000e+02 5.552223749999997664e-04
2.380000000000000000e+02 5.674494062499998211e-04
2.390000000000000000e+02 5.799296718750002666e-04
2.400000000000000000e+02 5.926755390624999058e-04
2.410000000000000000e+02 6.056893203124996900e-04
2.420000000000000000e+02 6.189716484375000450e-04
2.430000000000000000e+02 6.325358671874995852e-04
2.440000000000000000e+02 6.463817421875004939e-04
2.450000000000000000e+02 6.605150781249999326e-04
2.460000000000000000e+02 6.749453906249998315e-04
2.470000000000000000e+02 6.896756484374997123e-04
2.480000000000000000e+02 7.047150781249997059e-04
2.490000000000000000e+02 7.200668281250003234e-04
2.500000000000000000e+02 7.357351093749996736e-04
2.510000000000000000e+02 7.517314062499995181e-04
2.520000000000000000e+02 7.680618906250002943e-04
2.530000000000000000e+02 7.847294296874996258e-04
2.540000000000000000e+02 8.017461406249996999e-04
2.550000000000000000e+02 8.191143906249993790e-04
2.560000000000000000e+02 8.368454453124999975e-04
2.570000000000000000e+02 8.549437890625000624e-04
2.580000000000000000e+02 8.734118906250006595e-04
2.590000000000000000e+02 8.922722656250005628e-04
2.600000000000000000e+02 9.115193749999997604e-04
2.610000000000000000e+02 9.311634374999993788e-04
2.620000000000000000e+02 9.512203906249995945e-04
2.630000000000000000e+02 9.716844531250000893e-04
2.640000000000000000e+02 9.925820312500000832e-04
2.650000000000000000e+02 1.013907968749999580e-03
2.660000000000000000e+02 1.035677265625000332e-03
2.670000000000000000e+02 1.057894140625000121e-03
2.680000000000000000e+02 1.080569609374999653e-03
2.690000000000000000e+02 1.103711640624999938e-03
2.700000000000000000e+02 1.127339687499999410e-03
2.710000000000000000e+02 1.151453281249998966e-03
2.720000000000000000e+02 1.176063671875000058e-03
2.730000000000000000e+02 1.201179609375000248e-03
2.740000000000000000e+02 1.226814531249999403e-03
2.750000000000000000e+02 1.252978828125000509e-03
2.760000000000000000e+02 1.279680859374999818e-03
2.770000000000000000e+02 1.306930078125000593e-03
2.780000000000000000e+02 1.334743828124998911e-03
2.790000000000000000e+02 1.363126093749999828e-03
2.800000000000000000e+02 1.392090312499999526e-03
2.810000000000000000e+02 1.421653359374999964e-03
2.820000000000000000e+02 1.451814531250000427e-03
2.830000000000000000e+02 1.482592499999999544e-03
2.840000000000000000e+02 1.514004218749999018e-03
2.850000000000000000e+02 1.546055312500000441e-03
2.860000000000000000e+02 1.578760781249999171e-03
2.870000000000000000e+02 1.612127812499999447e-03
2.880000000000000000e+02 1.646173984375000040e-03
2.890000000000000000e+02 1.680909609375000509e-03
2.900000000000000000e+02 1.716348125000000504e-03
2.910000000000000000e+02 1.752499999999999718e-03
2.920000000000000000e+02 1.789379374999998948e-03
2.930000000000000000e+02 1.827003750000000693e-03
2.940000000000000000e+02 1.865384453124999641e-03
2.950000000000000000e+02 1.904529140625000000e-03
2.960000000000000000e+02 1.944458203124999930e-03
2.970000000000000000e+02 1.985179374999999913e-03
2.980000000000000000e+02 2.026712968749999014e-03
2.990000000000000000e+02 2.069066953124999112e-03
3.000000000000000000e+02 2.112256328125000984e-03
3.010000000000000000e+02 2.156298281249999921e-03
3.020000000000000000e+02 2.201201874999999825e-03
3.030000000000000000e+02 2.246983906250001398e-03
3.040000000000000000e+02 2.293656093749999337e-03
3.050000000000000000e+02 2.341233750000000328e-03
3.060000000000000000e+02 2.389734062499999229e-03
3.070000000000000000e+02 2.439167968750000255e-03
3.080000000000000000e+02 2.489547265624999367e-03
3.090000000000000000e+02 2.540888046874999803e-03
3.100000000000000000e+02 2.593206015624999368e-03
3.110000000000000000e+02 2.646517031250000557e-03
3.120000000000000000e+02 2.700824609374998918e-03
3.130000000000000000e+02 2.756151406250000307e-03
3.140000000000000000e+02 2.812503750000000524e-03
3.150000000000000000e+02 2.869904765625000843e-03
3.160000000000000000e+02 2.928359999999999644e-03
3.170000000000000000e+02 2.987887421875001781e-03
3.180000000000000000e+02 3.048496796874997344e-03
3.190000000000000000e+02 3.110193984375000161e-03
3.200000000000000000e+02 3.173002343750000974e-03
3.210000000000000000e+02 3.236927109374997894e-03
3.220000000000000000e+02 3.301983515625001118e-03
3.230000000000000000e+02 3.368186718749998330e-03
3.240000000000000000e+02 3.435533593749999417e-03
3.250000000000000000e+02 3.504049218749997682e-03
3.260000000000000000e+02 3.573732812499998308e-03
3.270000000000000000e+02 3.644600000000001311e-03
3.280000000000000000e+02 3.716657031249998196e-03
3.290000000000000000e+02 3.789916406249998430e-03
3.300000000000000000e+02 3.864378124999998543e-03
3.310000000000000000e+02 3.940058593749999442e-03
3.320000000000000000e+02 4.016957812500001126e-03
3.330000000000000000e+02 4.095082812499999461e-03
3.340000000000000000e+02 4.174438281249998051e-03
3.350000000000000000e+02 4.255031249999998398e-03
3.360000000000000000e+02 4.336859375000001737e-03
3.370000000000000000e+02 4.419921875000001540e-03
3.380000000000000000e+02 4.504223437499998810e-03
3.390000000000000000e+02 4.589778906250001345e-03
3.400000000000000000e+02 4.676574218750000934e-03
3.410000000000000000e+02 4.764587499999996950e-03
3.420000000000000000e+02 4.853865625000002883e-03
3.430000000000000000e+02 4.944326562499998592e-03
3.440000000000000000e+02 5.036059375000002253e-03
3.450000000000000000e+02 5.128989062499996962e-03
3.460000000000000000e+02 5.223134374999994535e-03
3.470000000000000000e+02 5.318471093749999046e-03
3.480000000000000000e+02 5.414978124999999913e-03
3.490000000000000000e+02 5.512644531250001159e-03
3.500000000000000000e+02 5.611494531250000445e-03
3.510000000000000000e+02 5.711458593750000541e-03
3.520000000000000000e+02 5.812555468749998518e-03
3.530000000000000000e+02 5.914756250000000916e-03
3.540000000000000000e+02 6.017992968749999276e-03
3.550000000000000000e+02 6.122284375000001944e-03
3.560000000000000000e+02 6.227607031249998704e-03
3.570000000000000000e+02 6.333901562499998257e-03
3.580000000000000000e+02 6.441149218749997463e-03
3.590000000000000000e+02 6.549307031249996386e-03
3.600000000000000000e+02 6.658336718749998696e-03
3.610000000000000000e+02 6.768190625000002590e-03
3.620000000000000000e+02 6.878857031250002960e-03
3.630000000000000000e+02 6.990235156249999943e-03
3.640000000000000000e+02 7.102320312500001211e-03
3.650000000000000000e+02 7.215035156249998902e-03
3.660000000000000000e+02 7.328341406250001022e-03
3.670000000000000000e+02 7.442160156249999665e-03
3.680000000000000000e+02 7.556390624999999306e-03
3.690000000000000000e+02 7.671038281250002269e-03
3.700000000000000000e+02 7.786016406249996087e-03
3.710000000000000000e+02 7.901170312499997128e-03
3.720000000000000000e+02 8.016536718750001678e-03
3.730000000000000000e+02 8.131939062499997720e-03
3.740000000000000000e+02 8.247325781249998516e-03
3.750000000000000000e+02 8.362654687500000253e-03
3.760000000000000000e+02 8.477698437500003764e-03
3.770000000000000000e+02 8.592466406249998911e-03
3.780000000000000000e+02 8.706799999999997181e-03
3.790000000000000000e+02 8.820613281249995233e-03
3.800000000000000000e+02 8.933787499999998327e-03
3.810000000000000000e+02 9.046188281249997395e-03
3.820000000000000000e+02 9.157697656249994683e-03
3.830000000000000000e+02 9.268184374999998559e-03
3.840000000000000000e+02 9.377498437499990833e-03
3.850000000000000000e+02 9.485511718750004248e-03
3.860000000000000000e+02 9.592089843750000247e-03
3.870000000000000000e+02 9.697045312500004663e-03
3.880000000000000000e+02 9.800289062500001924e-03
3.890000000000000000e+02 9.901507812499994732e-03
3.900000000000000000e+02 1.000070859374999933e-02
3.910000000000000000e+02 1.009759296875000455e-02
3.920000000000000000e+02 1.019206015624999663e-02
3.930000000000000000e+02 1.028389296875000317e-02
3.940000000000000000e+02 1.037286093750000408e-02
3.950000000000000000e+02 1.045879843749999809e-02
3.960000000000000000e+02 1.054153125000000142e-02
3.970000000000000000e+02 1.062083593750000332e-02
3.980000000000000000e+02 1.069650000000000462e-02
3.990000000000000000e+02 1.076829374999999610e-02
4.000000000000000000e+02 1.083600078124999887e-02
4.010000000000000000e+02 1.089943671875000068e-02
4.020000000000000000e+02 1.095826328125000526e-02
4.030000000000000000e+02 1.101235078125000627e-02
4.040000000000000000e+02 1.106145546874999670e-02
4.050000000000000000e+02 1.110526640625000318e-02
4.060000000000000000e+02 1.114357890625000506e-02
4.070000000000000000e+02 1.117615937499999781e-02
4.080000000000000000e+02 1.120272421874999626e-02
4.090000000000000000e+02 1.122306875000000058e-02
4.100000000000000000e+02 1.123693515624999556e-02
4.110000000000000000e+02 1.124401171875000216e-02
4.120000000000000000e+02 1.124413515624999964e-02
4.130000000000000000e+02 1.123699140624999718e-02
4.140000000000000000e+02 1.122239453124999550e-02
4.150000000000000000e+02 1.120010546874999555e-02
4.160000000000000000e+02 1.116981406250000183e-02
4.170000000000000000e+02 1.113131875000000250e-02
4.180000000000000000e+02 1.108449765624999923e-02
4.190000000000000000e+02 1.102897968750000610e-02
4.200000000000000000e+02 1.096457812499999906e-02
4.210000000000000000e+02 1.089120703124999388e-02
4.220000000000000000e+02 1.080867187500000187e-02
4.230000000000000000e+02 1.071673437499999666e-02
4.240000000000000000e+02 1.061527734374999657e-02
4.250000000000000000e+02 1.050420156250000611e-02
4.260000000000000000e+02 1.038340781249999512e-02
4.270000000000000000e+02 1.025280468749999695e-02
4.280000000000000000e+02 1.011233359375000689e-02
4.290000000000000000e+02 9.962001562500001281e-03
4.300000000000000000e+02 9.801797656249998034e-03
4.310000000000000000e+02 9.631773437500002963e-03
4.320000000000000000e+02 9.452117187499999365e-03
4.330000000000000000e+02 9.262842968749997186e-03
4.340000000000000000e+02 9.064248437500000213e-03
4.350000000000000000e+02 8.856521093749999962e-03
4.360000000000000000e+02 8.639987499999998016e-03
4.370000000000000000e+02 8.415033593749994198e-03
4.380000000000000000e+02 8.182086718750002097e-03
4.390000000000000000e+02 7.941678906250002751e-03
4.400000000000000000e+02 7.694417968750000628e-03
4.410000000000000000e+02 7.441003906250001111e-03
4.420000000000000000e+02 7.182221093749999001e-03
4.430000000000000000e+02 6.918976562499999997e-03
4.440000000000000000e+02 6.652281250000001075e-03
4.450000000000000000e+02 6.383286718749998923e-03
4.460000000000000000e+02 6.113249999999999761e-03
4.470000000000000000e+02 5.843595312499999875e-03
4.480000000000000000e+02 5.575885156249998226e-03
4.490000000000000000e+02 5.311851562500000817e-03
4.500000000000000000e+02 5.053414062500000831e-03
4.510000000000000000e+02 4.802669531249999582e-03
4.520000000000000000e+02 4.561924218750000072e-03
4.530000000000000000e+02 4.333701562500001138e-03
4.540000000000000000e+02 4.120773437500000087e-03
4.550000000000000000e+02 3.926139062499999464e-03
4.560000000000000000e+02 3.753099218750000077e-03
4.570000000000000000e+02 3.605203984374999449e-03
4.580000000000000000e+02 3.486343984375000170e-03
4.590000000000000000e+02 3.400728437499999333e-03
4.600000000000000000e+02 3.352902265625001214e-03
4.610000000000000000e+02 3.347818671874998146e-03
4.620000000000000000e+02 3.390797968749999138e-03
4.630000000000000000e+02 3.487606164062499996e-03
4.640000000000000000e+02 3.644469859375000856e-03
4.650000000000000000e+02 3.868062203125001430e-03
4.660000000000000000e+02 4.165656718750001576e-03
4.670000000000000000e+02 4.544974453124998696e-03
4.680000000000000000e+02 5.014412812500001516e-03
4.690000000000000000e+02 5.582891171874996422e-03
4.700000000000000000e+02 6.260120312499999930e-03
4.710000000000000000e+02 7.056445312500000434e-03
4.720000000000000000e+02 7.982970312499997056e-03
4.730000000000000000e+02 9.051567968749996834e-03
4.740000000000000000e+02 1.027500468750000388e-02
4.750000000000000000e+02 1.166695156250001190e-02
4.760000000000000000e+02 1.324204453125000201e-02
4.770000000000000000e+02 1.501586874999999953e-02
4.780000000000000000e+02 1.700511250000000599e-02
4.790000000000000000e+02 1.922778437499999757e-02
4.800000000000000000e+02 2.170275781250000785e-02
4.810000000000000000e+02 2.445057031250000984e-02
4.820000000000000000e+02 2.749288281250000104e-02
4.830000000000000000e+02 3.085289062500000054e-02
4.840000000000000000e+02 3.455528906249999421e-02
4.850000000000000000e+02 3.862662500000000471e-02
4.860000000000000000e+02 4.309477343750001826e-02
4.870000000000000000e+02 4.798981250000000642e-02
4.880000000000000000e+02 5.334353125000000639e-02
4.890000000000000000e+02 5.919000000000000650e-02
4.900000000000000000e+02 6.556522656249998138e-02
4.910000000000000000e+02 7.250777343750006154e-02
4.920000000000000000e+02 8.005802343750000050e-02
4.930000000000000000e+02 8.826000781249995764e-02
4.940000000000000000e+02 9.715992968749993797e-02
4.950000000000000000e+02 1.068070468749999641e-01
4.960000000000000000e+02 1.172524218750000125e-01
4.970000000000000000e+02 1.285527890624999781e-01
4.980000000000000000e+02 1.407667343750000633e-01
4.990000000000000000e+02 1.539561718750000474e-01
5.000000000000000000e+02 1.681874218750000205e-01
5.010000000000000000e+02 1.835317187500000724e-01
5.020000000000000000e+02 2.000629687500000420e-01
5.030000000000000000e+02 2.178611718750000648e-01
5.040000000000000000e+02 2.370105468750000888e-01
5.050000000000000000e+02 2.575989062499998150e-01
5.060000000000000000e+02 2.797217968749998729e-01
5.070000000000000000e+02 3.034793749999999957e-01
5.080000000000000000e+02 3.289776562499999724e-01
5.090000000000000000e+02 3.563295312499999423e-01
5.100000000000000000e+02 3.856546093750000681e-01
5.110000000000000000e+02 4.170783593749998741e-01
