0.000000000000000000e+00 2.474645546874999530e-04
1.000000000000000000e+00 2.474210234374999893e-04
2.000000000000000000e+00 2.473341484375000715e-04
3.000000000000000000e+00 2.472035546875000719e-04
4.000000000000000000e+00 2.470294843750000255e-04
5.000000000000000000e+00 2.468119531250000868e-04
6.000000000000000000e+00 2.465511874999999197e-04
7.000000000000000000e+00 2.462476718749999740e-04
8.000000000000000000e+00 2.459011093750000264e-04
9.000000000000000000e+00 2.455119531250000010e-04
1.000000000000000000e+01 2.450803671875001369e-04
1.100000000000000000e+01 2.446063046875000249e-04
1.200000000000000000e+01 2.440898046874999698e-04
1.300000000000000000e+01 2.435319140625000710e-04
1.400000000000000000e+01 2.429324218749999789e-04
1.500000000000000000e+01 2.422913359374999874e-04
1.600000000000000000e+01 2.416101953124999912e-04
1.700000000000000000e+01 2.408881640624999966e-04
1.800000000000000000e+01 2.401265937499999969e-04
1.900000000000000000e+01 2.393244765624999535e-04
2.000000000000000000e+01 2.384834296875000450e-04
2.100000000000000000e+01 2.376040859375000468e-04
2.200000000000000000e+01 2.366852734374999523e-04
2.300000000000000000e+01 2.357290625000000542e-04
2.400000000000000000e+01 2.347355468749999236e-04
2.500000000000000000e+01 2.337051562500000934e-04
2.600000000000000000e+01 2.326386249999999871e-04
2.700000000000000000e+01 2.315359531249999844e-04
2.800000000000000000e+01 2.303983593749999858e-04
2.900000000000000000e+01 2.292263750000000098e-04
3.000000000000000000e+01 2.280206250000000256e-04
3.100000000000000000e+01 2.267811015624999560e-04
3.200000000000000000e+01 2.255089531250000097e-04
3.300000000000000000e+01 2.242051093749999684e-04
3.400000000000000000e+01 2.228699843749999395e-04
3.500000000000000000e+01 2.215040156250000719e-04
3.600000000000000000e+01 2.201087421875000437e-04
3.700000000000000000e+01 2.186836953124999660e-04
3.800000000000000000e+01 2.172314531249999725e-04
3.900000000000000000e+01 2.157510078124999975e-04
4.000000000000000000e+01 2.142440859375000265e-04
4.100000000000000000e+01 2.127117734375000302e-04
4.200000000000000000e+01 2.111540312500000832e-04
4.300000000000000000e+01 2.095714296874999125e-04
4.400000000000000000e+01 2.079663671874999633e-04
4.500000000000000000e+01 2.063385625000000313e-04
4.600000000000000000e+01 2.046890390625000114e-04
4.700000000000000000e+01 2.030190468750000588e-04
4.800000000000000000e+01 2.013293359374999686e-04
4.900000000000000000e+01 1.996210468750000077e-04
5.000000000000000000e+01 1.978946796875000213e-04
5.100000000000000000e+01 1.961511484375000434e-04
5.200000000000000000e+01 1.943917578124999834e-04
5.300000000000000000e+01 1.926179140625000499e-04
5.400000000000000000e+01 1.908299687500000308e-04
5.500000000000000000e+01 1.890292812500000237e-04
5.600000000000000000e+01 1.872160468749999799e-04
5.700000000000000000e+01 1.853924531249999408e-04
5.800000000000000000e+01 1.835582812500000484e-04
5.900000000000000000e+01 1.817162031249999266e-04
6.000000000000000000e+01 1.798659921874999385e-04
6.100000000000000000e+01 1.780091015624999968e-04
6.200000000000000000e+01 1.761467890625000629e-04
6.300000000000000000e+01 1.742797812499999712e-04
6.400000000000000000e+01 1.724092343750000076e-04
6.500000000000000000e+01 1.705363203125000160e-04
6.600000000000000000e+01 1.686624921875000448e-04
6.700000000000000000e+01 1.667881328125000279e-04
6.800000000000000000e+01 1.649154062500000190e-04
6.900000000000000000e+01 1.630439453124999402e-04
7.000000000000000000e+01 1.611761851562499952e-04
7.100000000000000000e+01 1.593123046874999162e-04
7.200000000000000000e+01 1.574542468749999763e-04
7.300000000000000000e+01 1.556029117187499944e-04
7.400000000000000000e+01 1.537594976562500337e-04
7.500000000000000000e+01 1.519245929687500338e-04
7.600000000000000000e+01 1.501001328125000549e-04
7.700000000000000000e+01 1.482864218750000723e-04
7.800000000000000000e+01 1.464851445312500232e-04
7.900000000000000000e+01 1.446980132812499226e-04
8.000000000000000000e+01 1.429247054687499347e-04
8.100000000000000000e+01 1.411683304687499951e-04
8.200000000000000000e+01 1.394277523437499535e-04
8.300000000000000000e+01 1.377056999999999511e-04
8.400000000000000000e+01 1.360037789062500102e-04
8.500000000000000000e+01 1.343211523437500183e-04
8.600000000000000000e+01 1.326604031250000091e-04
8.700000000000000000e+01 1.310226531249999180e-04
8.800000000000000000e+01 1.294091523437499813e-04
8.900000000000000000e+01 1.278206226562499982e-04
9.000000000000000000e+01 1.262580726562499635e-04
9.100000000000000000e+01 1.247232820312499759e-04
9.200000000000000000e+01 1.232165820312499857e-04
9.300000000000000000e+01 1.217394638281249909e-04
9.400000000000000000e+01 1.202933272656249951e-04
9.500000000000000000e+01 1.188790187500000044e-04
9.600000000000000000e+01 1.174978842187500211e-04
9.700000000000000000e+01 1.161507675781249933e-04
9.800000000000000000e+01 1.148390986718749812e-04
9.900000000000000000e+01 1.135635072656249688e-04
1.000000000000000000e+02 1.123260901796874970e-04
1.010000000000000000e+02 1.111267802265624550e-04
1.020000000000000000e+02 1.099673610624999660e-04
1.030000000000000000e+02 1.088489152187499602e-04
1.040000000000000000e+02 1.077716686250000070e-04
1.050000000000000000e+02 1.067381557343750420e-04
1.060000000000000000e+02 1.057478848437499904e-04
1.070000000000000000e+02 1.048030688281250360e-04
1.080000000000000000e+02 1.039046258593750267e-04
1.090000000000000000e+02 1.030525589843749842e-04
1.100000000000000000e+02 1.022498171093750110e-04
1.110000000000000000e+02 1.014954129687499929e-04
1.120000000000000000e+02 1.007911908593749805e-04
1.130000000000000000e+02 1.001389374218750243e-04
1.140000000000000000e+02 9.953832593750000686e-05
1.150000000000000000e+02 9.899146109375002922e-05
1.160000000000000000e+02 9.849883296875001015e-05
1.170000000000000000e+02 9.806089695312500702e-05
1.180000000000000000e+02 9.767913070312502432e-05
1.190000000000000000e+02 9.735466195312499429e-05
1.200000000000000000e+02 9.708828531249997411e-05
1.210000000000000000e+02 9.688079429687501177e-05
1.220000000000000000e+02 9.673353773437500989e-05
1.230000000000000000e+02 9.664652484374999938e-05
1.240000000000000000e+02 9.662187984374996262e-05
1.250000000000000000e+02 9.665935796875000350e-05
1.260000000000000000e+02 9.676041914062497376e-05
1.270000000000000000e+02 9.692633031249998118e-05
1.280000000000000000e+02 9.715700890625001015e-05
1.290000000000000000e+02 9.745368117187499905e-05
1.300000000000000000e+02 9.781778718749998733e-05
1.310000000000000000e+02 9.824934191406247959e-05
1.320000000000000000e+02 9.874940609375000295e-05
1.330000000000000000e+02 9.931897695156253548e-05
1.340000000000000000e+02 9.995872389062503561e-05
1.350000000000000000e+02 1.006696078124999781e-04
1.360000000000000000e+02 1.014520978124999924e-04
1.370000000000000000e+02 1.023071053124999669e-04
1.380000000000000000e+02 1.032351332031250133e-04
1.390000000000000000e+02 1.042375210937500167e-04
1.400000000000000000e+02 1.053148015624999430e-04
1.410000000000000000e+02 1.064675226562500213e-04
1.420000000000000000e+02 1.076963500000000044e-04
1.430000000000000000e+02 1.090017835937500220e-04
1.440000000000000000e+02 1.103852960937499767e-04
1.450000000000000000e+02 1.118465281249999492e-04
1.460000000000000000e+02 1.133879148437500075e-04
1.470000000000000000e+02 1.150082265624999831e-04
1.480000000000000000e+02 1.167088046874999505e-04
1.490000000000000000e+02 1.184911796874999607e-04
1.500000000000000000e+02 1.203540859375000022e-04
1.510000000000000000e+02 1.222996406249999635e-04
1.520000000000000000e+02 1.243284921874999777e-04
1.530000000000000000e+02 1.264403906250000272e-04
1.540000000000000000e+02 1.286367500000000453e-04
1.550000000000000000e+02 1.309176562500000141e-04
1.560000000000000000e+02 1.332843203124999736e-04
1.570000000000000000e+02 1.357373437500000409e-04
1.580000000000000000e+02 1.382761328125000407e-04
1.590000000000000000e+02 1.409025625000000161e-04
1.600000000000000000e+02 1.436163515625000066e-04
1.610000000000000000e+02 1.464185703124999910e-04
1.620000000000000000e+02 1.493104140624999365e-04
1.630000000000000000e+02 1.522917890624999736e-04
1.640000000000000000e+02 1.553621874999999903e-04
1.650000000000000000e+02 1.585242578125000291e-04
1.660000000000000000e+02 1.617771171875000396e-04
1.670000000000000000e+02 1.651220625000000169e-04
1.680000000000000000e+02 1.685598593750000729e-04
1.690000000000000000e+02 1.720892968749999235e-04
1.700000000000000000e+02 1.757131484375000605e-04
1.710000000000000000e+02 1.794308749999999001e-04
1.720000000000000000e+02 1.832437734375000067e-04
1.730000000000000000e+02 1.871513671874998450e-04
1.740000000000000000e+02 1.911551562499999807e-04
1.750000000000000000e+02 1.952551406250000344e-04
1.760000000000000000e+02 1.994523124999999174e-04
1.770000000000000000e+02 2.037474453125000902e-04
1.780000000000000000e+02 2.081404453125000056e-04
1.790000000000000000e+02 2.126328046875000438e-04
1.800000000000000000e+02 2.172239062500000146e-04
1.810000000000000000e+02 2.219156953125000326e-04
1.820000000000000000e+02 2.267081093749998867e-04
1.830000000000000000e+02 2.316021250000000929e-04
1.840000000000000000e+02 2.365980312500000110e-04
1.850000000000000000e+02 2.416968515624998615e-04
1.860000000000000000e+02 2.468989999999999683e-04
1.870000000000000000e+02 2.522053593750000025e-04
1.880000000000000000e+02 2.576166796874999757e-04
1.890000000000000000e+02 2.631335859375001011e-04
1.900000000000000000e+02 2.687567421875001377e-04
1.910000000000000000e+02 2.744873750000001987e-04
1.920000000000000000e+02 2.803255312499999341e-04
1.930000000000000000e+02 2.862734296875000736e-04
1.940000000000000000e+02 2.923302968749999400e-04
1.950000000000000000e+02 2.984976796875001828e-04
1.960000000000000000e+02 3.047767187499999847e-04
1.970000000000000000e+02 3.111677187500000528e-04
1.980000000000000000e+02 3.176714609375000842e-04
1.990000000000000000e+02 3.242907890624999374e-04
2.000000000000000000e+02 3.310246093750000254e-04
2.010000000000000000e+02 3.378747499999998740e-04
2.020000000000000000e+02 3.448426874999998984e-04
2.030000000000000000e+02 3.519286171874997250e-04
2.040000000000000000e+02 3.591336250000001914e-04
2.050000000000000000e+02 3.664606953125001064e-04
2.060000000000000000e+02 3.739092968750000207e-04
2.070000000000000000e+02 3.814809453125000581e-04
2.080000000000000000e+02 3.891773281249998723e-04
2.090000000000000000e+02 3.969998203125000950e-04
2.100000000000000000e+02 4.049491953124997228e-04
2.110000000000000000e+02 4.130279531250002044e-04
2.120000000000000000e+02 4.212361484375001016e-04
2.130000000000000000e+02 4.295764609374999013e-04
2.140000000000000000e+02 4.380503906250002234e-04
2.150000000000000000e+02 4.466593203125001233e-04
2.160000000000000000e+02 4.554052500000002287e-04
2.170000000000000000e+02 4.642890390624998163e-04
2.180000000000000000e+02 4.733135078125001120e-04
2.190000000000000000e+02 4.824797109375002354e-04
2.200000000000000000e+02 4.917908281249998683e-04
2.210000000000000000e+02 5.012491249999998779e-04
2.220000000000000000e+02 5.108537031250005205e-04
2.230000000000000000e+02 5.206099687500001429e-04
2.240000000000000000e+02 5.305164765625000481e-04
2.250000000000000000e+02 5.405813046874999956e-04
2.260000000000000000e+02 5.508006171875002698e-04
2.270000000000000000e+02 5.611850859375001324e-04
2.280000000000000000e+02 5.717265156249995602e-04
2.290000000000000000e+02 5.824334140625003634e-04
2.300000000000000000e+02 5.933101093750003724e-04
2.310000000000000000e+02 6.043575781250000488e-04
2.320000000000000000e+02 6.155757812500003891e-04
2.330000000000000000e+02 6.269742343749998541e-04
2.340000000000000000e+02 6.385496015625004166e-04
2.350000000000000000e+02 6.503107031249999274e-04
2.360000000000000000e+02 6.622520859374998476e-04
2.370000000000000000e+02 6.743871328124998550e-04
2.380000000000000000e+02 6.867160859375001473e-04
2.390000000000000000e+02 6.992390859374994581e-04
2.400000000000000000e+02 7.119612031249998889e-04
2.410000000000000000e+02 7.248905937500001824e-04
2.420000000000000000e+02 7.380281953125001704e-04
2.430000000000000000e+02 7.513743984375004063e-04
2.440000000000000000e+02 7.649384921875002291e-04
2.450000000000000000e+02 7.787253828125002006e-04
2.460000000000000000e+02 7.927316874999996077e-04
2.470000000000000000e+02 8.069764218749997170e-04
2.480000000000000000e+02 8.214484921875001878e-04
2.490000000000000000e+02 8.361665468750002035e-04
2.500000000000000000e+02 8.511211718750001654e-04
2.510000000000000000e+02 8.663335078125002217e-04
2.520000000000000000e+02 8.817922890624999054e-04
2.530000000000000000e+02 8.975147656250000031e-04
2.540000000000000000e+02 9.135066562499995647e-04
2.550000000000000000e+02 9.297663984374998462e-04
2.560000000000000000e+02 9.463037187500000650e-04
2.570000000000000000e+02 9.631243828125001134e-04
2.580000000000000000e+02 9.802384296875004538e-04
2.590000000000000000e+02 9.976434765625000634e-04
2.600000000000000000e+02 1.015352289062500246e-03
2.610000000000000000e+02 1.033373203125000084e-03
2.620000000000000000e+02 1.051710453124999950e-03
2.630000000000000000e+02 1.070368359374999955e-03
2.640000000000000000e+02 1.089359046875000439e-03
2.650000000000000000e+02 1.108690859374999831e-03
2.660000000000000000e+02 1.128365812500000103e-03
2.670000000000000000e+02 1.148395718749999810e-03
2.680000000000000000e+02 1.168783109375000871e-03
2.690000000000000000e+02 1.189546648437500402e-03
2.700000000000000000e+02 1.210686257812499528e-03
2.710000000000000000e+02 1.232212046875000733e-03
2.720000000000000000e+02 1.254134679687499924e-03
2.730000000000000000e+02 1.276460671875000391e-03
2.740000000000000000e+02 1.299204445312500400e-03
2.750000000000000000e+02 1.322370070312499975e-03
2.760000000000000000e+02 1.345963289062500215e-03
2.770000000000000000e+02 1.370008968750000391e-03
2.780000000000000000e+02 1.394502742187500631e-03
2.790000000000000000e+02 1.419459054687500273e-03
2.800000000000000000e+02 1.444890781250000563e-03
2.810000000000000000e+02 1.470809531249999726e-03
2.820000000000000000e+02 1.497221718749999807e-03
2.830000000000000000e+02 1.524142812499999821e-03
2.840000000000000000e+02 1.551577109374999673e-03
2.850000000000000000e+02 1.579546328124999208e-03
2.860000000000000000e+02 1.608053671875000427e-03
2.870000000000000000e+02 1.637115937500000342e-03
2.880000000000000000e+02 1.666745546875000438e-03
2.890000000000000000e+02 1.696953124999999894e-03
2.900000000000000000e+02 1.727748828125000736e-03
2.910000000000000000e+02 1.759148359374999469e-03
2.920000000000000000e+02 1.791164687499999892e-03
2.930000000000000000e+02 1.823813593750000421e-03
2.940000000000000000e+02 1.857100937500000140e-03
2.950000000000000000e+02 1.891047890624999832e-03
2.960000000000000000e+02 1.925672421875000229e-03
2.970000000000000000e+02 1.960972500000000233e-03
2.980000000000000000e+02 1.996979140625000215e-03
2.990000000000000000e+02 2.033694453124999715e-03
3.000000000000000000e+02 2.071145390625000159e-03
3.010000000000000000e+02 2.109328984374999640e-03
3.020000000000000000e+02 2.148280781250001565e-03
3.030000000000000000e+02 2.188001015624999740e-03
3.040000000000000000e+02 2.228512109375000144e-03
3.050000000000000000e+02 2.269823906250000196e-03
3.060000000000000000e+02 2.311958828125000674e-03
3.070000000000000000e+02 2.354926015625000667e-03
3.080000000000000000e+02 2.398744140625000756e-03
3.090000000000000000e+02 2.443433203125002125e-03
3.100000000000000000e+02 2.489003203125001677e-03
3.110000000000000000e+02 2.535473906249999416e-03
3.120000000000000000e+02 2.582856328124996919e-03
3.130000000000000000e+02 2.631176718749998148e-03
3.140000000000000000e+02 2.680436484375000195e-03
3.150000000000000000e+02 2.730664140625000628e-03
3.160000000000000000e+02 2.781875625000000164e-03
3.170000000000000000e+02 2.834079609374999444e-03
3.180000000000000000e+02 2.887295546874999071e-03
3.190000000000000000e+02 2.941539609374999639e-03
3.200000000000000000e+02 2.996827890625000917e-03
3.210000000000000000e+02 3.053179609374999295e-03
3.220000000000000000e+02 3.110608515624998377e-03
3.230000000000000000e+02 3.169126718750000030e-03
3.240000000000000000e+02 3.228747734374999741e-03
3.250000000000000000e+02 3.289498124999999575e-03
3.260000000000000000e+02 3.351385156249998745e-03
3.270000000000000000e+02 3.414419687500001507e-03
3.280000000000000000e+02 3.478626406249998339e-03
3.290000000000000000e+02 3.544008046874998642e-03
3.300000000000000000e+02 3.610579062499999145e-03
3.310000000000000000e+02 3.678372421875001578e-03
3.320000000000000000e+02 3.747376171875000522e-03
3.330000000000000000e+02 3.817614062499998222e-03
3.340000000000000000e+02 3.889089140625000447e-03
3.350000000000000000e+02 3.961832578125001197e-03
3.360000000000000000e+02 4.035830468749998685e-03
3.370000000000000000e+02 4.111117968749997825e-03
3.380000000000000000e+02 4.187677343750003181e-03
3.390000000000000000e+02 4.265532031249999814e-03
3.400000000000000000e+02 4.344671874999999142e-03
3.410000000000000000e+02 4.425132812500002198e-03
3.420000000000000000e+02 4.506895312499995844e-03
3.430000000000000000e+02 4.590003124999999552e-03
3.440000000000000000e+02 4.674380468750001169e-03
3.450000000000000000e+02 4.760110156249999606e-03
3.460000000000000000e+02 4.847171093749999896e-03
3.470000000000000000e+02 4.935536718750003875e-03
3.480000000000000000e+02 5.025243750000001758e-03
3.490000000000000000e+02 5.116246093749996990e-03
3.500000000000000000e+02 5.208553906249996368e-03
3.510000000000000000e+02 5.302196093750000290e-03
3.520000000000000000e+02 5.397103124999996782e-03
3.530000000000000000e+02 5.493294531249999849e-03
3.540000000000000000e+02 5.590787499999998710e-03
3.550000000000000000e+02 5.689525781250000420e-03
3.560000000000000000e+02 5.789521874999997535e-03
3.570000000000000000e+02 5.890733593750001849e-03
3.580000000000000000e+02 5.993142968750003741e-03
3.590000000000000000e+02 6.096754687500000741e-03
3.600000000000000000e+02 6.201503124999998770e-03
3.610000000000000000e+02 6.307380468749997603e-03
3.620000000000000000e+02 6.414366406249999257e-03
3.630000000000000000e+02 6.522431250000000277e-03
3.640000000000000000e+02 6.631474218749997332e-03
3.650000000000000000e+02 6.741557031249999568e-03
3.660000000000000000e+02 6.852551562499998097e-03
3.670000000000000000e+02 6.964461718750002139e-03
3.680000000000000000e+02 7.077208593750000318e-03
3.690000000000000000e+02 7.190780468750002270e-03
3.700000000000000000e+02 7.305053906250000111e-03
3.710000000000000000e+02 7.420041406249998535e-03
3.720000000000000000e+02 7.535630468750005584e-03
3.730000000000000000e+02 7.651767187500001927e-03
3.740000000000000000e+02 7.768344531249999664e-03
3.750000000000000000e+02 7.885328906250000866e-03
3.760000000000000000e+02 8.002667968750003594e-03
3.770000000000000000e+02 8.120184374999998844e-03
3.780000000000000000e+02 8.237866406249997123e-03
3.790000000000000000e+02 8.355573437499997855e-03
3.800000000000000000e+02 8.473210937499999623e-03
3.810000000000000000e+02 8.590700781250000181e-03
3.820000000000000000e+02 8.707896093749993571e-03
3.830000000000000000e+02 8.824677343749996739e-03
3.840000000000000000e+02 8.940933593750003891e-03
3.850000000000000000e+02 9.056610156249996976e-03
3.860000000000000000e+02 9.171426562500001323e-03
3.870000000000000000e+02 9.285380468749999949e-03
3.880000000000000000e+02 9.398228906249996711e-03
3.890000000000000000e+02 9.509884375000002971e-03
3.900000000000000000e+02 9.620164062500003929e-03
3.910000000000000000e+02 9.728876562500007527e-03
3.920000000000000000e+02 9.835912500000005415e-03
3.930000000000000000e+02 9.941098437500005616e-03
3.940000000000000000e+02 1.004419453125000340e-02
3.950000000000000000e+02 1.014501484375000470e-02
3.960000000000000000e+02 1.024341640624999369e-02
3.970000000000000000e+02 1.033921796875000680e-02
3.980000000000000000e+02 1.043209687499999962e-02
3.990000000000000000e+02 1.052196953125000313e-02
4.000000000000000000e+02 1.060850390624999522e-02
4.010000000000000000e+02 1.069159453124999756e-02
4.020000000000000000e+02 1.077093359375000392e-02
4.030000000000000000e+02 1.084632187499999512e-02
4.040000000000000000e+02 1.091750468750000459e-02
4.050000000000000000e+02 1.098418671875000217e-02
4.060000000000000000e+02 1.104622578124999852e-02
4.070000000000000000e+02 1.110335078124999840e-02
4.080000000000000000e+02 1.115520390624999240e-02
4.090000000000000000e+02 1.120163359375000306e-02
4.100000000000000000e+02 1.124239921874999916e-02
4.110000000000000000e+02 1.127708359375000080e-02
4.120000000000000000e+02 1.130555312500000284e-02
4.130000000000000000e+02 1.132754531250000467e-02
4.140000000000000000e+02 1.134275468750000140e-02
4.150000000000000000e+02 1.135087578125000031e-02
4.160000000000000000e+02 1.135178749999999834e-02
4.170000000000000000e+02 1.134501874999999625e-02
4.180000000000000000e+02 1.133052343750000357e-02
4.190000000000000000e+02 1.130793671875000676e-02
4.200000000000000000e+02 1.127703046874999927e-02
4.210000000000000000e+02 1.123763828125000711e-02
4.220000000000000000e+02 1.118947812499999743e-02
4.230000000000000000e+02 1.113230078125000168e-02
4.240000000000000000e+02 1.106604218749999632e-02
4.250000000000000000e+02 1.099037734374999978e-02
4.260000000000000000e+02 1.090523671874999920e-02
4.270000000000000000e+02 1.081053281250000594e-02
4.280000000000000000e+02 1.070594374999999862e-02
4.290000000000000000e+02 1.059163124999999359e-02
4.300000000000000000e+02 1.046738046875000418e-02
4.310000000000000000e+02 1.033318437500000200e-02
4.320000000000000000e+02 1.018909609375000594e-02
4.330000000000000000e+02 1.003519140624999952e-02
4.340000000000000000e+02 9.871481250000001262e-03
4.350000000000000000e+02 9.698167968749999215e-03
4.360000000000000000e+02 9.515517968749992797e-03
4.370000000000000000e+02 9.323587499999997502e-03
4.380000000000000000e+02 9.122946874999999373e-03
4.390000000000000000e+02 8.913867187500004036e-03
4.400000000000000000e+02 8.696803124999999413e-03
4.410000000000000000e+02 8.472376562499999916e-03
4.420000000000000000e+02 8.241199218750000152e-03
4.430000000000000000e+02 8.004031250000001596e-03
4.440000000000000000e+02 7.761728124999996321e-03
4.450000000000000000e+02 7.515253906250000775e-03
4.460000000000000000e+02 7.265713281249999017e-03
4.470000000000000000e+02 7.014332812500001166e-03
4.480000000000000000e+02 6.762485156249996819e-03
4.490000000000000000e+02 6.511708593750000287e-03
4.500000000000000000e+02 6.263708593749999463e-03
4.510000000000000000e+02 6.020362500000004530e-03
4.520000000000000000e+02 5.783757812500000053e-03
4.530000000000000000e+02 5.556183593750001551e-03
4.540000000000000000e+02 5.340141406249999424e-03
4.550000000000000000e+02 5.138407812499998922e-03
4.560000000000000000e+02 4.953980468749999075e-03
4.570000000000000000e+02 4.790166406250000002e-03
4.580000000000000000e+02 4.650551562499999868e-03
4.590000000000000000e+02 4.539040234375000572e-03
4.600000000000000000e+02 4.459884921875002448e-03
4.610000000000000000e+02 4.417708437500001729e-03
4.620000000000000000e+02 4.417502343749999186e-03
4.630000000000000000e+02 4.464665937500000847e-03
4.640000000000000000e+02 4.565069218749999609e-03
4.650000000000000000e+02 4.725090757812495414e-03
4.660000000000000000e+02 4.951508085156247803e-03
4.670000000000000000e+02 5.251697535156249659e-03
4.680000000000000000e+02 5.633644648437498292e-03
4.690000000000000000e+02 6.105891484374993683e-03
4.700000000000000000e+02 6.677626953124994602e-03
4.710000000000000000e+02 7.358815546874999600e-03
4.720000000000000000e+02 8.160002968750001626e-03
4.730000000000000000e+02 9.092661718750000635e-03
4.740000000000000000e+02 1.016905625000000604e-02
4.750000000000000000e+02 1.140232343749999350e-02
4.760000000000000000e+02 1.280658515625000132e-02
4.770000000000000000e+02 1.439684531250000343e-02
4.780000000000000000e+02 1.618932343750000002e-02
4.790000000000000000e+02 1.820130703125000596e-02
4.800000000000000000e+02 2.045123046874998407e-02
4.810000000000000000e+02 2.295891171874999206e-02
4.820000000000000000e+02 2.574545624999999283e-02
4.830000000000000000e+02 2.883343749999999622e-02
4.840000000000000000e+02 3.224691406249999975e-02
4.850000000000000000e+02 3.601156250000000364e-02
4.860000000000000000e+02 4.015481249999999780e-02
4.870000000000000000e+02 4.470595312499996143e-02
4.880000000000000000e+02 4.969606250000002667e-02
4.890000000000000000e+02 5.515824218749995622e-02
4.900000000000000000e+02 6.112799218750000069e-02
4.910000000000000000e+02 6.764329687500000854e-02
4.920000000000000000e+02 7.474390625000003341e-02
4.930000000000000000e+02 8.247271874999995145e-02
4.940000000000000000e+02 9.087446875000000646e-02
4.950000000000000000e+02 9.999824218749998883e-02
4.960000000000000000e+02 1.098946796875000104e-01
4.970000000000000000e+02 1.206197265625000570e-01
4.980000000000000000e+02 1.322299062500000011e-01
4.990000000000000000e+02 1.447876406249999914e-01
5.000000000000000000e+02 1.583588281249999619e-01
5.010000000000000000e+02 1.730121874999999698e-01
5.020000000000000000e+02 1.888219531250000527e-01
5.030000000000000000e+02 2.058667187500000662e-01
5.040000000000000000e+02 2.242300781250000374e-01
5.050000000000000000e+02 2.439996875000000620e-01
5.060000000000000000e+02 2.652705468750001794e-01
5.070000000000000000e+02 2.881414062500000095e-01
5.080000000000000000e+02 3.127171093749998576e-01
5.090000000000000000e+02 3.391114843749999386e-01
5.100000000000000000e+02 3.674417187500001458e-01
5.110000000000000000e+02 3.978349218750001359e-01
