0.000000000000000000e+00 1.527870258593751196e-04
1.000000000000000000e+00 1.527232957031250259e-04
2.000000000000000000e+00 1.525968646093749678e-04
3.000000000000000000e+00 1.524076907812500921e-04
4.000000000000000000e+00 1.521551171875000291e-04
5.000000000000000000e+00 1.518406868750000571e-04
6.000000000000000000e+00 1.514638010156249602e-04
7.000000000000000000e+00 1.510247546875000569e-04
8.000000000000000000e+00 1.505247301562500750e-04
9.000000000000000000e+00 1.499635462500000134e-04
1.000000000000000000e+01 1.493423722656249365e-04
1.100000000000000000e+01 1.486616807812500768e-04
1.200000000000000000e+01 1.479224279687499680e-04
1.300000000000000000e+01 1.471243174218749949e-04
1.400000000000000000e+01 1.462701593749999804e-04
1.500000000000000000e+01 1.453589674999999828e-04
1.600000000000000000e+01 1.443929395312500770e-04
1.700000000000000000e+01 1.433722750000000757e-04
1.800000000000000000e+01 1.422995196875000655e-04
1.900000000000000000e+01 1.411741360937499446e-04
2.000000000000000000e+01 1.399980586718750403e-04
2.100000000000000000e+01 1.387719777343749523e-04
2.200000000000000000e+01 1.374990625781249932e-04
2.300000000000000000e+01 1.361788734375000162e-04
2.400000000000000000e+01 1.348135253906250334e-04
2.500000000000000000e+01 1.334046688281250164e-04
2.600000000000000000e+01 1.319534174218750619e-04
2.700000000000000000e+01 1.304613782031250507e-04
2.800000000000000000e+01 1.289306072656249932e-04
2.900000000000000000e+01 1.273630296093749496e-04
3.000000000000000000e+01 1.257598067968749677e-04
3.100000000000000000e+01 1.241219122656250339e-04
3.200000000000000000e+01 1.224536559375000232e-04
3.300000000000000000e+01 1.207544767187500225e-04
3.400000000000000000e+01 1.190280646875000663e-04
3.500000000000000000e+01 1.172744335156249710e-04
3.600000000000000000e+01 1.154980905468750357e-04
3.700000000000000000e+01 1.136989677343749699e-04
3.800000000000000000e+01 1.118793398437500149e-04
3.900000000000000000e+01 1.100430399218750810e-04
4.000000000000000000e+01 1.081902346874999898e-04
4.100000000000000000e+01 1.063235689062500493e-04
4.200000000000000000e+01 1.044460690625000044e-04
4.300000000000000000e+01 1.025592354531250063e-04
4.400000000000000000e+01 1.006651646953124680e-04
4.500000000000000000e+01 9.876696454687497039e-05
4.600000000000000000e+01 9.686599288281253579e-05
4.700000000000000000e+01 9.496485648437498017e-05
4.800000000000000000e+01 9.306625945312500651e-05
4.900000000000000000e+01 9.117199571093750074e-05
5.000000000000000000e+01 8.928459755468747482e-05
5.100000000000000000e+01 8.740649542187500212e-05
5.200000000000000000e+01 8.553984644531246399e-05
5.300000000000000000e+01 8.368755602343751123e-05
5.400000000000000000e+01 8.185132972656251351e-05
5.500000000000000000e+01 8.003394171484377092e-05
5.600000000000000000e+01 7.823774917968752852e-05
5.700000000000000000e+01 7.646479494531250340e-05
5.800000000000000000e+01 7.471790732031249275e-05
5.900000000000000000e+01 7.299953807890625739e-05
6.000000000000000000e+01 7.131141617187499262e-05
6.100000000000000000e+01 6.965678017187499141e-05
6.200000000000000000e+01 6.803716227343748445e-05
6.300000000000000000e+01 6.645554176484374772e-05
6.400000000000000000e+01 6.491381529687502200e-05
6.500000000000000000e+01 6.341470946874999725e-05
6.600000000000000000e+01 6.196033963046875090e-05
6.700000000000000000e+01 6.055263598437501910e-05
6.800000000000000000e+01 5.919478131250003857e-05
6.900000000000000000e+01 5.788808059375000193e-05
7.000000000000000000e+01 5.663528542187499354e-05
7.100000000000000000e+01 5.543855103906249719e-05
7.200000000000000000e+01 5.429974113281249950e-05
7.300000000000000000e+01 5.322139750000002190e-05
7.400000000000000000e+01 5.220598640625001493e-05
7.500000000000000000e+01 5.125474703124999068e-05
7.600000000000000000e+01 5.037010398437501195e-05
7.700000000000000000e+01 4.955414203124999513e-05
7.800000000000000000e+01 4.880893906249998573e-05
7.900000000000000000e+01 4.813625250000001554e-05
8.000000000000000000e+01 4.753811374999999056e-05
8.100000000000000000e+01 4.701662195312500690e-05
8.200000000000000000e+01 4.657293164062499817e-05
8.300000000000000000e+01 4.620998328124997843e-05
8.400000000000000000e+01 4.592838718750000265e-05
8.500000000000000000e+01 4.573062445312500956e-05
8.600000000000000000e+01 4.561807499999998759e-05
8.700000000000000000e+01 4.559205703125000916e-05
8.800000000000000000e+01 4.565500624999999785e-05
8.900000000000000000e+01 4.580827265625000066e-05
9.000000000000000000e+01 4.605258906250000322e-05
9.100000000000000000e+01 4.638983593750000642e-05
9.200000000000000000e+01 4.682163906250001240e-05
9.300000000000000000e+01 4.734887343749999428e-05
9.400000000000000000e+01 4.797369257812498676e-05
9.500000000000000000e+01 4.869643851562500551e-05
9.600000000000000000e+01 4.951882148437499305e-05
9.700000000000000000e+01 5.044142445312500519e-05
9.800000000000000000e+01 5.146579679687500377e-05
9.900000000000000000e+01 5.259325796874998168e-05
1.000000000000000000e+02 5.382400398437501627e-05
1.010000000000000000e+02 5.515945273437501201e-05
1.020000000000000000e+02 5.660063359374999602e-05
1.030000000000000000e+02 5.814786249999999337e-05
1.040000000000000000e+02 5.980208749999999700e-05
1.050000000000000000e+02 6.156433515625002494e-05
1.060000000000000000e+02 6.343473906250001772e-05
1.070000000000000000e+02 6.541441015625002213e-05
1.080000000000000000e+02 6.750347499999999324e-05
1.090000000000000000e+02 6.970252656250000112e-05
1.100000000000000000e+02 7.201203359375001588e-05
1.110000000000000000e+02 7.443268750000003951e-05
1.120000000000000000e+02 7.696425781249996293e-05
1.130000000000000000e+02 7.960698437500004750e-05
1.140000000000000000e+02 8.236131250000001817e-05
1.150000000000000000e+02 8.522775781250002366e-05
1.160000000000000000e+02 8.820573437499999291e-05
1.170000000000000000e+02 9.129620312499998934e-05
1.180000000000000000e+02 9.449828124999994907e-05
1.190000000000000000e+02 9.781213281250000259e-05
1.200000000000000000e+02 1.012373984374999596e-04
1.210000000000000000e+02 1.047745546875000029e-04
1.220000000000000000e+02 1.084232499999999923e-04
1.230000000000000000e+02 1.121830390625000267e-04
1.240000000000000000e+02 1.160537890625000539e-04
1.250000000000000000e+02 1.200342031249999571e-04
1.260000000000000000e+02 1.241249296875000319e-04
1.270000000000000000e+02 1.283256093749999660e-04
1.280000000000000000e+02 1.326355937500000735e-04
1.290000000000000000e+02 1.370536328124999554e-04
1.300000000000000000e+02 1.415797578124999205e-04
1.310000000000000000e+02 1.462135859374999534e-04
1.320000000000000000e+02 1.509533203125000241e-04
1.330000000000000000e+02 1.558000468749999405e-04
1.340000000000000000e+02 1.607511328125000043e-04
1.350000000000000000e+02 1.658067968749999104e-04
1.360000000000000000e+02 1.709665781249999287e-04
1.370000000000000000e+02 1.762283046875000097e-04
1.380000000000000000e+02 1.815925859375000224e-04
1.390000000000000000e+02 1.870573359375000890e-04
1.400000000000000000e+02 1.926226406249999473e-04
1.410000000000000000e+02 1.982864609374999931e-04
1.420000000000000000e+02 2.040481015625000231e-04
1.430000000000000000e+02 2.099066562500000264e-04
1.440000000000000000e+02 2.158614453124999813e-04
1.450000000000000000e+02 2.219106171874999137e-04
1.460000000000000000e+02 2.280535390624999399e-04
1.470000000000000000e+02 2.342879453125000597e-04
1.480000000000000000e+02 2.406144374999999566e-04
1.490000000000000000e+02 2.470313593749999602e-04
1.500000000000000000e+02 2.535363359374999382e-04
1.510000000000000000e+02 2.601289609374999147e-04
1.520000000000000000e+02 2.668078906249999466e-04
1.530000000000000000e+02 2.735717968749999738e-04
1.540000000000000000e+02 2.804204687499999449e-04
1.550000000000000000e+02 2.873503124999999625e-04
1.560000000000000000e+02 2.943623437500000883e-04
1.570000000000000000e+02 3.014532031249999764e-04
1.580000000000000000e+02 3.086227343750000342e-04
1.590000000000000000e+02 3.158696874999999981e-04
1.600000000000000000e+02 3.231924999999997148e-04
1.610000000000000000e+02 3.305901562499998815e-04
1.620000000000000000e+02 3.380600781250000120e-04
1.630000000000000000e+02 3.456023437499998485e-04
1.640000000000000000e+02 3.532145312500000150e-04
1.650000000000000000e+02 3.608957812499997714e-04
1.660000000000000000e+02 3.686451562499998822e-04
1.670000000000000000e+02 3.764607812499999790e-04
1.680000000000000000e+02 3.843408593750001403e-04
1.690000000000000000e+02 3.922846093750000183e-04
1.700000000000000000e+02 4.002906249999997027e-04
1.710000000000000000e+02 4.083583593750000234e-04
1.720000000000000000e+02 4.164846093750000102e-04
1.730000000000000000e+02 4.246696093749999191e-04
1.740000000000000000e+02 4.329112499999999389e-04
1.750000000000000000e+02 4.412091406249998957e-04
1.760000000000000000e+02 4.495603124999999426e-04
1.770000000000000000e+02 4.579651562500001451e-04
1.780000000000000000e+02 4.664213281249998937e-04
1.790000000000000000e+02 4.749293749999999848e-04
1.800000000000000000e+02 4.834846874999999713e-04
1.810000000000000000e+02 4.920893750000001525e-04
1.820000000000000000e+02 5.007405468750000983e-04
1.830000000000000000e+02 5.094376562499999339e-04
1.840000000000000000e+02 5.181781250000001490e-04
1.850000000000000000e+02 5.269627343749996818e-04
1.860000000000000000e+02 5.357893749999997511e-04
1.870000000000000000e+02 5.446567968750000389e-04
1.880000000000000000e+02 5.535645312500001415e-04
1.890000000000000000e+02 5.625109374999999468e-04
1.900000000000000000e+02 5.714950781250002733e-04
1.910000000000000000e+02 5.805161718750001228e-04
1.920000000000000000e+02 5.895724999999998580e-04
1.930000000000000000e+02 5.986638281249996021e-04
1.940000000000000000e+02 6.077885937500000692e-04
1.950000000000000000e+02 6.169472656250003621e-04
1.960000000000000000e+02 6.261367187500002825e-04
1.970000000000000000e+02 6.353573437499999499e-04
1.980000000000000000e+02 6.446075781249999701e-04
1.990000000000000000e+02 6.538863281249999429e-04
2.000000000000000000e+02 6.631951562499999132e-04
2.010000000000000000e+02 6.725319531250002324e-04
2.020000000000000000e+02 6.818949218750002201e-04
2.030000000000000000e+02 6.912830468750001938e-04
2.040000000000000000e+02 7.006985156249999781e-04
2.050000000000000000e+02 7.101376562499996624e-04
2.060000000000000000e+02 7.196004687500003310e-04
2.070000000000000000e+02 7.290838281249999425e-04
2.080000000000000000e+02 7.385911718749997232e-04
2.090000000000000000e+02 7.481217968749999348e-04
2.100000000000000000e+02 7.576735937499996278e-04
2.110000000000000000e+02 7.672448437499998150e-04
2.120000000000000000e+02 7.768400781250001715e-04
2.130000000000000000e+02 7.864545312499993026e-04
2.140000000000000000e+02 7.960846093750005093e-04
2.150000000000000000e+02 8.057391406249999038e-04
2.160000000000000000e+02 8.154123437500000954e-04
2.170000000000000000e+02 8.250964062499997753e-04
2.180000000000000000e+02 8.348043749999998825e-04
2.190000000000000000e+02 8.445301562500001549e-04
2.200000000000000000e+02 8.542700000000001811e-04
2.210000000000000000e+02 8.640271093749996847e-04
2.220000000000000000e+02 8.738009374999999293e-04
2.230000000000000000e+02 8.835892968750000062e-04
2.240000000000000000e+02 8.934007031250002038e-04
2.250000000000000000e+02 9.032217187500000055e-04
2.260000000000000000e+02 9.130614062499991948e-04
2.270000000000000000e+02 9.229220312500003741e-04
2.280000000000000000e+02 9.327934374999996732e-04
2.290000000000000000e+02 9.426827343749999638e-04
2.300000000000000000e+02 9.525837500000002662e-04
2.310000000000000000e+02 9.625060156250000087e-04
2.320000000000000000e+02 9.724404687500003835e-04
2.330000000000000000e+02 9.823931250000001759e-04
2.340000000000000000e+02 9.923639843750003617e-04
2.350000000000000000e+02 1.002348125000000062e-03
2.360000000000000000e+02 1.012351250000000178e-03
2.370000000000000000e+02 1.022375468750000467e-03
2.380000000000000000e+02 1.032413124999999755e-03
2.390000000000000000e+02 1.042466874999999895e-03
2.400000000000000000e+02 1.052541953125000519e-03
2.410000000000000000e+02 1.062639765624999802e-03
2.420000000000000000e+02 1.072752890625000783e-03
2.430000000000000000e+02 1.082886796874999932e-03
2.440000000000000000e+02 1.093046328125000339e-03
2.450000000000000000e+02 1.103224531249999592e-03
2.460000000000000000e+02 1.113421015624999847e-03
2.470000000000000000e+02 1.123647421874999532e-03
2.480000000000000000e+02 1.133896328125000167e-03
2.490000000000000000e+02 1.144172265625000235e-03
2.500000000000000000e+02 1.154472187499999388e-03
2.510000000000000000e+02 1.164804687500000041e-03
2.520000000000000000e+02 1.175165703125000214e-03
2.530000000000000000e+02 1.185555468750000650e-03
2.540000000000000000e+02 1.195982421874999509e-03
2.550000000000000000e+02 1.206435781250000516e-03
2.560000000000000000e+02 1.216933281249999322e-03
2.570000000000000000e+02 1.227468046875000414e-03
2.580000000000000000e+02 1.238032500000001710e-03
2.590000000000000000e+02 1.248648203125000316e-03
2.600000000000000000e+02 1.259305859374999824e-03
2.610000000000000000e+02 1.270009531250000049e-03
2.620000000000000000e+02 1.280766015625001532e-03
2.630000000000000000e+02 1.291566796875000082e-03
2.640000000000000000e+02 1.302423437500000022e-03
2.650000000000000000e+02 1.313343593749999707e-03
2.660000000000000000e+02 1.324328281250000119e-03
2.670000000000000000e+02 1.335365781249999838e-03
2.680000000000000000e+02 1.346480468749999696e-03
2.690000000000000000e+02 1.357657890624998842e-03
2.700000000000000000e+02 1.368916328125000014e-03
2.710000000000000000e+02 1.380257734375000232e-03
2.720000000000000000e+02 1.391673828125000387e-03
2.730000000000000000e+02 1.403187890625001450e-03
2.740000000000000000e+02 1.414788984375000506e-03
2.750000000000000000e+02 1.426492890625001174e-03
2.760000000000000000e+02 1.438301250000000855e-03
2.770000000000000000e+02 1.450213593749999797e-03
2.780000000000000000e+02 1.462252343750000292e-03
2.790000000000000000e+02 1.474404140624999832e-03
2.800000000000000000e+02 1.486688593750000236e-03
2.810000000000000000e+02 1.499110156249999814e-03
2.820000000000000000e+02 1.511670781249999920e-03
2.830000000000000000e+02 1.524387109375000037e-03
2.840000000000000000e+02 1.537259765625000702e-03
2.850000000000000000e+02 1.550294843750001095e-03
2.860000000000000000e+02 1.563513828125000530e-03
2.870000000000000000e+02 1.576906718750000370e-03
2.880000000000000000e+02 1.590499609375000322e-03
2.890000000000000000e+02 1.604299218749999888e-03
2.900000000000000000e+02 1.618307031250001320e-03
2.910000000000000000e+02 1.632544140625000672e-03
2.920000000000000000e+02 1.647015234375000465e-03
2.930000000000000000e+02 1.661736953125000395e-03
2.940000000000000000e+02 1.676719609374999588e-03
2.950000000000000000e+02 1.691971953124999728e-03
2.960000000000000000e+02 1.707513906250000303e-03
2.970000000000000000e+02 1.723351328124999964e-03
2.980000000000000000e+02 1.739507031249998194e-03
2.990000000000000000e+02 1.755989140624999176e-03
3.000000000000000000e+02 1.772817968750001107e-03
3.010000000000000000e+02 1.790002109374999898e-03
3.020000000000000000e+02 1.807570390625000108e-03
3.030000000000000000e+02 1.825533437500001565e-03
3.040000000000000000e+02 1.843904843749999715e-03
3.050000000000000000e+02 1.862707812499999694e-03
3.060000000000000000e+02 1.881959609375000002e-03
3.070000000000000000e+02 1.901685937500000121e-03
3.080000000000000000e+02 1.921900703125000538e-03
3.090000000000000000e+02 1.942625468749999444e-03
3.100000000000000000e+02 1.963883359374999846e-03
3.110000000000000000e+02 1.985697656250000331e-03
3.120000000000000000e+02 2.008094921874998846e-03
3.130000000000000000e+02 2.031092499999999270e-03
3.140000000000000000e+02 2.054719531250000578e-03
3.150000000000000000e+02 2.079001562500001031e-03
3.160000000000000000e+02 2.103965859374999289e-03
3.170000000000000000e+02 2.129630546875000124e-03
3.180000000000000000e+02 2.156035781250001046e-03
3.190000000000000000e+02 2.183203593749997833e-03
3.200000000000000000e+02 2.211161328125002545e-03
3.210000000000000000e+02 2.239948203124999312e-03
3.220000000000000000e+02 2.269589374999997876e-03
3.230000000000000000e+02 2.300117812499998231e-03
3.240000000000000000e+02 2.331557734374999774e-03
3.250000000000000000e+02 2.363956953125000322e-03
3.260000000000000000e+02 2.397343125000001365e-03
3.270000000000000000e+02 2.431751093749999308e-03
3.280000000000000000e+02 2.467214296874999969e-03
3.290000000000000000e+02 2.503772578125000158e-03
3.300000000000000000e+02 2.541461640625001031e-03
3.310000000000000000e+02 2.580311718749999685e-03
3.320000000000000000e+02 2.620381640625002017e-03
3.330000000000000000e+02 2.661682265625000578e-03
3.340000000000000000e+02 2.704279218749997687e-03
3.350000000000000000e+02 2.748220312500001573e-03
3.360000000000000000e+02 2.793514609375000093e-03
3.370000000000000000e+02 2.840211171875000815e-03
3.380000000000000000e+02 2.888388515624998841e-03
3.390000000000000000e+02 2.938045000000000240e-03
3.400000000000000000e+02 2.989237421875001136e-03
3.410000000000000000e+02 3.042030781249999843e-03
3.420000000000000000e+02 3.096452578125001402e-03
3.430000000000000000e+02 3.152524765624998594e-03
3.440000000000000000e+02 3.210356796875000161e-03
3.450000000000000000e+02 3.269930624999998689e-03
3.460000000000000000e+02 3.331313281250000095e-03
3.470000000000000000e+02 3.394544374999998709e-03
3.480000000000000000e+02 3.459711875000001571e-03
3.490000000000000000e+02 3.526821640624999525e-03
3.500000000000000000e+02 3.595886093749999478e-03
3.510000000000000000e+02 3.667040781250001207e-03
3.520000000000000000e+02 3.740272187500001851e-03
3.530000000000000000e+02 3.815633828125001865e-03
3.540000000000000000e+02 3.893158749999999033e-03
3.550000000000000000e+02 3.972923906249998388e-03
3.560000000000000000e+02 4.054957890624996154e-03
3.570000000000000000e+02 4.139281249999999732e-03
3.580000000000000000e+02 4.225971484375003022e-03
3.590000000000000000e+02 4.315077421875000707e-03
3.600000000000000000e+02 4.406589453125001749e-03
3.610000000000000000e+02 4.500598046875001895e-03
3.620000000000000000e+02 4.597114062499997600e-03
3.630000000000000000e+02 4.696141406249999817e-03
3.640000000000000000e+02 4.797777343750000284e-03
3.650000000000000000e+02 4.902046093750000132e-03
3.660000000000000000e+02 5.008938281250000825e-03
3.670000000000000000e+02 5.118526562499999683e-03
3.680000000000000000e+02 5.230803906250001273e-03
3.690000000000000000e+02 5.345806250000003160e-03
3.700000000000000000e+02 5.463577343749998795e-03
3.710000000000000000e+02 5.584092187500002205e-03
3.720000000000000000e+02 5.707406249999996337e-03
3.730000000000000000e+02 5.833514062500000548e-03
3.740000000000000000e+02 5.962378906249999472e-03
3.750000000000000000e+02 6.094089062500001285e-03
3.760000000000000000e+02 6.228600781250001259e-03
3.770000000000000000e+02 6.365913281249999806e-03
3.780000000000000000e+02 6.506022656250000716e-03
3.790000000000000000e+02 6.648906250000001170e-03
3.800000000000000000e+02 6.794549999999999028e-03
3.810000000000000000e+02 6.942948437500002373e-03
3.820000000000000000e+02 7.094034374999995396e-03
3.830000000000000000e+02 7.247833593750003557e-03
3.840000000000000000e+02 7.404265624999999823e-03
3.850000000000000000e+02 7.563225781249998531e-03
3.860000000000000000e+02 7.724812500000001643e-03
3.870000000000000000e+02 7.888793749999999452e-03
3.880000000000000000e+02 8.055226562500000104e-03
3.890000000000000000e+02 8.223957031250004809e-03
3.900000000000000000e+02 8.394986718750000604e-03
3.910000000000000000e+02 8.568131250000001267e-03
3.920000000000000000e+02 8.743375781249999867e-03
3.930000000000000000e+02 8.920491406249999797e-03
3.940000000000000000e+02 9.099476562500001878e-03
3.950000000000000000e+02 9.280166406250001804e-03
3.960000000000000000e+02 9.462429687499999270e-03
3.970000000000000000e+02 9.646099999999994262e-03
3.980000000000000000e+02 9.831017187500006027e-03
3.990000000000000000e+02 1.001704296874999893e-02
4.000000000000000000e+02 1.020402500000000025e-02
4.010000000000000000e+02 1.039171718750000160e-02
4.020000000000000000e+02 1.057992812499999706e-02
4.030000000000000000e+02 1.076846328125000488e-02
4.040000000000000000e+02 1.095705781250000052e-02
4.050000000000000000e+02 1.114560859375000011e-02
4.060000000000000000e+02 1.133372109375000401e-02
4.070000000000000000e+02 1.152123515625000025e-02
4.080000000000000000e+02 1.170783984374999462e-02
4.090000000000000000e+02 1.189326796874999766e-02
4.100000000000000000e+02 1.207716171875000168e-02
4.110000000000000000e+02 1.225934531250000466e-02
4.120000000000000000e+02 1.243941093749999401e-02
4.130000000000000000e+02 1.261710937499999595e-02
4.140000000000000000e+02 1.279202187499999671e-02
4.150000000000000000e+02 1.296390468750000316e-02
4.160000000000000000e+02 1.313222578124999956e-02
4.170000000000000000e+02 1.329676640624999871e-02
4.180000000000000000e+02 1.345712187499999504e-02
4.190000000000000000e+02 1.361284375000000255e-02
4.200000000000000000e+02 1.376367187499999943e-02
4.210000000000000000e+02 1.390908593749999762e-02
4.220000000000000000e+02 1.404867968749999411e-02
4.230000000000000000e+02 1.418211718750000093e-02
4.240000000000000000e+02 1.430894531249999636e-02
4.250000000000000000e+02 1.442867968749999251e-02
4.260000000000000000e+02 1.454100781250000814e-02
4.270000000000000000e+02 1.464546874999999790e-02
4.280000000000000000e+02 1.474160937499999734e-02
4.290000000000000000e+02 1.482905468750000608e-02
4.300000000000000000e+02 1.490736718750000286e-02
4.310000000000000000e+02 1.497621093749999972e-02
4.320000000000000000e+02 1.503507031250000091e-02
4.330000000000000000e+02 1.508371875000000077e-02
4.340000000000000000e+02 1.512165625000000402e-02
4.350000000000000000e+02 1.514864843750000044e-02
4.360000000000000000e+02 1.516438281249999666e-02
4.370000000000000000e+02 1.516846093750000117e-02
4.380000000000000000e+02 1.516078124999999631e-02
4.390000000000000000e+02 1.514098828124999831e-02
4.400000000000000000e+02 1.510904296875000691e-02
4.410000000000000000e+02 1.506465625000000252e-02
4.420000000000000000e+02 1.500797265624999842e-02
4.430000000000000000e+02 1.493876093749999141e-02
4.440000000000000000e+02 1.485718359374999832e-02
4.450000000000000000e+02 1.476328203124999475e-02
4.460000000000000000e+02 1.465738046874999825e-02
4.470000000000000000e+02 1.453967812499999852e-02
4.480000000000000000e+02 1.441052109375000161e-02
4.490000000000000000e+02 1.427062890624999567e-02
4.500000000000000000e+02 1.412035234375000163e-02
4.510000000000000000e+02 1.396063046874999880e-02
4.520000000000000000e+02 1.379225078125000288e-02
4.530000000000000000e+02 1.361626718749999951e-02
4.540000000000000000e+02 1.343393359374999742e-02
4.550000000000000000e+02 1.324665156249999788e-02
4.560000000000000000e+02 1.305584609375000545e-02
4.570000000000000000e+02 1.286349921875000295e-02
4.580000000000000000e+02 1.267158593749999687e-02
4.590000000000000000e+02 1.248238515625000114e-02
4.600000000000000000e+02 1.229841718750000930e-02
4.610000000000000000e+02 1.212256406250000230e-02
4.620000000000000000e+02 1.195794296874999954e-02
4.630000000000000000e+02 1.180806328124999610e-02
4.640000000000000000e+02 1.167678359375000190e-02
4.650000000000000000e+02 1.156832109375000028e-02
4.660000000000000000e+02 1.148740468750000104e-02
4.670000000000000000e+02 1.143909296875000176e-02
4.680000000000000000e+02 1.142907265625000765e-02
4.690000000000000000e+02 1.146330781249999507e-02
4.700000000000000000e+02 1.154862171875000072e-02
4.710000000000000000e+02 1.169227648437499469e-02
4.720000000000000000e+02 1.190212234374999831e-02
4.730000000000000000e+02 1.218683609374999165e-02
4.740000000000000000e+02 1.255571757812500022e-02
4.750000000000000000e+02 1.301888736718750245e-02
4.760000000000000000e+02 1.358734084531249518e-02
4.770000000000000000e+02 1.427290893843749867e-02
4.780000000000000000e+02 1.508845028906249594e-02
4.790000000000000000e+02 1.604777467968750149e-02
4.800000000000000000e+02 1.716587695312500259e-02
4.810000000000000000e+02 1.845883070312498778e-02
4.820000000000000000e+02 1.994409828124998896e-02
4.830000000000000000e+02 2.164028437499998514e-02
4.840000000000000000e+02 2.356759609375000744e-02
4.850000000000000000e+02 2.574772265624999251e-02
4.860000000000000000e+02 2.820392109374999373e-02
4.870000000000000000e+02 3.096126796874999407e-02
4.880000000000000000e+02 3.404665703124998277e-02
4.890000000000000000e+02 3.748892656249997596e-02
4.900000000000000000e+02 4.131931484374999630e-02
4.910000000000000000e+02 4.557060468750000898e-02
4.920000000000000000e+02 5.027891484375000136e-02
4.930000000000000000e+02 5.548242187500000006e-02
4.940000000000000000e+02 6.122201562500000777e-02
4.950000000000000000e+02 6.754196093749999241e-02
4.960000000000000000e+02 7.448884375000001945e-02
4.970000000000000000e+02 8.211291406250006975e-02
4.980000000000000000e+02 9.046866406250006487e-02
4.990000000000000000e+02 9.961377343750003888e-02
5.000000000000000000e+02 1.096096171874999942e-01
5.010000000000000000e+02 1.205231406249999832e-01
5.020000000000000000e+02 1.324238515625000556e-01
5.030000000000000000e+02 1.453881015625000106e-01
5.040000000000000000e+02 1.594977968750001529e-01
5.050000000000000000e+02 1.748371640624999668e-01
5.060000000000000000e+02 1.914999999999999480e-01
5.070000000000000000e+02 2.095857031249999669e-01
5.080000000000000000e+02 2.291988281249998927e-01
5.090000000000000000e+02 2.504511718750000449e-01
5.100000000000000000e+02 2.734649218750001554e-01
5.110000000000000000e+02 2.983684375000001388e-01
