0.000000000000000000e+00 9.521644187500000883e-04
1.000000000000000000e+00 9.518248820312502157e-04
2.000000000000000000e+00 9.511517093749994028e-04
3.000000000000000000e+00 9.501396062499998726e-04
4.000000000000000000e+00 9.487922718750003287e-04
5.000000000000000000e+00 9.471110109375000842e-04
6.000000000000000000e+00 9.451010648437497847e-04
7.000000000000000000e+00 9.427554109374998307e-04
8.000000000000000000e+00 9.400815281249996248e-04
9.000000000000000000e+00 9.370822664062504644e-04
1.000000000000000000e+01 9.337562929687498415e-04
1.100000000000000000e+01 9.301090070312506173e-04
1.200000000000000000e+01 9.261443460937502856e-04
1.300000000000000000e+01 9.218611484375006286e-04
1.400000000000000000e+01 9.172655445312500678e-04
1.500000000000000000e+01 9.123629023437503961e-04
1.600000000000000000e+01 9.071591085937502500e-04
1.700000000000000000e+01 9.016560757812500104e-04
1.800000000000000000e+01 8.958529453124997608e-04
1.900000000000000000e+01 8.897630304687494975e-04
2.000000000000000000e+01 8.833865882812497791e-04
2.100000000000000000e+01 8.767293453124999766e-04
2.200000000000000000e+01 8.697995210937497319e-04
2.300000000000000000e+01 8.626023321874999117e-04
2.400000000000000000e+01 8.551362121875005816e-04
2.500000000000000000e+01 8.474177346093747900e-04
2.600000000000000000e+01 8.394489535156247646e-04
2.700000000000000000e+01 8.312353310937497944e-04
2.800000000000000000e+01 8.227864047656251439e-04
2.900000000000000000e+01 8.141053972656246652e-04
3.000000000000000000e+01 8.052008455468754114e-04
3.100000000000000000e+01 7.960863407031254285e-04
3.200000000000000000e+01 7.867592060156247463e-04
3.300000000000000000e+01 7.772328150000003093e-04
3.400000000000000000e+01 7.675130200000005115e-04
3.500000000000000000e+01 7.576041485937497644e-04
3.600000000000000000e+01 7.475228184375000938e-04
3.700000000000000000e+01 7.372728783593748966e-04
3.800000000000000000e+01 7.268612741406247843e-04
3.900000000000000000e+01 7.163011946874993287e-04
4.000000000000000000e+01 7.055937116406249196e-04
4.100000000000000000e+01 6.947551093750002930e-04
4.200000000000000000e+01 6.837845417187503674e-04
4.300000000000000000e+01 6.727020461718748743e-04
4.400000000000000000e+01 6.615091436718750816e-04
4.500000000000000000e+01 6.502176476562500536e-04
4.600000000000000000e+01 6.388348266484377607e-04
4.700000000000000000e+01 6.273744231171875414e-04
4.800000000000000000e+01 6.158377423531249820e-04
4.900000000000000000e+01 6.042413483828124434e-04
5.000000000000000000e+01 5.925885560078123946e-04
5.100000000000000000e+01 5.808902514062501236e-04
5.200000000000000000e+01 5.691585537500001195e-04
5.300000000000000000e+01 5.573987425781252569e-04
5.400000000000000000e+01 5.456242332031248669e-04
5.500000000000000000e+01 5.338393457031251257e-04
5.600000000000000000e+01 5.220559528906248059e-04
5.700000000000000000e+01 5.102858185156253657e-04
5.800000000000000000e+01 4.985322267187502088e-04
5.900000000000000000e+01 4.868077877343749793e-04
6.000000000000000000e+01 4.751218980468750980e-04
6.100000000000000000e+01 4.634812722499997962e-04
6.200000000000000000e+01 4.518965584460940261e-04
6.300000000000000000e+01 4.403759195953125074e-04
6.400000000000000000e+01 4.289279208437500016e-04
6.500000000000000000e+01 4.175616496875000287e-04
6.600000000000000000e+01 4.062856772656250285e-04
6.700000000000000000e+01 3.951077407031249847e-04
6.800000000000000000e+01 3.840371519531251545e-04
6.900000000000000000e+01 3.730808958593747737e-04
7.000000000000000000e+01 3.622479678906251810e-04
7.100000000000000000e+01 3.515456764843749560e-04
7.200000000000000000e+01 3.409825935156252466e-04
7.300000000000000000e+01 3.305658653124999885e-04
7.400000000000000000e+01 3.203038016406249472e-04
7.500000000000000000e+01 3.102023054687501574e-04
7.600000000000000000e+01 3.002694890624999511e-04
7.700000000000000000e+01 2.905123257812499988e-04
7.800000000000000000e+01 2.809381648437500861e-04
7.900000000000000000e+01 2.715528726562500416e-04
8.000000000000000000e+01 2.623636031250001330e-04
8.100000000000000000e+01 2.533761492187500217e-04
8.200000000000000000e+01 2.445975250000000599e-04
8.300000000000000000e+01 2.360330007812499781e-04
8.400000000000000000e+01 2.276888382812500581e-04
8.500000000000000000e+01 2.195695749999999771e-04
8.600000000000000000e+01 2.116821890625000140e-04
8.700000000000000000e+01 2.040309765624999296e-04
8.800000000000000000e+01 1.966209476562499111e-04
8.900000000000000000e+01 1.894572374999999715e-04
9.000000000000000000e+01 1.825438000000000462e-04
9.100000000000000000e+01 1.758856039062499594e-04
9.200000000000000000e+01 1.694862820312500215e-04
9.300000000000000000e+01 1.633510648437498647e-04
9.400000000000000000e+01 1.574816890625000711e-04
9.500000000000000000e+01 1.518831781250000565e-04
9.600000000000000000e+01 1.465577812500000086e-04
9.700000000000000000e+01 1.415094843750000194e-04
9.800000000000000000e+01 1.367408828125000184e-04
9.900000000000000000e+01 1.322539687499999872e-04
1.000000000000000000e+02 1.280525234374999953e-04
1.010000000000000000e+02 1.241369609374999875e-04
1.020000000000000000e+02 1.205106484375000211e-04
1.030000000000000000e+02 1.171752343750000278e-04
1.040000000000000000e+02 1.141311718749999727e-04
1.050000000000000000e+02 1.113810390624999893e-04
1.060000000000000000e+02 1.089256562500000118e-04
1.070000000000000000e+02 1.067654999999999928e-04
1.080000000000000000e+02 1.049023453124999953e-04
1.090000000000000000e+02 1.033351406249999522e-04
1.100000000000000000e+02 1.020655656249999687e-04
1.110000000000000000e+02 1.010929429687499866e-04
1.120000000000000000e+02 1.004179289062500264e-04
1.130000000000000000e+02 1.000391431249999521e-04
1.140000000000000000e+02 9.995769265624997527e-05
1.150000000000000000e+02 1.001716793749999826e-04
1.160000000000000000e+02 1.006803346093749894e-04
1.170000000000000000e+02 1.014832546874999892e-04
1.180000000000000000e+02 1.025793897656250163e-04
1.190000000000000000e+02 1.039664083593750017e-04
1.200000000000000000e+02 1.056437820312500106e-04
1.210000000000000000e+02 1.076096363281249773e-04
1.220000000000000000e+02 1.098619960156249951e-04
1.230000000000000000e+02 1.123987849218750047e-04
1.240000000000000000e+02 1.152185879218749822e-04
1.250000000000000000e+02 1.183182608593750092e-04
1.260000000000000000e+02 1.216953939062499773e-04
1.270000000000000000e+02 1.253488710937499548e-04
1.280000000000000000e+02 1.292746171874999963e-04
1.290000000000000000e+02 1.334704343749999798e-04
1.300000000000000000e+02 1.379334906250000137e-04
1.310000000000000000e+02 1.426607039062500397e-04
1.320000000000000000e+02 1.476493515624998916e-04
1.330000000000000000e+02 1.528954687500000300e-04
1.340000000000000000e+02 1.583969140624999722e-04
1.350000000000000000e+02 1.641500312499999620e-04
1.360000000000000000e+02 1.701514296874999952e-04
1.370000000000000000e+02 1.763972265625000826e-04
1.380000000000000000e+02 1.828837109375000092e-04
1.390000000000000000e+02 1.896081093750000691e-04
1.400000000000000000e+02 1.965667734374999874e-04
1.410000000000000000e+02 2.037555625000000460e-04
1.420000000000000000e+02 2.111711250000000305e-04
1.430000000000000000e+02 2.188094765625000051e-04
1.440000000000000000e+02 2.266670000000000035e-04
1.450000000000000000e+02 2.347400546874999633e-04
1.460000000000000000e+02 2.430248046874999249e-04
1.470000000000000000e+02 2.515171953125000439e-04
1.480000000000000000e+02 2.602140703125000029e-04
1.490000000000000000e+02 2.691100156249999140e-04
1.500000000000000000e+02 2.782038046874999891e-04
1.510000000000000000e+02 2.874895937499998347e-04
1.520000000000000000e+02 2.969648437499999741e-04
1.530000000000000000e+02 3.066254687499999016e-04
1.540000000000000000e+02 3.164671874999999733e-04
1.550000000000000000e+02 3.264874999999999874e-04
1.560000000000000000e+02 3.366815625000001621e-04
1.570000000000000000e+02 3.470468750000001330e-04
1.580000000000000000e+02 3.575790625000000345e-04
1.590000000000000000e+02 3.682754687499997467e-04
1.600000000000000000e+02 3.791324218750001724e-04
1.610000000000000000e+02 3.901464062500000179e-04
1.620000000000000000e+02 4.013144531249999785e-04
1.630000000000000000e+02 4.126337500000000708e-04
1.640000000000000000e+02 4.241000781250000760e-04
1.650000000000000000e+02 4.357112500000000612e-04
1.660000000000000000e+02 4.474638281249999927e-04
1.670000000000000000e+02 4.593564062500000685e-04
1.680000000000000000e+02 4.713842968749999912e-04
1.690000000000000000e+02 4.835453906250000039e-04
1.700000000000000000e+02 4.958378906249999137e-04
1.710000000000000000e+02 5.082590625000002384e-04
1.720000000000000000e+02 5.208055468749998732e-04
1.730000000000000000e+02 5.334759374999999918e-04
1.740000000000000000e+02 5.462682031250001456e-04
1.750000000000000000e+02 5.591790624999996764e-04
1.760000000000000000e+02 5.722075781250002702e-04
1.770000000000000000e+02 5.853524218750002410e-04
1.780000000000000000e+02 5.986107812500004186e-04
1.790000000000000000e+02 6.119791406249998345e-04
1.800000000000000000e+02 6.254610156249999992e-04
1.810000000000000000e+02 6.390503906249999592e-04
1.820000000000000000e+02 6.527476562500001593e-04
1.830000000000000000e+02 6.665507031249999752e-04
1.840000000000000000e+02 6.804599218749997434e-04
1.850000000000000000e+02 6.944732031250000319e-04
1.860000000000000000e+02 7.085871875000002238e-04
1.870000000000000000e+02 7.228040624999994930e-04
1.880000000000000000e+02 7.371222656250002881e-04
1.890000000000000000e+02 7.515410937500000520e-04
1.900000000000000000e+02 7.660624218750002913e-04
1.910000000000000000e+02 7.806785156249994393e-04
1.920000000000000000e+02 7.953945312499998777e-04
1.930000000000000000e+02 8.102086718749996249e-04
1.940000000000000000e+02 8.251239843749996793e-04
1.950000000000000000e+02 8.401310937500000965e-04
1.960000000000000000e+02 8.552365625000002414e-04
1.970000000000000000e+02 8.704416406249999979e-04
1.980000000000000000e+02 8.857427343749996315e-04
1.990000000000000000e+02 9.011408593749996917e-04
2.000000000000000000e+02 9.166353906249995317e-04
2.010000000000000000e+02 9.322212500000001982e-04
2.020000000000000000e+02 9.479114062500003943e-04
2.030000000000000000e+02 9.636922656249999027e-04
2.040000000000000000e+02 9.795726562499998229e-04
2.050000000000000000e+02 9.955496875000001585e-04
2.060000000000000000e+02 1.011619453125000472e-03
2.070000000000000000e+02 1.027789531250000027e-03
2.080000000000000000e+02 1.044053359375000109e-03
2.090000000000000000e+02 1.060414843749999531e-03
2.100000000000000000e+02 1.076870624999999842e-03
2.110000000000000000e+02 1.093427031249999664e-03
2.120000000000000000e+02 1.110073124999999983e-03
2.130000000000000000e+02 1.126818046875000326e-03
2.140000000000000000e+02 1.143661875000000000e-03
2.150000000000000000e+02 1.160592890624999969e-03
2.160000000000000000e+02 1.177621015625000215e-03
2.170000000000000000e+02 1.194747031250000110e-03
2.180000000000000000e+02 1.211965312500000664e-03
2.190000000000000000e+02 1.229274218750000137e-03
2.200000000000000000e+02 1.246671796874999341e-03
2.210000000000000000e+02 1.264166093750000329e-03
2.220000000000000000e+02 1.281749375000000015e-03
2.230000000000000000e+02 1.299422265624999373e-03
2.240000000000000000e+02 1.317177265625000182e-03
2.250000000000000000e+02 1.335028515624999985e-03
2.260000000000000000e+02 1.352957265625001062e-03
2.270000000000000000e+02 1.370971953124998973e-03
2.280000000000000000e+02 1.389058749999999912e-03
2.290000000000000000e+02 1.407239296875000510e-03
2.300000000000000000e+02 1.425484921875000248e-03
2.310000000000000000e+02 1.443811015625000565e-03
2.320000000000000000e+02 1.462203124999999744e-03
2.330000000000000000e+02 1.480666015625000482e-03
2.340000000000000000e+02 1.499196875000000139e-03
2.350000000000000000e+02 1.517787265624999469e-03
2.360000000000000000e+02 1.536440937500000185e-03
2.370000000000000000e+02 1.555142499999998896e-03
2.380000000000000000e+02 1.573904843750000091e-03
2.390000000000000000e+02 1.592704609375000238e-03
2.400000000000000000e+02 1.611553750000000200e-03
2.410000000000000000e+02 1.630442656250000915e-03
2.420000000000000000e+02 1.649360546874999818e-03
2.430000000000000000e+02 1.668308828125000505e-03
2.440000000000000000e+02 1.687276171874999399e-03
2.450000000000000000e+02 1.706269140624999551e-03
2.460000000000000000e+02 1.725267109375000756e-03
2.470000000000000000e+02 1.744278515624999876e-03
2.480000000000000000e+02 1.763286406249999763e-03
2.490000000000000000e+02 1.782287187500000572e-03
2.500000000000000000e+02 1.801273515624999882e-03
2.510000000000000000e+02 1.820242265624999554e-03
2.520000000000000000e+02 1.839183359374999471e-03
2.530000000000000000e+02 1.858090546874999888e-03
2.540000000000000000e+02 1.876949218749999820e-03
2.550000000000000000e+02 1.895767890625000207e-03
2.560000000000000000e+02 1.914522031250001166e-03
2.570000000000000000e+02 1.933205390625000785e-03
2.580000000000000000e+02 1.951816328125000359e-03
2.590000000000000000e+02 1.970344609375000722e-03
2.600000000000000000e+02 1.988778828125000071e-03
2.610000000000000000e+02 2.007112890625000097e-03
2.620000000000000000e+02 2.025339375000000369e-03
2.630000000000000000e+02 2.043437500000000549e-03
2.640000000000000000e+02 2.061410234374999075e-03
2.650000000000000000e+02 2.079241796874999049e-03
2.660000000000000000e+02 2.096926640625000355e-03
2.670000000000000000e+02 2.114449921874999097e-03
2.680000000000000000e+02 2.131807421875000098e-03
2.690000000000000000e+02 2.148979218749998664e-03
2.700000000000000000e+02 2.165962968749999499e-03
2.710000000000000000e+02 2.182749609375001301e-03
2.720000000000000000e+02 2.199321015624999733e-03
2.730000000000000000e+02 2.215675781250000306e-03
2.740000000000000000e+02 2.231798125000000049e-03
2.750000000000000000e+02 2.247678046874999024e-03
2.760000000000000000e+02 2.263309218750000126e-03
2.770000000000000000e+02 2.278669296875001672e-03
2.780000000000000000e+02 2.293771406250000224e-03
2.790000000000000000e+02 2.308587656250000487e-03
2.800000000000000000e+02 2.323104843749999437e-03
2.810000000000000000e+02 2.337334296875001084e-03
2.820000000000000000e+02 2.351244296875000875e-03
2.830000000000000000e+02 2.364840390624998491e-03
2.840000000000000000e+02 2.378106171874999099e-03
2.850000000000000000e+02 2.391030546874998997e-03
2.860000000000000000e+02 2.403609609374999373e-03
2.870000000000000000e+02 2.415839765624998650e-03
2.880000000000000000e+02 2.427708046875000619e-03
2.890000000000000000e+02 2.439204218750001558e-03
2.900000000000000000e+02 2.450321093749998746e-03
2.910000000000000000e+02 2.461062421874999750e-03
2.920000000000000000e+02 2.471418906250000356e-03
2.930000000000000000e+02 2.481382265625001020e-03
2.940000000000000000e+02 2.490936249999999019e-03
2.950000000000000000e+02 2.500098593749999765e-03
2.960000000000000000e+02 2.508856093750000231e-03
2.970000000000000000e+02 2.517198906249999528e-03
2.980000000000000000e+02 2.525130781249999151e-03
2.990000000000000000e+02 2.532659531250001060e-03
3.000000000000000000e+02 2.539768749999998278e-03
3.010000000000000000e+02 2.546472421874999923e-03
3.020000000000000000e+02 2.552763281250000280e-03
3.030000000000000000e+02 2.558643437500002574e-03
3.040000000000000000e+02 2.564115156250001276e-03
3.050000000000000000e+02 2.569194296874998881e-03
3.060000000000000000e+02 2.573874062499999834e-03
3.070000000000000000e+02 2.578163125000000871e-03
3.080000000000000000e+02 2.582065078125000534e-03
3.090000000000000000e+02 2.585599062499998289e-03
3.100000000000000000e+02 2.588771250000000430e-03
3.110000000000000000e+02 2.591587812500000670e-03
3.120000000000000000e+02 2.594064453124999853e-03
3.130000000000000000e+02 2.596212499999999389e-03
3.140000000000000000e+02 2.598055546874999868e-03
3.150000000000000000e+02 2.599595546875000697e-03
3.160000000000000000e+02 2.600860625000000516e-03
3.170000000000000000e+02 2.601877812499999842e-03
3.180000000000000000e+02 2.602651562500000234e-03
3.190000000000000000e+02 2.603208906250000041e-03
3.200000000000000000e+02 2.603581562499999048e-03
3.210000000000000000e+02 2.603787343749999587e-03
3.220000000000000000e+02 2.603864531250001460e-03
3.230000000000000000e+02 2.603832656249999589e-03
3.240000000000000000e+02 2.603724687499998306e-03
3.250000000000000000e+02 2.603577031250001433e-03
3.260000000000000000e+02 2.603423593750000663e-03
3.270000000000000000e+02 2.603293203124999906e-03
3.280000000000000000e+02 2.603241718750000551e-03
3.290000000000000000e+02 2.603291171875000976e-03
3.300000000000000000e+02 2.603501093749998035e-03
3.310000000000000000e+02 2.603899218750000549e-03
3.320000000000000000e+02 2.604547812499999598e-03
3.330000000000000000e+02 2.605482499999999847e-03
3.340000000000000000e+02 2.606752187500000276e-03
3.350000000000000000e+02 2.608430078125001383e-03
3.360000000000000000e+02 2.610551171874999927e-03
3.370000000000000000e+02 2.613174374999999595e-03
3.380000000000000000e+02 2.616361328125000902e-03
3.390000000000000000e+02 2.620182265625000707e-03
3.400000000000000000e+02 2.624679687500000493e-03
3.410000000000000000e+02 2.629925546874999683e-03
3.420000000000000000e+02 2.635997968750000090e-03
3.430000000000000000e+02 2.642950937500001488e-03
3.440000000000000000e+02 2.650868671874998580e-03
3.450000000000000000e+02 2.659823125000000330e-03
3.460000000000000000e+02 2.669882031249999708e-03
3.470000000000000000e+02 2.681096953124999498e-03
3.480000000000000000e+02 2.693582031250000772e-03
3.490000000000000000e+02 2.707407656250001172e-03
3.500000000000000000e+02 2.722682890624999671e-03
3.510000000000000000e+02 2.739412499999998966e-03
3.520000000000000000e+02 2.757748734374998716e-03
3.530000000000000000e+02 2.777781210937500540e-03
3.540000000000000000e+02 2.799535679687500424e-03
3.550000000000000000e+02 2.823197351562500412e-03
3.560000000000000000e+02 2.848750257812500235e-03
3.570000000000000000e+02 2.876349601562499299e-03
3.580000000000000000e+02 2.906088773437502226e-03
3.590000000000000000e+02 2.938042304687499273e-03
3.600000000000000000e+02 2.972317312499999330e-03
3.610000000000000000e+02 3.008982265625001051e-03
3.620000000000000000e+02 3.048147242187500272e-03
3.630000000000000000e+02 3.089923609375001042e-03
3.640000000000000000e+02 3.134426390624999847e-03
3.650000000000000000e+02 3.181666906249999184e-03
3.660000000000000000e+02 3.231823359375001533e-03
3.670000000000000000e+02 3.284957679687502703e-03
3.680000000000000000e+02 3.341158781250001212e-03
3.690000000000000000e+02 3.400556328124997550e-03
3.700000000000000000e+02 3.463186250000001645e-03
3.710000000000000000e+02 3.529190312499999593e-03
3.720000000000000000e+02 3.598645937499999215e-03
3.730000000000000000e+02 3.671606171874998610e-03
3.740000000000000000e+02 3.748234843749999583e-03
3.750000000000000000e+02 3.828544140625000924e-03
3.760000000000000000e+02 3.912649062499999782e-03
3.770000000000000000e+02 4.000608515625001145e-03
3.780000000000000000e+02 4.092519921875001875e-03
3.790000000000000000e+02 4.188447187500000425e-03
3.800000000000000000e+02 4.288467421875000012e-03
3.810000000000000000e+02 4.392625234375000139e-03
3.820000000000000000e+02 4.501007109374999086e-03
3.830000000000000000e+02 4.613633984375002314e-03
3.840000000000000000e+02 4.730595234375000076e-03
3.850000000000000000e+02 4.851916015624996477e-03
3.860000000000000000e+02 4.977631015625001015e-03
3.870000000000000000e+02 5.107797343749998810e-03
3.880000000000000000e+02 5.242367578124998775e-03
3.890000000000000000e+02 5.381464453124998326e-03
3.900000000000000000e+02 5.525051484374999752e-03
3.910000000000000000e+02 5.673138203125001507e-03
3.920000000000000000e+02 5.825664453125004028e-03
3.930000000000000000e+02 5.982678671875002636e-03
3.940000000000000000e+02 6.144167968750003685e-03
3.950000000000000000e+02 6.310053906250000753e-03
3.960000000000000000e+02 6.480321875000001966e-03
3.970000000000000000e+02 6.654932031249996202e-03
3.980000000000000000e+02 6.833806250000002032e-03
3.990000000000000000e+02 7.016831250000001019e-03
4.000000000000000000e+02 7.203978124999998837e-03
4.010000000000000000e+02 7.395120312499997919e-03
4.020000000000000000e+02 7.590148437499997722e-03
4.030000000000000000e+02 7.788957812499999571e-03
4.040000000000000000e+02 7.991398437499998286e-03
4.050000000000000000e+02 8.197294531250003125e-03
4.060000000000000000e+02 8.406514062499995110e-03
4.070000000000000000e+02 8.618871874999999710e-03
4.080000000000000000e+02 8.834097656249999611e-03
4.090000000000000000e+02 9.052165625000000576e-03
4.100000000000000000e+02 9.272706250000003689e-03
4.110000000000000000e+02 9.495510156250004663e-03
4.120000000000000000e+02 9.720316406249998598e-03
4.130000000000000000e+02 9.946892187499997012e-03
4.140000000000000000e+02 1.017491093749999312e-02
4.150000000000000000e+02 1.040408906250000001e-02
4.160000000000000000e+02 1.063409609374999822e-02
4.170000000000000000e+02 1.086465156250000612e-02
4.180000000000000000e+02 1.109533906250000264e-02
4.190000000000000000e+02 1.132584453125000390e-02
4.200000000000000000e+02 1.155571015625000281e-02
4.210000000000000000e+02 1.178462343750000252e-02
4.220000000000000000e+02 1.201214374999999904e-02
4.230000000000000000e+02 1.223789453124999628e-02
4.240000000000000000e+02 1.246140859375000944e-02
4.250000000000000000e+02 1.268215624999999465e-02
4.260000000000000000e+02 1.289979296874999536e-02
4.270000000000000000e+02 1.311386406250000108e-02
4.280000000000000000e+02 1.332379999999999329e-02
4.290000000000000000e+02 1.352909218750000288e-02
4.300000000000000000e+02 1.372933906250000530e-02
4.310000000000000000e+02 1.392393828124999927e-02
4.320000000000000000e+02 1.411245312500000217e-02
4.330000000000000000e+02 1.429442968750000396e-02
4.340000000000000000e+02 1.446925937499999454e-02
4.350000000000000000e+02 1.463645390625000278e-02
4.360000000000000000e+02 1.479547968749999817e-02
4.370000000000000000e+02 1.494595624999999796e-02
4.380000000000000000e+02 1.508730078125000880e-02
4.390000000000000000e+02 1.521908125000000396e-02
4.400000000000000000e+02 1.534081015624999544e-02
4.410000000000000000e+02 1.545210937499999493e-02
4.420000000000000000e+02 1.555254687499999997e-02
4.430000000000000000e+02 1.564171093750000782e-02
4.440000000000000000e+02 1.571928125000000148e-02
4.450000000000000000e+02 1.578496875000000299e-02
4.460000000000000000e+02 1.583853125000000278e-02
4.470000000000000000e+02 1.587974999999999456e-02
4.480000000000000000e+02 1.590840624999999287e-02
4.490000000000000000e+02 1.592446875000000373e-02
4.500000000000000000e+02 1.592792187500000067e-02
4.510000000000000000e+02 1.591879453125000579e-02
4.520000000000000000e+02 1.589731093750000601e-02
4.530000000000000000e+02 1.586362421874999706e-02
4.540000000000000000e+02 1.581808749999999777e-02
4.550000000000000000e+02 1.576118593750000171e-02
4.560000000000000000e+02 1.569346874999999475e-02
4.570000000000000000e+02 1.561568515624999105e-02
4.580000000000000000e+02 1.552862265624999419e-02
4.590000000000000000e+02 1.543330546874998981e-02
4.600000000000000000e+02 1.533105078124999930e-02
4.610000000000000000e+02 1.522309296875000960e-02
4.620000000000000000e+02 1.511102031250000609e-02
4.630000000000000000e+02 1.499661953124999982e-02
4.640000000000000000e+02 1.488199062499999913e-02
4.650000000000000000e+02 1.476920468749999722e-02
4.660000000000000000e+02 1.466103281250000570e-02
4.670000000000000000e+02 1.456024453125000055e-02
4.680000000000000000e+02 1.446996171875000042e-02
4.690000000000000000e+02 1.439374531250000276e-02
4.700000000000000000e+02 1.433557031250000217e-02
4.710000000000000000e+02 1.429958828125000442e-02
4.720000000000000000e+02 1.429079453124999788e-02
4.730000000000000000e+02 1.431433203125000164e-02
4.740000000000000000e+02 1.437599531250000236e-02
4.750000000000000000e+02 1.448226328124998900e-02
4.760000000000000000e+02 1.464012031250000109e-02
4.770000000000000000e+02 1.485728125000000330e-02
4.780000000000000000e+02 1.514227187499999489e-02
4.790000000000000000e+02 1.550441570312500669e-02
4.800000000000000000e+02 1.595395335937499492e-02
4.810000000000000000e+02 1.650201437499999868e-02
4.820000000000000000e+02 1.716092867187500245e-02
4.830000000000000000e+02 1.794411397656250212e-02
4.840000000000000000e+02 1.886628870156250096e-02
4.850000000000000000e+02 1.994347977968750560e-02
4.860000000000000000e+02 2.119328510156249026e-02
4.870000000000000000e+02 2.263490419531250658e-02
4.880000000000000000e+02 2.428919937499998682e-02
4.890000000000000000e+02 2.617910007812498940e-02
4.900000000000000000e+02 2.832948515625000399e-02
4.910000000000000000e+02 3.076728343750000441e-02
4.920000000000000000e+02 3.352261250000001386e-02
4.930000000000000000e+02 3.662712265625001073e-02
4.940000000000000000e+02 4.011591718749998869e-02
4.950000000000000000e+02 4.402720390625001340e-02
4.960000000000000000e+02 4.840235625000002817e-02
4.970000000000000000e+02 5.328608828124995617e-02
4.980000000000000000e+02 5.872760156250000224e-02
4.990000000000000000e+02 6.477992968749995972e-02
5.000000000000000000e+02 7.150067968750002667e-02
5.010000000000000000e+02 7.895207031249998342e-02
5.020000000000000000e+02 8.720196093749997546e-02
5.030000000000000000e+02 9.632389843749999958e-02
5.040000000000000000e+02 1.063978124999999386e-01
5.050000000000000000e+02 1.175098906250000019e-01
5.060000000000000000e+02 1.297539453124999798e-01
5.070000000000000000e+02 1.432314531250000467e-01
5.080000000000000000e+02 1.580536328125000667e-01
5.090000000000000000e+02 1.743387500000001256e-01
5.100000000000000000e+02 1.922167968749999845e-01
5.110000000000000000e+02 2.118285937499999882e-01
