0.000000000000000000e+00 1.435235221875000126e-03
1.000000000000000000e+00 1.434485399218749522e-03
2.000000000000000000e+00 1.432985067187499606e-03
3.000000000000000000e+00 1.430730562499999987e-03
4.000000000000000000e+00 1.427727778124999493e-03
5.000000000000000000e+00 1.423983332031249910e-03
6.000000000000000000e+00 1.419495893750000008e-03
7.000000000000000000e+00 1.414276869531250072e-03
8.000000000000000000e+00 1.408328280468750795e-03
9.000000000000000000e+00 1.401655702343750131e-03
1.000000000000000000e+01 1.394269051562500210e-03
1.100000000000000000e+01 1.386173585937499350e-03
1.200000000000000000e+01 1.377380809374999845e-03
1.300000000000000000e+01 1.367898704687499963e-03
1.400000000000000000e+01 1.357738421093749540e-03
1.500000000000000000e+01 1.346908049999999543e-03
1.600000000000000000e+01 1.335426825781250689e-03
1.700000000000000000e+01 1.323302005468750394e-03
1.800000000000000000e+01 1.310544176562499939e-03
1.900000000000000000e+01 1.297171542187499933e-03
2.000000000000000000e+01 1.283201525000000377e-03
2.100000000000000000e+01 1.268645328906250428e-03
2.200000000000000000e+01 1.253514878906249706e-03
2.300000000000000000e+01 1.237834056250000907e-03
2.400000000000000000e+01 1.221615514062500147e-03
2.500000000000000000e+01 1.204880103906249894e-03
2.600000000000000000e+01 1.187639842968750241e-03
2.700000000000000000e+01 1.169920843750000281e-03
2.800000000000000000e+01 1.151741763281250450e-03
2.900000000000000000e+01 1.133120595312500081e-03
3.000000000000000000e+01 1.114075007031250109e-03
3.100000000000000000e+01 1.094625162500000113e-03
3.200000000000000000e+01 1.074794603124999172e-03
3.300000000000000000e+01 1.054611282812499551e-03
3.400000000000000000e+01 1.034084821093750068e-03
3.500000000000000000e+01 1.013245051562500438e-03
3.600000000000000000e+01 9.921139882812493507e-04
3.700000000000000000e+01 9.707144031249997614e-04
3.800000000000000000e+01 9.490666812499997003e-04
3.900000000000000000e+01 9.271946820312492940e-04
4.000000000000000000e+01 9.051193242187501736e-04
4.100000000000000000e+01 8.828706859375001683e-04
4.200000000000000000e+01 8.604714093749998502e-04
4.300000000000000000e+01 8.379440882812499037e-04
4.400000000000000000e+01 8.153143726562500767e-04
4.500000000000000000e+01 7.926024773437502459e-04
4.600000000000000000e+01 7.698325203124997077e-04
4.700000000000000000e+01 7.470378499999999478e-04
4.800000000000000000e+01 7.242328601562503720e-04
4.900000000000000000e+01 7.014437273437498441e-04
5.000000000000000000e+01 6.786995781250004019e-04
5.100000000000000000e+01 6.560133515625002441e-04
5.200000000000000000e+01 6.334246500000002746e-04
5.300000000000000000e+01 6.109456429687499645e-04
5.400000000000000000e+01 5.886054437500002528e-04
5.500000000000000000e+01 5.664224656250001644e-04
5.600000000000000000e+01 5.444253640624999472e-04
5.700000000000000000e+01 5.226333937500000481e-04
5.800000000000000000e+01 5.010744890625001401e-04
5.900000000000000000e+01 4.797640890624999249e-04
6.000000000000000000e+01 4.587292531249997527e-04
6.100000000000000000e+01 4.379890812500000113e-04
6.200000000000000000e+01 4.175665273437502304e-04
6.300000000000000000e+01 3.974817523437499463e-04
6.400000000000000000e+01 3.777551921875000360e-04
6.500000000000000000e+01 3.584082625000002535e-04
6.600000000000000000e+01 3.394586492187498875e-04
6.700000000000000000e+01 3.209270937499998817e-04
6.800000000000000000e+01 3.028320000000001662e-04
6.900000000000000000e+01 2.851909671875001184e-04
7.000000000000000000e+01 2.680226234374999514e-04
7.100000000000000000e+01 2.513420609374999938e-04
7.200000000000000000e+01 2.351673867187499523e-04
7.300000000000000000e+01 2.195146960937500774e-04
7.400000000000000000e+01 2.043981507812500111e-04
7.500000000000000000e+01 1.898325132812500170e-04
7.600000000000000000e+01 1.758319500000000166e-04
7.700000000000000000e+01 1.624101296875000359e-04
7.800000000000000000e+01 1.495789304687500463e-04
7.900000000000000000e+01 1.373509453124999950e-04
8.000000000000000000e+01 1.257372085937500533e-04
8.100000000000000000e+01 1.147484195312499836e-04
8.200000000000000000e+01 1.043938428124999948e-04
8.300000000000000000e+01 9.468247632812502705e-05
8.400000000000000000e+01 8.562351625000000051e-05
8.500000000000000000e+01 7.722409296875002620e-05
8.600000000000000000e+01 6.949080703124997410e-05
8.700000000000000000e+01 6.242998046875000717e-05
8.800000000000000000e+01 5.604703437500001230e-05
8.900000000000000000e+01 5.034628515625000789e-05
9.000000000000000000e+01 4.533162890625002490e-05
9.100000000000000000e+01 4.100630078124999084e-05
9.200000000000000000e+01 3.737222890624997368e-05
9.300000000000000000e+01 3.443114921875000973e-05
9.400000000000000000e+01 3.218366212500002415e-05
9.500000000000000000e+01 3.062979398437497936e-05
9.600000000000000000e+01 2.976870937500000161e-05
9.700000000000000000e+01 2.959878593749998361e-05
9.800000000000000000e+01 3.011785859375000799e-05
9.900000000000000000e+01 3.132291328124999901e-05
1.000000000000000000e+02 3.320989843749999469e-05
1.010000000000000000e+02 3.577450000000000790e-05
1.020000000000000000e+02 3.901152343749999184e-05
1.030000000000000000e+02 4.291485156250001538e-05
1.040000000000000000e+02 4.747800312500001643e-05
1.050000000000000000e+02 5.269338984375000604e-05
1.060000000000000000e+02 5.855322265624999118e-05
1.070000000000000000e+02 6.504881953124998261e-05
1.080000000000000000e+02 7.217100937499998695e-05
1.090000000000000000e+02 7.990924742187496355e-05
1.100000000000000000e+02 8.825370921874998184e-05
1.110000000000000000e+02 9.719257625000001541e-05
1.120000000000000000e+02 1.067144333593750592e-04
1.130000000000000000e+02 1.168070585937500046e-04
1.140000000000000000e+02 1.274574601562500277e-04
1.150000000000000000e+02 1.386521328124999707e-04
1.160000000000000000e+02 1.503773039062498973e-04
1.170000000000000000e+02 1.626187265624999773e-04
1.180000000000000000e+02 1.753614453125000811e-04
1.190000000000000000e+02 1.885897343749999588e-04
1.200000000000000000e+02 2.022887421874999467e-04
1.210000000000000000e+02 2.164417343749999896e-04
1.220000000000000000e+02 2.310322734374999575e-04
1.230000000000000000e+02 2.460441406250000931e-04
1.240000000000000000e+02 2.614597578124998366e-04
1.250000000000000000e+02 2.772620312499998372e-04
1.260000000000000000e+02 2.934328046874998936e-04
1.270000000000000000e+02 3.099544765624998380e-04
1.280000000000000000e+02 3.268083437499998654e-04
1.290000000000000000e+02 3.439767968749998122e-04
1.300000000000000000e+02 3.614418515624999288e-04
1.310000000000000000e+02 3.791833828124999660e-04
1.320000000000000000e+02 3.971829687499999167e-04
1.330000000000000000e+02 4.154233906250000621e-04
1.340000000000000000e+02 4.338831249999996966e-04
1.350000000000000000e+02 4.525463359374998370e-04
1.360000000000000000e+02 4.713914062499999897e-04
1.370000000000000000e+02 4.904023515625001656e-04
1.380000000000000000e+02 5.095557890624999873e-04
1.390000000000000000e+02 5.288374062499999950e-04
1.400000000000000000e+02 5.482273359375000208e-04
1.410000000000000000e+02 5.677048749999996863e-04
1.420000000000000000e+02 5.872559531249998922e-04
1.430000000000000000e+02 6.068579453124997537e-04
1.440000000000000000e+02 6.264980000000001806e-04
1.450000000000000000e+02 6.461542421874997850e-04
1.460000000000000000e+02 6.658146406250003459e-04
1.470000000000000000e+02 6.854518203125001177e-04
1.480000000000000000e+02 7.050568046875000305e-04
1.490000000000000000e+02 7.246162109374998644e-04
1.500000000000000000e+02 7.441086359375000863e-04
1.510000000000000000e+02 7.635167343750002633e-04
1.520000000000000000e+02 7.828306062500003807e-04
1.530000000000000000e+02 8.020347093750002272e-04
1.540000000000000000e+02 8.211110695312499180e-04
1.550000000000000000e+02 8.400450437499999180e-04
1.560000000000000000e+02 8.588356374999999050e-04
1.570000000000000000e+02 8.774508570312504344e-04
1.580000000000000000e+02 8.958967468750002978e-04
1.590000000000000000e+02 9.141485195312500957e-04
1.600000000000000000e+02 9.322036601562499157e-04
1.610000000000000000e+02 9.500486062499998493e-04
1.620000000000000000e+02 9.676723593750001778e-04
1.630000000000000000e+02 9.850637476562498426e-04
1.640000000000000000e+02 1.002221543749999859e-03
1.650000000000000000e+02 1.019129272656250137e-03
1.660000000000000000e+02 1.035791809375000497e-03
1.670000000000000000e+02 1.052186824218749551e-03
1.680000000000000000e+02 1.068320994531250095e-03
1.690000000000000000e+02 1.084184982031249694e-03
1.700000000000000000e+02 1.099768392968750305e-03
1.710000000000000000e+02 1.115086487499999729e-03
1.720000000000000000e+02 1.130114620312500356e-03
1.730000000000000000e+02 1.144859974218749533e-03
1.740000000000000000e+02 1.159321856249999772e-03
1.750000000000000000e+02 1.173499488281250659e-03
1.760000000000000000e+02 1.187393593750000033e-03
1.770000000000000000e+02 1.200999593749999808e-03
1.780000000000000000e+02 1.214318695312500323e-03
1.790000000000000000e+02 1.227359929687500510e-03
1.800000000000000000e+02 1.240129234374999197e-03
1.810000000000000000e+02 1.252616851562499784e-03
1.820000000000000000e+02 1.264842187499999647e-03
1.830000000000000000e+02 1.276793953124999740e-03
1.840000000000000000e+02 1.288493265625000007e-03
1.850000000000000000e+02 1.299936999999999924e-03
1.860000000000000000e+02 1.311138984374999586e-03
1.870000000000000000e+02 1.322099484374999936e-03
1.880000000000000000e+02 1.332833507812500231e-03
1.890000000000000000e+02 1.343351296874999634e-03
1.900000000000000000e+02 1.353647812499999062e-03
1.910000000000000000e+02 1.363754578125000137e-03
1.920000000000000000e+02 1.373670906249999969e-03
1.930000000000000000e+02 1.383407625000000448e-03
1.940000000000000000e+02 1.392985953124999728e-03
1.950000000000000000e+02 1.402406249999999573e-03
1.960000000000000000e+02 1.411692109375000358e-03
1.970000000000000000e+02 1.420847890625000220e-03
1.980000000000000000e+02 1.429896093749999028e-03
1.990000000000000000e+02 1.438844921875000052e-03
2.000000000000000000e+02 1.447715703124999439e-03
2.010000000000000000e+02 1.456515703125000304e-03
2.020000000000000000e+02 1.465269687500000018e-03
2.030000000000000000e+02 1.473988984375000427e-03
2.040000000000000000e+02 1.482686875000000177e-03
2.050000000000000000e+02 1.491382265624999074e-03
2.060000000000000000e+02 1.500102109374999194e-03
2.070000000000000000e+02 1.508842578125000168e-03
2.080000000000000000e+02 1.517634296874999103e-03
2.090000000000000000e+02 1.526495156250000026e-03
2.100000000000000000e+02 1.535440078125000288e-03
2.110000000000000000e+02 1.544487578124999249e-03
2.120000000000000000e+02 1.553652265625000278e-03
2.130000000000000000e+02 1.562950781249999822e-03
2.140000000000000000e+02 1.572403203125000105e-03
2.150000000000000000e+02 1.582031171875000145e-03
2.160000000000000000e+02 1.591847109375000993e-03
2.170000000000000000e+02 1.601869453125000318e-03
2.180000000000000000e+02 1.612108124999999835e-03
2.190000000000000000e+02 1.622596562500000159e-03
2.200000000000000000e+02 1.633327109375000332e-03
2.210000000000000000e+02 1.644335234374999901e-03
2.220000000000000000e+02 1.655634921875000177e-03
2.230000000000000000e+02 1.667235000000000201e-03
2.240000000000000000e+02 1.679149609374999469e-03
2.250000000000000000e+02 1.691403124999999895e-03
2.260000000000000000e+02 1.703995234374999909e-03
2.270000000000000000e+02 1.716954218750000672e-03
2.280000000000000000e+02 1.730283437499999981e-03
2.290000000000000000e+02 1.744000781249999479e-03
2.300000000000000000e+02 1.758110000000000445e-03
2.310000000000000000e+02 1.772624999999999462e-03
2.320000000000000000e+02 1.787566640624999644e-03
2.330000000000000000e+02 1.802936484375000387e-03
2.340000000000000000e+02 1.818738671874999728e-03
2.350000000000000000e+02 1.834987109374999672e-03
2.360000000000000000e+02 1.851688828125000203e-03
2.370000000000000000e+02 1.868850937499999532e-03
2.380000000000000000e+02 1.886474374999999983e-03
2.390000000000000000e+02 1.904573124999999834e-03
2.400000000000000000e+02 1.923136406250000423e-03
2.410000000000000000e+02 1.942182187499999447e-03
2.420000000000000000e+02 1.961702890625001330e-03
2.430000000000000000e+02 1.981701796875000223e-03
2.440000000000000000e+02 2.002185781250000966e-03
2.450000000000000000e+02 2.023141718750001358e-03
2.460000000000000000e+02 2.044571874999999341e-03
2.470000000000000000e+02 2.066474921874999950e-03
2.480000000000000000e+02 2.088848515625000950e-03
2.490000000000000000e+02 2.111673906249999632e-03
2.500000000000000000e+02 2.134962578124999927e-03
2.510000000000000000e+02 2.158704140624999497e-03
2.520000000000000000e+02 2.182883203125000806e-03
2.530000000000000000e+02 2.207480781249999968e-03
2.540000000000000000e+02 2.232503437500000035e-03
2.550000000000000000e+02 2.257928749999999797e-03
2.560000000000000000e+02 2.283755937500000100e-03
2.570000000000000000e+02 2.309955468750000442e-03
2.580000000000000000e+02 2.336523984374999554e-03
2.590000000000000000e+02 2.363432890625000778e-03
2.600000000000000000e+02 2.390671718749999650e-03
2.610000000000000000e+02 2.418220625000000110e-03
2.620000000000000000e+02 2.446062031250001434e-03
2.630000000000000000e+02 2.474174609374999671e-03
2.640000000000000000e+02 2.502534218750000587e-03
2.650000000000000000e+02 2.531115156250000366e-03
2.660000000000000000e+02 2.559904296875000276e-03
2.670000000000000000e+02 2.588872343749999694e-03
2.680000000000000000e+02 2.617989218750001006e-03
2.690000000000000000e+02 2.647221484375001429e-03
2.700000000000000000e+02 2.676571640624999648e-03
2.710000000000000000e+02 2.705974250000000181e-03
2.720000000000000000e+02 2.735425382812499678e-03
2.730000000000000000e+02 2.764888515624999796e-03
2.740000000000000000e+02 2.794324820312501026e-03
2.750000000000000000e+02 2.823717164062498723e-03
2.760000000000000000e+02 2.853023906250000061e-03
2.770000000000000000e+02 2.882219624999999338e-03
2.780000000000000000e+02 2.911269468749999936e-03
2.790000000000000000e+02 2.940141820312500501e-03
2.800000000000000000e+02 2.968793921875001202e-03
2.810000000000000000e+02 2.997200593750000332e-03
2.820000000000000000e+02 3.025321960937498063e-03
2.830000000000000000e+02 3.053139960937499564e-03
2.840000000000000000e+02 3.080596265625002144e-03
2.850000000000000000e+02 3.107669390625001499e-03
2.860000000000000000e+02 3.134323632812499073e-03
2.870000000000000000e+02 3.160517554687500633e-03
2.880000000000000000e+02 3.186232335937498519e-03
2.890000000000000000e+02 3.211408242187500754e-03
2.900000000000000000e+02 3.236039765625000914e-03
2.910000000000000000e+02 3.260073335937499223e-03
2.920000000000000000e+02 3.283479195312500286e-03
2.930000000000000000e+02 3.306231304687499810e-03
2.940000000000000000e+02 3.328279992187500088e-03
2.950000000000000000e+02 3.349618537500000191e-03
2.960000000000000000e+02 3.370189486718751237e-03
2.970000000000000000e+02 3.389982632812499168e-03
2.980000000000000000e+02 3.408957894531250508e-03
2.990000000000000000e+02 3.427089595312501034e-03
3.000000000000000000e+02 3.444343727343751951e-03
3.010000000000000000e+02 3.460702274999999731e-03
3.020000000000000000e+02 3.476125992187499309e-03
3.030000000000000000e+02 3.490603864062500478e-03
3.040000000000000000e+02 3.504112756249999020e-03
3.050000000000000000e+02 3.516620617890626067e-03
3.060000000000000000e+02 3.528117850937500036e-03
3.070000000000000000e+02 3.538572036718751115e-03
3.080000000000000000e+02 3.547982792968749129e-03
3.090000000000000000e+02 3.556313235156249690e-03
3.100000000000000000e+02 3.563562407031251305e-03
3.110000000000000000e+02 3.569724096874998722e-03
3.120000000000000000e+02 3.574775134374998629e-03
3.130000000000000000e+02 3.578710394531249821e-03
3.140000000000000000e+02 3.581519076562498984e-03
3.150000000000000000e+02 3.583219635156249545e-03
3.160000000000000000e+02 3.583787119531247484e-03
3.170000000000000000e+02 3.583220054687499562e-03
3.180000000000000000e+02 3.581529648437499404e-03
3.190000000000000000e+02 3.578724476562501408e-03
3.200000000000000000e+02 3.574803249999999530e-03
3.210000000000000000e+02 3.569775843749998980e-03
3.220000000000000000e+02 3.563662890625000825e-03
3.230000000000000000e+02 3.556463304687498914e-03
3.240000000000000000e+02 3.548214000000000055e-03
3.250000000000000000e+02 3.538920539062498719e-03
3.260000000000000000e+02 3.528610390624999094e-03
3.270000000000000000e+02 3.517300132812501562e-03
3.280000000000000000e+02 3.505039749999998462e-03
3.290000000000000000e+02 3.491835500000000595e-03
3.300000000000000000e+02 3.477743999999999627e-03
3.310000000000000000e+02 3.462784929687500162e-03
3.320000000000000000e+02 3.447003281250000852e-03
3.330000000000000000e+02 3.430446851562499525e-03
3.340000000000000000e+02 3.413153625000000472e-03
3.350000000000000000e+02 3.395179148437501345e-03
3.360000000000000000e+02 3.376570656250000267e-03
3.370000000000000000e+02 3.357390195312501009e-03
3.380000000000000000e+02 3.337689132812500167e-03
3.390000000000000000e+02 3.317528289062500208e-03
3.400000000000000000e+02 3.296978124999997654e-03
3.410000000000000000e+02 3.276100515625000268e-03
3.420000000000000000e+02 3.254966187500001398e-03
3.430000000000000000e+02 3.233662367187499151e-03
3.440000000000000000e+02 3.212237820312500384e-03
3.450000000000000000e+02 3.190794195312500383e-03
3.460000000000000000e+02 3.169409250000000070e-03
3.470000000000000000e+02 3.148178945312500761e-03
3.480000000000000000e+02 3.127167335937499314e-03
3.490000000000000000e+02 3.106489695312500757e-03
3.500000000000000000e+02 3.086227687499999185e-03
3.510000000000000000e+02 3.066483593749999743e-03
3.520000000000000000e+02 3.047348281249998188e-03
3.530000000000000000e+02 3.028943046875000929e-03
3.540000000000000000e+02 3.011362343750001620e-03
3.550000000000000000e+02 2.994710312500000523e-03
3.560000000000000000e+02 2.979106328125001157e-03
3.570000000000000000e+02 2.964661093749997294e-03
3.580000000000000000e+02 2.951488125000001177e-03
3.590000000000000000e+02 2.939707625000000275e-03
3.600000000000000000e+02 2.929437304687500070e-03
3.610000000000000000e+02 2.920805031250000260e-03
3.620000000000000000e+02 2.913924375000001132e-03
3.630000000000000000e+02 2.908930570312501327e-03
3.640000000000000000e+02 2.905947625000000409e-03
3.650000000000000000e+02 2.905087195312499454e-03
3.660000000000000000e+02 2.906513132812498738e-03
3.670000000000000000e+02 2.910325242187499287e-03
3.680000000000000000e+02 2.916675609375001497e-03
3.690000000000000000e+02 2.925696203125000526e-03
3.700000000000000000e+02 2.937511085937498292e-03
3.710000000000000000e+02 2.952250747656249424e-03
3.720000000000000000e+02 2.970048545312500322e-03
3.730000000000000000e+02 2.991050058593747781e-03
3.740000000000000000e+02 3.015375857031248746e-03
3.750000000000000000e+02 3.043173313281249178e-03
3.760000000000000000e+02 3.074555673437498991e-03
3.770000000000000000e+02 3.109665328124999566e-03
3.780000000000000000e+02 3.148614070312501147e-03
3.790000000000000000e+02 3.191542640625000000e-03
3.800000000000000000e+02 3.238573023437498703e-03
3.810000000000000000e+02 3.289822898437501017e-03
3.820000000000000000e+02 3.345419750000001857e-03
3.830000000000000000e+02 3.405444584375000739e-03
3.840000000000000000e+02 3.470065367968750564e-03
3.850000000000000000e+02 3.539344289062499888e-03
3.860000000000000000e+02 3.613399406250000865e-03
3.870000000000000000e+02 3.692337539062500330e-03
3.880000000000000000e+02 3.776232968750000817e-03
3.890000000000000000e+02 3.865167187500000417e-03
3.900000000000000000e+02 3.959245703125000189e-03
3.910000000000000000e+02 4.058520234374998932e-03
3.920000000000000000e+02 4.163036250000000035e-03
3.930000000000000000e+02 4.272913750000000184e-03
3.940000000000000000e+02 4.388158437500000279e-03
3.950000000000000000e+02 4.508818281250000226e-03
3.960000000000000000e+02 4.634899218750002103e-03
3.970000000000000000e+02 4.766465624999998915e-03
3.980000000000000000e+02 4.903528125000001549e-03
3.990000000000000000e+02 5.046045312499998839e-03
4.000000000000000000e+02 5.194033593749999497e-03
4.010000000000000000e+02 5.347456249999996830e-03
4.020000000000000000e+02 5.506289062500002718e-03
4.030000000000000000e+02 5.670499999999998458e-03
4.040000000000000000e+02 5.840020312500002024e-03
4.050000000000000000e+02 6.014723437499995898e-03
4.060000000000000000e+02 6.194567968749996670e-03
4.070000000000000000e+02 6.379443749999998137e-03
4.080000000000000000e+02 6.569213281250000681e-03
4.090000000000000000e+02 6.763753124999998152e-03
4.100000000000000000e+02 6.962943749999998821e-03
4.110000000000000000e+02 7.166546093750001886e-03
4.120000000000000000e+02 7.374386718749998890e-03
4.130000000000000000e+02 7.586290625000001279e-03
4.140000000000000000e+02 7.802028906249996835e-03
4.150000000000000000e+02 8.021366406249999179e-03
4.160000000000000000e+02 8.244015625000003511e-03
4.170000000000000000e+02 8.469714062500004886e-03
4.180000000000000000e+02 8.698174218750001976e-03
4.190000000000000000e+02 8.929012499999998062e-03
4.200000000000000000e+02 9.162013281249999086e-03
4.210000000000000000e+02 9.396676562500001079e-03
4.220000000000000000e+02 9.632689062499996333e-03
4.230000000000000000e+02 9.869661718750005752e-03
4.240000000000000000e+02 1.010719218749999739e-02
4.250000000000000000e+02 1.034479531250000021e-02
4.260000000000000000e+02 1.058209140625000072e-02
4.270000000000000000e+02 1.081852343749999980e-02
4.280000000000000000e+02 1.105370468750000064e-02
4.290000000000000000e+02 1.128707968749999638e-02
4.300000000000000000e+02 1.151817734374999992e-02
4.310000000000000000e+02 1.174645000000000376e-02
4.320000000000000000e+02 1.197141250000000393e-02
4.330000000000000000e+02 1.219256718750000475e-02
4.340000000000000000e+02 1.240939453124999953e-02
4.350000000000000000e+02 1.262140234374999927e-02
4.360000000000000000e+02 1.282801953124999492e-02
4.370000000000000000e+02 1.302889218749999148e-02
4.380000000000000000e+02 1.322348984375000362e-02
4.390000000000000000e+02 1.341133906250000299e-02
4.400000000000000000e+02 1.359209531250001220e-02
4.410000000000000000e+02 1.376531718749999730e-02
4.420000000000000000e+02 1.393075937499999896e-02
4.430000000000000000e+02 1.408800390625000384e-02
4.440000000000000000e+02 1.423691093749999796e-02
4.450000000000000000e+02 1.437717734375000209e-02
4.460000000000000000e+02 1.450874218749999972e-02
4.470000000000000000e+02 1.463140234374999196e-02
4.480000000000000000e+02 1.474505156250000004e-02
4.490000000000000000e+02 1.484983124999999723e-02
4.500000000000000000e+02 1.494562734374999501e-02
4.510000000000000000e+02 1.503259687500000524e-02
4.520000000000000000e+02 1.511090859375000851e-02
4.530000000000000000e+02 1.518060624999999393e-02
4.540000000000000000e+02 1.524210078124999500e-02
4.550000000000000000e+02 1.529546093749999461e-02
4.560000000000000000e+02 1.534102343750000375e-02
4.570000000000000000e+02 1.537921093750000204e-02
4.580000000000000000e+02 1.541032812500000605e-02
4.590000000000000000e+02 1.543472656250000248e-02
4.600000000000000000e+02 1.545290624999999876e-02
4.610000000000000000e+02 1.546531249999999989e-02
4.620000000000000000e+02 1.547250781249999603e-02
4.630000000000000000e+02 1.547503203124999185e-02
4.640000000000000000e+02 1.547350312499999950e-02
4.650000000000000000e+02 1.546872109375000207e-02
4.660000000000000000e+02 1.546137578125000162e-02
4.670000000000000000e+02 1.545247890624999731e-02
4.680000000000000000e+02 1.544295078125000782e-02
4.690000000000000000e+02 1.543405546875000270e-02
4.700000000000000000e+02 1.542705937499999624e-02
4.710000000000000000e+02 1.542350312499999286e-02
4.720000000000000000e+02 1.542517109375000049e-02
4.730000000000000000e+02 1.543417890624999324e-02
4.740000000000000000e+02 1.545272656250000140e-02
4.750000000000000000e+02 1.548363906250000213e-02
4.760000000000000000e+02 1.552991093749999871e-02
4.770000000000000000e+02 1.559515156250000298e-02
4.780000000000000000e+02 1.568337031249998972e-02
4.790000000000000000e+02 1.579919765624999625e-02
4.800000000000000000e+02 1.594794218750000131e-02
4.810000000000000000e+02 1.613544609374999508e-02
4.820000000000000000e+02 1.636871562499999863e-02
4.830000000000000000e+02 1.665533515625000280e-02
4.840000000000000000e+02 1.700399687499999299e-02
4.850000000000000000e+02 1.742454554687499976e-02
4.860000000000000000e+02 1.792812617187499943e-02
4.870000000000000000e+02 1.852711499999998637e-02
4.880000000000000000e+02 1.923556109374999559e-02
4.890000000000000000e+02 2.006915452343747616e-02
4.900000000000000000e+02 2.104558093906250607e-02
4.910000000000000000e+02 2.218453355468749319e-02
4.920000000000000000e+02 2.350810061718751690e-02
4.930000000000000000e+02 2.504092386718750549e-02
4.940000000000000000e+02 2.681053071953125658e-02
4.950000000000000000e+02 2.884760679687500481e-02
4.960000000000000000e+02 3.118646781249998987e-02
4.970000000000000000e+02 3.386510000000003684e-02
4.980000000000000000e+02 3.692602812499998222e-02
4.990000000000000000e+02 4.041631484375000916e-02
5.000000000000000000e+02 4.438893593750001948e-02
5.010000000000000000e+02 4.890165625000001542e-02
5.020000000000000000e+02 5.401958593750003090e-02
5.030000000000000000e+02 5.981456250000001529e-02
5.040000000000000000e+02 6.636665625000000290e-02
5.050000000000000000e+02 7.376539843750001824e-02
5.060000000000000000e+02 8.210873437499997818e-02
5.070000000000000000e+02 9.150653125000005050e-02
5.080000000000000000e+02 1.020799218750000764e-01
5.090000000000000000e+02 1.139647812500000079e-01
5.100000000000000000e+02 1.273106562499999594e-01
5.110000000000000000e+02 1.422842968750001047e-01
