0.000000000000000000e+00 1.490485307812500042e-03
1.000000000000000000e+00 1.489621363281250568e-03
2.000000000000000000e+00 1.487886794531250150e-03
3.000000000000000000e+00 1.485296953124999597e-03
4.000000000000000000e+00 1.481843842187499692e-03
5.000000000000000000e+00 1.477530869531249857e-03
6.000000000000000000e+00 1.472372699999998941e-03
7.000000000000000000e+00 1.466371985156249497e-03
8.000000000000000000e+00 1.459530713281250369e-03
9.000000000000000000e+00 1.451862339843750091e-03
1.000000000000000000e+01 1.443376424218749876e-03
1.100000000000000000e+01 1.434077516406249324e-03
1.200000000000000000e+01 1.423983340625000838e-03
1.300000000000000000e+01 1.413111775000000254e-03
1.400000000000000000e+01 1.401459857812499500e-03
1.500000000000000000e+01 1.389048600781249334e-03
1.600000000000000000e+01 1.375901065624999696e-03
1.700000000000000000e+01 1.362025772656249960e-03
1.800000000000000000e+01 1.347441673437500213e-03
1.900000000000000000e+01 1.332164678125000645e-03
2.000000000000000000e+01 1.316214120312500209e-03
2.100000000000000000e+01 1.299611115624999588e-03
2.200000000000000000e+01 1.282375983593750162e-03
2.300000000000000000e+01 1.264527094531249680e-03
2.400000000000000000e+01 1.246088293750000032e-03
2.500000000000000000e+01 1.227079714843749792e-03
2.600000000000000000e+01 1.207523355468749764e-03
2.700000000000000000e+01 1.187451653125000438e-03
2.800000000000000000e+01 1.166878517187499957e-03
2.900000000000000000e+01 1.145831696093750716e-03
3.000000000000000000e+01 1.124346056249999042e-03
3.100000000000000000e+01 1.102432383593749407e-03
3.200000000000000000e+01 1.080128679687500370e-03
3.300000000000000000e+01 1.057457135156250269e-03
3.400000000000000000e+01 1.034445646874999469e-03
3.500000000000000000e+01 1.011124192187499602e-03
3.600000000000000000e+01 9.875192476562503954e-04
3.700000000000000000e+01 9.636557187500000574e-04
3.800000000000000000e+01 9.395713531249996666e-04
3.900000000000000000e+01 9.152898304687498779e-04
4.000000000000000000e+01 8.908365921874998768e-04
4.100000000000000000e+01 8.662502007812501823e-04
4.200000000000000000e+01 8.415539523437505021e-04
4.300000000000000000e+01 8.167806523437502221e-04
4.400000000000000000e+01 7.919550320312500509e-04
4.500000000000000000e+01 7.671171296874994489e-04
4.600000000000000000e+01 7.422861955468753378e-04
4.700000000000000000e+01 7.174943889843750366e-04
4.800000000000000000e+01 6.927775573437496004e-04
4.900000000000000000e+01 6.681570613281252562e-04
5.000000000000000000e+01 6.436705405468747801e-04
5.100000000000000000e+01 6.193390862500001981e-04
5.200000000000000000e+01 5.952001132031250899e-04
5.300000000000000000e+01 5.712754823437504390e-04
5.400000000000000000e+01 5.475999867968750750e-04
5.500000000000000000e+01 5.241950889062499614e-04
5.600000000000000000e+01 5.010914117187496462e-04
5.700000000000000000e+01 4.783183721875002578e-04
5.800000000000000000e+01 4.559029471093750847e-04
5.900000000000000000e+01 4.338693960937498972e-04
6.000000000000000000e+01 4.122448211953123041e-04
6.100000000000000000e+01 3.910549196562498626e-04
6.200000000000000000e+01 3.703240375546877671e-04
6.300000000000000000e+01 3.500763894140626825e-04
6.400000000000000000e+01 3.303371761718750400e-04
6.500000000000000000e+01 3.111285968750001425e-04
6.600000000000000000e+01 2.924727570312499712e-04
6.700000000000000000e+01 2.743914533593748580e-04
6.800000000000000000e+01 2.569064080468750938e-04
6.900000000000000000e+01 2.400368716406249428e-04
7.000000000000000000e+01 2.238033756249998662e-04
7.100000000000000000e+01 2.082236417968751140e-04
7.200000000000000000e+01 1.933154265624998963e-04
7.300000000000000000e+01 1.790964812499999551e-04
7.400000000000000000e+01 1.655824499999998837e-04
7.500000000000000000e+01 1.527885976562500393e-04
7.600000000000000000e+01 1.407294218749999954e-04
7.700000000000000000e+01 1.294175984375000731e-04
7.800000000000000000e+01 1.188668914062499855e-04
7.900000000000000000e+01 1.090874210937500057e-04
8.000000000000000000e+01 1.000895140624999754e-04
8.100000000000000000e+01 9.188436796875003722e-05
8.200000000000000000e+01 8.447911796874997797e-05
8.300000000000000000e+01 7.788218125000001850e-05
8.400000000000000000e+01 7.209931875000001589e-05
8.500000000000000000e+01 6.713676171875006217e-05
8.600000000000000000e+01 6.299813906250002261e-05
8.700000000000000000e+01 5.968814765625000810e-05
8.800000000000000000e+01 5.720847656249999154e-05
8.900000000000000000e+01 5.556029687499998264e-05
9.000000000000000000e+01 5.474478124999997809e-05
9.100000000000000000e+01 5.476094765625000554e-05
9.200000000000000000e+01 5.560717499999999670e-05
9.300000000000000000e+01 5.728079843750000845e-05
9.400000000000000000e+01 5.977856718750001986e-05
9.500000000000000000e+01 6.309520859375001168e-05
9.600000000000000000e+01 6.722535257812500159e-05
9.700000000000000000e+01 7.216258671875001840e-05
9.800000000000000000e+01 7.789923828124996341e-05
9.900000000000000000e+01 8.442628710937497873e-05
1.000000000000000000e+02 9.173446789062497989e-05
1.010000000000000000e+02 9.981354507812501204e-05
1.020000000000000000e+02 1.086520312500000268e-04
1.030000000000000000e+02 1.182373679687499660e-04
1.040000000000000000e+02 1.285574015625000853e-04
1.050000000000000000e+02 1.395965382812499461e-04
1.060000000000000000e+02 1.513410945312500288e-04
1.070000000000000000e+02 1.637754328125000424e-04
1.080000000000000000e+02 1.768827617187499835e-04
1.090000000000000000e+02 1.906452578124999745e-04
1.100000000000000000e+02 2.050462734374999796e-04
1.110000000000000000e+02 2.200662265624999791e-04
1.120000000000000000e+02 2.356859453125000352e-04
1.130000000000000000e+02 2.518855234374999192e-04
1.140000000000000000e+02 2.686439921875001784e-04
1.150000000000000000e+02 2.859402343750001374e-04
1.160000000000000000e+02 3.037525468750002151e-04
1.170000000000000000e+02 3.220585781249999790e-04
1.180000000000000000e+02 3.408357421875000959e-04
1.190000000000000000e+02 3.600600468750000211e-04
1.200000000000000000e+02 3.797079453125000600e-04
1.210000000000000000e+02 3.997565859374999889e-04
1.220000000000000000e+02 4.201782968749999533e-04
1.230000000000000000e+02 4.409501093749997372e-04
1.240000000000000000e+02 4.620505156250001447e-04
1.250000000000000000e+02 4.834497109374997332e-04
1.260000000000000000e+02 5.051188515624998069e-04
1.270000000000000000e+02 5.270392187500002983e-04
1.280000000000000000e+02 5.491820624999998058e-04
1.290000000000000000e+02 5.715215937500000860e-04
1.300000000000000000e+02 5.940326171874995469e-04
1.310000000000000000e+02 6.166887500000003660e-04
1.320000000000000000e+02 6.394570234375000556e-04
1.330000000000000000e+02 6.623231484374999568e-04
1.340000000000000000e+02 6.852572265625001945e-04
1.350000000000000000e+02 7.082282734375003807e-04
1.360000000000000000e+02 7.312177031249997815e-04
1.370000000000000000e+02 7.541913593750001121e-04
1.380000000000000000e+02 7.771363750000002306e-04
1.390000000000000000e+02 8.000153906249997436e-04
1.400000000000000000e+02 8.228188203124999021e-04
1.410000000000000000e+02 8.455077578125004762e-04
1.420000000000000000e+02 8.680636953124993898e-04
1.430000000000000000e+02 8.904698437500001675e-04
1.440000000000000000e+02 9.126947265624996445e-04
1.450000000000000000e+02 9.347219453125003808e-04
1.460000000000000000e+02 9.565244843750001164e-04
1.470000000000000000e+02 9.780880937499999549e-04
1.480000000000000000e+02 9.993860781249998531e-04
1.490000000000000000e+02 1.020405585937500179e-03
1.500000000000000000e+02 1.041119835937500066e-03
1.510000000000000000e+02 1.061516546874999691e-03
1.520000000000000000e+02 1.081570437500000001e-03
1.530000000000000000e+02 1.101273773437499428e-03
1.540000000000000000e+02 1.120611875000000280e-03
1.550000000000000000e+02 1.139560757812499783e-03
1.560000000000000000e+02 1.158109507812500431e-03
1.570000000000000000e+02 1.176248625000000068e-03
1.580000000000000000e+02 1.193958132812499885e-03
1.590000000000000000e+02 1.211240656249999367e-03
1.600000000000000000e+02 1.228066406249999666e-03
1.610000000000000000e+02 1.244435304687500389e-03
1.620000000000000000e+02 1.260351234374999276e-03
1.630000000000000000e+02 1.275781578124999616e-03
1.640000000000000000e+02 1.290742906249999628e-03
1.650000000000000000e+02 1.305212796875000487e-03
1.660000000000000000e+02 1.319202132812499718e-03
1.670000000000000000e+02 1.332695054687500248e-03
1.680000000000000000e+02 1.345692835937499672e-03
1.690000000000000000e+02 1.358204203124999685e-03
1.700000000000000000e+02 1.370210696875000592e-03
1.710000000000000000e+02 1.381726196874999814e-03
1.720000000000000000e+02 1.392750168750000409e-03
1.730000000000000000e+02 1.403287164843750002e-03
1.740000000000000000e+02 1.413339491406249895e-03
1.750000000000000000e+02 1.422913131250000277e-03
1.760000000000000000e+02 1.432013067187499914e-03
1.770000000000000000e+02 1.440648558203124451e-03
1.780000000000000000e+02 1.448832596093750039e-03
1.790000000000000000e+02 1.456568151093750457e-03
1.800000000000000000e+02 1.463864618906250085e-03
1.810000000000000000e+02 1.470742650781249345e-03
1.820000000000000000e+02 1.477206675000000127e-03
1.830000000000000000e+02 1.483275969531250467e-03
1.840000000000000000e+02 1.488963089843749676e-03
1.850000000000000000e+02 1.494283822656249225e-03
1.860000000000000000e+02 1.499256073437500248e-03
1.870000000000000000e+02 1.503899312500000000e-03
1.880000000000000000e+02 1.508219210937500852e-03
1.890000000000000000e+02 1.512257578125000487e-03
1.900000000000000000e+02 1.516017515625000308e-03
1.910000000000000000e+02 1.519523499999999357e-03
1.920000000000000000e+02 1.522799281250000096e-03
1.930000000000000000e+02 1.525866000000000288e-03
1.940000000000000000e+02 1.528751921875000233e-03
1.950000000000000000e+02 1.531468992187500584e-03
1.960000000000000000e+02 1.534053046874999608e-03
1.970000000000000000e+02 1.536526320312499696e-03
1.980000000000000000e+02 1.538913890624999574e-03
1.990000000000000000e+02 1.541239906249999327e-03
2.000000000000000000e+02 1.543530554687500347e-03
2.010000000000000000e+02 1.545817781249999483e-03
2.020000000000000000e+02 1.548122187499999551e-03
2.030000000000000000e+02 1.550481328124999648e-03
2.040000000000000000e+02 1.552904296875000194e-03
2.050000000000000000e+02 1.555446796875000273e-03
2.060000000000000000e+02 1.558111171874999954e-03
2.070000000000000000e+02 1.560938203124999672e-03
2.080000000000000000e+02 1.563952031249999297e-03
2.090000000000000000e+02 1.567182968750000221e-03
2.100000000000000000e+02 1.570657343750000512e-03
2.110000000000000000e+02 1.574409140625000281e-03
2.120000000000000000e+02 1.578455390625000971e-03
2.130000000000000000e+02 1.582839140625000307e-03
2.140000000000000000e+02 1.587573281249999744e-03
2.150000000000000000e+02 1.592694531250000121e-03
2.160000000000000000e+02 1.598220312500000509e-03
2.170000000000000000e+02 1.604188906249999404e-03
2.180000000000000000e+02 1.610614453125000642e-03
2.190000000000000000e+02 1.617530625000000374e-03
2.200000000000000000e+02 1.624958749999999737e-03
2.210000000000000000e+02 1.632922109375000135e-03
2.220000000000000000e+02 1.641446796874999978e-03
2.230000000000000000e+02 1.650553203125000460e-03
2.240000000000000000e+02 1.660265859375000376e-03
2.250000000000000000e+02 1.670597499999999964e-03
2.260000000000000000e+02 1.681576718749999569e-03
2.270000000000000000e+02 1.693215156250000436e-03
2.280000000000000000e+02 1.705540859374999729e-03
2.290000000000000000e+02 1.718566484374999676e-03
2.300000000000000000e+02 1.732299453125000274e-03
2.310000000000000000e+02 1.746763671874999565e-03
2.320000000000000000e+02 1.761966484374999755e-03
2.330000000000000000e+02 1.777925312499999480e-03
2.340000000000000000e+02 1.794654062500000095e-03
2.350000000000000000e+02 1.812147343750000099e-03
2.360000000000000000e+02 1.830428671874999910e-03
2.370000000000000000e+02 1.849496328124999780e-03
2.380000000000000000e+02 1.869361796875000170e-03
2.390000000000000000e+02 1.890019218750000046e-03
2.400000000000000000e+02 1.911480312499999959e-03
2.410000000000000000e+02 1.933745312499999570e-03
2.420000000000000000e+02 1.956811249999999575e-03
2.430000000000000000e+02 1.980672968750000519e-03
2.440000000000000000e+02 2.005334765624999706e-03
2.450000000000000000e+02 2.030773750000000513e-03
2.460000000000000000e+02 2.057007187499999487e-03
2.470000000000000000e+02 2.084009140625000742e-03
2.480000000000000000e+02 2.111775078125000156e-03
2.490000000000000000e+02 2.140291015625001188e-03
2.500000000000000000e+02 2.169545390624999515e-03
2.510000000000000000e+02 2.199531328124998755e-03
2.520000000000000000e+02 2.230213749999999159e-03
2.530000000000000000e+02 2.261589843750000037e-03
2.540000000000000000e+02 2.293634218749998274e-03
2.550000000000000000e+02 2.326319140624999796e-03
2.560000000000000000e+02 2.359634062499999310e-03
2.570000000000000000e+02 2.393543437500000350e-03
2.580000000000000000e+02 2.428031093749999716e-03
2.590000000000000000e+02 2.463061640624999125e-03
2.600000000000000000e+02 2.498607578125000041e-03
2.610000000000000000e+02 2.534641093749999755e-03
2.620000000000000000e+02 2.571125078124999151e-03
2.630000000000000000e+02 2.608029453125000185e-03
2.640000000000000000e+02 2.645320390625000278e-03
2.650000000000000000e+02 2.682959453124999713e-03
2.660000000000000000e+02 2.720909687500001027e-03
2.670000000000000000e+02 2.759137265624999041e-03
2.680000000000000000e+02 2.797601249999999255e-03
2.690000000000000000e+02 2.836252500000001949e-03
2.700000000000000000e+02 2.875057109375001984e-03
2.710000000000000000e+02 2.913971562500001014e-03
2.720000000000000000e+02 2.952946718750000185e-03
2.730000000000000000e+02 2.991952484374999291e-03
2.740000000000000000e+02 3.030924328124998905e-03
2.750000000000000000e+02 3.069833164062500674e-03
2.760000000000000000e+02 3.108618874999999164e-03
2.770000000000000000e+02 3.147244976562500567e-03
2.780000000000000000e+02 3.185649726562498566e-03
2.790000000000000000e+02 3.223808257812499529e-03
2.800000000000000000e+02 3.261659617187499111e-03
2.810000000000000000e+02 3.299144304687500438e-03
2.820000000000000000e+02 3.336227124999998836e-03
2.830000000000000000e+02 3.372868375000000456e-03
2.840000000000000000e+02 3.408993039062498814e-03
2.850000000000000000e+02 3.444570343750000350e-03
2.860000000000000000e+02 3.479551148437500570e-03
2.870000000000000000e+02 3.513877906249999843e-03
2.880000000000000000e+02 3.547510414062498511e-03
2.890000000000000000e+02 3.580404882812499023e-03
2.900000000000000000e+02 3.612506062500001405e-03
2.910000000000000000e+02 3.643778593749999548e-03
2.920000000000000000e+02 3.674161617187503368e-03
2.930000000000000000e+02 3.703616250000000155e-03
2.940000000000000000e+02 3.732107515625002463e-03
2.950000000000000000e+02 3.759583046874999477e-03
2.960000000000000000e+02 3.786010906249998899e-03
2.970000000000000000e+02 3.811340585937500209e-03
2.980000000000000000e+02 3.835533460937499885e-03
2.990000000000000000e+02 3.858556203125000725e-03
3.000000000000000000e+02 3.880384960937499888e-03
3.010000000000000000e+02 3.900960218750000943e-03
3.020000000000000000e+02 3.920263695312500504e-03
3.030000000000000000e+02 3.938261265624997884e-03
3.040000000000000000e+02 3.954920418750001478e-03
3.050000000000000000e+02 3.970224878124999426e-03
3.060000000000000000e+02 3.984131206250000716e-03
3.070000000000000000e+02 3.996631342187499311e-03
3.080000000000000000e+02 4.007693474999999075e-03
3.090000000000000000e+02 4.017303012500000881e-03
3.100000000000000000e+02 4.025452885132813942e-03
3.110000000000000000e+02 4.032105915624999669e-03
3.120000000000000000e+02 4.037263971875003354e-03
3.130000000000000000e+02 4.040920755468750854e-03
3.140000000000000000e+02 4.043060714843750396e-03
3.150000000000000000e+02 4.043680792187498776e-03
3.160000000000000000e+02 4.042788757812499668e-03
3.170000000000000000e+02 4.040374218750000107e-03
3.180000000000000000e+02 4.036434320312499817e-03
3.190000000000000000e+02 4.031008335937500027e-03
3.200000000000000000e+02 4.024062757812499509e-03
3.210000000000000000e+02 4.015641906250000739e-03
3.220000000000000000e+02 4.005741304687499352e-03
3.230000000000000000e+02 3.994390828125001305e-03
3.240000000000000000e+02 3.981615328125000242e-03
3.250000000000000000e+02 3.967415703125000241e-03
3.260000000000000000e+02 3.951848343749999812e-03
3.270000000000000000e+02 3.934931687499999657e-03
3.280000000000000000e+02 3.916702593750000759e-03
3.290000000000000000e+02 3.897191046874999912e-03
3.300000000000000000e+02 3.876449921875000509e-03
3.310000000000000000e+02 3.854509226562499551e-03
3.320000000000000000e+02 3.831422968750001351e-03
3.330000000000000000e+02 3.807243437499999855e-03
3.340000000000000000e+02 3.782020156250000438e-03
3.350000000000000000e+02 3.755818046875000153e-03
3.360000000000000000e+02 3.728686249999999154e-03
3.370000000000000000e+02 3.700699843750000859e-03
3.380000000000000000e+02 3.671917734374998549e-03
3.390000000000000000e+02 3.642406874999999048e-03
3.400000000000000000e+02 3.612247812499999860e-03
3.410000000000000000e+02 3.581529140624999455e-03
3.420000000000000000e+02 3.550301953125000430e-03
3.430000000000000000e+02 3.518672656250000554e-03
3.440000000000000000e+02 3.486718984374999244e-03
3.450000000000000000e+02 3.454537031250000997e-03
3.460000000000000000e+02 3.422213828124999902e-03
3.470000000000000000e+02 3.389847031250000503e-03
3.480000000000000000e+02 3.357536874999999480e-03
3.490000000000000000e+02 3.325390078125000943e-03
3.500000000000000000e+02 3.293502500000000839e-03
3.510000000000000000e+02 3.261995859375001021e-03
3.520000000000000000e+02 3.230972734374998670e-03
3.530000000000000000e+02 3.200548906249999197e-03
3.540000000000000000e+02 3.170835000000000754e-03
3.550000000000000000e+02 3.141962187499999348e-03
3.560000000000000000e+02 3.114052421875000611e-03
3.570000000000000000e+02 3.087225468750000919e-03
3.580000000000000000e+02 3.061609687499999930e-03
3.590000000000000000e+02 3.037336249999999290e-03
3.600000000000000000e+02 3.014537812499997263e-03
3.610000000000000000e+02 2.993350624999999328e-03
3.620000000000000000e+02 2.973902578125000185e-03
3.630000000000000000e+02 2.956345156249999464e-03
3.640000000000000000e+02 2.940809218750000710e-03
3.650000000000000000e+02 2.927438515624998950e-03
3.660000000000000000e+02 2.916375390624998624e-03
3.670000000000000000e+02 2.907765492187500047e-03
3.680000000000000000e+02 2.901751070312501204e-03
3.690000000000000000e+02 2.898479390624998306e-03
3.700000000000000000e+02 2.898123773437498787e-03
3.710000000000000000e+02 2.900784234374999878e-03
3.720000000000000000e+02 2.906640437500001336e-03
3.730000000000000000e+02 2.915808529687499793e-03
3.740000000000000000e+02 2.928479741406249219e-03
3.750000000000000000e+02 2.944754760859375452e-03
3.760000000000000000e+02 2.964820864843748221e-03
3.770000000000000000e+02 2.988787599999999465e-03
3.780000000000000000e+02 3.016819071093749822e-03
3.790000000000000000e+02 3.049064655468751960e-03
3.800000000000000000e+02 3.085612610156249474e-03
3.810000000000000000e+02 3.126637648437500562e-03
3.820000000000000000e+02 3.172267273437500389e-03
3.830000000000000000e+02 3.222620093750001510e-03
3.840000000000000000e+02 3.277813359374998591e-03
3.850000000000000000e+02 3.337982781249997609e-03
3.860000000000000000e+02 3.403227638203123150e-03
3.870000000000000000e+02 3.473692210937499684e-03
3.880000000000000000e+02 3.549432023437500139e-03
3.890000000000000000e+02 3.630552773437500675e-03
3.900000000000000000e+02 3.717144843750000340e-03
3.910000000000000000e+02 3.809291718750000728e-03
3.920000000000000000e+02 3.907089296875001019e-03
3.930000000000000000e+02 4.010555937500001090e-03
3.940000000000000000e+02 4.119752968749999453e-03
3.950000000000000000e+02 4.234736093750001047e-03
3.960000000000000000e+02 4.355558984374998006e-03
3.970000000000000000e+02 4.482214062499998222e-03
3.980000000000000000e+02 4.614724218750000488e-03
3.990000000000000000e+02 4.753063281249998197e-03
4.000000000000000000e+02 4.897233593750001390e-03
4.010000000000000000e+02 5.047205468749999674e-03
4.020000000000000000e+02 5.202946875000000367e-03
4.030000000000000000e+02 5.364382031249996519e-03
4.040000000000000000e+02 5.531407812499999042e-03
4.050000000000000000e+02 5.703994531250000145e-03
4.060000000000000000e+02 5.881967187500004336e-03
4.070000000000000000e+02 6.065240625000003528e-03
4.080000000000000000e+02 6.253676562500001118e-03
4.090000000000000000e+02 6.447094531250002758e-03
4.100000000000000000e+02 6.645309375000000955e-03
4.110000000000000000e+02 6.848114843749993248e-03
4.120000000000000000e+02 7.055263281250003307e-03
4.130000000000000000e+02 7.266612500000001890e-03
4.140000000000000000e+02 7.481743750000003843e-03
4.150000000000000000e+02 7.700451562500001089e-03
4.160000000000000000e+02 7.922347656250003714e-03
4.170000000000000000e+02 8.147186718750002929e-03
4.180000000000000000e+02 8.374519531249997525e-03
4.190000000000000000e+02 8.604008593750002085e-03
4.200000000000000000e+02 8.835222656249995532e-03
4.210000000000000000e+02 9.067710937499999166e-03
4.220000000000000000e+02 9.300978906250000067e-03
4.230000000000000000e+02 9.534622656249993125e-03
4.240000000000000000e+02 9.768027343750004463e-03
4.250000000000000000e+02 1.000077656249999739e-02
4.260000000000000000e+02 1.023226015625000249e-02
4.270000000000000000e+02 1.046194218750000175e-02
4.280000000000000000e+02 1.068921640625000377e-02
4.290000000000000000e+02 1.091360859374999534e-02
4.300000000000000000e+02 1.113440234374999185e-02
4.310000000000000000e+02 1.135114999999999909e-02
4.320000000000000000e+02 1.156322421875000117e-02
4.330000000000000000e+02 1.177012187499999925e-02
4.340000000000000000e+02 1.197130859374999530e-02
4.350000000000000000e+02 1.216623671875000263e-02
4.360000000000000000e+02 1.235452265625000198e-02
4.370000000000000000e+02 1.253574218750000240e-02
4.380000000000000000e+02 1.270946015625000133e-02
4.390000000000000000e+02 1.287539062500000879e-02
4.400000000000000000e+02 1.303326015624999695e-02
4.410000000000000000e+02 1.318288828124999923e-02
4.420000000000000000e+02 1.332407265624999983e-02
4.430000000000000000e+02 1.345676718749999959e-02
4.440000000000000000e+02 1.358100390624999813e-02
4.450000000000000000e+02 1.369681406249999983e-02
4.460000000000000000e+02 1.380430546875000171e-02
4.470000000000000000e+02 1.390354453125000785e-02
4.480000000000000000e+02 1.399491406249999542e-02
4.490000000000000000e+02 1.407864140624999309e-02
4.500000000000000000e+02 1.415500546874999543e-02
4.510000000000000000e+02 1.422436015625000438e-02
4.520000000000000000e+02 1.428708593749999402e-02
4.530000000000000000e+02 1.434365703125000009e-02
4.540000000000000000e+02 1.439436484375000019e-02
4.550000000000000000e+02 1.443971562499999847e-02
4.560000000000000000e+02 1.448007656249999942e-02
4.570000000000000000e+02 1.451587890624999461e-02
4.580000000000000000e+02 1.454745703125000060e-02
4.590000000000000000e+02 1.457532031249999215e-02
4.600000000000000000e+02 1.459981250000000688e-02
4.610000000000000000e+02 1.462128906250000776e-02
4.620000000000000000e+02 1.464013281250000145e-02
4.630000000000000000e+02 1.465677734374999999e-02
4.640000000000000000e+02 1.467149374999999513e-02
4.650000000000000000e+02 1.468478281249999302e-02
4.660000000000000000e+02 1.469713828124999920e-02
4.670000000000000000e+02 1.470899218749999876e-02
4.680000000000000000e+02 1.472090234374999647e-02
4.690000000000000000e+02 1.473364765624999607e-02
4.700000000000000000e+02 1.474791953125000228e-02
4.710000000000000000e+02 1.476456718750000438e-02
4.720000000000000000e+02 1.478476250000000138e-02
4.730000000000000000e+02 1.480975078124999525e-02
4.740000000000000000e+02 1.484103671875000412e-02
4.750000000000000000e+02 1.488033359375000482e-02
4.760000000000000000e+02 1.492979531250000248e-02
4.770000000000000000e+02 1.499171406249998929e-02
4.780000000000000000e+02 1.506908359375000277e-02
4.790000000000000000e+02 1.516513281250000782e-02
4.800000000000000000e+02 1.528361328124999696e-02
4.810000000000000000e+02 1.542912968750000113e-02
4.820000000000000000e+02 1.560668203124999757e-02
4.830000000000000000e+02 1.582225390625000006e-02
4.840000000000000000e+02 1.608261328125000153e-02
4.850000000000000000e+02 1.639557578125000817e-02
4.860000000000000000e+02 1.677008593749999138e-02
4.870000000000000000e+02 1.721635906250000916e-02
4.880000000000000000e+02 1.774598078125000367e-02
4.890000000000000000e+02 1.837215937499999535e-02
4.900000000000000000e+02 1.910993628124999649e-02
4.910000000000000000e+02 1.997650040312498251e-02
4.920000000000000000e+02 2.099108547890623372e-02
4.930000000000000000e+02 2.217559152343751699e-02
4.940000000000000000e+02 2.355473431015625216e-02
4.950000000000000000e+02 2.515641315625000846e-02
4.960000000000000000e+02 2.701219742187500189e-02
4.970000000000000000e+02 2.915749828124998902e-02
4.980000000000000000e+02 3.163219453125000469e-02
4.990000000000000000e+02 3.448118437500000133e-02
5.000000000000000000e+02 3.775499843749997864e-02
5.010000000000000000e+02 4.151016874999997885e-02
5.020000000000000000e+02 4.581032031249997194e-02
5.030000000000000000e+02 5.072661718750000326e-02
5.040000000000000000e+02 5.633940625000005004e-02
5.050000000000000000e+02 6.273772656249998469e-02
5.060000000000000000e+02 7.002202343749995561e-02
5.070000000000000000e+02 7.830490624999998650e-02
5.080000000000000000e+02 8.771175781249995751e-02
5.090000000000000000e+02 9.838396875000000874e-02
5.100000000000000000e+02 1.104781249999999826e-01
5.110000000000000000e+02 1.241718124999999368e-01
