0.000000000000000000e+00 1.563598335937500068e-03
1.000000000000000000e+00 1.562672093749999927e-03
2.000000000000000000e+00 1.560809757812499626e-03
3.000000000000000000e+00 1.558026554687499607e-03
4.000000000000000000e+00 1.554311664062500578e-03
5.000000000000000000e+00 1.549687968750000470e-03
6.000000000000000000e+00 1.544148687500000033e-03
7.000000000000000000e+00 1.537699953124999725e-03
8.000000000000000000e+00 1.530358023437499663e-03
9.000000000000000000e+00 1.522126195312500712e-03
1.000000000000000000e+01 1.513018335937500129e-03
1.100000000000000000e+01 1.503042367187500897e-03
1.200000000000000000e+01 1.492217054687500948e-03
1.300000000000000000e+01 1.480545273437499634e-03
1.400000000000000000e+01 1.468056164062500699e-03
1.500000000000000000e+01 1.454752312500000181e-03
1.600000000000000000e+01 1.440657999999999175e-03
1.700000000000000000e+01 1.425795531250000255e-03
1.800000000000000000e+01 1.410166953125000389e-03
1.900000000000000000e+01 1.393810242187500190e-03
2.000000000000000000e+01 1.376734343749999936e-03
2.100000000000000000e+01 1.358968281250000397e-03
2.200000000000000000e+01 1.340528531250000273e-03
2.300000000000000000e+01 1.321440718749999519e-03
2.400000000000000000e+01 1.301733492187499971e-03
2.500000000000000000e+01 1.281419445312499987e-03
2.600000000000000000e+01 1.260541929687499950e-03
2.700000000000000000e+01 1.239112476562499645e-03
2.800000000000000000e+01 1.217164968749999887e-03
2.900000000000000000e+01 1.194726476562499220e-03
3.000000000000000000e+01 1.171826679687500020e-03
3.100000000000000000e+01 1.148492695312498639e-03
3.200000000000000000e+01 1.124747507812499459e-03
3.300000000000000000e+01 1.100632132812499539e-03
3.400000000000000000e+01 1.076171437500000536e-03
3.500000000000000000e+01 1.051398124999999113e-03
3.600000000000000000e+01 1.026341624999999730e-03
3.700000000000000000e+01 1.001034093750000206e-03
3.800000000000000000e+01 9.755116796874998370e-04
3.900000000000000000e+01 9.497931250000003593e-04
4.000000000000000000e+01 9.239285234375001253e-04
4.100000000000000000e+01 8.979358515624996477e-04
4.200000000000000000e+01 8.718564921875001294e-04
4.300000000000000000e+01 8.457228984375001011e-04
4.400000000000000000e+01 8.195628046874999266e-04
4.500000000000000000e+01 7.934118125000004908e-04
4.600000000000000000e+01 7.673054374999999051e-04
4.700000000000000000e+01 7.412690234374997916e-04
4.800000000000000000e+01 7.153384375000000281e-04
4.900000000000000000e+01 6.895524007812495106e-04
5.000000000000000000e+01 6.639359624999992358e-04
5.100000000000000000e+01 6.385249679687499819e-04
5.200000000000000000e+01 6.133451742187498359e-04
5.300000000000000000e+01 5.884355414062498015e-04
5.400000000000000000e+01 5.638223507812501400e-04
5.500000000000000000e+01 5.395384499999999334e-04
5.600000000000000000e+01 5.156122125000002715e-04
5.700000000000000000e+01 4.920752585937500584e-04
5.800000000000000000e+01 4.689562203124998251e-04
5.900000000000000000e+01 4.462812546875002343e-04
6.000000000000000000e+01 4.240813257812498308e-04
6.100000000000000000e+01 4.023822999999999506e-04
6.200000000000000000e+01 3.812118867187500276e-04
6.300000000000000000e+01 3.605953195312501590e-04
6.400000000000000000e+01 3.405581078124998414e-04
6.500000000000000000e+01 3.211251187500000263e-04
6.600000000000000000e+01 3.023190562499998872e-04
6.700000000000000000e+01 2.841637976562500075e-04
6.800000000000000000e+01 2.666816609374999918e-04
6.900000000000000000e+01 2.498924906250000306e-04
7.000000000000000000e+01 2.338178071874999606e-04
7.100000000000000000e+01 2.184768595312500756e-04
7.200000000000000000e+01 2.038862106249999639e-04
7.300000000000000000e+01 1.900655496875000301e-04
7.400000000000000000e+01 1.770297615624999541e-04
7.500000000000000000e+01 1.647947292968749333e-04
7.600000000000000000e+01 1.533746842968751445e-04
7.700000000000000000e+01 1.427832733593750985e-04
7.800000000000000000e+01 1.330316447656249858e-04
7.900000000000000000e+01 1.241317699218750148e-04
8.000000000000000000e+01 1.160937890624999790e-04
8.100000000000000000e+01 1.089252265624999805e-04
8.200000000000000000e+01 1.026351015625000371e-04
8.300000000000000000e+01 9.722938359375003965e-05
8.400000000000000000e+01 9.271373359375001454e-05
8.500000000000000000e+01 8.909252031249998783e-05
8.600000000000000000e+01 8.636869296875000638e-05
8.700000000000000000e+01 8.454423593750000148e-05
8.800000000000000000e+01 8.361937656249998629e-05
8.900000000000000000e+01 8.359498203125000581e-05
9.000000000000000000e+01 8.446900937499999694e-05
9.100000000000000000e+01 8.623864843749998058e-05
9.200000000000000000e+01 8.890008593750001501e-05
9.300000000000000000e+01 9.244856250000003581e-05
9.400000000000000000e+01 9.687809374999996738e-05
9.500000000000000000e+01 1.021810492187499690e-04
9.600000000000000000e+01 1.083502109374999748e-04
9.700000000000000000e+01 1.153748226562500165e-04
9.800000000000000000e+01 1.232454226562499679e-04
9.900000000000000000e+01 1.319500015624999213e-04
1.000000000000000000e+02 1.414763757812499472e-04
1.010000000000000000e+02 1.518106093749999757e-04
1.020000000000000000e+02 1.629384140625000032e-04
1.030000000000000000e+02 1.748434531249999982e-04
1.040000000000000000e+02 1.875100312500000365e-04
1.050000000000000000e+02 2.009208359375000419e-04
1.060000000000000000e+02 2.150568828124998426e-04
1.070000000000000000e+02 2.298987421875000161e-04
1.080000000000000000e+02 2.454269062500000426e-04
1.090000000000000000e+02 2.616200156249998349e-04
1.100000000000000000e+02 2.784562656250001364e-04
1.110000000000000000e+02 2.959138125000001390e-04
1.120000000000000000e+02 3.139687265625000783e-04
1.130000000000000000e+02 3.325975781250000893e-04
1.140000000000000000e+02 3.517752421874999528e-04
1.150000000000000000e+02 3.714772265625000377e-04
1.160000000000000000e+02 3.916768750000001174e-04
1.170000000000000000e+02 4.123494843750001842e-04
1.180000000000000000e+02 4.334672890624999449e-04
1.190000000000000000e+02 4.550023984374998226e-04
1.200000000000000000e+02 4.769271015624998748e-04
1.210000000000000000e+02 4.992158515624998873e-04
1.220000000000000000e+02 5.218382031250000559e-04
1.230000000000000000e+02 5.447635000000001452e-04
1.240000000000000000e+02 5.679666249999999316e-04
1.250000000000000000e+02 5.914185312499998506e-04
1.260000000000000000e+02 6.150875390625000971e-04
1.270000000000000000e+02 6.389456484375002302e-04
1.280000000000000000e+02 6.629600390625001779e-04
1.290000000000000000e+02 6.871052421875000100e-04
1.300000000000000000e+02 7.113530000000000721e-04
1.310000000000000000e+02 7.356722343749998085e-04
1.320000000000000000e+02 7.600290390625000442e-04
1.330000000000000000e+02 7.844003671874998996e-04
1.340000000000000000e+02 8.087570546874998717e-04
1.350000000000000000e+02 8.330672656249999124e-04
1.360000000000000000e+02 8.573007890625000942e-04
1.370000000000000000e+02 8.814375703124999141e-04
1.380000000000000000e+02 9.054436484375000087e-04
1.390000000000000000e+02 9.292951093750001718e-04
1.400000000000000000e+02 9.529635156249997591e-04
1.410000000000000000e+02 9.764247421874999765e-04
1.420000000000000000e+02 9.996467968749998823e-04
1.430000000000000000e+02 1.022614593750000370e-03
1.440000000000000000e+02 1.045293632812499974e-03
1.450000000000000000e+02 1.067673523437500478e-03
1.460000000000000000e+02 1.089717132812499526e-03
1.470000000000000000e+02 1.111410062500000143e-03
1.480000000000000000e+02 1.132728039062500577e-03
1.490000000000000000e+02 1.153648804687499967e-03
1.500000000000000000e+02 1.174163171875000113e-03
1.510000000000000000e+02 1.194242546875000453e-03
1.520000000000000000e+02 1.213868640624999988e-03
1.530000000000000000e+02 1.233035390624999741e-03
1.540000000000000000e+02 1.251715820312500034e-03
1.550000000000000000e+02 1.269896140624999885e-03
1.560000000000000000e+02 1.287569476562500093e-03
1.570000000000000000e+02 1.304718312499999902e-03
1.580000000000000000e+02 1.321333039062499602e-03
1.590000000000000000e+02 1.337400656249999311e-03
1.600000000000000000e+02 1.352912484375000998e-03
1.610000000000000000e+02 1.367864851562500305e-03
1.620000000000000000e+02 1.382248328124999377e-03
1.630000000000000000e+02 1.396056335937499943e-03
1.640000000000000000e+02 1.409288398437499434e-03
1.650000000000000000e+02 1.421935484375000435e-03
1.660000000000000000e+02 1.434003507812499833e-03
1.670000000000000000e+02 1.445485468749999796e-03
1.680000000000000000e+02 1.456379484374999795e-03
1.690000000000000000e+02 1.466702148437499555e-03
1.700000000000000000e+02 1.476439609374999426e-03
1.710000000000000000e+02 1.485607265625000411e-03
1.720000000000000000e+02 1.494200203125000325e-03
1.730000000000000000e+02 1.502242632812499437e-03
1.740000000000000000e+02 1.509729882812500422e-03
1.750000000000000000e+02 1.516673156249999767e-03
1.760000000000000000e+02 1.523082406250000475e-03
1.770000000000000000e+02 1.528976042187499620e-03
1.780000000000000000e+02 1.534358103125000499e-03
1.790000000000000000e+02 1.539259019531250168e-03
1.800000000000000000e+02 1.543672613281250276e-03
1.810000000000000000e+02 1.547631246093750463e-03
1.820000000000000000e+02 1.551153593750000115e-03
1.830000000000000000e+02 1.554251789843749416e-03
1.840000000000000000e+02 1.556945364843749947e-03
1.850000000000000000e+02 1.559262550000000466e-03
1.860000000000000000e+02 1.561218792968749975e-03
1.870000000000000000e+02 1.562836610156249483e-03
1.880000000000000000e+02 1.564148968750000805e-03
1.890000000000000000e+02 1.565180124218749436e-03
1.900000000000000000e+02 1.565950265624999841e-03
1.910000000000000000e+02 1.566480906250000693e-03
1.920000000000000000e+02 1.566810023437500282e-03
1.930000000000000000e+02 1.566966953124999864e-03
1.940000000000000000e+02 1.566975835937500392e-03
1.950000000000000000e+02 1.566862328125000073e-03
1.960000000000000000e+02 1.566664273437499586e-03
1.970000000000000000e+02 1.566412250000000618e-03
1.980000000000000000e+02 1.566138562500000043e-03
1.990000000000000000e+02 1.565867601562501068e-03
2.000000000000000000e+02 1.565636304687500514e-03
2.010000000000000000e+02 1.565477984374999496e-03
2.020000000000000000e+02 1.565427421875000306e-03
2.030000000000000000e+02 1.565514460937500463e-03
2.040000000000000000e+02 1.565772656249998784e-03
2.050000000000000000e+02 1.566235781249999395e-03
2.060000000000000000e+02 1.566941874999999837e-03
2.070000000000000000e+02 1.567914921874999845e-03
2.080000000000000000e+02 1.569196640625000012e-03
2.090000000000000000e+02 1.570821328125000284e-03
2.100000000000000000e+02 1.572809296875000160e-03
2.110000000000000000e+02 1.575211015625000398e-03
2.120000000000000000e+02 1.578037578124999929e-03
2.130000000000000000e+02 1.581344999999999409e-03
2.140000000000000000e+02 1.585143828125000227e-03
2.150000000000000000e+02 1.589481953125000159e-03
2.160000000000000000e+02 1.594378828124999375e-03
2.170000000000000000e+02 1.599869296874999050e-03
2.180000000000000000e+02 1.605972890625000397e-03
2.190000000000000000e+02 1.612734375000000019e-03
2.200000000000000000e+02 1.620167031250000465e-03
2.210000000000000000e+02 1.628303281249999634e-03
2.220000000000000000e+02 1.637164374999999783e-03
2.230000000000000000e+02 1.646782734375000327e-03
2.240000000000000000e+02 1.657169921874999301e-03
2.250000000000000000e+02 1.668363593750000519e-03
2.260000000000000000e+02 1.680369062500000317e-03
2.270000000000000000e+02 1.693216484375000604e-03
2.280000000000000000e+02 1.706918359375000655e-03
2.290000000000000000e+02 1.721488984374999883e-03
2.300000000000000000e+02 1.736953124999999348e-03
2.310000000000000000e+02 1.753322890625000482e-03
2.320000000000000000e+02 1.770602499999999980e-03
2.330000000000000000e+02 1.788809062500000113e-03
2.340000000000000000e+02 1.807951640625000446e-03
2.350000000000000000e+02 1.828044531249999960e-03
2.360000000000000000e+02 1.849083124999999564e-03
2.370000000000000000e+02 1.871074218750000016e-03
2.380000000000000000e+02 1.894020625000000053e-03
2.390000000000000000e+02 1.917930937499999922e-03
2.400000000000000000e+02 1.942794843750000498e-03
2.410000000000000000e+02 1.968605625000000112e-03
2.420000000000000000e+02 1.995379218749999701e-03
2.430000000000000000e+02 2.023086874999999868e-03
2.440000000000000000e+02 2.051731718750000270e-03
2.450000000000000000e+02 2.081304062500000367e-03
2.460000000000000000e+02 2.111783203124999782e-03
2.470000000000000000e+02 2.143160781249999446e-03
2.480000000000000000e+02 2.175427812500000616e-03
2.490000000000000000e+02 2.208559062500001832e-03
2.500000000000000000e+02 2.242528515624999438e-03
2.510000000000000000e+02 2.277332890625000366e-03
2.520000000000000000e+02 2.312931250000000577e-03
2.530000000000000000e+02 2.349304296874998952e-03
2.540000000000000000e+02 2.386432421875000175e-03
2.550000000000000000e+02 2.424278671874999409e-03
2.560000000000000000e+02 2.462819765624998936e-03
2.570000000000000000e+02 2.502008359375000688e-03
2.580000000000000000e+02 2.541829218750000109e-03
2.590000000000000000e+02 2.582238671875000235e-03
2.600000000000000000e+02 2.623195078124999999e-03
2.610000000000000000e+02 2.664670468750000246e-03
2.620000000000000000e+02 2.706616015625001089e-03
2.630000000000000000e+02 2.748999218750000986e-03
2.640000000000000000e+02 2.791761875000001083e-03
2.650000000000000000e+02 2.834878359374999254e-03
2.660000000000000000e+02 2.878283593750000265e-03
2.670000000000000000e+02 2.921945624999999682e-03
2.680000000000000000e+02 2.965817109375001610e-03
2.690000000000000000e+02 3.009843828125001626e-03
2.700000000000000000e+02 3.053965156249997814e-03
2.710000000000000000e+02 3.098149531249999849e-03
2.720000000000000000e+02 3.142329531249999416e-03
2.730000000000000000e+02 3.186463515625000218e-03
2.740000000000000000e+02 3.230495078125002022e-03
2.750000000000000000e+02 3.274362031250000263e-03
2.760000000000000000e+02 3.318030468749999778e-03
2.770000000000000000e+02 3.361422578124999457e-03
2.780000000000000000e+02 3.404503203124999156e-03
2.790000000000000000e+02 3.447194921874999728e-03
2.800000000000000000e+02 3.489461171874999167e-03
2.810000000000000000e+02 3.531232265625001629e-03
2.820000000000000000e+02 3.572466093749998919e-03
2.830000000000000000e+02 3.613104140624997553e-03
2.840000000000000000e+02 3.653086562499999537e-03
2.850000000000000000e+02 3.692357578125001708e-03
2.860000000000000000e+02 3.730866875000002358e-03
2.870000000000000000e+02 3.768566171875000446e-03
2.880000000000000000e+02 3.805389921874999682e-03
2.890000000000000000e+02 3.841286726562499580e-03
2.900000000000000000e+02 3.876223859375001104e-03
2.910000000000000000e+02 3.910119695312500379e-03
2.920000000000000000e+02 3.942950382812498468e-03
2.930000000000000000e+02 3.974667554687500229e-03
2.940000000000000000e+02 4.005204109374999565e-03
2.950000000000000000e+02 4.034529773437500050e-03
2.960000000000000000e+02 4.062595757812500694e-03
2.970000000000000000e+02 4.089357437499999831e-03
2.980000000000000000e+02 4.114784195312500351e-03
2.990000000000000000e+02 4.138811796875000067e-03
3.000000000000000000e+02 4.161428828124999132e-03
3.010000000000000000e+02 4.182593398437500082e-03
3.020000000000000000e+02 4.202252976562499340e-03
3.030000000000000000e+02 4.220401921874998574e-03
3.040000000000000000e+02 4.236991656250002104e-03
3.050000000000000000e+02 4.252006656250003139e-03
3.060000000000000000e+02 4.265420453124999997e-03
3.070000000000000000e+02 4.277201921874999521e-03
3.080000000000000000e+02 4.287325789062499184e-03
3.090000000000000000e+02 4.295780312499999747e-03
3.100000000000000000e+02 4.302562978906248822e-03
3.110000000000000000e+02 4.307642942187498575e-03
3.120000000000000000e+02 4.311012468749997502e-03
3.130000000000000000e+02 4.312692724218749989e-03
3.140000000000000000e+02 4.312645904687498026e-03
3.150000000000000000e+02 4.310872109140624804e-03
3.160000000000000000e+02 4.307374310156248873e-03
3.170000000000000000e+02 4.302183710937501800e-03
3.180000000000000000e+02 4.295278054687501519e-03
3.190000000000000000e+02 4.286670101562499099e-03
3.200000000000000000e+02 4.276395132812501124e-03
3.210000000000000000e+02 4.264446453124999190e-03
3.220000000000000000e+02 4.250843734375000724e-03
3.230000000000000000e+02 4.235616523437502751e-03
3.240000000000000000e+02 4.218807750000000238e-03
3.250000000000000000e+02 4.200427304687499690e-03
3.260000000000000000e+02 4.180524906249999222e-03
3.270000000000000000e+02 4.159082812499999282e-03
3.280000000000000000e+02 4.136206429687500769e-03
3.290000000000000000e+02 4.111903125000000020e-03
3.300000000000000000e+02 4.086251796874999960e-03
3.310000000000000000e+02 4.059246484375000907e-03
3.320000000000000000e+02 4.030974765625001434e-03
3.330000000000000000e+02 4.001509999999999789e-03
3.340000000000000000e+02 3.970856562500001477e-03
3.350000000000000000e+02 3.939139531249999208e-03
3.360000000000000000e+02 3.906370703125000218e-03
3.370000000000000000e+02 3.872678984374999540e-03
3.380000000000000000e+02 3.838073671875000085e-03
3.390000000000000000e+02 3.802664140624999797e-03
3.400000000000000000e+02 3.766520234374999641e-03
3.410000000000000000e+02 3.729727343749999775e-03
3.420000000000000000e+02 3.692375000000001212e-03
3.430000000000000000e+02 3.654555546874999582e-03
3.440000000000000000e+02 3.616346874999998122e-03
3.450000000000000000e+02 3.577853671875000710e-03
3.460000000000000000e+02 3.539172578124998112e-03
3.470000000000000000e+02 3.500401171874999683e-03
3.480000000000000000e+02 3.461657265624999355e-03
3.490000000000000000e+02 3.423034843750001003e-03
3.500000000000000000e+02 3.384644687499999225e-03
3.510000000000000000e+02 3.346613203124999478e-03
3.520000000000000000e+02 3.309047265624999283e-03
3.530000000000000000e+02 3.272065781250000673e-03
3.540000000000000000e+02 3.235793593749998649e-03
3.550000000000000000e+02 3.200347656250001043e-03
3.560000000000000000e+02 3.165870156250001101e-03
3.570000000000000000e+02 3.132486953125000664e-03
3.580000000000000000e+02 3.100321171875000843e-03
3.590000000000000000e+02 3.069515703125000154e-03
3.600000000000000000e+02 3.040204843750000767e-03
3.610000000000000000e+02 3.012535625000000751e-03
3.620000000000000000e+02 2.986638125000000161e-03
3.630000000000000000e+02 2.962657031249999167e-03
3.640000000000000000e+02 2.940737578124999821e-03
3.650000000000000000e+02 2.921037500000000196e-03
3.660000000000000000e+02 2.903689843750000520e-03
3.670000000000000000e+02 2.888855468749999822e-03
3.680000000000000000e+02 2.876671796874999496e-03
3.690000000000000000e+02 2.867300203125000904e-03
3.700000000000000000e+02 2.860890046874998288e-03
3.710000000000000000e+02 2.857595609374999780e-03
3.720000000000000000e+02 2.857553492187500481e-03
3.730000000000000000e+02 2.860942773437498941e-03
3.740000000000000000e+02 2.867875512499999668e-03
3.750000000000000000e+02 2.878555450781250958e-03
3.760000000000000000e+02 2.893070225859374796e-03
3.770000000000000000e+02 2.911610662500000411e-03
3.780000000000000000e+02 2.934316153124999840e-03
3.790000000000000000e+02 2.961312349218749636e-03
3.800000000000000000e+02 2.992774472812498917e-03
3.810000000000000000e+02 3.028806798437501217e-03
3.820000000000000000e+02 3.069548734374999248e-03
3.830000000000000000e+02 3.115131632812499600e-03
3.840000000000000000e+02 3.165675539062502274e-03
3.850000000000000000e+02 3.221359343750000714e-03
3.860000000000000000e+02 3.282207867187501155e-03
3.870000000000000000e+02 3.348385161718749666e-03
3.880000000000000000e+02 3.419973679687499189e-03
3.890000000000000000e+02 3.497080453125000696e-03
3.900000000000000000e+02 3.579784218749997634e-03
3.910000000000000000e+02 3.668174218749998758e-03
3.920000000000000000e+02 3.762292968749999470e-03
3.930000000000000000e+02 3.862232578124998993e-03
3.940000000000000000e+02 3.967991640625002404e-03
3.950000000000000000e+02 4.079703203124998220e-03
3.960000000000000000e+02 4.197301875000000043e-03
3.970000000000000000e+02 4.320843125000000361e-03
3.980000000000000000e+02 4.450314062499999453e-03
3.990000000000000000e+02 4.585724218749997506e-03
4.000000000000000000e+02 4.727049999999997400e-03
4.010000000000000000e+02 4.874217968749997888e-03
4.020000000000000000e+02 5.027189062499998716e-03
4.030000000000000000e+02 5.185896875000001009e-03
4.040000000000000000e+02 5.350225781250000576e-03
4.050000000000000000e+02 5.520105468749996261e-03
4.060000000000000000e+02 5.695403125000005062e-03
4.070000000000000000e+02 5.875952343749995740e-03
4.080000000000000000e+02 6.061600000000000321e-03
4.090000000000000000e+02 6.252157031250001225e-03
4.100000000000000000e+02 6.447397656250001066e-03
4.110000000000000000e+02 6.647116406250001309e-03
4.120000000000000000e+02 6.851084375000001878e-03
4.130000000000000000e+02 7.058923437500004908e-03
4.140000000000000000e+02 7.270418749999997717e-03
4.150000000000000000e+02 7.485188281249998375e-03
4.160000000000000000e+02 7.702920312500002691e-03
4.170000000000000000e+02 7.923144531249998873e-03
4.180000000000000000e+02 8.145524218749998491e-03
4.190000000000000000e+02 8.369603906250001890e-03
4.200000000000000000e+02 8.594858906250002484e-03
4.210000000000000000e+02 8.820912109375005777e-03
4.220000000000000000e+02 9.047138671874996319e-03
4.230000000000000000e+02 9.273006718749999058e-03
4.240000000000000000e+02 9.497985234374999031e-03
4.250000000000000000e+02 9.721539140624995551e-03
4.260000000000000000e+02 9.943027656249998902e-03
4.270000000000000000e+02 1.016180546875000527e-02
4.280000000000000000e+02 1.037735625000000064e-02
4.290000000000000000e+02 1.058902499999999497e-02
4.300000000000000000e+02 1.079627812499999763e-02
4.310000000000000000e+02 1.099843046875000584e-02
4.320000000000000000e+02 1.119504765624999496e-02
4.330000000000000000e+02 1.138556328125000378e-02
4.340000000000000000e+02 1.156946171874999145e-02
4.350000000000000000e+02 1.174632421875000145e-02
4.360000000000000000e+02 1.191577499999999998e-02
4.370000000000000000e+02 1.207748281249999833e-02
4.380000000000000000e+02 1.223116484375000312e-02
4.390000000000000000e+02 1.237663671875000038e-02
4.400000000000000000e+02 1.251381015624999753e-02
4.410000000000000000e+02 1.264262734374999898e-02
4.420000000000000000e+02 1.276302265624999766e-02
4.430000000000000000e+02 1.287518359375000761e-02
4.440000000000000000e+02 1.297934921874999668e-02
4.450000000000000000e+02 1.307571093750000205e-02
4.460000000000000000e+02 1.316457187499999772e-02
4.470000000000000000e+02 1.324631640625000342e-02
4.480000000000000000e+02 1.332140781250000343e-02
4.490000000000000000e+02 1.339020234374998890e-02
4.500000000000000000e+02 1.345330078124999836e-02
4.510000000000000000e+02 1.351122343749999559e-02
4.520000000000000000e+02 1.356444609374999818e-02
4.530000000000000000e+02 1.361343828125000620e-02
4.540000000000000000e+02 1.365887578124999439e-02
4.550000000000000000e+02 1.370120625000000904e-02
4.560000000000000000e+02 1.374085234375000547e-02
4.570000000000000000e+02 1.377827968749999361e-02
4.580000000000000000e+02 1.381405156250000398e-02
4.590000000000000000e+02 1.384850312499999805e-02
4.600000000000000000e+02 1.388195781250000163e-02
4.610000000000000000e+02 1.391481328125000749e-02
4.620000000000000000e+02 1.394745859375000167e-02
4.630000000000000000e+02 1.398004531249999634e-02
4.640000000000000000e+02 1.401308437500000011e-02
4.650000000000000000e+02 1.404680000000000338e-02
4.660000000000000000e+02 1.408146171874999353e-02
4.670000000000000000e+02 1.411743906249999722e-02
4.680000000000000000e+02 1.415517187500000065e-02
4.690000000000000000e+02 1.419507343750001441e-02
4.700000000000000000e+02 1.423768671875000162e-02
4.710000000000000000e+02 1.428361093749999991e-02
4.720000000000000000e+02 1.433371640625000394e-02
4.730000000000000000e+02 1.438873515625000744e-02
4.740000000000000000e+02 1.444990078124999341e-02
4.750000000000000000e+02 1.451854609374999064e-02
4.760000000000000000e+02 1.459614843750000474e-02
4.770000000000000000e+02 1.468461718750000214e-02
4.780000000000000000e+02 1.478616718750000100e-02
4.790000000000000000e+02 1.490347968750000557e-02
4.800000000000000000e+02 1.503953828125000579e-02
4.810000000000000000e+02 1.519799765625000007e-02
4.820000000000000000e+02 1.538322187500000202e-02
4.830000000000000000e+02 1.559991718749999604e-02
4.840000000000000000e+02 1.585411640625000035e-02
4.850000000000000000e+02 1.615235859375000957e-02
4.860000000000000000e+02 1.650242578124999637e-02
4.870000000000000000e+02 1.691322031250001162e-02
4.880000000000000000e+02 1.739509601562500007e-02
4.890000000000000000e+02 1.795986796874999777e-02
4.900000000000000000e+02 1.862115562499999308e-02
4.910000000000000000e+02 1.939448328906249325e-02
4.920000000000000000e+02 2.029760702343750070e-02
4.930000000000000000e+02 2.135093106249999831e-02
4.940000000000000000e+02 2.257748815078124485e-02
4.950000000000000000e+02 2.400360276953127786e-02
4.960000000000000000e+02 2.565919468750001500e-02
4.970000000000000000e+02 2.757811703124998792e-02
4.980000000000000000e+02 2.979878203125000194e-02
4.990000000000000000e+02 3.236471093749997835e-02
5.000000000000000000e+02 3.532497734375000809e-02
5.010000000000000000e+02 3.873520546874999193e-02
5.020000000000000000e+02 4.265799687499999965e-02
5.030000000000000000e+02 4.716389062499999618e-02
5.040000000000000000e+02 5.233239843749997594e-02
5.050000000000000000e+02 5.825367968750003872e-02
5.060000000000000000e+02 6.502810156250002360e-02
5.070000000000000000e+02 7.276907812500001127e-02
5.080000000000000000e+02 8.160507031250005539e-02
5.090000000000000000e+02 9.167864062499997413e-02
5.100000000000000000e+02 1.031519296875000047e-01
5.110000000000000000e+02 1.162063984374999831e-01
