0.000000000000000000e+00 1.615278484375000118e-03
1.000000000000000000e+00 1.614313937500000190e-03
2.000000000000000000e+00 1.612382664062499745e-03
3.000000000000000000e+00 1.609495617187499525e-03
4.000000000000000000e+00 1.605644273437499244e-03
5.000000000000000000e+00 1.600839445312500151e-03
6.000000000000000000e+00 1.595094351562499407e-03
7.000000000000000000e+00 1.588401750000000175e-03
8.000000000000000000e+00 1.580782742187499803e-03
9.000000000000000000e+00 1.572240117187499644e-03
1.000000000000000000e+01 1.562792437499999900e-03
1.100000000000000000e+01 1.552437125000000195e-03
1.200000000000000000e+01 1.541203289062500602e-03
1.300000000000000000e+01 1.529101374999999093e-03
1.400000000000000000e+01 1.516141898437499890e-03
1.500000000000000000e+01 1.502345453124999527e-03
1.600000000000000000e+01 1.487728484375000623e-03
1.700000000000000000e+01 1.472308664062499731e-03
1.800000000000000000e+01 1.456109656250001091e-03
1.900000000000000000e+01 1.439150406250000805e-03
2.000000000000000000e+01 1.421447828124999509e-03
2.100000000000000000e+01 1.403029015625001158e-03
2.200000000000000000e+01 1.383926093749999900e-03
2.300000000000000000e+01 1.364148039062500119e-03
2.400000000000000000e+01 1.343730578125001225e-03
2.500000000000000000e+01 1.322692492187499836e-03
2.600000000000000000e+01 1.301073132812501044e-03
2.700000000000000000e+01 1.278889789062499869e-03
2.800000000000000000e+01 1.256167882812499843e-03
2.900000000000000000e+01 1.232943296874999426e-03
3.000000000000000000e+01 1.209252343750000106e-03
3.100000000000000000e+01 1.185110562499999557e-03
3.200000000000000000e+01 1.160556296875000148e-03
3.300000000000000000e+01 1.135620679687499805e-03
3.400000000000000000e+01 1.110336312499999581e-03
3.500000000000000000e+01 1.084738421875000233e-03
3.600000000000000000e+01 1.058851117187499915e-03
3.700000000000000000e+01 1.032716250000000014e-03
3.800000000000000000e+01 1.006360796874999994e-03
3.900000000000000000e+01 9.798201250000001042e-04
4.000000000000000000e+01 9.531336875000000685e-04
4.100000000000000000e+01 9.263278828124999788e-04
4.200000000000000000e+01 8.994420156249995297e-04
4.300000000000000000e+01 8.725074140625000124e-04
4.400000000000000000e+01 8.455611562499994746e-04
4.500000000000000000e+01 8.186347578124995427e-04
4.600000000000000000e+01 7.917614140624996575e-04
4.700000000000000000e+01 7.649814843750001514e-04
4.800000000000000000e+01 7.383231484375001779e-04
4.900000000000000000e+01 7.118241093750003832e-04
5.000000000000000000e+01 6.855118749999999494e-04
5.100000000000000000e+01 6.594266328124999497e-04
5.200000000000000000e+01 6.335947968750002502e-04
5.300000000000000000e+01 6.080599765625000147e-04
5.400000000000000000e+01 5.828419140625000191e-04
5.500000000000000000e+01 5.579795859375001306e-04
5.600000000000000000e+01 5.335038437500002652e-04
5.700000000000000000e+01 5.094426171874998164e-04
5.800000000000000000e+01 4.858277210937499602e-04
5.900000000000000000e+01 4.626907187500001943e-04
6.000000000000000000e+01 4.400570015624996872e-04
6.100000000000000000e+01 4.179580625000000335e-04
6.200000000000000000e+01 3.964197093750001610e-04
6.300000000000000000e+01 3.754689804687500300e-04
6.400000000000000000e+01 3.551320757812499013e-04
6.500000000000000000e+01 3.354348859374999166e-04
6.600000000000000000e+01 3.164005617187501201e-04
6.700000000000000000e+01 2.980541953125001304e-04
6.800000000000000000e+01 2.804166343750000875e-04
6.900000000000000000e+01 2.635107007812500352e-04
7.000000000000000000e+01 2.473564546874999531e-04
7.100000000000000000e+01 2.319736195312499332e-04
7.200000000000000000e+01 2.173813374999999503e-04
7.300000000000000000e+01 2.035963846874999064e-04
7.400000000000000000e+01 1.906355325781250540e-04
7.500000000000000000e+01 1.785148892968750503e-04
7.600000000000000000e+01 1.672475147578124453e-04
7.700000000000000000e+01 1.568476785937499289e-04
7.800000000000000000e+01 1.473266864062500409e-04
7.900000000000000000e+01 1.386957178906249972e-04
8.000000000000000000e+01 1.309646463281250145e-04
8.100000000000000000e+01 1.241409344531250005e-04
8.200000000000000000e+01 1.182327382812500339e-04
8.300000000000000000e+01 1.132466937499999990e-04
8.400000000000000000e+01 1.091865421874999828e-04
8.500000000000000000e+01 1.060563492187500571e-04
8.600000000000000000e+01 1.038590242187499807e-04
8.700000000000000000e+01 1.025949156249999469e-04
8.800000000000000000e+01 1.022643421874999697e-04
8.900000000000000000e+01 1.028662796875000622e-04
9.000000000000000000e+01 1.043984460937499783e-04
9.100000000000000000e+01 1.068563453125000108e-04
9.200000000000000000e+01 1.102357578125000390e-04
9.300000000000000000e+01 1.145304453125000531e-04
9.400000000000000000e+01 1.197333124999999849e-04
9.500000000000000000e+01 1.258357031250000404e-04
9.600000000000000000e+01 1.328280312500000745e-04
9.700000000000000000e+01 1.406992656249999576e-04
9.800000000000000000e+01 1.494384062500000315e-04
9.900000000000000000e+01 1.590317187500000444e-04
1.000000000000000000e+02 1.694654453125000006e-04
1.010000000000000000e+02 1.807243437499999271e-04
1.020000000000000000e+02 1.927922812500000485e-04
1.030000000000000000e+02 2.056518593749998459e-04
1.040000000000000000e+02 2.192847109375000694e-04
1.050000000000000000e+02 2.336723125000000336e-04
1.060000000000000000e+02 2.487933984374999271e-04
1.070000000000000000e+02 2.646282656249999022e-04
1.080000000000000000e+02 2.811542656249999537e-04
1.090000000000000000e+02 2.983483281250001360e-04
1.100000000000000000e+02 3.161878984374999067e-04
1.110000000000000000e+02 3.346474062500000399e-04
1.120000000000000000e+02 3.537027890625001362e-04
1.130000000000000000e+02 3.733276562500002088e-04
1.140000000000000000e+02 3.934969218749998008e-04
1.150000000000000000e+02 4.141796875000002681e-04
1.160000000000000000e+02 4.353534531249999553e-04
1.170000000000000000e+02 4.569875859374999700e-04
1.180000000000000000e+02 4.790506406250002753e-04
1.190000000000000000e+02 5.015189843749997579e-04
1.200000000000000000e+02 5.243618359375000915e-04
1.210000000000000000e+02 5.475446015624997522e-04
1.220000000000000000e+02 5.710400546874998436e-04
1.230000000000000000e+02 5.948188359375002066e-04
1.240000000000000000e+02 6.188488828124999366e-04
1.250000000000000000e+02 6.430991484374999796e-04
1.260000000000000000e+02 6.675417187499996328e-04
1.270000000000000000e+02 6.921395546874999603e-04
1.280000000000000000e+02 7.168709296874998214e-04
1.290000000000000000e+02 7.416964687500003173e-04
1.300000000000000000e+02 7.665848984375000195e-04
1.310000000000000000e+02 7.915131640624997874e-04
1.320000000000000000e+02 8.164426718749999857e-04
1.330000000000000000e+02 8.413449921874999659e-04
1.340000000000000000e+02 8.661947812499999491e-04
1.350000000000000000e+02 8.909506015625001706e-04
1.360000000000000000e+02 9.156020078125000567e-04
1.370000000000000000e+02 9.400982421875000864e-04
1.380000000000000000e+02 9.644240468750001592e-04
1.390000000000000000e+02 9.885490781250004175e-04
1.400000000000000000e+02 1.012444679687500440e-03
1.410000000000000000e+02 1.036080875000000611e-03
1.420000000000000000e+02 1.059438726562500054e-03
1.430000000000000000e+02 1.082483531249999039e-03
1.440000000000000000e+02 1.105194359375000776e-03
1.450000000000000000e+02 1.127551617187499749e-03
1.460000000000000000e+02 1.149527476562500197e-03
1.470000000000000000e+02 1.171094460937499668e-03
1.480000000000000000e+02 1.192243109374999674e-03
1.490000000000000000e+02 1.212945742187498954e-03
1.500000000000000000e+02 1.233180398437500177e-03
1.510000000000000000e+02 1.252930335937500229e-03
1.520000000000000000e+02 1.272183125000000015e-03
1.530000000000000000e+02 1.290918257812499921e-03
1.540000000000000000e+02 1.309113929687499931e-03
1.550000000000000000e+02 1.326767960937500542e-03
1.560000000000000000e+02 1.343852132812500128e-03
1.570000000000000000e+02 1.360374414062499914e-03
1.580000000000000000e+02 1.376307773437499818e-03
1.590000000000000000e+02 1.391651999999999733e-03
1.600000000000000000e+02 1.406394890625000012e-03
1.610000000000000000e+02 1.420531304687499457e-03
1.620000000000000000e+02 1.434046796875000467e-03
1.630000000000000000e+02 1.446949640625000205e-03
1.640000000000000000e+02 1.459232429687500618e-03
1.650000000000000000e+02 1.470891828125000427e-03
1.660000000000000000e+02 1.481931289062499765e-03
1.670000000000000000e+02 1.492346742187500774e-03
1.680000000000000000e+02 1.502138226562499315e-03
1.690000000000000000e+02 1.511321890624999463e-03
1.700000000000000000e+02 1.519895460937499597e-03
1.710000000000000000e+02 1.527860375000000262e-03
1.720000000000000000e+02 1.535227718750000392e-03
1.730000000000000000e+02 1.542016875000000193e-03
1.740000000000000000e+02 1.548226898437500380e-03
1.750000000000000000e+02 1.553872601562500096e-03
1.760000000000000000e+02 1.558967492187500470e-03
1.770000000000000000e+02 1.563529101562500731e-03
1.780000000000000000e+02 1.567565679687499790e-03
1.790000000000000000e+02 1.571101632812499328e-03
1.800000000000000000e+02 1.574155418749999995e-03
1.810000000000000000e+02 1.576737965624999812e-03
1.820000000000000000e+02 1.578880325781250021e-03
1.830000000000000000e+02 1.580597840624999723e-03
1.840000000000000000e+02 1.581916678124999347e-03
1.850000000000000000e+02 1.582858850781250493e-03
1.860000000000000000e+02 1.583454945312499917e-03
1.870000000000000000e+02 1.583725651562500805e-03
1.880000000000000000e+02 1.583693950000000707e-03
1.890000000000000000e+02 1.583401119531250472e-03
1.900000000000000000e+02 1.582860520312500286e-03
1.910000000000000000e+02 1.582114091406249673e-03
1.920000000000000000e+02 1.581191499999999757e-03
1.930000000000000000e+02 1.580116085937499854e-03
1.940000000000000000e+02 1.578925648437499345e-03
1.950000000000000000e+02 1.577657296875000165e-03
1.960000000000000000e+02 1.576332203124999843e-03
1.970000000000000000e+02 1.574994679687499776e-03
1.980000000000000000e+02 1.573680335937500301e-03
1.990000000000000000e+02 1.572410718749999185e-03
2.000000000000000000e+02 1.571234281249999981e-03
2.010000000000000000e+02 1.570183921874999684e-03
2.020000000000000000e+02 1.569289140624999680e-03
2.030000000000000000e+02 1.568591679687500982e-03
2.040000000000000000e+02 1.568125140624999784e-03
2.050000000000000000e+02 1.567927578125000122e-03
2.060000000000000000e+02 1.568031875000000085e-03
2.070000000000000000e+02 1.568474843750000897e-03
2.080000000000000000e+02 1.569290078124999837e-03
2.090000000000000000e+02 1.570514609374999314e-03
2.100000000000000000e+02 1.572192890624999565e-03
2.110000000000000000e+02 1.574344765624999904e-03
2.120000000000000000e+02 1.577012812500000255e-03
2.130000000000000000e+02 1.580227265624999881e-03
2.140000000000000000e+02 1.584021874999999666e-03
2.150000000000000000e+02 1.588433125000000140e-03
2.160000000000000000e+02 1.593479609375000189e-03
2.170000000000000000e+02 1.599211406249999908e-03
2.180000000000000000e+02 1.605648281250001037e-03
2.190000000000000000e+02 1.612819296874999989e-03
2.200000000000000000e+02 1.620754374999999444e-03
2.210000000000000000e+02 1.629474296874999523e-03
2.220000000000000000e+02 1.639022578125000091e-03
2.230000000000000000e+02 1.649401406249999561e-03
2.240000000000000000e+02 1.660645703124999937e-03
2.250000000000000000e+02 1.672775156249999744e-03
2.260000000000000000e+02 1.685823046874999030e-03
2.270000000000000000e+02 1.699789687500000016e-03
2.280000000000000000e+02 1.714705468749999498e-03
2.290000000000000000e+02 1.730577890624999818e-03
2.300000000000000000e+02 1.747428125000000240e-03
2.310000000000000000e+02 1.765271640624999777e-03
2.320000000000000000e+02 1.784112109374999967e-03
2.330000000000000000e+02 1.803965859375000020e-03
2.340000000000000000e+02 1.824833828125000095e-03
2.350000000000000000e+02 1.846729531249999799e-03
2.360000000000000000e+02 1.869657890624999144e-03
2.370000000000000000e+02 1.893610546874999493e-03
2.380000000000000000e+02 1.918596640625000590e-03
2.390000000000000000e+02 1.944623437500000345e-03
2.400000000000000000e+02 1.971672734374999882e-03
2.410000000000000000e+02 1.999742734375000580e-03
2.420000000000000000e+02 2.028827734375000889e-03
2.430000000000000000e+02 2.058915468750000758e-03
2.440000000000000000e+02 2.090007421875000274e-03
2.450000000000000000e+02 2.122078750000000805e-03
2.460000000000000000e+02 2.155121406250000513e-03
2.470000000000000000e+02 2.189108593749999193e-03
2.480000000000000000e+02 2.224024999999999266e-03
2.490000000000000000e+02 2.259852812499998399e-03
2.500000000000000000e+02 2.296565625000000083e-03
2.510000000000000000e+02 2.334143046874999437e-03
2.520000000000000000e+02 2.372556406250000277e-03
2.530000000000000000e+02 2.411763515624997922e-03
2.540000000000000000e+02 2.451755781250000363e-03
2.550000000000000000e+02 2.492482812499998562e-03
2.560000000000000000e+02 2.533926562499998984e-03
2.570000000000000000e+02 2.576039687499998791e-03
2.580000000000000000e+02 2.618779374999999701e-03
2.590000000000000000e+02 2.662111640625000088e-03
2.600000000000000000e+02 2.706000078124998296e-03
2.610000000000000000e+02 2.750397499999999648e-03
2.620000000000000000e+02 2.795255625000000067e-03
2.630000000000000000e+02 2.840534687500000099e-03
2.640000000000000000e+02 2.886187109375000070e-03
2.650000000000000000e+02 2.932162500000000480e-03
2.660000000000000000e+02 2.978406875000000256e-03
2.670000000000000000e+02 3.024872499999999801e-03
2.680000000000000000e+02 3.071513125000000909e-03
2.690000000000000000e+02 3.118265078125000665e-03
2.700000000000000000e+02 3.165078749999999160e-03
2.710000000000000000e+02 3.211900078124999263e-03
2.720000000000000000e+02 3.258674609375001013e-03
2.730000000000000000e+02 3.305339921875001703e-03
2.740000000000000000e+02 3.351836015625000824e-03
2.750000000000000000e+02 3.398126171875000354e-03
2.760000000000000000e+02 3.444128203125000186e-03
2.770000000000000000e+02 3.489798906250000075e-03
2.780000000000000000e+02 3.535069999999999532e-03
2.790000000000000000e+02 3.579885781250000554e-03
2.800000000000000000e+02 3.624193749999999551e-03
2.810000000000000000e+02 3.667921171874998811e-03
2.820000000000000000e+02 3.711025312499998709e-03
2.830000000000000000e+02 3.753440390624998308e-03
2.840000000000000000e+02 3.795107656250002078e-03
2.850000000000000000e+02 3.835971640624998881e-03
2.860000000000000000e+02 3.875975234375000997e-03
2.870000000000000000e+02 3.915064375000000887e-03
2.880000000000000000e+02 3.953175390625000840e-03
2.890000000000000000e+02 3.990267421874998076e-03
2.900000000000000000e+02 4.026279609375000776e-03
2.910000000000000000e+02 4.061158203124999935e-03
2.920000000000000000e+02 4.094852187500000289e-03
2.930000000000000000e+02 4.127316640625001629e-03
2.940000000000000000e+02 4.158499374999999332e-03
2.950000000000000000e+02 4.188357773437500001e-03
2.960000000000000000e+02 4.216845078124997238e-03
2.970000000000000000e+02 4.243922812500001106e-03
2.980000000000000000e+02 4.269533093749999786e-03
2.990000000000000000e+02 4.293644570312499589e-03
3.000000000000000000e+02 4.316221960937501739e-03
3.010000000000000000e+02 4.337233781250002425e-03
3.020000000000000000e+02 4.356649382812501949e-03
3.030000000000000000e+02 4.374413445312497553e-03
3.040000000000000000e+02 4.390516796874999704e-03
3.050000000000000000e+02 4.404930031250001328e-03
3.060000000000000000e+02 4.417635117187498905e-03
3.070000000000000000e+02 4.428582499999999221e-03
3.080000000000000000e+02 4.437790117187498905e-03
3.090000000000000000e+02 4.445210242187499008e-03
3.100000000000000000e+02 4.450863554687501007e-03
3.110000000000000000e+02 4.454710606250000468e-03
3.120000000000000000e+02 4.456742846875000330e-03
3.130000000000000000e+02 4.456973914062499660e-03
3.140000000000000000e+02 4.455382585937501562e-03
3.150000000000000000e+02 4.451963041406249710e-03
3.160000000000000000e+02 4.446755453906249544e-03
3.170000000000000000e+02 4.439740517968750536e-03
3.180000000000000000e+02 4.430920778124999848e-03
3.190000000000000000e+02 4.420342617187499740e-03
3.200000000000000000e+02 4.407970671875001585e-03
3.210000000000000000e+02 4.393864210937500035e-03
3.220000000000000000e+02 4.378034757812501385e-03
3.230000000000000000e+02 4.360512250000002019e-03
3.240000000000000000e+02 4.341304640624995582e-03
3.250000000000000000e+02 4.320471109374999716e-03
3.260000000000000000e+02 4.298020882812501539e-03
3.270000000000000000e+02 4.274041406249998176e-03
3.280000000000000000e+02 4.248512265624999722e-03
3.290000000000000000e+02 4.221523203124999055e-03
3.300000000000000000e+02 4.193099687499999249e-03
3.310000000000000000e+02 4.163301484374998772e-03
3.320000000000000000e+02 4.132188046875002324e-03
3.330000000000000000e+02 4.099794453125000550e-03
3.340000000000000000e+02 4.066227421874998860e-03
3.350000000000000000e+02 4.031529374999998777e-03
3.360000000000000000e+02 3.995739062499998988e-03
3.370000000000000000e+02 3.958978359374999527e-03
3.380000000000000000e+02 3.921293671874998520e-03
3.390000000000000000e+02 3.882776640625003675e-03
3.400000000000000000e+02 3.843491874999999201e-03
3.410000000000000000e+02 3.803551093749999584e-03
3.420000000000000000e+02 3.763013281250001101e-03
3.430000000000000000e+02 3.721987421874999730e-03
3.440000000000000000e+02 3.680571484374995945e-03
3.450000000000000000e+02 3.638848515624998076e-03
3.460000000000000000e+02 3.596936796874998510e-03
3.470000000000000000e+02 3.554920546875001489e-03
3.480000000000000000e+02 3.512917968750002042e-03
3.490000000000000000e+02 3.471040468749999643e-03
3.500000000000000000e+02 3.429406562500000432e-03
3.510000000000000000e+02 3.388109453125000455e-03
3.520000000000000000e+02 3.347297578124999208e-03
3.530000000000000000e+02 3.307067265624999766e-03
3.540000000000000000e+02 3.267557109375000303e-03
3.550000000000000000e+02 3.228888125000000872e-03
3.560000000000000000e+02 3.191193359374999532e-03
3.570000000000000000e+02 3.154607734374999424e-03
3.580000000000000000e+02 3.119245156249999575e-03
3.590000000000000000e+02 3.085269218750000177e-03
3.600000000000000000e+02 3.052808203125000064e-03
3.610000000000000000e+02 3.022004062500000844e-03
3.620000000000000000e+02 2.992991718749999589e-03
3.630000000000000000e+02 2.965928671874999700e-03
3.640000000000000000e+02 2.940952343749999968e-03
3.650000000000000000e+02 2.918215703125000109e-03
3.660000000000000000e+02 2.897867734375000632e-03
3.670000000000000000e+02 2.880049062500000812e-03
3.680000000000000000e+02 2.864927734374999365e-03
3.690000000000000000e+02 2.852641554687499435e-03
3.700000000000000000e+02 2.843358804687500050e-03
3.710000000000000000e+02 2.837220265625002135e-03
3.720000000000000000e+02 2.834371867187500220e-03
3.730000000000000000e+02 2.834999546875000085e-03
3.740000000000000000e+02 2.839223878906249957e-03
3.750000000000000000e+02 2.847204709374999160e-03
3.760000000000000000e+02 2.859100457499999959e-03
3.770000000000000000e+02 2.875049162499998881e-03
3.780000000000000000e+02 2.895196007812502002e-03
3.790000000000000000e+02 2.919708169531249307e-03
3.800000000000000000e+02 2.948679624375000544e-03
3.810000000000000000e+02 2.982312859374999965e-03
3.820000000000000000e+02 3.020670117187499327e-03
3.830000000000000000e+02 3.063956093750001310e-03
3.840000000000000000e+02 3.112253867187499481e-03
3.850000000000000000e+02 3.165665007812498710e-03
3.860000000000000000e+02 3.224373343749999381e-03
3.870000000000000000e+02 3.288400795312498501e-03
3.880000000000000000e+02 3.357911851562500518e-03
3.890000000000000000e+02 3.432953476562499839e-03
3.900000000000000000e+02 3.513647265624998944e-03
3.910000000000000000e+02 3.600061875000000293e-03
3.920000000000000000e+02 3.692272187499999383e-03
3.930000000000000000e+02 3.790295781249996502e-03
3.940000000000000000e+02 3.894226796875000646e-03
3.950000000000000000e+02 4.004059609374999162e-03
3.960000000000000000e+02 4.119862109374998818e-03
3.970000000000000000e+02 4.241565390625000320e-03
3.980000000000000000e+02 4.369276953124999995e-03
3.990000000000000000e+02 4.502900000000000652e-03
4.000000000000000000e+02 4.642403906250001065e-03
4.010000000000000000e+02 4.787784374999997858e-03
4.020000000000000000e+02 4.938956249999999423e-03
4.030000000000000000e+02 5.095846874999998902e-03
4.040000000000000000e+02 5.258325781249999914e-03
4.050000000000000000e+02 5.426300781249997207e-03
4.060000000000000000e+02 5.599646093749998006e-03
4.070000000000000000e+02 5.778182031250000614e-03
4.080000000000000000e+02 5.961758593750000716e-03
4.090000000000000000e+02 6.150145312500000794e-03
4.100000000000000000e+02 6.343144531250001668e-03
4.110000000000000000e+02 6.540479687500003192e-03
4.120000000000000000e+02 6.741878906250001018e-03
4.130000000000000000e+02 6.947099218750003337e-03
4.140000000000000000e+02 7.155711718749995648e-03
4.150000000000000000e+02 7.367460937499996192e-03
4.160000000000000000e+02 7.581951249999999837e-03
4.170000000000000000e+02 7.798691249999999825e-03
4.180000000000000000e+02 8.017296718750000634e-03
4.190000000000000000e+02 8.237337968749994244e-03
4.200000000000000000e+02 8.458261015624995993e-03
4.210000000000000000e+02 8.679547968749999620e-03
4.220000000000000000e+02 8.900678046874992144e-03
4.230000000000000000e+02 9.121076718750004489e-03
4.240000000000000000e+02 9.340178984375002713e-03
4.250000000000000000e+02 9.557315312499996621e-03
4.260000000000000000e+02 9.771976484374996635e-03
4.270000000000000000e+02 9.983482499999998122e-03
4.280000000000000000e+02 1.019119148437499373e-02
4.290000000000000000e+02 1.039452968749999921e-02
4.300000000000000000e+02 1.059290390624999766e-02
4.310000000000000000e+02 1.078576546874999813e-02
4.320000000000000000e+02 1.097256109374998914e-02
4.330000000000000000e+02 1.115281406250000565e-02
4.340000000000000000e+02 1.132598437500000575e-02
4.350000000000000000e+02 1.149176328124999584e-02
4.360000000000000000e+02 1.164983046874999706e-02
4.370000000000000000e+02 1.179983671875000154e-02
4.380000000000000000e+02 1.194164140624999829e-02
4.390000000000000000e+02 1.207514062500000818e-02
4.400000000000000000e+02 1.220022578124999035e-02
4.410000000000000000e+02 1.231710703124999987e-02
4.420000000000000000e+02 1.242578828124999563e-02
4.430000000000000000e+02 1.252647343750000301e-02
4.440000000000000000e+02 1.261956015624999920e-02
4.450000000000000000e+02 1.270527812499999513e-02
4.460000000000000000e+02 1.278419765625001155e-02
4.470000000000000000e+02 1.285665000000000419e-02
4.480000000000000000e+02 1.292324140624999916e-02
4.490000000000000000e+02 1.298452812500000206e-02
4.500000000000000000e+02 1.304105703124999738e-02
4.510000000000000000e+02 1.309352656250000087e-02
4.520000000000000000e+02 1.314239375000000529e-02
4.530000000000000000e+02 1.318827968750000204e-02
4.540000000000000000e+02 1.323189453125000331e-02
4.550000000000000000e+02 1.327363671874999887e-02
4.560000000000000000e+02 1.331411875000000113e-02
4.570000000000000000e+02 1.335374140625000816e-02
4.580000000000000000e+02 1.339312968750000152e-02
4.590000000000000000e+02 1.343245312500000559e-02
4.600000000000000000e+02 1.347229453125000330e-02
4.610000000000000000e+02 1.351291093749999728e-02
4.620000000000000000e+02 1.355462968750000344e-02
4.630000000000000000e+02 1.359767499999999657e-02
4.640000000000000000e+02 1.364235703125000337e-02
4.650000000000000000e+02 1.368903203124999766e-02
4.660000000000000000e+02 1.373771953125000125e-02
4.670000000000000000e+02 1.378894296874999710e-02
4.680000000000000000e+02 1.384291406250000127e-02
4.690000000000000000e+02 1.389994843750000549e-02
4.700000000000000000e+02 1.396059765624999352e-02
4.710000000000000000e+02 1.402517109374999855e-02
4.720000000000000000e+02 1.409445546875000635e-02
4.730000000000000000e+02 1.416909140625000930e-02
4.740000000000000000e+02 1.424991874999999818e-02
4.750000000000000000e+02 1.433817812499999997e-02
4.760000000000000000e+02 1.443512343750000086e-02
4.770000000000000000e+02 1.454227109375000500e-02
4.780000000000000000e+02 1.466162421874999885e-02
4.790000000000000000e+02 1.479533281250000436e-02
4.800000000000000000e+02 1.494622656249999966e-02
4.810000000000000000e+02 1.511739687499999429e-02
4.820000000000000000e+02 1.531266875000000804e-02
4.830000000000000000e+02 1.553655390624999674e-02
4.840000000000000000e+02 1.579414375000000315e-02
4.850000000000000000e+02 1.609167343750000229e-02
4.860000000000000000e+02 1.643618203124999622e-02
4.870000000000000000e+02 1.683598749999999991e-02
4.880000000000000000e+02 1.730072570312498823e-02
4.890000000000000000e+02 1.784147007812500116e-02
4.900000000000000000e+02 1.847105554687500026e-02
4.910000000000000000e+02 1.920425392187500788e-02
4.920000000000000000e+02 2.005807046093750420e-02
4.930000000000000000e+02 2.105190415859374900e-02
4.940000000000000000e+02 2.220812330546873686e-02
4.950000000000000000e+02 2.355215972109373640e-02
4.960000000000000000e+02 2.511301890624999950e-02
4.970000000000000000e+02 2.692386281249999416e-02
4.980000000000000000e+02 2.902226171875001495e-02
4.990000000000000000e+02 3.145092968750000384e-02
5.000000000000000000e+02 3.425835781250002182e-02
5.010000000000000000e+02 3.749949062499999264e-02
5.020000000000000000e+02 4.123635546874999946e-02
5.030000000000000000e+02 4.553932031249998541e-02
5.040000000000000000e+02 5.048790624999999893e-02
5.050000000000000000e+02 5.617155468749997910e-02
5.060000000000000000e+02 6.269166406250001322e-02
5.070000000000000000e+02 7.016178906249999347e-02
5.080000000000000000e+02 7.871145312499999713e-02
5.090000000000000000e+02 8.848494531249993800e-02
5.100000000000000000e+02 9.964622656250002319e-02
5.110000000000000000e+02 1.123791796875000387e-01
