0.000000000000000000e+00 2.458248828125000115e-03
1.000000000000000000e+00 2.456863124999998736e-03
2.000000000000000000e+00 2.454099999999999424e-03
3.000000000000000000e+00 2.449955859375000603e-03
4.000000000000000000e+00 2.444438046875000575e-03
5.000000000000000000e+00 2.437551171875002119e-03
6.000000000000000000e+00 2.429314531249999413e-03
7.000000000000000000e+00 2.419727890625002556e-03
8.000000000000000000e+00 2.408810312500000647e-03
9.000000000000000000e+00 2.396570546874999923e-03
1.000000000000000000e+01 2.383032578124999034e-03
1.100000000000000000e+01 2.368206796875001185e-03
1.200000000000000000e+01 2.352123593750000356e-03
1.300000000000000000e+01 2.334791640625000220e-03
1.400000000000000000e+01 2.316240156250000144e-03
1.500000000000000000e+01 2.296490078124999949e-03
1.600000000000000000e+01 2.275575156249999651e-03
1.700000000000000000e+01 2.253515312499999174e-03
1.800000000000000000e+01 2.230338984375000028e-03
1.900000000000000000e+01 2.206085390624999785e-03
2.000000000000000000e+01 2.180782656250000555e-03
2.100000000000000000e+01 2.154461796874999457e-03
2.200000000000000000e+01 2.127154531250000612e-03
2.300000000000000000e+01 2.098907656250000205e-03
2.400000000000000000e+01 2.069743749999999362e-03
2.500000000000000000e+01 2.039715156250000022e-03
2.600000000000000000e+01 2.008851718750000355e-03
2.700000000000000000e+01 1.977196718750000130e-03
2.800000000000000000e+01 1.944795624999998184e-03
2.900000000000000000e+01 1.911685156249999908e-03
3.000000000000000000e+01 1.877909453124999633e-03
3.100000000000000000e+01 1.843516796874999702e-03
3.200000000000000000e+01 1.808544296874999664e-03
3.300000000000000000e+01 1.773046171874999169e-03
3.400000000000000000e+01 1.737067187500000243e-03
3.500000000000000000e+01 1.700645820312500197e-03
3.600000000000000000e+01 1.663836320312499749e-03
3.700000000000000000e+01 1.626686093749999968e-03
3.800000000000000000e+01 1.589243421874999510e-03
3.900000000000000000e+01 1.551553773437500464e-03
4.000000000000000000e+01 1.513667570312499057e-03
4.100000000000000000e+01 1.475631140624999961e-03
4.200000000000000000e+01 1.437490015625000244e-03
4.300000000000000000e+01 1.399302546874999767e-03
4.400000000000000000e+01 1.361110140625000587e-03
4.500000000000000000e+01 1.322968249999999322e-03
4.600000000000000000e+01 1.284919265625000329e-03
4.700000000000000000e+01 1.247009875000000502e-03
4.800000000000000000e+01 1.209294914062500901e-03
4.900000000000000000e+01 1.171818070312499781e-03
5.000000000000000000e+01 1.134620531250000184e-03
5.100000000000000000e+01 1.097755960937499883e-03
5.200000000000000000e+01 1.061270562499999712e-03
5.300000000000000000e+01 1.025199968749999782e-03
5.400000000000000000e+01 9.896007031249993979e-04
5.500000000000000000e+01 9.545107890624999038e-04
5.600000000000000000e+01 9.199788906249996463e-04
5.700000000000000000e+01 8.860343124999998975e-04
5.800000000000000000e+01 8.527287578124998976e-04
5.900000000000000000e+01 8.200969531249997996e-04
6.000000000000000000e+01 7.881834500000006131e-04
6.100000000000000000e+01 7.570198429687500846e-04
6.200000000000000000e+01 7.266489789062496657e-04
6.300000000000000000e+01 6.970996695312499554e-04
6.400000000000000000e+01 6.684090695312499154e-04
6.500000000000000000e+01 6.406098335937497916e-04
6.600000000000000000e+01 6.137370906249997420e-04
6.700000000000000000e+01 5.878131226562498127e-04
6.800000000000000000e+01 5.628720778906250079e-04
6.900000000000000000e+01 5.389416526562501456e-04
7.000000000000000000e+01 5.160447864843752466e-04
7.100000000000000000e+01 4.942066162500004288e-04
7.200000000000000000e+01 4.734491214843747787e-04
7.300000000000000000e+01 4.537932015624997336e-04
7.400000000000000000e+01 4.352599929687499367e-04
7.500000000000000000e+01 4.178671140624998313e-04
7.600000000000000000e+01 4.016247812500000247e-04
7.700000000000000000e+01 3.865564390625001465e-04
7.800000000000000000e+01 3.726675546874997367e-04
7.900000000000000000e+01 3.599706624999998847e-04
8.000000000000000000e+01 3.484747257812500251e-04
8.100000000000000000e+01 3.381877273437502171e-04
8.200000000000000000e+01 3.291146335937499283e-04
8.300000000000000000e+01 3.212600140624999952e-04
8.400000000000000000e+01 3.146249851562499819e-04
8.500000000000000000e+01 3.092097742187500508e-04
8.600000000000000000e+01 3.050133437500002274e-04
8.700000000000000000e+01 3.020309999999999141e-04
8.800000000000000000e+01 3.002594062499997721e-04
8.900000000000000000e+01 2.996910312499999709e-04
9.000000000000000000e+01 3.003171406250000662e-04
9.100000000000000000e+01 3.021278828124999310e-04
9.200000000000000000e+01 3.051116796874999673e-04
9.300000000000000000e+01 3.092539609374998755e-04
9.400000000000000000e+01 3.145398515625001667e-04
9.500000000000000000e+01 3.209535859374999778e-04
9.600000000000000000e+01 3.284751328124998235e-04
9.700000000000000000e+01 3.370855937500000015e-04
9.800000000000000000e+01 3.467644374999999889e-04
9.900000000000000000e+01 3.574858984375000660e-04
1.000000000000000000e+02 3.692273828124998736e-04
1.010000000000000000e+02 3.819645234375001488e-04
1.020000000000000000e+02 3.956668203125001944e-04
1.030000000000000000e+02 4.103123046875000270e-04
1.040000000000000000e+02 4.258631015625000669e-04
1.050000000000000000e+02 4.422930859375000245e-04
1.060000000000000000e+02 4.595669374999999512e-04
1.070000000000000000e+02 4.776587421874999343e-04
1.080000000000000000e+02 4.965262109375000611e-04
1.090000000000000000e+02 5.161378750000001443e-04
1.100000000000000000e+02 5.364606796875002895e-04
1.110000000000000000e+02 5.574527109375002239e-04
1.120000000000000000e+02 5.790776328125000995e-04
1.130000000000000000e+02 6.012973046875001509e-04
1.140000000000000000e+02 6.240724453125001290e-04
1.150000000000000000e+02 6.473659921874999178e-04
1.160000000000000000e+02 6.711329609374994511e-04
1.170000000000000000e+02 6.953340000000002514e-04
1.180000000000000000e+02 7.199324531249997119e-04
1.190000000000000000e+02 7.448808046875000748e-04
1.200000000000000000e+02 7.701378906250004553e-04
1.210000000000000000e+02 7.956657890624998890e-04
1.220000000000000000e+02 8.214217343749993100e-04
1.230000000000000000e+02 8.473629531249996568e-04
1.240000000000000000e+02 8.734434140625001132e-04
1.250000000000000000e+02 8.996265546874997578e-04
1.260000000000000000e+02 9.258643437500001282e-04
1.270000000000000000e+02 9.521248593749998121e-04
1.280000000000000000e+02 9.783629140625001511e-04
1.290000000000000000e+02 1.004533632812500913e-03
1.300000000000000000e+02 1.030604968749999992e-03
1.310000000000000000e+02 1.056526554687499831e-03
1.320000000000000000e+02 1.082264406249999885e-03
1.330000000000000000e+02 1.107780421875000044e-03
1.340000000000000000e+02 1.133038804687500935e-03
1.350000000000000000e+02 1.158000109375000551e-03
1.360000000000000000e+02 1.182628937499999528e-03
1.370000000000000000e+02 1.206892656250000079e-03
1.380000000000000000e+02 1.230754843750000559e-03
1.390000000000000000e+02 1.254183726562499695e-03
1.400000000000000000e+02 1.277139664062500136e-03
1.410000000000000000e+02 1.299609164062500311e-03
1.420000000000000000e+02 1.321546429687500256e-03
1.430000000000000000e+02 1.342934695312499689e-03
1.440000000000000000e+02 1.363742632812500787e-03
1.450000000000000000e+02 1.383945351562499955e-03
1.460000000000000000e+02 1.403524281249999813e-03
1.470000000000000000e+02 1.422446375000000407e-03
1.480000000000000000e+02 1.440704101562500063e-03
1.490000000000000000e+02 1.458273132812500745e-03
1.500000000000000000e+02 1.475133695312500284e-03
1.510000000000000000e+02 1.491277218750000156e-03
1.520000000000000000e+02 1.506682039062500703e-03
1.530000000000000000e+02 1.521347031249999700e-03
1.540000000000000000e+02 1.535251445312500480e-03
1.550000000000000000e+02 1.548392117187499936e-03
1.560000000000000000e+02 1.560770898437499913e-03
1.570000000000000000e+02 1.572371312499999760e-03
1.580000000000000000e+02 1.583194515624999953e-03
1.590000000000000000e+02 1.593240179687499796e-03
1.600000000000000000e+02 1.602513046874999830e-03
1.610000000000000000e+02 1.611017546875000324e-03
1.620000000000000000e+02 1.618757367187501290e-03
1.630000000000000000e+02 1.625733531250000237e-03
1.640000000000000000e+02 1.631972390625000425e-03
1.650000000000000000e+02 1.637464546875000296e-03
1.660000000000000000e+02 1.642236390625000271e-03
1.670000000000000000e+02 1.646302476562500712e-03
1.680000000000000000e+02 1.649682882812499940e-03
1.690000000000000000e+02 1.652387062500000571e-03
1.700000000000000000e+02 1.654443085937500621e-03
1.710000000000000000e+02 1.655870226562500139e-03
1.720000000000000000e+02 1.656697382812499959e-03
1.730000000000000000e+02 1.656954210937500085e-03
1.740000000000000000e+02 1.656656468749999160e-03
1.750000000000000000e+02 1.655845546875000769e-03
1.760000000000000000e+02 1.654544789062500866e-03
1.770000000000000000e+02 1.652793914062499142e-03
1.780000000000000000e+02 1.650631624999999731e-03
1.790000000000000000e+02 1.648080281249999970e-03
1.800000000000000000e+02 1.645187195312499892e-03
1.810000000000000000e+02 1.641991945312500133e-03
1.820000000000000000e+02 1.638534460937500058e-03
1.830000000000000000e+02 1.634858218749999769e-03
1.840000000000000000e+02 1.630991242187500127e-03
1.850000000000000000e+02 1.627002460937499546e-03
1.860000000000000000e+02 1.622913367187499289e-03
1.870000000000000000e+02 1.618784515625000444e-03
1.880000000000000000e+02 1.614656789062500139e-03
1.890000000000000000e+02 1.610582117187499881e-03
1.900000000000000000e+02 1.606599093749999955e-03
1.910000000000000000e+02 1.602766122656249783e-03
1.920000000000000000e+02 1.599121110156250230e-03
1.930000000000000000e+02 1.595726878906250732e-03
1.940000000000000000e+02 1.592629406249999706e-03
1.950000000000000000e+02 1.589874274218750373e-03
1.960000000000000000e+02 1.587512925781250179e-03
1.970000000000000000e+02 1.585592875000000224e-03
1.980000000000000000e+02 1.584166416406250760e-03
1.990000000000000000e+02 1.583286343749999757e-03
2.000000000000000000e+02 1.582993890625000602e-03
2.010000000000000000e+02 1.583348414062500480e-03
2.020000000000000000e+02 1.584388726562499777e-03
2.030000000000000000e+02 1.586172546874999988e-03
2.040000000000000000e+02 1.588734328125000544e-03
2.050000000000000000e+02 1.592123734374999372e-03
2.060000000000000000e+02 1.596393820312500423e-03
2.070000000000000000e+02 1.601575390625000275e-03
2.080000000000000000e+02 1.607727109374999059e-03
2.090000000000000000e+02 1.614875468750000178e-03
2.100000000000000000e+02 1.623064609375000130e-03
2.110000000000000000e+02 1.632338593750000009e-03
2.120000000000000000e+02 1.642731953125000288e-03
2.130000000000000000e+02 1.654275234374999850e-03
2.140000000000000000e+02 1.667004375000000378e-03
2.150000000000000000e+02 1.680956484374999905e-03
2.160000000000000000e+02 1.696150468749999972e-03
2.170000000000000000e+02 1.712619843749999633e-03
2.180000000000000000e+02 1.730394921875000281e-03
2.190000000000000000e+02 1.749496601562500458e-03
2.200000000000000000e+02 1.769940062499999762e-03
2.210000000000000000e+02 1.791746367187499901e-03
2.220000000000000000e+02 1.814933859375000109e-03
2.230000000000000000e+02 1.839522906250000509e-03
2.240000000000000000e+02 1.865515148437500020e-03
2.250000000000000000e+02 1.892916781249999502e-03
2.260000000000000000e+02 1.921745203125000421e-03
2.270000000000000000e+02 1.952004578124999935e-03
2.280000000000000000e+02 1.983677523437500038e-03
2.290000000000000000e+02 2.016781179687499731e-03
2.300000000000000000e+02 2.051307257812499691e-03
2.310000000000000000e+02 2.087244289062500317e-03
2.320000000000000000e+02 2.124583664062500935e-03
2.330000000000000000e+02 2.163313039062499804e-03
2.340000000000000000e+02 2.203423492187499451e-03
2.350000000000000000e+02 2.244880718749999934e-03
2.360000000000000000e+02 2.287683999999999464e-03
2.370000000000000000e+02 2.331790125000000619e-03
2.380000000000000000e+02 2.377186882812500068e-03
2.390000000000000000e+02 2.423835382812500501e-03
2.400000000000000000e+02 2.471711929687499427e-03
2.410000000000000000e+02 2.520771289062501575e-03
2.420000000000000000e+02 2.570987859374999386e-03
2.430000000000000000e+02 2.622313695312499665e-03
2.440000000000000000e+02 2.674708453124999795e-03
2.450000000000000000e+02 2.728134257812499328e-03
2.460000000000000000e+02 2.782537117187499145e-03
2.470000000000000000e+02 2.837864195312499085e-03
2.480000000000000000e+02 2.894069109375000358e-03
2.490000000000000000e+02 2.951098898437498532e-03
2.500000000000000000e+02 3.008900656250000204e-03
2.510000000000000000e+02 3.067406367187499976e-03
2.520000000000000000e+02 3.126561585937500266e-03
2.530000000000000000e+02 3.186306507812499810e-03
2.540000000000000000e+02 3.246575304687500732e-03
2.550000000000000000e+02 3.307303882812501639e-03
2.560000000000000000e+02 3.368427289062499424e-03
2.570000000000000000e+02 3.429877882812501499e-03
2.580000000000000000e+02 3.491585187500000076e-03
2.590000000000000000e+02 3.553476414062499422e-03
2.600000000000000000e+02 3.615491718749998945e-03
2.610000000000000000e+02 3.677543281249999116e-03
2.620000000000000000e+02 3.739571093750000512e-03
2.630000000000000000e+02 3.801497109375000412e-03
2.640000000000000000e+02 3.863243906250001837e-03
2.650000000000000000e+02 3.924742421874998638e-03
2.660000000000000000e+02 3.985915625000000136e-03
2.670000000000000000e+02 4.046695312500001029e-03
2.680000000000000000e+02 4.106998515624999020e-03
2.690000000000000000e+02 4.166754687500001317e-03
2.700000000000000000e+02 4.225889062500000001e-03
2.710000000000000000e+02 4.284330078125000649e-03
2.720000000000000000e+02 4.342003515625001558e-03
2.730000000000000000e+02 4.398826953124999710e-03
2.740000000000000000e+02 4.454743671875002406e-03
2.750000000000000000e+02 4.509679921875000760e-03
2.760000000000000000e+02 4.563562109375002285e-03
2.770000000000000000e+02 4.616323046875000710e-03
2.780000000000000000e+02 4.667893281250000935e-03
2.790000000000000000e+02 4.718206953124999894e-03
2.800000000000000000e+02 4.767201406249996741e-03
2.810000000000000000e+02 4.814823437499999095e-03
2.820000000000000000e+02 4.860994296874997234e-03
2.830000000000000000e+02 4.905668515625000344e-03
2.840000000000000000e+02 4.948785312499997917e-03
2.850000000000000000e+02 4.990280703124999780e-03
2.860000000000000000e+02 5.030113671874999332e-03
2.870000000000000000e+02 5.068242109375000089e-03
2.880000000000000000e+02 5.104581640625001360e-03
2.890000000000000000e+02 5.139127187500002782e-03
2.900000000000000000e+02 5.171806953125000945e-03
2.910000000000000000e+02 5.202593125000000950e-03
2.920000000000000000e+02 5.231457265625001282e-03
2.930000000000000000e+02 5.258350234375001354e-03
2.940000000000000000e+02 5.283209609375000629e-03
2.950000000000000000e+02 5.306069687499997967e-03
2.960000000000000000e+02 5.326854218750001410e-03
2.970000000000000000e+02 5.345569140625000028e-03
2.980000000000000000e+02 5.362152421875003051e-03
2.990000000000000000e+02 5.376615781249999976e-03
3.000000000000000000e+02 5.388959296874998132e-03
3.010000000000000000e+02 5.399138203125001569e-03
3.020000000000000000e+02 5.407128515624999923e-03
3.030000000000000000e+02 5.412984296874997700e-03
3.040000000000000000e+02 5.416653749999994841e-03
3.050000000000000000e+02 5.418143749999999870e-03
3.060000000000000000e+02 5.417459453125001399e-03
3.070000000000000000e+02 5.414594687500003112e-03
3.080000000000000000e+02 5.409604062500000116e-03
3.090000000000000000e+02 5.402446562500000556e-03
3.100000000000000000e+02 5.393151093749997890e-03
3.110000000000000000e+02 5.381763242187502169e-03
3.120000000000000000e+02 5.368234507812496420e-03
3.130000000000000000e+02 5.352677671874998475e-03
3.140000000000000000e+02 5.335039929687502083e-03
3.150000000000000000e+02 5.315405335937497915e-03
3.160000000000000000e+02 5.293776421874996779e-03
3.170000000000000000e+02 5.270192265625000226e-03
3.180000000000000000e+02 5.244695890625001439e-03
3.190000000000000000e+02 5.217317445312501245e-03
3.200000000000000000e+02 5.188092624999999722e-03
3.210000000000000000e+02 5.157098960937502030e-03
3.220000000000000000e+02 5.124335671875004244e-03
3.230000000000000000e+02 5.089896330468750459e-03
3.240000000000000000e+02 5.053822079687500003e-03
3.250000000000000000e+02 5.016149851562502066e-03
3.260000000000000000e+02 4.976920804687496452e-03
3.270000000000000000e+02 4.936243570312498496e-03
3.280000000000000000e+02 4.894155710937498835e-03
3.290000000000000000e+02 4.850735203125001310e-03
3.300000000000000000e+02 4.805997890625000185e-03
3.310000000000000000e+02 4.760060859374999967e-03
3.320000000000000000e+02 4.712983593750002739e-03
3.330000000000000000e+02 4.664821093750000369e-03
3.340000000000000000e+02 4.615641250000000056e-03
3.350000000000000000e+02 4.565576718749999631e-03
3.360000000000000000e+02 4.514624843750001358e-03
3.370000000000000000e+02 4.462946406250001274e-03
3.380000000000000000e+02 4.410539687500002887e-03
3.390000000000000000e+02 4.357548515625000313e-03
3.400000000000000000e+02 4.304058515625001392e-03
3.410000000000000000e+02 4.250084296875000604e-03
3.420000000000000000e+02 4.195788984375000558e-03
3.430000000000000000e+02 4.141255000000000804e-03
3.440000000000000000e+02 4.086571875000000187e-03
3.450000000000000000e+02 4.031797656250001548e-03
3.460000000000000000e+02 3.977048437499999291e-03
3.470000000000000000e+02 3.922459375000002073e-03
3.480000000000000000e+02 3.868060156249999906e-03
3.490000000000000000e+02 3.814005468750002008e-03
3.500000000000000000e+02 3.760375781249999851e-03
3.510000000000000000e+02 3.707293203124998986e-03
3.520000000000000000e+02 3.654857968749999561e-03
3.530000000000000000e+02 3.603191015625000371e-03
3.540000000000000000e+02 3.552368593749998579e-03
3.550000000000000000e+02 3.502532656250001864e-03
3.560000000000000000e+02 3.453784296875000385e-03
3.570000000000000000e+02 3.406261640625000368e-03
3.580000000000000000e+02 3.360058984374999450e-03
3.590000000000000000e+02 3.315303515625000075e-03
3.600000000000000000e+02 3.272134140624998518e-03
3.610000000000000000e+02 3.230661015625000548e-03
3.620000000000000000e+02 3.191009609374999105e-03
3.630000000000000000e+02 3.153308359375000310e-03
3.640000000000000000e+02 3.117691953125000491e-03
3.650000000000000000e+02 3.084296484375001306e-03
3.660000000000000000e+02 3.053247578125000816e-03
3.670000000000000000e+02 3.024673515624998719e-03
3.680000000000000000e+02 2.998720859374998972e-03
3.690000000000000000e+02 2.975518984375000696e-03
3.700000000000000000e+02 2.955210703125000279e-03
3.710000000000000000e+02 2.937922421874999274e-03
3.720000000000000000e+02 2.923800789062499638e-03
3.730000000000000000e+02 2.912987249999999563e-03
3.740000000000000000e+02 2.905605945312500493e-03
3.750000000000000000e+02 2.901799429687499602e-03
3.760000000000000000e+02 2.901708751562499539e-03
3.770000000000000000e+02 2.905458463203125681e-03
3.780000000000000000e+02 2.913191328906250196e-03
3.790000000000000000e+02 2.925019049218748925e-03
3.800000000000000000e+02 2.941088999999998729e-03
3.810000000000000000e+02 2.961496929687499821e-03
3.820000000000000000e+02 2.986381205468750712e-03
3.830000000000000000e+02 3.015868633593749189e-03
3.840000000000000000e+02 3.050025267187500035e-03
3.850000000000000000e+02 3.088991414062499264e-03
3.860000000000000000e+02 3.132844656250000602e-03
3.870000000000000000e+02 3.181653015625001291e-03
3.880000000000000000e+02 3.235535124999999387e-03
3.890000000000000000e+02 3.294564455187499064e-03
3.900000000000000000e+02 3.358769656249999819e-03
3.910000000000000000e+02 3.428219492187500102e-03
3.920000000000000000e+02 3.502939999999999093e-03
3.930000000000000000e+02 3.582991484374999525e-03
3.940000000000000000e+02 3.668374843750000711e-03
3.950000000000000000e+02 3.759075781250001067e-03
3.960000000000000000e+02 3.855122499999999626e-03
3.970000000000000000e+02 3.956454921875000690e-03
3.980000000000000000e+02 4.063071718750000186e-03
3.990000000000000000e+02 4.174860390624997482e-03
4.000000000000000000e+02 4.291838437500000714e-03
4.010000000000000000e+02 4.413806562499999857e-03
4.020000000000000000e+02 4.540722578125001505e-03
4.030000000000000000e+02 4.672424531250001130e-03
4.040000000000000000e+02 4.808753125000004083e-03
4.050000000000000000e+02 4.949521093750000079e-03
4.060000000000000000e+02 5.094523437499995540e-03
4.070000000000000000e+02 5.243522656250001850e-03
4.080000000000000000e+02 5.396234375000001290e-03
4.090000000000000000e+02 5.552345312500002635e-03
4.100000000000000000e+02 5.711529687500003019e-03
4.110000000000000000e+02 5.873413281249999923e-03
4.120000000000000000e+02 6.037571875000005868e-03
4.130000000000000000e+02 6.203575781249999824e-03
4.140000000000000000e+02 6.370858906250006538e-03
4.150000000000000000e+02 6.539018359375004322e-03
4.160000000000000000e+02 6.707373671875002663e-03
4.170000000000000000e+02 6.875370703124996166e-03
4.180000000000000000e+02 7.042371640625002226e-03
4.190000000000000000e+02 7.207721093750000217e-03
4.200000000000000000e+02 7.370754687499999833e-03
4.210000000000000000e+02 7.530739062500003272e-03
4.220000000000000000e+02 7.687013906249997273e-03
4.230000000000000000e+02 7.838809375000000204e-03
4.240000000000000000e+02 7.985548203125003228e-03
4.250000000000000000e+02 8.126409296875003116e-03
4.260000000000000000e+02 8.260956406249993569e-03
4.270000000000000000e+02 8.388477734375001868e-03
4.280000000000000000e+02 8.508496718750001298e-03
4.290000000000000000e+02 8.620530781250001703e-03
4.300000000000000000e+02 8.724235273437509069e-03
4.310000000000000000e+02 8.819297750000003322e-03
4.320000000000000000e+02 8.905657007812499762e-03
4.330000000000000000e+02 8.983140710937496942e-03
4.340000000000000000e+02 9.051899117187499691e-03
4.350000000000000000e+02 9.112042203124998477e-03
4.360000000000000000e+02 9.163908296874991727e-03
4.370000000000000000e+02 9.207900999999995770e-03
4.380000000000000000e+02 9.244548406250002390e-03
4.390000000000000000e+02 9.274541078124995050e-03
4.400000000000000000e+02 9.298597421875002406e-03
4.410000000000000000e+02 9.317591874999996138e-03
4.420000000000000000e+02 9.332379218749999039e-03
4.430000000000000000e+02 9.343989687500000099e-03
4.440000000000000000e+02 9.353423671875004883e-03
4.450000000000000000e+02 9.361826406250004298e-03
4.460000000000000000e+02 9.370189843749999678e-03
4.470000000000000000e+02 9.379702109375002289e-03
4.480000000000000000e+02 9.391276562499993250e-03
4.490000000000000000e+02 9.406163281250008029e-03
4.500000000000000000e+02 9.425273437500008081e-03
4.510000000000000000e+02 9.449608593750000521e-03
4.520000000000000000e+02 9.480092187499997158e-03
4.530000000000000000e+02 9.517622656250002144e-03
4.540000000000000000e+02 9.562945312499994410e-03
4.550000000000000000e+02 9.616903906250003423e-03
4.560000000000000000e+02 9.680008593750004386e-03
4.570000000000000000e+02 9.753004687500002254e-03
4.580000000000000000e+02 9.836349218749996723e-03
4.590000000000000000e+02 9.930466406250006497e-03
4.600000000000000000e+02 1.003575781250000409e-02
4.610000000000000000e+02 1.015252890624999960e-02
4.620000000000000000e+02 1.028101250000000057e-02
4.630000000000000000e+02 1.042132187500000376e-02
4.640000000000000000e+02 1.057354140625000119e-02
4.650000000000000000e+02 1.073764218749999333e-02
4.660000000000000000e+02 1.091359453125000795e-02
4.670000000000000000e+02 1.110116328124999968e-02
4.680000000000000000e+02 1.130013515625000187e-02
4.690000000000000000e+02 1.151015234375000161e-02
4.700000000000000000e+02 1.173080312499999965e-02
4.710000000000000000e+02 1.196155546875000281e-02
4.720000000000000000e+02 1.220190312500000693e-02
4.730000000000000000e+02 1.245117109374999607e-02
4.740000000000000000e+02 1.270862265625000327e-02
4.750000000000000000e+02 1.297363671875000589e-02
4.760000000000000000e+02 1.324537968750000121e-02
4.770000000000000000e+02 1.352310937499999130e-02
4.780000000000000000e+02 1.380616406249999574e-02
4.790000000000000000e+02 1.409409296874999939e-02
4.800000000000000000e+02 1.438627890625000273e-02
4.810000000000000000e+02 1.468257109374999578e-02
4.820000000000000000e+02 1.498306249999999291e-02
4.830000000000000000e+02 1.528819140625000197e-02
4.840000000000000000e+02 1.559888125000000181e-02
4.850000000000000000e+02 1.591668203124999362e-02
4.860000000000000000e+02 1.624385234375000028e-02
4.870000000000000000e+02 1.658352734375000137e-02
4.880000000000000000e+02 1.694000781250000476e-02
4.890000000000000000e+02 1.731873054687499761e-02
4.900000000000000000e+02 1.772676726562500554e-02
4.910000000000000000e+02 1.817293304687499569e-02
4.920000000000000000e+02 1.866798656250000243e-02
4.930000000000000000e+02 1.922519421874998441e-02
4.940000000000000000e+02 1.986057913281249684e-02
4.950000000000000000e+02 2.059329267187499576e-02
4.960000000000000000e+02 2.144614043749999699e-02
4.970000000000000000e+02 2.244626351562500552e-02
4.980000000000000000e+02 2.362541234375001298e-02
4.990000000000000000e+02 2.502106718750001998e-02
5.000000000000000000e+02 2.667687656250000705e-02
5.010000000000000000e+02 2.864375468750000528e-02
5.020000000000000000e+02 3.098069453124999845e-02
5.030000000000000000e+02 3.375625781250002344e-02
5.040000000000000000e+02 3.704957812500000308e-02
5.050000000000000000e+02 4.095200000000000923e-02
5.060000000000000000e+02 4.556880468749998497e-02
5.070000000000000000e+02 5.102110937499999138e-02
5.080000000000000000e+02 5.744857812499999661e-02
5.090000000000000000e+02 6.501134375000000576e-02
5.100000000000000000e+02 7.389389843750006348e-02
5.110000000000000000e+02 8.430847656249997046e-02
