0.000000000000000000e+00 3.407919156250000057e-03
1.000000000000000000e+00 3.405926156249998709e-03
2.000000000000000000e+00 3.401948203125000885e-03
3.000000000000000000e+00 3.395981953125000972e-03
4.000000000000000000e+00 3.388042117187497950e-03
5.000000000000000000e+00 3.378136046875001176e-03
6.000000000000000000e+00 3.366279078125000625e-03
7.000000000000000000e+00 3.352488867187499583e-03
8.000000000000000000e+00 3.336774812499998955e-03
9.000000000000000000e+00 3.319176054687501994e-03
1.000000000000000000e+01 3.299705476562500399e-03
1.100000000000000000e+01 3.278384929687502836e-03
1.200000000000000000e+01 3.255247843749999297e-03
1.300000000000000000e+01 3.230334210937500609e-03
1.400000000000000000e+01 3.203665890624998302e-03
1.500000000000000000e+01 3.175283242187500188e-03
1.600000000000000000e+01 3.145226257812499312e-03
1.700000000000000000e+01 3.113532351562500050e-03
1.800000000000000000e+01 3.080248257812499054e-03
1.900000000000000000e+01 3.045418070312499569e-03
2.000000000000000000e+01 3.009084335937502620e-03
2.100000000000000000e+01 2.971300671875003185e-03
2.200000000000000000e+01 2.932114812499999126e-03
2.300000000000000000e+01 2.891584786718746566e-03
2.400000000000000000e+01 2.849760307812498807e-03
2.500000000000000000e+01 2.806698215624999024e-03
2.600000000000000000e+01 2.762453140624998842e-03
2.700000000000000000e+01 2.717095596093751283e-03
2.800000000000000000e+01 2.670673021093749721e-03
2.900000000000000000e+01 2.623253838281251575e-03
3.000000000000000000e+01 2.574896171093750408e-03
3.100000000000000000e+01 2.525670044531250040e-03
3.200000000000000000e+01 2.475640601562501507e-03
3.300000000000000000e+01 2.424864749218748772e-03
3.400000000000000000e+01 2.373421739843750624e-03
3.500000000000000000e+01 2.321371833593749608e-03
3.600000000000000000e+01 2.268782418749999523e-03
3.700000000000000000e+01 2.215728551562500242e-03
3.800000000000000000e+01 2.162273661718749386e-03
3.900000000000000000e+01 2.108487956249999792e-03
4.000000000000000000e+01 2.054444303124998948e-03
4.100000000000000000e+01 2.000213309375000695e-03
4.200000000000000000e+01 1.945854319218750508e-03
4.300000000000000000e+01 1.891451664843749655e-03
4.400000000000000000e+01 1.837062985937499377e-03
4.500000000000000000e+01 1.782767574999999860e-03
4.600000000000000000e+01 1.728629055468750442e-03
4.700000000000000000e+01 1.674713471875000212e-03
4.800000000000000000e+01 1.621095685156249359e-03
4.900000000000000000e+01 1.567834799218750580e-03
5.000000000000000000e+01 1.515003767968749367e-03
5.100000000000000000e+01 1.462663391406249106e-03
5.200000000000000000e+01 1.410880457031250292e-03
5.300000000000000000e+01 1.359718013281250876e-03
5.400000000000000000e+01 1.309237096874999546e-03
5.500000000000000000e+01 1.259505548437500665e-03
5.600000000000000000e+01 1.210571505468750753e-03
5.700000000000000000e+01 1.162498058125000346e-03
5.800000000000000000e+01 1.115348281562499608e-03
5.900000000000000000e+01 1.069175491093749550e-03
6.000000000000000000e+01 1.024022587578125344e-03
6.100000000000000000e+01 9.799578543281254380e-04
6.200000000000000000e+01 9.370168608593754719e-04
6.300000000000000000e+01 8.952545902343745634e-04
6.400000000000000000e+01 8.547168438281249354e-04
6.500000000000000000e+01 8.154527648437498964e-04
6.600000000000000000e+01 7.774949354687496570e-04
6.700000000000000000e+01 7.408889082812501097e-04
6.800000000000000000e+01 7.056745369531250769e-04
6.900000000000000000e+01 6.718875578124995597e-04
7.000000000000000000e+01 6.395533085937502244e-04
7.100000000000000000e+01 6.087159140625001850e-04
7.200000000000000000e+01 5.793961906249998689e-04
7.300000000000000000e+01 5.516247999999998554e-04
7.400000000000000000e+01 5.254220734374997863e-04
7.500000000000000000e+01 5.008144953125000329e-04
7.600000000000000000e+01 4.778176648437502667e-04
7.700000000000000000e+01 4.564516359374998417e-04
7.800000000000000000e+01 4.367296171093752234e-04
7.900000000000000000e+01 4.186628425781252559e-04
8.000000000000000000e+01 4.022628200000001575e-04
8.100000000000000000e+01 3.875358090859374574e-04
8.200000000000000000e+01 3.744854131250000061e-04
8.300000000000000000e+01 3.631176085937500345e-04
8.400000000000000000e+01 3.534261296875002142e-04
8.500000000000000000e+01 3.454147406250001272e-04
8.600000000000000000e+01 3.390713046874999819e-04
8.700000000000000000e+01 3.343932031250001591e-04
8.800000000000000000e+01 3.313678359374998858e-04
8.900000000000000000e+01 3.299839843750001882e-04
9.000000000000000000e+01 3.302264296875000236e-04
9.100000000000000000e+01 3.320769453125000954e-04
9.200000000000000000e+01 3.355167734374998683e-04
9.300000000000000000e+01 3.405264609374999865e-04
9.400000000000000000e+01 3.470753671875000980e-04
9.500000000000000000e+01 3.551433906250001040e-04
9.600000000000000000e+01 3.646974140624999259e-04
9.700000000000000000e+01 3.757122265624999861e-04
9.800000000000000000e+01 3.881514687500000694e-04
9.900000000000000000e+01 4.019825000000000091e-04
1.000000000000000000e+02 4.171680624999999547e-04
1.010000000000000000e+02 4.336696874999999341e-04
1.020000000000000000e+02 4.514481015624995856e-04
1.030000000000000000e+02 4.704632968750000724e-04
1.040000000000000000e+02 4.906673671874999931e-04
1.050000000000000000e+02 5.120201796874998719e-04
1.060000000000000000e+02 5.344736953125003289e-04
1.070000000000000000e+02 5.579780781249999485e-04
1.080000000000000000e+02 5.824864687499998681e-04
1.090000000000000000e+02 6.079516640624998882e-04
1.100000000000000000e+02 6.343173359375000589e-04
1.110000000000000000e+02 6.615315703124999497e-04
1.120000000000000000e+02 6.895425937500004659e-04
1.130000000000000000e+02 7.182998125000002653e-04
1.140000000000000000e+02 7.477376796875002387e-04
1.150000000000000000e+02 7.778107734375000080e-04
1.160000000000000000e+02 8.084592578124997347e-04
1.170000000000000000e+02 8.396264531250004128e-04
1.180000000000000000e+02 8.712558437500001309e-04
1.190000000000000000e+02 9.032934453125004157e-04
1.200000000000000000e+02 9.356675937499997400e-04
1.210000000000000000e+02 9.683371328125001424e-04
1.220000000000000000e+02 1.001238820312500000e-03
1.230000000000000000e+02 1.034312367187499712e-03
1.240000000000000000e+02 1.067502140625000697e-03
1.250000000000000000e+02 1.100754169531249944e-03
1.260000000000000000e+02 1.134009012499999792e-03
1.270000000000000000e+02 1.167209111718750351e-03
1.280000000000000000e+02 1.200305482812500735e-03
1.290000000000000000e+02 1.233237003124999049e-03
1.300000000000000000e+02 1.265949755468749995e-03
1.310000000000000000e+02 1.298398672656249798e-03
1.320000000000000000e+02 1.330524593749999717e-03
1.330000000000000000e+02 1.362281877343750726e-03
1.340000000000000000e+02 1.393614182031250150e-03
1.350000000000000000e+02 1.424481795312499246e-03
1.360000000000000000e+02 1.454834041406250509e-03
1.370000000000000000e+02 1.484624763281250630e-03
1.380000000000000000e+02 1.513814204687499634e-03
1.390000000000000000e+02 1.542357754687500053e-03
1.400000000000000000e+02 1.570215885156250185e-03
1.410000000000000000e+02 1.597348367968750692e-03
1.420000000000000000e+02 1.623722463281249920e-03
1.430000000000000000e+02 1.649300428124999022e-03
1.440000000000000000e+02 1.674055350781249564e-03
1.450000000000000000e+02 1.697952918749999658e-03
1.460000000000000000e+02 1.720959173437500026e-03
1.470000000000000000e+02 1.743062500781250536e-03
1.480000000000000000e+02 1.764228921093750164e-03
1.490000000000000000e+02 1.784442534374999344e-03
1.500000000000000000e+02 1.803683767968749943e-03
1.510000000000000000e+02 1.821929640624999356e-03
1.520000000000000000e+02 1.839176915624999957e-03
1.530000000000000000e+02 1.855410341406248586e-03
1.540000000000000000e+02 1.870615378124999796e-03
1.550000000000000000e+02 1.884791478124999906e-03
1.560000000000000000e+02 1.897936625781250844e-03
1.570000000000000000e+02 1.910049335937500726e-03
1.580000000000000000e+02 1.921128907031250267e-03
1.590000000000000000e+02 1.931180371093750136e-03
1.600000000000000000e+02 1.940210562500000509e-03
1.610000000000000000e+02 1.948231610937500163e-03
1.620000000000000000e+02 1.955253007812499891e-03
1.630000000000000000e+02 1.961286093749999536e-03
1.640000000000000000e+02 1.966357812499999747e-03
1.650000000000000000e+02 1.970477773437499802e-03
1.660000000000000000e+02 1.973678968749999468e-03
1.670000000000000000e+02 1.975976593749999635e-03
1.680000000000000000e+02 1.977403226562499203e-03
1.690000000000000000e+02 1.977984429687499462e-03
1.700000000000000000e+02 1.977752640625000686e-03
1.710000000000000000e+02 1.976747851562499821e-03
1.720000000000000000e+02 1.975000148437500332e-03
1.730000000000000000e+02 1.972551515625000067e-03
1.740000000000000000e+02 1.969440789062499621e-03
1.750000000000000000e+02 1.965714164062499613e-03
1.760000000000000000e+02 1.961410101562500400e-03
1.770000000000000000e+02 1.956582796875000127e-03
1.780000000000000000e+02 1.951273195312500010e-03
1.790000000000000000e+02 1.945523734375000048e-03
1.800000000000000000e+02 1.939402476562499759e-03
1.810000000000000000e+02 1.932954835937500176e-03
1.820000000000000000e+02 1.926230421875000124e-03
1.830000000000000000e+02 1.919294249999999643e-03
1.840000000000000000e+02 1.912188898437500390e-03
1.850000000000000000e+02 1.904978632812500414e-03
1.860000000000000000e+02 1.897717656250000025e-03
1.870000000000000000e+02 1.890472109374999972e-03
1.880000000000000000e+02 1.883290468750000541e-03
1.890000000000000000e+02 1.876242421875000182e-03
1.900000000000000000e+02 1.869373750000001035e-03
1.910000000000000000e+02 1.862760468749999300e-03
1.920000000000000000e+02 1.856451406249998983e-03
1.930000000000000000e+02 1.850506937499999749e-03
1.940000000000000000e+02 1.844993078125000243e-03
1.950000000000000000e+02 1.839956390625000675e-03
1.960000000000000000e+02 1.835475617187499933e-03
1.970000000000000000e+02 1.831586843749999837e-03
1.980000000000000000e+02 1.828359460937499861e-03
1.990000000000000000e+02 1.825842382812500062e-03
2.000000000000000000e+02 1.824102742187500448e-03
2.010000000000000000e+02 1.823172734375000121e-03
2.020000000000000000e+02 1.823122335937500194e-03
2.030000000000000000e+02 1.824006171875000538e-03
2.040000000000000000e+02 1.825856263281250367e-03
2.050000000000000000e+02 1.828728649218750325e-03
2.060000000000000000e+02 1.832668376562500119e-03
2.070000000000000000e+02 1.837722574218749773e-03
2.080000000000000000e+02 1.843931050781249473e-03
2.090000000000000000e+02 1.851332129687500126e-03
2.100000000000000000e+02 1.859960230468750116e-03
2.110000000000000000e+02 1.869853370312500596e-03
2.120000000000000000e+02 1.881041367187499987e-03
2.130000000000000000e+02 1.893561609375000315e-03
2.140000000000000000e+02 1.907428492187499382e-03
2.150000000000000000e+02 1.922678507812500097e-03
2.160000000000000000e+02 1.939328698437499821e-03
2.170000000000000000e+02 1.957394577343749519e-03
2.180000000000000000e+02 1.976899322656250520e-03
2.190000000000000000e+02 1.997845578906250023e-03
2.200000000000000000e+02 2.020246721874999728e-03
2.210000000000000000e+02 2.044120235625000379e-03
2.220000000000000000e+02 2.069456414609375378e-03
2.230000000000000000e+02 2.096262814843749111e-03
2.240000000000000000e+02 2.124534786718750012e-03
2.250000000000000000e+02 2.154267903124999772e-03
2.260000000000000000e+02 2.185456548437499525e-03
2.270000000000000000e+02 2.218081048437499890e-03
2.280000000000000000e+02 2.252138054687500071e-03
2.290000000000000000e+02 2.287602406249999911e-03
2.300000000000000000e+02 2.324460421874999759e-03
2.310000000000000000e+02 2.362674523437501180e-03
2.320000000000000000e+02 2.402237015624999333e-03
2.330000000000000000e+02 2.443103171874999764e-03
2.340000000000000000e+02 2.485252625000000399e-03
2.350000000000000000e+02 2.528642890624999747e-03
2.360000000000000000e+02 2.573238765624999858e-03
2.370000000000000000e+02 2.619004312500000566e-03
2.380000000000000000e+02 2.665887921875000413e-03
2.390000000000000000e+02 2.713860570312499280e-03
2.400000000000000000e+02 2.762853640625000540e-03
2.410000000000000000e+02 2.812836718750000471e-03
2.420000000000000000e+02 2.863755882812499265e-03
2.430000000000000000e+02 2.915550593749999513e-03
2.440000000000000000e+02 2.968168289062498959e-03
2.450000000000000000e+02 3.021554062500000047e-03
2.460000000000000000e+02 3.075647289062498693e-03
2.470000000000000000e+02 3.130393859375000393e-03
2.480000000000000000e+02 3.185726921875000218e-03
2.490000000000000000e+02 3.241590249999998057e-03
2.500000000000000000e+02 3.297909953125000709e-03
2.510000000000000000e+02 3.354631078125001106e-03
2.520000000000000000e+02 3.411687562500000191e-03
2.530000000000000000e+02 3.469007601562499980e-03
2.540000000000000000e+02 3.526534562499998842e-03
2.550000000000000000e+02 3.584197835937500114e-03
2.560000000000000000e+02 3.641916292187500140e-03
2.570000000000000000e+02 3.699649504687498123e-03
2.580000000000000000e+02 3.757304536718751413e-03
2.590000000000000000e+02 3.814832971874999087e-03
2.600000000000000000e+02 3.872160275000000127e-03
2.610000000000000000e+02 3.929220267187498450e-03
2.620000000000000000e+02 3.985955476562498025e-03
2.630000000000000000e+02 4.042293195312499435e-03
2.640000000000000000e+02 4.098167265624999209e-03
2.650000000000000000e+02 4.153522437500000407e-03
2.660000000000000000e+02 4.208297403124999260e-03
2.670000000000000000e+02 4.262414016406249583e-03
2.680000000000000000e+02 4.315831398437499147e-03
2.690000000000000000e+02 4.368487585937500667e-03
2.700000000000000000e+02 4.420320507812501402e-03
2.710000000000000000e+02 4.471284187499999750e-03
2.720000000000000000e+02 4.521314320312499850e-03
2.730000000000000000e+02 4.570367757812499043e-03
2.740000000000000000e+02 4.618375070312500698e-03
2.750000000000000000e+02 4.665323234375001044e-03
2.760000000000000000e+02 4.711125804687501563e-03
2.770000000000000000e+02 4.755771617187499675e-03
2.780000000000000000e+02 4.799203578124996809e-03
2.790000000000000000e+02 4.841387656249998735e-03
2.800000000000000000e+02 4.882281406249998519e-03
2.810000000000000000e+02 4.921846640625003252e-03
2.820000000000000000e+02 4.960073203125000933e-03
2.830000000000000000e+02 4.996891249999999701e-03
2.840000000000000000e+02 5.032307499999996887e-03
2.850000000000000000e+02 5.066258203125003495e-03
2.860000000000000000e+02 5.098755078124995142e-03
2.870000000000000000e+02 5.129756640625002771e-03
2.880000000000000000e+02 5.159235546875000876e-03
2.890000000000000000e+02 5.187204140625002909e-03
2.900000000000000000e+02 5.213594453124999542e-03
2.910000000000000000e+02 5.238468046875000006e-03
2.920000000000000000e+02 5.261766796874994996e-03
2.930000000000000000e+02 5.283451406249999559e-03
2.940000000000000000e+02 5.303595468749996641e-03
2.950000000000000000e+02 5.322139062500000871e-03
2.960000000000000000e+02 5.339060937500004350e-03
2.970000000000000000e+02 5.354422656249998094e-03
2.980000000000000000e+02 5.368189609374999019e-03
2.990000000000000000e+02 5.380347968749999224e-03
3.000000000000000000e+02 5.390910468750001114e-03
3.010000000000000000e+02 5.399901875000000760e-03
3.020000000000000000e+02 5.407337421875000986e-03
3.030000000000000000e+02 5.413174609374999009e-03
3.040000000000000000e+02 5.417461406249999070e-03
3.050000000000000000e+02 5.420204843750001805e-03
3.060000000000000000e+02 5.421427734375003013e-03
3.070000000000000000e+02 5.421139062500001000e-03
3.080000000000000000e+02 5.419329765624999670e-03
3.090000000000000000e+02 5.416030156249997812e-03
3.100000000000000000e+02 5.411249531250002243e-03
3.110000000000000000e+02 5.405025312499997167e-03
3.120000000000000000e+02 5.397383437500005363e-03
3.130000000000000000e+02 5.388311093750000613e-03
3.140000000000000000e+02 5.377824609374999044e-03
3.150000000000000000e+02 5.365981874999995772e-03
3.160000000000000000e+02 5.352792812499998151e-03
3.170000000000000000e+02 5.338241796874996191e-03
3.180000000000000000e+02 5.322397812500000852e-03
3.190000000000000000e+02 5.305284453125002318e-03
3.200000000000000000e+02 5.286880625000003886e-03
3.210000000000000000e+02 5.267256093750001360e-03
3.220000000000000000e+02 5.246393749999998107e-03
3.230000000000000000e+02 5.224344218750003044e-03
3.240000000000000000e+02 5.201133046874999687e-03
3.250000000000000000e+02 5.176762343750002972e-03
3.260000000000000000e+02 5.151273984374996930e-03
3.270000000000000000e+02 5.124708203125001582e-03
3.280000000000000000e+02 5.097084921874999071e-03
3.290000000000000000e+02 5.068384140624998188e-03
3.300000000000000000e+02 5.038705703124997555e-03
3.310000000000000000e+02 5.008051796875002959e-03
3.320000000000000000e+02 4.976436648437497154e-03
3.330000000000000000e+02 4.943896640624999804e-03
3.340000000000000000e+02 4.910451359374998215e-03
3.350000000000000000e+02 4.876142343750000663e-03
3.360000000000000000e+02 4.841028984374994536e-03
3.370000000000000000e+02 4.805117374999999177e-03
3.380000000000000000e+02 4.768440749999997529e-03
3.390000000000000000e+02 4.731044768750000511e-03
3.400000000000000000e+02 4.692966539062499304e-03
3.410000000000000000e+02 4.654222953124999458e-03
3.420000000000000000e+02 4.614907179687502414e-03
3.430000000000000000e+02 4.575017757812501785e-03
3.440000000000000000e+02 4.534591101562499005e-03
3.450000000000000000e+02 4.493746273437500792e-03
3.460000000000000000e+02 4.452444406249996163e-03
3.470000000000000000e+02 4.410810960937499095e-03
3.480000000000000000e+02 4.368836484375001987e-03
3.490000000000000000e+02 4.326651249999998936e-03
3.500000000000000000e+02 4.284255468749999587e-03
3.510000000000000000e+02 4.241738046874997912e-03
3.520000000000000000e+02 4.199170937499999839e-03
3.530000000000000000e+02 4.156618828124999943e-03
3.540000000000000000e+02 4.114156015625000315e-03
3.550000000000000000e+02 4.071880781249998665e-03
3.560000000000000000e+02 4.029888203125000026e-03
3.570000000000000000e+02 3.988221015624999685e-03
3.580000000000000000e+02 3.946985234375002122e-03
3.590000000000000000e+02 3.906298984375000671e-03
3.600000000000000000e+02 3.866264453125001395e-03
3.610000000000000000e+02 3.826959999999996875e-03
3.620000000000000000e+02 3.788548515625001119e-03
3.630000000000000000e+02 3.751112812500001330e-03
3.640000000000000000e+02 3.714749999999999736e-03
3.650000000000000000e+02 3.679653984374998358e-03
3.660000000000000000e+02 3.645937187499999604e-03
3.670000000000000000e+02 3.613723984375000892e-03
3.680000000000000000e+02 3.583162421874998890e-03
3.690000000000000000e+02 3.554403359375000061e-03
3.700000000000000000e+02 3.527611406249999727e-03
3.710000000000000000e+02 3.502945859375000345e-03
3.720000000000000000e+02 3.480566953124998673e-03
3.730000000000000000e+02 3.460642343750000571e-03
3.740000000000000000e+02 3.443356867187499608e-03
3.750000000000000000e+02 3.428879585937498302e-03
3.760000000000000000e+02 3.417399734375000265e-03
3.770000000000000000e+02 3.409082937499999418e-03
3.780000000000000000e+02 3.404125835937501978e-03
3.790000000000000000e+02 3.402719562500000801e-03
3.800000000000000000e+02 3.405047156249999072e-03
3.810000000000000000e+02 3.411291875781251228e-03
3.820000000000000000e+02 3.421636196874999411e-03
3.830000000000000000e+02 3.436265310937499252e-03
3.840000000000000000e+02 3.455368852343750161e-03
3.850000000000000000e+02 3.479105432812499513e-03
3.860000000000000000e+02 3.507660063281250150e-03
3.870000000000000000e+02 3.541187055156250121e-03
3.880000000000000000e+02 3.579854966953124277e-03
3.890000000000000000e+02 3.623810810156251859e-03
3.900000000000000000e+02 3.673188032031250889e-03
3.910000000000000000e+02 3.728119343750000911e-03
3.920000000000000000e+02 3.788732656249999605e-03
3.930000000000000000e+02 3.855122515624998750e-03
3.940000000000000000e+02 3.927399718749998575e-03
3.950000000000000000e+02 4.005625078124999162e-03
3.960000000000000000e+02 4.089866953125000093e-03
3.970000000000000000e+02 4.180173281249997819e-03
3.980000000000000000e+02 4.276553750000001118e-03
3.990000000000000000e+02 4.379011171875004174e-03
4.000000000000000000e+02 4.487499921874998909e-03
4.010000000000000000e+02 4.601996406250000345e-03
4.020000000000000000e+02 4.722379765624998803e-03
4.030000000000000000e+02 4.848541328124999876e-03
4.040000000000000000e+02 4.980318203125000398e-03
4.050000000000000000e+02 5.117472968750000871e-03
4.060000000000000000e+02 5.259774296874996855e-03
4.070000000000000000e+02 5.406870859374999366e-03
4.080000000000000000e+02 5.558458437500001133e-03
4.090000000000000000e+02 5.714048593750000772e-03
4.100000000000000000e+02 5.873185546874997928e-03
4.110000000000000000e+02 6.035331562500000253e-03
4.120000000000000000e+02 6.199835859374998141e-03
4.130000000000000000e+02 6.366052265624999942e-03
4.140000000000000000e+02 6.533200859374996804e-03
4.150000000000000000e+02 6.700496640624999459e-03
4.160000000000000000e+02 6.867085625000001609e-03
4.170000000000000000e+02 7.032127265625000290e-03
4.180000000000000000e+02 7.194644921875000855e-03
4.190000000000000000e+02 7.353673281249999659e-03
4.200000000000000000e+02 7.508259062499995397e-03
4.210000000000000000e+02 7.657457031250002912e-03
4.220000000000000000e+02 7.800323671875004049e-03
4.230000000000000000e+02 7.935993359375000805e-03
4.240000000000000000e+02 8.063614296875000476e-03
4.250000000000000000e+02 8.182444531249999375e-03
4.260000000000000000e+02 8.291721562499996395e-03
4.270000000000000000e+02 8.390940078125002505e-03
4.280000000000000000e+02 8.479608359375006774e-03
4.290000000000000000e+02 8.557405234375000877e-03
4.300000000000000000e+02 8.624124921874996852e-03
4.310000000000000000e+02 8.679777265625000793e-03
4.320000000000000000e+02 8.724372109374997977e-03
4.330000000000000000e+02 8.758216328125002087e-03
4.340000000000000000e+02 8.781645937499995419e-03
4.350000000000000000e+02 8.795188437499996958e-03
4.360000000000000000e+02 8.799479687500000313e-03
4.370000000000000000e+02 8.795226015625001031e-03
4.380000000000000000e+02 8.783310953124999834e-03
4.390000000000000000e+02 8.764605570312500316e-03
4.400000000000000000e+02 8.740165875000005871e-03
4.410000000000000000e+02 8.710978554062498436e-03
4.420000000000000000e+02 8.678115971874999016e-03
4.430000000000000000e+02 8.642647031249997211e-03
4.440000000000000000e+02 8.605654453124996633e-03
4.450000000000000000e+02 8.568303039062500834e-03
4.460000000000000000e+02 8.531572719531255178e-03
4.470000000000000000e+02 8.496571562500001076e-03
4.480000000000000000e+02 8.464234554687501827e-03
4.490000000000000000e+02 8.435621781250001242e-03
4.500000000000000000e+02 8.411631406249992990e-03
4.510000000000000000e+02 8.393082265625007726e-03
4.520000000000000000e+02 8.381021328125001779e-03
4.530000000000000000e+02 8.376150937500000115e-03
4.540000000000000000e+02 8.379261015625001988e-03
4.550000000000000000e+02 8.391152968749997568e-03
4.560000000000000000e+02 8.412499218750002852e-03
4.570000000000000000e+02 8.444020312500008507e-03
4.580000000000000000e+02 8.486344531250000420e-03
4.590000000000000000e+02 8.540112499999997012e-03
4.600000000000000000e+02 8.605789843749999529e-03
4.610000000000000000e+02 8.683942968750000407e-03
4.620000000000000000e+02 8.774974218750000374e-03
4.630000000000000000e+02 8.879270312499994502e-03
4.640000000000000000e+02 8.997141406249993881e-03
4.650000000000000000e+02 9.128671875000000935e-03
4.660000000000000000e+02 9.274042968749996591e-03
4.670000000000000000e+02 9.433077343749995264e-03
4.680000000000000000e+02 9.605692187500002380e-03
4.690000000000000000e+02 9.791401562500003097e-03
4.700000000000000000e+02 9.989718750000001202e-03
4.710000000000000000e+02 1.019992890625000433e-02
4.720000000000000000e+02 1.042102578124999741e-02
4.730000000000000000e+02 1.065199296874999764e-02
4.740000000000000000e+02 1.089138593749999599e-02
4.750000000000000000e+02 1.113774687499999826e-02
4.760000000000000000e+02 1.138933437499999556e-02
4.770000000000000000e+02 1.164427734375000738e-02
4.780000000000000000e+02 1.190065156249999964e-02
4.790000000000000000e+02 1.215617734374999787e-02
4.800000000000000000e+02 1.240889531249999948e-02
4.810000000000000000e+02 1.265654453125000453e-02
4.820000000000000000e+02 1.289715078125000004e-02
4.830000000000000000e+02 1.312875937499999486e-02
4.840000000000000000e+02 1.334980390624999382e-02
4.850000000000000000e+02 1.355906249999999820e-02
4.860000000000000000e+02 1.375583671874999747e-02
4.870000000000000000e+02 1.394003828124999560e-02
4.880000000000000000e+02 1.411255312499999984e-02
4.890000000000000000e+02 1.427525546874999600e-02
4.900000000000000000e+02 1.443127187499999853e-02
4.910000000000000000e+02 1.458537617187500093e-02
4.920000000000000000e+02 1.474421742187500065e-02
4.930000000000000000e+02 1.491667375000000142e-02
4.940000000000000000e+02 1.511437257812499671e-02
4.950000000000000000e+02 1.535190460937500487e-02
4.960000000000000000e+02 1.564769767968750974e-02
4.970000000000000000e+02 1.602446274999999934e-02
4.980000000000000000e+02 1.650992015624999643e-02
4.990000000000000000e+02 1.713751015625000415e-02
5.000000000000000000e+02 1.794762421874999611e-02
5.010000000000000000e+02 1.898823437500000294e-02
5.020000000000000000e+02 2.031670234374998926e-02
5.030000000000000000e+02 2.200072343750000131e-02
5.040000000000000000e+02 2.412043749999999431e-02
5.050000000000000000e+02 2.677021093750000386e-02
5.060000000000000000e+02 3.006112500000000104e-02
5.070000000000000000e+02 3.412342187499999707e-02
5.080000000000000000e+02 3.911034375000000535e-02
5.090000000000000000e+02 4.520135937499999979e-02
5.100000000000000000e+02 5.260700781250000901e-02
5.110000000000000000e+02 6.157408593750001574e-02
