0.000000000000000000e+00 2.596380078124999220e-03
1.000000000000000000e+00 2.594928359375000063e-03
2.000000000000000000e+00 2.592031093750000233e-03
3.000000000000000000e+00 2.587678593750000061e-03
4.000000000000000000e+00 2.581885781250001233e-03
5.000000000000000000e+00 2.574663203124999498e-03
6.000000000000000000e+00 2.566017265624999290e-03
7.000000000000000000e+00 2.555957812499999333e-03
8.000000000000000000e+00 2.544498437500000276e-03
9.000000000000000000e+00 2.531660781249999836e-03
1.000000000000000000e+01 2.517448906250000645e-03
1.100000000000000000e+01 2.501896171875000758e-03
1.200000000000000000e+01 2.485010781249999759e-03
1.300000000000000000e+01 2.466819765624999466e-03
1.400000000000000000e+01 2.447349687500000211e-03
1.500000000000000000e+01 2.426628828124999682e-03
1.600000000000000000e+01 2.404680703125000249e-03
1.700000000000000000e+01 2.381530390624999119e-03
1.800000000000000000e+01 2.357209062499999400e-03
1.900000000000000000e+01 2.331755312499998994e-03
2.000000000000000000e+01 2.305193828125000084e-03
2.100000000000000000e+01 2.277566953124999898e-03
2.200000000000000000e+01 2.248912578124999742e-03
2.300000000000000000e+01 2.219261015624999275e-03
2.400000000000000000e+01 2.188651796874998938e-03
2.500000000000000000e+01 2.157127812499999575e-03
2.600000000000000000e+01 2.124733593750000298e-03
2.700000000000000000e+01 2.091503281250000918e-03
2.800000000000000000e+01 2.057491171875000611e-03
2.900000000000000000e+01 2.022734140625000784e-03
3.000000000000000000e+01 1.987272343749998949e-03
3.100000000000000000e+01 1.951164609375000136e-03
3.200000000000000000e+01 1.914445976562499348e-03
3.300000000000000000e+01 1.877172976562499788e-03
3.400000000000000000e+01 1.839390945312500362e-03
3.500000000000000000e+01 1.801149218750000254e-03
3.600000000000000000e+01 1.762493921874998606e-03
3.700000000000000000e+01 1.723477914062500121e-03
3.800000000000000000e+01 1.684145781250000629e-03
3.900000000000000000e+01 1.644553703124999834e-03
4.000000000000000000e+01 1.604750179687500396e-03
4.100000000000000000e+01 1.564793898437498746e-03
4.200000000000000000e+01 1.524725999999999686e-03
4.300000000000000000e+01 1.484594046875000080e-03
4.400000000000000000e+01 1.444452929687500527e-03
4.500000000000000000e+01 1.404366078125000167e-03
4.600000000000000000e+01 1.364367648437500536e-03
4.700000000000000000e+01 1.324513101562499766e-03
4.800000000000000000e+01 1.284853523437499805e-03
4.900000000000000000e+01 1.245432531249999596e-03
5.000000000000000000e+01 1.206312679687499825e-03
5.100000000000000000e+01 1.167527632812500769e-03
5.200000000000000000e+01 1.129130445312499873e-03
5.300000000000000000e+01 1.091167445312500074e-03
5.400000000000000000e+01 1.053686898437500253e-03
5.500000000000000000e+01 1.016738757812500138e-03
5.600000000000000000e+01 9.803586171874998593e-04
5.700000000000000000e+01 9.445939140625000344e-04
5.800000000000000000e+01 9.094883218750001407e-04
5.900000000000000000e+01 8.750811984375001483e-04
6.000000000000000000e+01 8.414153695312500889e-04
6.100000000000000000e+01 8.085304125000002074e-04
6.200000000000000000e+01 7.764633874999998841e-04
6.300000000000000000e+01 7.452471257812502041e-04
6.400000000000000000e+01 7.149225796874998217e-04
6.500000000000000000e+01 6.855224689062501325e-04
6.600000000000000000e+01 6.570803753124999274e-04
6.700000000000000000e+01 6.296241009687499231e-04
6.800000000000000000e+01 6.031883158828122565e-04
6.900000000000000000e+01 5.777937604687503111e-04
7.000000000000000000e+01 5.534764189843750922e-04
7.100000000000000000e+01 5.302518921875005575e-04
7.200000000000000000e+01 5.081497648437500233e-04
7.300000000000000000e+01 4.871889609374999261e-04
7.400000000000000000e+01 4.673902007812501692e-04
7.500000000000000000e+01 4.487731703125000184e-04
7.600000000000000000e+01 4.313494359374999451e-04
7.700000000000000000e+01 4.151382992187501006e-04
7.800000000000000000e+01 4.001505164062500600e-04
7.900000000000000000e+01 3.863984695312500713e-04
8.000000000000000000e+01 3.738878210937497345e-04
8.100000000000000000e+01 3.626307468750001759e-04
8.200000000000000000e+01 3.526291000000000083e-04
8.300000000000000000e+01 3.438895679687498856e-04
8.400000000000000000e+01 3.364098750000001060e-04
8.500000000000000000e+01 3.301941406249999972e-04
8.600000000000000000e+01 3.252386593750001761e-04
8.700000000000000000e+01 3.215382546874999956e-04
8.800000000000000000e+01 3.190900570312500662e-04
8.900000000000000000e+01 3.178844765624999060e-04
9.000000000000000000e+01 3.179155156249999941e-04
9.100000000000000000e+01 3.191706093749998641e-04
9.200000000000000000e+01 3.216353281249999555e-04
9.300000000000000000e+01 3.252981718749998162e-04
9.400000000000000000e+01 3.301423515624997179e-04
9.500000000000000000e+01 3.361511249999999621e-04
9.600000000000000000e+01 3.433004843750000123e-04
9.700000000000000000e+01 3.515748828124999202e-04
9.800000000000000000e+01 3.609502734374999289e-04
9.900000000000000000e+01 3.714033437500001119e-04
1.000000000000000000e+02 3.829092343750000013e-04
1.010000000000000000e+02 3.954359140624998689e-04
1.020000000000000000e+02 4.089597265625001857e-04
1.030000000000000000e+02 4.234507500000000047e-04
1.040000000000000000e+02 4.388782734375000949e-04
1.050000000000000000e+02 4.552089765625000513e-04
1.060000000000000000e+02 4.724110078125000507e-04
1.070000000000000000e+02 4.904479531250000154e-04
1.080000000000000000e+02 5.092865468749999992e-04
1.090000000000000000e+02 5.288870937499996457e-04
1.100000000000000000e+02 5.492151093749997586e-04
1.110000000000000000e+02 5.702308437499997934e-04
1.120000000000000000e+02 5.918981874999997830e-04
1.130000000000000000e+02 6.141698671875002154e-04
1.140000000000000000e+02 6.370144609374997404e-04
1.150000000000000000e+02 6.603860234375004239e-04
1.160000000000000000e+02 6.842418906249995688e-04
1.170000000000000000e+02 7.085434531249996080e-04
1.180000000000000000e+02 7.332440468750000585e-04
1.190000000000000000e+02 7.583026015625002033e-04
1.200000000000000000e+02 7.836775781250001141e-04
1.210000000000000000e+02 8.093250156250000535e-04
1.220000000000000000e+02 8.352008828124998872e-04
1.230000000000000000e+02 8.612645312500001940e-04
1.240000000000000000e+02 8.874677500000001124e-04
1.250000000000000000e+02 9.137666093749999968e-04
1.260000000000000000e+02 9.401260312500000962e-04
1.270000000000000000e+02 9.664983437500001325e-04
1.280000000000000000e+02 9.928358828125004743e-04
1.290000000000000000e+02 1.019108625000000011e-03
1.300000000000000000e+02 1.045267109375000057e-03
1.310000000000000000e+02 1.071274601562499564e-03
1.320000000000000000e+02 1.097088828124999317e-03
1.330000000000000000e+02 1.122666320312499426e-03
1.340000000000000000e+02 1.147976617187500097e-03
1.350000000000000000e+02 1.172981406249999376e-03
1.360000000000000000e+02 1.197641492187499030e-03
1.370000000000000000e+02 1.221915007812500280e-03
1.380000000000000000e+02 1.245777203125000105e-03
1.390000000000000000e+02 1.269184664062499674e-03
1.400000000000000000e+02 1.292125890625000053e-03
1.410000000000000000e+02 1.314540812500000332e-03
1.420000000000000000e+02 1.336423882812500614e-03
1.430000000000000000e+02 1.357734164062500111e-03
1.440000000000000000e+02 1.378449539062500491e-03
1.450000000000000000e+02 1.398548460937499216e-03
1.460000000000000000e+02 1.418001703124999310e-03
1.470000000000000000e+02 1.436786062500001061e-03
1.480000000000000000e+02 1.454892015625000807e-03
1.490000000000000000e+02 1.472291257812500219e-03
1.500000000000000000e+02 1.488965429687500288e-03
1.510000000000000000e+02 1.504911375000000506e-03
1.520000000000000000e+02 1.520107390625000370e-03
1.530000000000000000e+02 1.534538093749999521e-03
1.540000000000000000e+02 1.548200531250000815e-03
1.550000000000000000e+02 1.561094648437499725e-03
1.560000000000000000e+02 1.573204804687499498e-03
1.570000000000000000e+02 1.584530476562500843e-03
1.580000000000000000e+02 1.595068656249999705e-03
1.590000000000000000e+02 1.604822492187499847e-03
1.600000000000000000e+02 1.613797078125000324e-03
1.610000000000000000e+02 1.621989398437500771e-03
1.620000000000000000e+02 1.629416273437500140e-03
1.630000000000000000e+02 1.636082710937500134e-03
1.640000000000000000e+02 1.641994960937500280e-03
1.650000000000000000e+02 1.647167648437501556e-03
1.660000000000000000e+02 1.651621984374999517e-03
1.670000000000000000e+02 1.655368937499999233e-03
1.680000000000000000e+02 1.658431773437500601e-03
1.690000000000000000e+02 1.660823460937500048e-03
1.700000000000000000e+02 1.662576835937500455e-03
1.710000000000000000e+02 1.663703812499999889e-03
1.720000000000000000e+02 1.664246679687500161e-03
1.730000000000000000e+02 1.664223828124999829e-03
1.740000000000000000e+02 1.663667874999999723e-03
1.750000000000000000e+02 1.662606304687499906e-03
1.760000000000000000e+02 1.661079234374999861e-03
1.770000000000000000e+02 1.659116749999999365e-03
1.780000000000000000e+02 1.656757570312499721e-03
1.790000000000000000e+02 1.654043492187499964e-03
1.800000000000000000e+02 1.651005656249999965e-03
1.810000000000000000e+02 1.647694429687500536e-03
1.820000000000000000e+02 1.644145890624999816e-03
1.830000000000000000e+02 1.640401968749999372e-03
1.840000000000000000e+02 1.636507062499999469e-03
1.850000000000000000e+02 1.632517328124999606e-03
1.860000000000000000e+02 1.628471523437499983e-03
1.870000000000000000e+02 1.624412265625000502e-03
1.880000000000000000e+02 1.620397882812499735e-03
1.890000000000000000e+02 1.616467562499999391e-03
1.900000000000000000e+02 1.612683007812500385e-03
1.910000000000000000e+02 1.609075522656250052e-03
1.920000000000000000e+02 1.605719008593750738e-03
1.930000000000000000e+02 1.602641339062499783e-03
1.940000000000000000e+02 1.599906762499999887e-03
1.950000000000000000e+02 1.597564491406250212e-03
1.960000000000000000e+02 1.595661764062499856e-03
1.970000000000000000e+02 1.594255830468749476e-03
1.980000000000000000e+02 1.593393266406250381e-03
1.990000000000000000e+02 1.593124203906249540e-03
2.000000000000000000e+02 1.593498203124999943e-03
2.010000000000000000e+02 1.594561648437499857e-03
2.020000000000000000e+02 1.596370179687500506e-03
2.030000000000000000e+02 1.598969046874999756e-03
2.040000000000000000e+02 1.602403218749999742e-03
2.050000000000000000e+02 1.606715437499999866e-03
2.060000000000000000e+02 1.611961156250000214e-03
2.070000000000000000e+02 1.618172039062500383e-03
2.080000000000000000e+02 1.625396976562499575e-03
2.090000000000000000e+02 1.633677265625000123e-03
2.100000000000000000e+02 1.643046406249999789e-03
2.110000000000000000e+02 1.653549218749999702e-03
2.120000000000000000e+02 1.665215859374999819e-03
2.130000000000000000e+02 1.678088828125000103e-03
2.140000000000000000e+02 1.692187343750000414e-03
2.150000000000000000e+02 1.707550546874999882e-03
2.160000000000000000e+02 1.724206054687499800e-03
2.170000000000000000e+02 1.742180875000000481e-03
2.180000000000000000e+02 1.761494421875000162e-03
2.190000000000000000e+02 1.782170429687500012e-03
2.200000000000000000e+02 1.804227781250000067e-03
2.210000000000000000e+02 1.827685804687499693e-03
2.220000000000000000e+02 1.852554679687499388e-03
2.230000000000000000e+02 1.878845203124999974e-03
2.240000000000000000e+02 1.906571148437499405e-03
2.250000000000000000e+02 1.935734726562499770e-03
2.260000000000000000e+02 1.966341992187500051e-03
2.270000000000000000e+02 1.998389757812499973e-03
2.280000000000000000e+02 2.031886398437500116e-03
2.290000000000000000e+02 2.066812062500000303e-03
2.300000000000000000e+02 2.103176406249999790e-03
2.310000000000000000e+02 2.140946710937501052e-03
2.320000000000000000e+02 2.180128390624999288e-03
2.330000000000000000e+02 2.220705914062499637e-03
2.340000000000000000e+02 2.262646046874998776e-03
2.350000000000000000e+02 2.305939992187500901e-03
2.360000000000000000e+02 2.350559624999999566e-03
2.370000000000000000e+02 2.396472242187499407e-03
2.380000000000000000e+02 2.443645960937500076e-03
2.390000000000000000e+02 2.492072867187499884e-03
2.400000000000000000e+02 2.541686109374999974e-03
2.410000000000000000e+02 2.592462218750000123e-03
2.420000000000000000e+02 2.644360585937500889e-03
2.430000000000000000e+02 2.697328101562498567e-03
2.440000000000000000e+02 2.751334843749999801e-03
2.450000000000000000e+02 2.806324953125001465e-03
2.460000000000000000e+02 2.862240671874999483e-03
2.470000000000000000e+02 2.919045257812502136e-03
2.480000000000000000e+02 2.976667007812499027e-03
2.490000000000000000e+02 3.035065249999999420e-03
2.500000000000000000e+02 3.094169632812499796e-03
2.510000000000000000e+02 3.153925000000000999e-03
2.520000000000000000e+02 3.214262843750000272e-03
2.530000000000000000e+02 3.275125867187499151e-03
2.540000000000000000e+02 3.336446968749999346e-03
2.550000000000000000e+02 3.398157695312500459e-03
2.560000000000000000e+02 3.460179203125001053e-03
2.570000000000000000e+02 3.522462632812501260e-03
2.580000000000000000e+02 3.584927828125000337e-03
2.590000000000000000e+02 3.647499078125002354e-03
2.600000000000000000e+02 3.710101023437501009e-03
2.610000000000000000e+02 3.772676078125000807e-03
2.620000000000000000e+02 3.835136640625002105e-03
2.630000000000000000e+02 3.897410312500001160e-03
2.640000000000000000e+02 3.959427812499998443e-03
2.650000000000000000e+02 4.021108515625000830e-03
2.660000000000000000e+02 4.082380390625002867e-03
2.670000000000000000e+02 4.143171015624998003e-03
2.680000000000000000e+02 4.203400312500001935e-03
2.690000000000000000e+02 4.262997890625000105e-03
2.700000000000000000e+02 4.321887968750001176e-03
2.710000000000000000e+02 4.380002109374999536e-03
2.720000000000000000e+02 4.437265546874999411e-03
2.730000000000000000e+02 4.493606093749999766e-03
2.740000000000000000e+02 4.548949687499998819e-03
2.750000000000000000e+02 4.603237109374999983e-03
2.760000000000000000e+02 4.656395390625000900e-03
2.770000000000000000e+02 4.708350156249999086e-03
2.780000000000000000e+02 4.759046250000001886e-03
2.790000000000000000e+02 4.808417656249999381e-03
2.800000000000000000e+02 4.856400546875000446e-03
2.810000000000000000e+02 4.902934765625002050e-03
2.820000000000000000e+02 4.947969609375000959e-03
2.830000000000000000e+02 4.991438437500000588e-03
2.840000000000000000e+02 5.033294765624997218e-03
2.850000000000000000e+02 5.073485859375001690e-03
2.860000000000000000e+02 5.111952187499999370e-03
2.870000000000000000e+02 5.148667343750001554e-03
2.880000000000000000e+02 5.183562343749999884e-03
2.890000000000000000e+02 5.216618984375002641e-03
2.900000000000000000e+02 5.247764375000001785e-03
2.910000000000000000e+02 5.277027265625000400e-03
2.920000000000000000e+02 5.304276171874997003e-03
2.930000000000000000e+02 5.329564843750000599e-03
2.940000000000000000e+02 5.352823515625001506e-03
2.950000000000000000e+02 5.374055703125000909e-03
2.960000000000000000e+02 5.393184140624996542e-03
2.970000000000000000e+02 5.410235625000000756e-03
2.980000000000000000e+02 5.425191328124997873e-03
2.990000000000000000e+02 5.438006484374998881e-03
3.000000000000000000e+02 5.448701796874998518e-03
3.010000000000000000e+02 5.457258984374998602e-03
3.020000000000000000e+02 5.463672656249995464e-03
3.030000000000000000e+02 5.467920625000002519e-03
3.040000000000000000e+02 5.470032734374998852e-03
3.050000000000000000e+02 5.469983593750003467e-03
3.060000000000000000e+02 5.467839843749999068e-03
3.070000000000000000e+02 5.463516640624999955e-03
3.080000000000000000e+02 5.457094140625000367e-03
3.090000000000000000e+02 5.448581953124999148e-03
3.100000000000000000e+02 5.437962578124999440e-03
3.110000000000000000e+02 5.425287968750002084e-03
3.120000000000000000e+02 5.410585898437503954e-03
3.130000000000000000e+02 5.393858289062496668e-03
3.140000000000000000e+02 5.375147570312501476e-03
3.150000000000000000e+02 5.354445515625000374e-03
3.160000000000000000e+02 5.331885851562497350e-03
3.170000000000000000e+02 5.307418898437500990e-03
3.180000000000000000e+02 5.281091312499998879e-03
3.190000000000000000e+02 5.252951664062500796e-03
3.200000000000000000e+02 5.223088836718746235e-03
3.210000000000000000e+02 5.191460890625006208e-03
3.220000000000000000e+02 5.158234281249999241e-03
3.230000000000000000e+02 5.123343281250004010e-03
3.240000000000000000e+02 5.086873867187500196e-03
3.250000000000000000e+02 5.048932248437499638e-03
3.260000000000000000e+02 5.009536265624999624e-03
3.270000000000000000e+02 4.968744273437502440e-03
3.280000000000000000e+02 4.926603742187499711e-03
3.290000000000000000e+02 4.883198164062502351e-03
3.300000000000000000e+02 4.838578343750000316e-03
3.310000000000000000e+02 4.792848906249999250e-03
3.320000000000000000e+02 4.746017343749999763e-03
3.330000000000000000e+02 4.698187500000003576e-03
3.340000000000000000e+02 4.649420703124998791e-03
3.350000000000000000e+02 4.599810312499998284e-03
3.360000000000000000e+02 4.549417890625000009e-03
3.370000000000000000e+02 4.498305625000001591e-03
3.380000000000000000e+02 4.446571249999999725e-03
3.390000000000000000e+02 4.394273515624998183e-03
3.400000000000000000e+02 4.341523124999998109e-03
3.410000000000000000e+02 4.288399062499997395e-03
3.420000000000000000e+02 4.234942812499999792e-03
3.430000000000000000e+02 4.181279140624999044e-03
3.440000000000000000e+02 4.127533593750001492e-03
3.450000000000000000e+02 4.073692031249999401e-03
3.460000000000000000e+02 4.019941562499997935e-03
3.470000000000000000e+02 3.966307265624999072e-03
3.480000000000000000e+02 3.912925078124999782e-03
3.490000000000000000e+02 3.859903437499998934e-03
3.500000000000000000e+02 3.807288437499999588e-03
3.510000000000000000e+02 3.755225078124998714e-03
3.520000000000000000e+02 3.703792187499999489e-03
3.530000000000000000e+02 3.653111796874999265e-03
3.540000000000000000e+02 3.603280312500000207e-03
3.550000000000000000e+02 3.554390546875001167e-03
3.560000000000000000e+02 3.506570859375002236e-03
3.570000000000000000e+02 3.459934921875001696e-03
3.580000000000000000e+02 3.414585859374999477e-03
3.590000000000000000e+02 3.370644375000001434e-03
3.600000000000000000e+02 3.328226796874999682e-03
3.610000000000000000e+02 3.287447343749999584e-03
3.620000000000000000e+02 3.248436640625001343e-03
3.630000000000000000e+02 3.211312421875001100e-03
3.640000000000000000e+02 3.176201484374999336e-03
3.650000000000000000e+02 3.143228281249999066e-03
3.660000000000000000e+02 3.112526718749999196e-03
3.670000000000000000e+02 3.084228125000000858e-03
3.680000000000000000e+02 3.058446250000000990e-03
3.690000000000000000e+02 3.035336250000000326e-03
3.700000000000000000e+02 3.015028749999999931e-03
3.710000000000000000e+02 2.997636640624999366e-03
3.720000000000000000e+02 2.983319085937498338e-03
3.730000000000000000e+02 2.972197499999999076e-03
3.740000000000000000e+02 2.964417398437498713e-03
3.750000000000000000e+02 2.960107234375001194e-03
3.760000000000000000e+02 2.959387342968748408e-03
3.770000000000000000e+02 2.962410542968749345e-03
3.780000000000000000e+02 2.969300711328124245e-03
3.790000000000000000e+02 2.980180228906249666e-03
3.800000000000000000e+02 2.995183750000001126e-03
3.810000000000000000e+02 3.014419664062499386e-03
3.820000000000000000e+02 3.038015755468749003e-03
3.830000000000000000e+02 3.066103773437499954e-03
3.840000000000000000e+02 3.098754589843749369e-03
3.850000000000000000e+02 3.136078171874999519e-03
3.860000000000000000e+02 3.178183789062501326e-03
3.870000000000000000e+02 3.225174070312498368e-03
3.880000000000000000e+02 3.277097859374999197e-03
3.890000000000000000e+02 3.334038092968749992e-03
3.900000000000000000e+02 3.396068210156249958e-03
3.910000000000000000e+02 3.463225992187500026e-03
3.920000000000000000e+02 3.535560343750000344e-03
3.930000000000000000e+02 3.613126406249999711e-03
3.940000000000000000e+02 3.695884843749999531e-03
3.950000000000000000e+02 3.783892031249998754e-03
3.960000000000000000e+02 3.877143203125000756e-03
3.970000000000000000e+02 3.975596250000001247e-03
3.980000000000000000e+02 4.079185624999998733e-03
3.990000000000000000e+02 4.187912343749999183e-03
4.000000000000000000e+02 4.301650312500001315e-03
4.010000000000000000e+02 4.420334140624997479e-03
4.020000000000000000e+02 4.543851718750000282e-03
4.030000000000000000e+02 4.672046406249998930e-03
4.040000000000000000e+02 4.804771562500001654e-03
4.050000000000000000e+02 4.941833593749999330e-03
4.060000000000000000e+02 5.083010156250001438e-03
4.070000000000000000e+02 5.228041406250000765e-03
4.080000000000000000e+02 5.376678125000003590e-03
4.090000000000000000e+02 5.528550781249996250e-03
4.100000000000000000e+02 5.683365625000000657e-03
4.110000000000000000e+02 5.840694531249996692e-03
4.120000000000000000e+02 6.000119531249999659e-03
4.130000000000000000e+02 6.161169531250001649e-03
4.140000000000000000e+02 6.323331250000003081e-03
4.150000000000000000e+02 6.486049999999998414e-03
4.160000000000000000e+02 6.648774999999997395e-03
4.170000000000000000e+02 6.810807578125000449e-03
4.180000000000000000e+02 6.971560468749997061e-03
4.190000000000000000e+02 7.130339921874995907e-03
4.200000000000000000e+02 7.286426640624995253e-03
4.210000000000000000e+02 7.439181484374996281e-03
4.220000000000000000e+02 7.587747890625000553e-03
4.230000000000000000e+02 7.731561796874995320e-03
4.240000000000000000e+02 7.869851484374997333e-03
4.250000000000000000e+02 8.001977968749993814e-03
4.260000000000000000e+02 8.127326953125003223e-03
4.270000000000000000e+02 8.245278828125000847e-03
4.280000000000000000e+02 8.355427031249995987e-03
4.290000000000000000e+02 8.457282499999997996e-03
4.300000000000000000e+02 8.550588671874999672e-03
4.310000000000000000e+02 8.635023703125003017e-03
4.320000000000000000e+02 8.710560968749997759e-03
4.330000000000000000e+02 8.777159453125000718e-03
4.340000000000000000e+02 8.834904568749997814e-03
4.350000000000000000e+02 8.884114712500003688e-03
4.360000000000000000e+02 8.925117765624991997e-03
4.370000000000000000e+02 8.958414924218749756e-03
4.380000000000000000e+02 8.984661985156253139e-03
4.390000000000000000e+02 9.004491531249995268e-03
4.400000000000000000e+02 9.018745421875001833e-03
4.410000000000000000e+02 9.028369210937498002e-03
4.420000000000000000e+02 9.034342578125001758e-03
4.430000000000000000e+02 9.037618203124996724e-03
4.440000000000000000e+02 9.039376484375005391e-03
4.450000000000000000e+02 9.040618124999996730e-03
4.460000000000000000e+02 9.042593984375001462e-03
4.470000000000000000e+02 9.046313749999992937e-03
4.480000000000000000e+02 9.052930624999998635e-03
4.490000000000000000e+02 9.063521093749998814e-03
4.500000000000000000e+02 9.079067187499997860e-03
4.510000000000000000e+02 9.100649218749994399e-03
4.520000000000000000e+02 9.129138281250000903e-03
4.530000000000000000e+02 9.165476562500001964e-03
4.540000000000000000e+02 9.210389062499995880e-03
4.550000000000000000e+02 9.264661718750000913e-03
4.560000000000000000e+02 9.329023437499996824e-03
4.570000000000000000e+02 9.403992187500003277e-03
4.580000000000000000e+02 9.490122656250005867e-03
4.590000000000000000e+02 9.587885156249998167e-03
4.600000000000000000e+02 9.697657812499997990e-03
4.610000000000000000e+02 9.819721875000001279e-03
4.620000000000000000e+02 9.954274218749992881e-03
4.630000000000000000e+02 1.010157890625000381e-02
4.640000000000000000e+02 1.026152265625000434e-02
4.650000000000000000e+02 1.043422109375000302e-02
4.660000000000000000e+02 1.061951015624999252e-02
4.670000000000000000e+02 1.081713828124999423e-02
4.680000000000000000e+02 1.102686250000000506e-02
4.690000000000000000e+02 1.124823750000000268e-02
4.700000000000000000e+02 1.148083984375000005e-02
4.710000000000000000e+02 1.172388671874999636e-02
4.720000000000000000e+02 1.197692109375000230e-02
4.730000000000000000e+02 1.223894140624999342e-02
4.740000000000000000e+02 1.250921484374999983e-02
4.750000000000000000e+02 1.278684374999999006e-02
4.760000000000000000e+02 1.307077031249999875e-02
4.770000000000000000e+02 1.336009531249999875e-02
4.780000000000000000e+02 1.365389921874999787e-02
4.790000000000000000e+02 1.395117265624999311e-02
4.800000000000000000e+02 1.425134062500000610e-02
4.810000000000000000e+02 1.455370312499999590e-02
4.820000000000000000e+02 1.485808593749999434e-02
4.830000000000000000e+02 1.516436953125000105e-02
4.840000000000000000e+02 1.547317890624999928e-02
4.850000000000000000e+02 1.578557109375000947e-02
4.860000000000000000e+02 1.610326796874999439e-02
4.870000000000000000e+02 1.642902421875000116e-02
4.880000000000000000e+02 1.676643593749999744e-02
4.890000000000000000e+02 1.712054921874998914e-02
4.900000000000000000e+02 1.749775523437500577e-02
4.910000000000000000e+02 1.790633718749999256e-02
4.920000000000000000e+02 1.835643976562498919e-02
4.930000000000000000e+02 1.886069992187500155e-02
4.940000000000000000e+02 1.943458792968748988e-02
4.950000000000000000e+02 2.009653516406250881e-02
4.960000000000000000e+02 2.086889269531249508e-02
4.970000000000000000e+02 2.177810156250000947e-02
4.980000000000000000e+02 2.285552835937500540e-02
4.990000000000000000e+02 2.413807421875001705e-02
5.000000000000000000e+02 2.566904687500000740e-02
5.010000000000000000e+02 2.749901874999999621e-02
5.020000000000000000e+02 2.968691328125001166e-02
5.030000000000000000e+02 3.230121484374998825e-02
5.040000000000000000e+02 3.542125781249999550e-02
5.050000000000000000e+02 3.913879687499999954e-02
5.060000000000000000e+02 4.355996093750000991e-02
5.070000000000000000e+02 4.880711718749999872e-02
5.080000000000000000e+02 5.502161718750002428e-02
5.090000000000000000e+02 6.236592968750000882e-02
5.100000000000000000e+02 7.102770312500000793e-02
5.110000000000000000e+02 8.122307031249999254e-02
