0.000000000000000000e+00 3.157739452343748948e-03
1.000000000000000000e+00 3.155577488281248455e-03
2.000000000000000000e+00 3.151252803906250816e-03
3.000000000000000000e+00 3.144786621875001256e-03
4.000000000000000000e+00 3.136168074218750879e-03
5.000000000000000000e+00 3.125429852343751449e-03
6.000000000000000000e+00 3.112576542187501637e-03
7.000000000000000000e+00 3.097632197656247609e-03
8.000000000000000000e+00 3.080616728124999960e-03
9.000000000000000000e+00 3.061562670312498527e-03
1.000000000000000000e+01 3.040492082812500888e-03
1.100000000000000000e+01 3.017444250000001372e-03
1.200000000000000000e+01 2.992449396093747101e-03
1.300000000000000000e+01 2.965545477343751318e-03
1.400000000000000000e+01 2.936780411718748884e-03
1.500000000000000000e+01 2.906197999218748228e-03
1.600000000000000000e+01 2.873832117968750429e-03
1.700000000000000000e+01 2.839744553906251977e-03
1.800000000000000000e+01 2.803989885937497196e-03
1.900000000000000000e+01 2.766617806250001518e-03
2.000000000000000000e+01 2.727684852343750018e-03
2.100000000000000000e+01 2.687252335156249325e-03
2.200000000000000000e+01 2.645383517968751940e-03
2.300000000000000000e+01 2.602141589843749454e-03
2.400000000000000000e+01 2.557588572656251374e-03
2.500000000000000000e+01 2.511791998437500409e-03
2.600000000000000000e+01 2.464828892187499298e-03
2.700000000000000000e+01 2.416771175781250083e-03
2.800000000000000000e+01 2.367680729687501005e-03
2.900000000000000000e+01 2.317641364062498956e-03
3.000000000000000000e+01 2.266724892968748767e-03
3.100000000000000000e+01 2.215016839843749873e-03
3.200000000000000000e+01 2.162584178906251740e-03
3.300000000000000000e+01 2.109515795312500060e-03
3.400000000000000000e+01 2.055877787499999897e-03
3.500000000000000000e+01 2.001755142968748846e-03
3.600000000000000000e+01 1.947236765625001090e-03
3.700000000000000000e+01 1.892407911718749789e-03
3.800000000000000000e+01 1.837334905468749604e-03
3.900000000000000000e+01 1.782110753906250523e-03
4.000000000000000000e+01 1.726816897656250705e-03
4.100000000000000000e+01 1.671531008593750900e-03
4.200000000000000000e+01 1.616342683593749528e-03
4.300000000000000000e+01 1.561323227343749823e-03
4.400000000000000000e+01 1.506562046874999460e-03
4.500000000000000000e+01 1.452135460937500856e-03
4.600000000000000000e+01 1.398125601562500179e-03
4.700000000000000000e+01 1.344615492187499700e-03
4.800000000000000000e+01 1.291666640625000221e-03
4.900000000000000000e+01 1.239373117187499932e-03
5.000000000000000000e+01 1.187807132812500072e-03
5.100000000000000000e+01 1.137040226562500500e-03
5.200000000000000000e+01 1.087147006249999113e-03
5.300000000000000000e+01 1.038206516406250078e-03
5.400000000000000000e+01 9.902700906250002516e-04
5.500000000000000000e+01 9.434214929687500823e-04
5.600000000000000000e+01 8.977281664062498716e-04
5.700000000000000000e+01 8.532413773437504557e-04
5.800000000000000000e+01 8.100353523437500616e-04
5.900000000000000000e+01 7.681694093750001230e-04
6.000000000000000000e+01 7.276941718750005355e-04
6.100000000000000000e+01 6.886753367187499171e-04
6.200000000000000000e+01 6.511579828125000843e-04
6.300000000000000000e+01 6.151983359374997833e-04
6.400000000000000000e+01 5.808453242187500186e-04
6.500000000000000000e+01 5.481390843749999386e-04
6.600000000000000000e+01 5.171285226562500389e-04
6.700000000000000000e+01 4.878554289062496927e-04
6.800000000000000000e+01 4.603516718750003079e-04
6.900000000000000000e+01 4.346569226562501829e-04
7.000000000000000000e+01 4.108045945312499884e-04
7.100000000000000000e+01 3.888165078124995147e-04
7.200000000000000000e+01 3.687284101562500254e-04
7.300000000000000000e+01 3.505571718750001651e-04
7.400000000000000000e+01 3.343283218750000706e-04
7.500000000000000000e+01 3.200556929687499528e-04
7.600000000000000000e+01 3.077545617187499999e-04
7.700000000000000000e+01 2.974363187500000168e-04
7.800000000000000000e+01 2.891086078125002521e-04
7.900000000000000000e+01 2.827774023437500117e-04
8.000000000000000000e+01 2.784440859375000420e-04
8.100000000000000000e+01 2.761097265624999652e-04
8.200000000000000000e+01 2.757679765625000324e-04
8.300000000000000000e+01 2.774147187499999170e-04
8.400000000000000000e+01 2.810362265625000679e-04
8.500000000000000000e+01 2.866196484375000395e-04
8.600000000000000000e+01 2.941531406249999945e-04
8.700000000000000000e+01 3.036138828125002349e-04
8.800000000000000000e+01 3.149797968750000761e-04
8.900000000000000000e+01 3.282280390624999953e-04
9.000000000000000000e+01 3.433310234375000925e-04
9.100000000000000000e+01 3.602552656249998321e-04
9.200000000000000000e+01 3.789711796874999333e-04
9.300000000000000000e+01 3.994427812499999294e-04
9.400000000000000000e+01 4.216253906250000275e-04
9.500000000000000000e+01 4.454860625000003297e-04
9.600000000000000000e+01 4.709784687500000134e-04
9.700000000000000000e+01 4.980530937500000964e-04
9.800000000000000000e+01 5.266646015624999386e-04
9.900000000000000000e+01 5.567643671874996552e-04
1.000000000000000000e+02 5.882960703124997257e-04
1.010000000000000000e+02 6.212031562500004277e-04
1.020000000000000000e+02 6.554364773437500484e-04
1.030000000000000000e+02 6.909274765624996749e-04
1.040000000000000000e+02 7.276209531249999349e-04
1.050000000000000000e+02 7.654541734375003032e-04
1.060000000000000000e+02 8.043673859374997912e-04
1.070000000000000000e+02 8.442834445312497353e-04
1.080000000000000000e+02 8.851426070312500309e-04
1.090000000000000000e+02 9.268786109375000372e-04
1.100000000000000000e+02 9.694198445312503893e-04
1.110000000000000000e+02 1.012692637499999987e-03
1.120000000000000000e+02 1.056625874140624741e-03
1.130000000000000000e+02 1.101149036015624779e-03
1.140000000000000000e+02 1.146190863281249927e-03
1.150000000000000000e+02 1.191675191171875968e-03
1.160000000000000000e+02 1.237526255476563159e-03
1.170000000000000000e+02 1.283675874453125108e-03
1.180000000000000000e+02 1.330041971874999654e-03
1.190000000000000000e+02 1.376549246874999525e-03
1.200000000000000000e+02 1.423126805312500314e-03
1.210000000000000000e+02 1.469699121093750354e-03
1.220000000000000000e+02 1.516193933593750799e-03
1.230000000000000000e+02 1.562531012500000200e-03
1.240000000000000000e+02 1.608641756250000186e-03
1.250000000000000000e+02 1.654450122656250625e-03
1.260000000000000000e+02 1.699885420312500020e-03
1.270000000000000000e+02 1.744880525781250221e-03
1.280000000000000000e+02 1.789358429687500215e-03
1.290000000000000000e+02 1.833254521874999685e-03
1.300000000000000000e+02 1.876500911718750105e-03
1.310000000000000000e+02 1.919032828906249832e-03
1.320000000000000000e+02 1.960778008593749670e-03
1.330000000000000000e+02 2.001678546874998636e-03
1.340000000000000000e+02 2.041681246875000095e-03
1.350000000000000000e+02 2.080715639062500743e-03
1.360000000000000000e+02 2.118722365624999427e-03
1.370000000000000000e+02 2.155662697656250942e-03
1.380000000000000000e+02 2.191469101562501607e-03
1.390000000000000000e+02 2.226096682812499575e-03
1.400000000000000000e+02 2.259501115625000157e-03
1.410000000000000000e+02 2.291629367187499478e-03
1.420000000000000000e+02 2.322443721093751107e-03
1.430000000000000000e+02 2.351904494531249865e-03
1.440000000000000000e+02 2.379973488281251440e-03
1.450000000000000000e+02 2.406612689843749212e-03
1.460000000000000000e+02 2.431799181249999497e-03
1.470000000000000000e+02 2.455497528125000391e-03
1.480000000000000000e+02 2.477688796093748674e-03
1.490000000000000000e+02 2.498351933593750268e-03
1.500000000000000000e+02 2.517466035937499826e-03
1.510000000000000000e+02 2.535009303906249085e-03
1.520000000000000000e+02 2.550980727343751635e-03
1.530000000000000000e+02 2.565371875781250789e-03
1.540000000000000000e+02 2.578169101171874211e-03
1.550000000000000000e+02 2.589376281875000341e-03
1.560000000000000000e+02 2.598997338281248959e-03
1.570000000000000000e+02 2.607032249218749383e-03
1.580000000000000000e+02 2.613496327343749637e-03
1.590000000000000000e+02 2.618403720703124399e-03
1.600000000000000000e+02 2.621761588991405358e-03
1.610000000000000000e+02 2.623592012968749450e-03
1.620000000000000000e+02 2.623928703906249025e-03
1.630000000000000000e+02 2.622779904687499823e-03
1.640000000000000000e+02 2.620188719531250411e-03
1.650000000000000000e+02 2.616186206953124722e-03
1.660000000000000000e+02 2.610805544531249415e-03
1.670000000000000000e+02 2.604086210156250289e-03
1.680000000000000000e+02 2.596071259375000786e-03
1.690000000000000000e+02 2.586809700781252282e-03
1.700000000000000000e+02 2.576346585156250035e-03
1.710000000000000000e+02 2.564734221875000081e-03
1.720000000000000000e+02 2.552023112500000253e-03
1.730000000000000000e+02 2.538279359375000301e-03
1.740000000000000000e+02 2.523555062499998908e-03
1.750000000000000000e+02 2.507915039062500080e-03
1.760000000000000000e+02 2.491425023437500875e-03
1.770000000000000000e+02 2.474148296875000944e-03
1.780000000000000000e+02 2.456154812499999895e-03
1.790000000000000000e+02 2.437510570312500721e-03
1.800000000000000000e+02 2.418294632812500837e-03
1.810000000000000000e+02 2.398578781249999757e-03
1.820000000000000000e+02 2.378437976562499442e-03
1.830000000000000000e+02 2.357945507812500129e-03
1.840000000000000000e+02 2.337178875000000058e-03
1.850000000000000000e+02 2.316222703124999789e-03
1.860000000000000000e+02 2.295153648437499305e-03
1.870000000000000000e+02 2.274053679687500131e-03
1.880000000000000000e+02 2.252996320312498912e-03
1.890000000000000000e+02 2.232065265624998650e-03
1.900000000000000000e+02 2.211344812499999209e-03
1.910000000000000000e+02 2.190913523437500437e-03
1.920000000000000000e+02 2.170850718749999832e-03
1.930000000000000000e+02 2.151236499999999684e-03
1.940000000000000000e+02 2.132147648437500344e-03
1.950000000000000000e+02 2.113667554687500422e-03
1.960000000000000000e+02 2.095867453124999717e-03
1.970000000000000000e+02 2.078825937499999797e-03
1.980000000000000000e+02 2.062623437499999744e-03
1.990000000000000000e+02 2.047322421875000069e-03
2.000000000000000000e+02 2.033000820312500304e-03
2.010000000000000000e+02 2.019727148437500380e-03
2.020000000000000000e+02 2.007563937499998175e-03
2.030000000000000000e+02 1.996581070312501358e-03
2.040000000000000000e+02 1.986840523437499641e-03
2.050000000000000000e+02 1.978402078124999724e-03
2.060000000000000000e+02 1.971322179687499433e-03
2.070000000000000000e+02 1.965659210937499915e-03
2.080000000000000000e+02 1.961457117968750438e-03
2.090000000000000000e+02 1.958774526562500565e-03
2.100000000000000000e+02 1.957648384374999911e-03
2.110000000000000000e+02 1.958130416406250393e-03
2.120000000000000000e+02 1.960248502343749002e-03
2.130000000000000000e+02 1.964047483593750129e-03
2.140000000000000000e+02 1.969548781249999807e-03
2.150000000000000000e+02 1.976789406250000717e-03
2.160000000000000000e+02 1.985800160156250913e-03
2.170000000000000000e+02 1.996587418749999274e-03
2.180000000000000000e+02 2.009179810156249638e-03
2.190000000000000000e+02 2.023583334375000150e-03
2.200000000000000000e+02 2.039818933593750584e-03
2.210000000000000000e+02 2.057876325000000586e-03
2.220000000000000000e+02 2.077768665937498958e-03
2.230000000000000000e+02 2.099501119531249627e-03
2.240000000000000000e+02 2.123048541406249035e-03
2.250000000000000000e+02 2.148417128906250379e-03
2.260000000000000000e+02 2.175593810937499848e-03
2.270000000000000000e+02 2.204563218749999980e-03
2.280000000000000000e+02 2.235294398437500090e-03
2.290000000000000000e+02 2.267780546875000636e-03
2.300000000000000000e+02 2.301981250000000555e-03
2.310000000000000000e+02 2.337875421875000755e-03
2.320000000000000000e+02 2.375422632812498880e-03
2.330000000000000000e+02 2.414598781250000461e-03
2.340000000000000000e+02 2.455345445312499819e-03
2.350000000000000000e+02 2.497635062499999319e-03
2.360000000000000000e+02 2.541419507812500440e-03
2.370000000000000000e+02 2.586653304687501313e-03
2.380000000000000000e+02 2.633276468750000120e-03
2.390000000000000000e+02 2.681244648437499604e-03
2.400000000000000000e+02 2.730501851562499964e-03
2.410000000000000000e+02 2.780990742187500371e-03
2.420000000000000000e+02 2.832647046875000612e-03
2.430000000000000000e+02 2.885421742187499819e-03
2.440000000000000000e+02 2.939238500000001305e-03
2.450000000000000000e+02 2.994038726562499482e-03
2.460000000000000000e+02 3.049760906249998973e-03
2.470000000000000000e+02 3.106328203125000541e-03
2.480000000000000000e+02 3.163687789062500765e-03
2.490000000000000000e+02 3.221760296875000873e-03
2.500000000000000000e+02 3.280481148437500161e-03
2.510000000000000000e+02 3.339770578124999414e-03
2.520000000000000000e+02 3.399582070312499264e-03
2.530000000000000000e+02 3.459816210937500646e-03
2.540000000000000000e+02 3.520424054687501352e-03
2.550000000000000000e+02 3.581326140625000053e-03
2.560000000000000000e+02 3.642455023437501244e-03
2.570000000000000000e+02 3.703737492187500740e-03
2.580000000000000000e+02 3.765115351562500767e-03
2.590000000000000000e+02 3.826506695312498034e-03
2.600000000000000000e+02 3.887851210937499132e-03
2.610000000000000000e+02 3.949086967968751249e-03
2.620000000000000000e+02 4.010141320312499667e-03
2.630000000000000000e+02 4.070942570312501355e-03
2.640000000000000000e+02 4.131443892187501229e-03
2.650000000000000000e+02 4.191573528125000850e-03
2.660000000000000000e+02 4.251284031249999255e-03
2.670000000000000000e+02 4.310504067187500080e-03
2.680000000000000000e+02 4.369153653906249213e-03
2.690000000000000000e+02 4.427230575781248081e-03
2.700000000000000000e+02 4.484640620312501692e-03
2.710000000000000000e+02 4.541356540624999494e-03
2.720000000000000000e+02 4.597307725000002003e-03
2.730000000000000000e+02 4.652445030468751498e-03
2.740000000000000000e+02 4.706723594531247480e-03
2.750000000000000000e+02 4.760145390625000576e-03
2.760000000000000000e+02 4.812594112499997932e-03
2.770000000000000000e+02 4.864045095312503550e-03
2.780000000000000000e+02 4.914520597656250357e-03
2.790000000000000000e+02 4.963933132031252485e-03
2.800000000000000000e+02 5.012217302343753567e-03
2.810000000000000000e+02 5.059387903906248721e-03
2.820000000000000000e+02 5.105407778906251304e-03
2.830000000000000000e+02 5.150256883593746539e-03
2.840000000000000000e+02 5.193853181093753719e-03
2.850000000000000000e+02 5.236210455468755416e-03
2.860000000000000000e+02 5.277314154687504089e-03
2.870000000000000000e+02 5.317102219687500596e-03
2.880000000000000000e+02 5.355561465624998629e-03
2.890000000000000000e+02 5.392679894531249470e-03
2.900000000000000000e+02 5.428455003906249021e-03
2.910000000000000000e+02 5.462806337500000775e-03
2.920000000000000000e+02 5.495775066406248174e-03
2.930000000000000000e+02 5.527326510156247916e-03
2.940000000000000000e+02 5.557407133593745760e-03
2.950000000000000000e+02 5.586066198437499714e-03
2.960000000000000000e+02 5.613238617187498586e-03
2.970000000000000000e+02 5.638922414843749835e-03
2.980000000000000000e+02 5.663095867187501430e-03
2.990000000000000000e+02 5.685766110156247055e-03
3.000000000000000000e+02 5.706902046874997615e-03
3.010000000000000000e+02 5.726487654687497514e-03
3.020000000000000000e+02 5.744520553906249348e-03
3.030000000000000000e+02 5.760963640625001853e-03
3.040000000000000000e+02 5.775832390625000937e-03
3.050000000000000000e+02 5.789103054687500492e-03
3.060000000000000000e+02 5.800772187499998213e-03
3.070000000000000000e+02 5.810820679687498519e-03
3.080000000000000000e+02 5.819228703124995801e-03
3.090000000000000000e+02 5.826061781249995686e-03
3.100000000000000000e+02 5.831168218750003643e-03
3.110000000000000000e+02 5.834637687499998060e-03
3.120000000000000000e+02 5.836401585937499650e-03
3.130000000000000000e+02 5.836495820312499055e-03
3.140000000000000000e+02 5.834934617187502448e-03
3.150000000000000000e+02 5.831603296875000585e-03
3.160000000000000000e+02 5.826600960937501801e-03
3.170000000000000000e+02 5.819893117187500617e-03
3.180000000000000000e+02 5.811429046875004646e-03
3.190000000000000000e+02 5.801208812499995641e-03
3.200000000000000000e+02 5.789243671874998685e-03
3.210000000000000000e+02 5.775546874999998997e-03
3.220000000000000000e+02 5.760113437499994431e-03
3.230000000000000000e+02 5.742914765625000036e-03
3.240000000000000000e+02 5.723911484375001843e-03
3.250000000000000000e+02 5.703150000000001447e-03
3.260000000000000000e+02 5.680662796875004736e-03
3.270000000000000000e+02 5.656427523437500271e-03
3.280000000000000000e+02 5.630384812499998268e-03
3.290000000000000000e+02 5.602581781249999296e-03
3.300000000000000000e+02 5.573078562500000978e-03
3.310000000000000000e+02 5.541806867187501311e-03
3.320000000000000000e+02 5.508801398437499809e-03
3.330000000000000000e+02 5.474107476562500157e-03
3.340000000000000000e+02 5.437720359375002033e-03
3.350000000000000000e+02 5.399679914062502882e-03
3.360000000000000000e+02 5.359972164062505942e-03
3.370000000000000000e+02 5.318655867187496548e-03
3.380000000000000000e+02 5.275725453125000401e-03
3.390000000000000000e+02 5.231274046874999709e-03
3.400000000000000000e+02 5.185296773437503108e-03
3.410000000000000000e+02 5.137861703125001442e-03
3.420000000000000000e+02 5.088995164843748698e-03
3.430000000000000000e+02 5.038746184374997238e-03
3.440000000000000000e+02 4.987187732812496145e-03
3.450000000000000000e+02 4.934409260937500617e-03
3.460000000000000000e+02 4.880411111718749133e-03
3.470000000000000000e+02 4.825323505468747873e-03
3.480000000000000000e+02 4.769180678906247660e-03
3.490000000000000000e+02 4.712126035937500880e-03
3.500000000000000000e+02 4.654193562499998015e-03
3.510000000000000000e+02 4.595498671874997422e-03
3.520000000000000000e+02 4.536176210937500376e-03
3.530000000000000000e+02 4.476261148437498012e-03
3.540000000000000000e+02 4.415949226562496804e-03
3.550000000000000000e+02 4.355323304687498676e-03
3.560000000000000000e+02 4.294517304687499488e-03
3.570000000000000000e+02 4.233679959374998455e-03
3.580000000000000000e+02 4.172938271093748312e-03
3.590000000000000000e+02 4.112477140624998424e-03
3.600000000000000000e+02 4.052424648437498791e-03
3.610000000000000000e+02 3.992950164062500883e-03
3.620000000000000000e+02 3.934241039062499543e-03
3.630000000000000000e+02 3.876503773437500570e-03
3.640000000000000000e+02 3.819934820312497707e-03
3.650000000000000000e+02 3.764697929687500170e-03
3.660000000000000000e+02 3.711042539062500700e-03
3.670000000000000000e+02 3.659185000000000996e-03
3.680000000000000000e+02 3.609338437500000767e-03
3.690000000000000000e+02 3.561786328124999339e-03
3.700000000000000000e+02 3.516717812500001674e-03
3.710000000000000000e+02 3.474443437499998705e-03
3.720000000000000000e+02 3.435188359374999421e-03
3.730000000000000000e+02 3.399274375000000976e-03
3.740000000000000000e+02 3.366933125000001140e-03
3.750000000000000000e+02 3.338487578124997752e-03
3.760000000000000000e+02 3.314195546875001695e-03
3.770000000000000000e+02 3.294383671875001501e-03
3.780000000000000000e+02 3.279335156250002929e-03
3.790000000000000000e+02 3.269355703124998593e-03
3.800000000000000000e+02 3.264742031249998847e-03
3.810000000000000000e+02 3.265791406250002048e-03
3.820000000000000000e+02 3.272806210937500605e-03
3.830000000000000000e+02 3.286081117187500747e-03
3.840000000000000000e+02 3.305894421874999104e-03
3.850000000000000000e+02 3.332541437499999832e-03
3.860000000000000000e+02 3.366275054687500792e-03
3.870000000000000000e+02 3.407377210937498433e-03
3.880000000000000000e+02 3.456096398437500522e-03
3.890000000000000000e+02 3.512667801562498800e-03
3.900000000000000000e+02 3.577308983593750682e-03
3.910000000000000000e+02 3.650257488281247534e-03
3.920000000000000000e+02 3.731680245312500154e-03
3.930000000000000000e+02 3.821774778906249399e-03
3.940000000000000000e+02 3.920674156249999778e-03
3.950000000000000000e+02 4.028516828125000213e-03
3.960000000000000000e+02 4.145413929687500297e-03
3.970000000000000000e+02 4.271410070312497802e-03
3.980000000000000000e+02 4.406570992187500840e-03
3.990000000000000000e+02 4.550855859374999465e-03
4.000000000000000000e+02 4.704253046874999795e-03
4.010000000000000000e+02 4.866603671874999808e-03
4.020000000000000000e+02 5.037795312500001864e-03
4.030000000000000000e+02 5.217535468749997726e-03
4.040000000000000000e+02 5.405582968750004616e-03
4.050000000000000000e+02 5.601521484375002712e-03
4.060000000000000000e+02 5.804836718750002074e-03
4.070000000000000000e+02 6.015070390624998459e-03
4.080000000000000000e+02 6.231466171874999217e-03
4.090000000000000000e+02 6.453389140624999840e-03
4.100000000000000000e+02 6.679841484374999042e-03
4.110000000000000000e+02 6.910033437500001825e-03
4.120000000000000000e+02 7.142813046875000002e-03
4.130000000000000000e+02 7.377179609374999447e-03
4.140000000000000000e+02 7.611849374999996726e-03
4.150000000000000000e+02 7.845629374999999600e-03
4.160000000000000000e+02 8.077186953125000887e-03
4.170000000000000000e+02 8.305266015624999942e-03
4.180000000000000000e+02 8.528428281250000076e-03
4.190000000000000000e+02 8.745493515625001046e-03
4.200000000000000000e+02 8.955121796875003398e-03
4.210000000000000000e+02 9.155989843750003687e-03
4.220000000000000000e+02 9.347082343750005504e-03
4.230000000000000000e+02 9.527257656249999568e-03
4.240000000000000000e+02 9.695614140624995991e-03
4.250000000000000000e+02 9.851286875000000304e-03
4.260000000000000000e+02 9.993664062499999293e-03
4.270000000000000000e+02 1.012211250000000055e-02
4.280000000000000000e+02 1.023638093749999929e-02
4.290000000000000000e+02 1.033610968750001309e-02
4.300000000000000000e+02 1.042131015624999171e-02
4.310000000000000000e+02 1.049203351562499539e-02
4.320000000000000000e+02 1.054851750000000525e-02
4.330000000000000000e+02 1.059095890624999446e-02
4.340000000000000000e+02 1.061992187500000913e-02
4.350000000000000000e+02 1.063586992187499046e-02
4.360000000000000000e+02 1.063949453124998779e-02
4.370000000000000000e+02 1.063142656250000255e-02
4.380000000000000000e+02 1.061232249999999669e-02
4.390000000000000000e+02 1.058301164062499383e-02
4.400000000000000000e+02 1.054417890624999993e-02
4.410000000000000000e+02 1.049666458593749227e-02
4.420000000000000000e+02 1.044128675000000235e-02
4.430000000000000000e+02 1.037881929687500121e-02
4.440000000000000000e+02 1.030994453124999856e-02
4.450000000000000000e+02 1.023551650156249819e-02
4.460000000000000000e+02 1.015625938515625319e-02
4.470000000000000000e+02 1.007300896250000466e-02
4.480000000000000000e+02 9.986485507812507129e-03
4.490000000000000000e+02 9.897491886718751825e-03
4.500000000000000000e+02 9.806901929687502142e-03
4.510000000000000000e+02 9.715586889921870584e-03
4.520000000000000000e+02 9.624463703124995495e-03
4.530000000000000000e+02 9.534481273437502707e-03
4.540000000000000000e+02 9.446717031249995955e-03
4.550000000000000000e+02 9.362297656250006053e-03
4.560000000000000000e+02 9.282312031250001746e-03
4.570000000000000000e+02 9.208066718749996146e-03
4.580000000000000000e+02 9.140850156249999761e-03
4.590000000000000000e+02 9.082075703125004618e-03
4.600000000000000000e+02 9.033039531249996770e-03
4.610000000000000000e+02 8.995202343749994500e-03
4.620000000000000000e+02 8.970002343749998441e-03
4.630000000000000000e+02 8.958712499999998621e-03
4.640000000000000000e+02 8.962612500000001481e-03
4.650000000000000000e+02 8.982969531249995754e-03
4.660000000000000000e+02 9.020748437500001812e-03
4.670000000000000000e+02 9.076818749999994787e-03
4.680000000000000000e+02 9.151876562499997730e-03
4.690000000000000000e+02 9.246247656249997893e-03
4.700000000000000000e+02 9.360135156249999380e-03
4.710000000000000000e+02 9.493355468749999082e-03
4.720000000000000000e+02 9.645446093750001046e-03
4.730000000000000000e+02 9.815628125000003257e-03
4.740000000000000000e+02 1.000261328125000293e-02
4.750000000000000000e+02 1.020515546874999936e-02
4.760000000000000000e+02 1.042129062499999939e-02
4.770000000000000000e+02 1.064896171875000762e-02
4.780000000000000000e+02 1.088581953125000029e-02
4.790000000000000000e+02 1.112913437499999519e-02
4.800000000000000000e+02 1.137600390625000471e-02
4.810000000000000000e+02 1.162331015625000206e-02
4.820000000000000000e+02 1.186784374999999905e-02
4.830000000000000000e+02 1.210621328125000007e-02
4.840000000000000000e+02 1.233509374999999623e-02
4.850000000000000000e+02 1.255126562499999515e-02
4.860000000000000000e+02 1.275172109374999099e-02
4.870000000000000000e+02 1.293378671874999969e-02
4.880000000000000000e+02 1.309535078125000779e-02
4.890000000000000000e+02 1.323505937499999327e-02
4.900000000000000000e+02 1.335255781250000232e-02
4.910000000000000000e+02 1.344872421875000640e-02
4.920000000000000000e+02 1.352605234375000437e-02
4.930000000000000000e+02 1.358905812499999581e-02
4.940000000000000000e+02 1.364461523437499220e-02
4.950000000000000000e+02 1.370251617187499306e-02
4.960000000000000000e+02 1.377603054687500349e-02
4.970000000000000000e+02 1.388248820312499437e-02
4.980000000000000000e+02 1.404424726562499871e-02
4.990000000000000000e+02 1.428936914062499917e-02
5.000000000000000000e+02 1.465277500000000677e-02
5.010000000000000000e+02 1.517743515624999512e-02
5.020000000000000000e+02 1.591577500000000700e-02
5.030000000000000000e+02 1.693152812499999771e-02
5.040000000000000000e+02 1.830153203124999448e-02
5.050000000000000000e+02 2.011830468749999795e-02
5.060000000000000000e+02 2.249262499999999526e-02
5.070000000000000000e+02 2.555749218749999926e-02
5.080000000000000000e+02 2.947156249999999603e-02
5.090000000000000000e+02 3.442436718750000596e-02
5.100000000000000000e+02 4.064220312499998433e-02
5.110000000000000000e+02 4.839517968750001869e-02
