0.000000000000000000e+00 2.971210202343748698e-03
1.000000000000000000e+00 2.969074151562499028e-03
2.000000000000000000e+00 2.964789068749998976e-03
3.000000000000000000e+00 2.958378824999999962e-03
4.000000000000000000e+00 2.949848434375002253e-03
5.000000000000000000e+00 2.939214421875001836e-03
6.000000000000000000e+00 2.926490625781249209e-03
7.000000000000000000e+00 2.911691514062499271e-03
8.000000000000000000e+00 2.894850796093750844e-03
9.000000000000000000e+00 2.875995350000000016e-03
1.000000000000000000e+01 2.855147491406249613e-03
1.100000000000000000e+01 2.832350663281249341e-03
1.200000000000000000e+01 2.807640149218749038e-03
1.300000000000000000e+01 2.781049614843750847e-03
1.400000000000000000e+01 2.752617988281253446e-03
1.500000000000000000e+01 2.722409308593751534e-03
1.600000000000000000e+01 2.690460764062499455e-03
1.700000000000000000e+01 2.656821001562499011e-03
1.800000000000000000e+01 2.621552252343750580e-03
1.900000000000000000e+01 2.584705310937500215e-03
2.000000000000000000e+01 2.546338510156248396e-03
2.100000000000000000e+01 2.506520463281248796e-03
2.200000000000000000e+01 2.465308621875001837e-03
2.300000000000000000e+01 2.422773433593751208e-03
2.400000000000000000e+01 2.378984455468748874e-03
2.500000000000000000e+01 2.334003799218749200e-03
2.600000000000000000e+01 2.287911912499998850e-03
2.700000000000000000e+01 2.240777235937498925e-03
2.800000000000000000e+01 2.192679458593750543e-03
2.900000000000000000e+01 2.143688035156251104e-03
3.000000000000000000e+01 2.093889116640625363e-03
3.100000000000000000e+01 2.043359743125001005e-03
3.200000000000000000e+01 1.992176943046875849e-03
3.300000000000000000e+01 1.940416111562499836e-03
3.400000000000000000e+01 1.888179052031249347e-03
3.500000000000000000e+01 1.835530165156250585e-03
3.600000000000000000e+01 1.782561004140625557e-03
3.700000000000000000e+01 1.729355799453124922e-03
3.800000000000000000e+01 1.675992978906249526e-03
3.900000000000000000e+01 1.622557081250000166e-03
4.000000000000000000e+01 1.569138255468750191e-03
4.100000000000000000e+01 1.515816169531250058e-03
4.200000000000000000e+01 1.462674560156251207e-03
4.300000000000000000e+01 1.409794028906250678e-03
4.400000000000000000e+01 1.357262128906249962e-03
4.500000000000000000e+01 1.305159534375000810e-03
4.600000000000000000e+01 1.253556620312500005e-03
4.700000000000000000e+01 1.202551950000000161e-03
4.800000000000000000e+01 1.152211871093750074e-03
4.900000000000000000e+01 1.102618500000000475e-03
5.000000000000000000e+01 1.053843468749999374e-03
5.100000000000000000e+01 1.005971304687500092e-03
5.200000000000000000e+01 9.590662500000001487e-04
5.300000000000000000e+01 9.132029140624996297e-04
5.400000000000000000e+01 8.684561406250001234e-04
5.500000000000000000e+01 8.248825859374997807e-04
5.600000000000000000e+01 7.825620781249996265e-04
5.700000000000000000e+01 7.415529453124998591e-04
5.800000000000000000e+01 7.019096953125004111e-04
5.900000000000000000e+01 6.637048515625005142e-04
6.000000000000000000e+01 6.269880624999997314e-04
6.100000000000000000e+01 5.918130546874998156e-04
6.200000000000000000e+01 5.582393750000001070e-04
6.300000000000000000e+01 5.263082187499998474e-04
6.400000000000000000e+01 4.960726796874998217e-04
6.500000000000000000e+01 4.675748593750000417e-04
6.600000000000000000e+01 4.408569531250001983e-04
6.700000000000000000e+01 4.159568359374999800e-04
6.800000000000000000e+01 3.929113984375001895e-04
6.900000000000000000e+01 3.717512015624998981e-04
7.000000000000000000e+01 3.525052062500000707e-04
7.100000000000000000e+01 3.352069539062498362e-04
7.200000000000000000e+01 3.198739367187502331e-04
7.300000000000000000e+01 3.065280226562500619e-04
7.400000000000000000e+01 2.951877999999999252e-04
7.500000000000000000e+01 2.858659296875001627e-04
7.600000000000000000e+01 2.785750234374998607e-04
7.700000000000000000e+01 2.733219062499999373e-04
7.800000000000000000e+01 2.701129609375000685e-04
7.900000000000000000e+01 2.689460078124998837e-04
8.000000000000000000e+01 2.698235624999998478e-04
8.100000000000000000e+01 2.727413203125000581e-04
8.200000000000000000e+01 2.776867476562499236e-04
8.300000000000000000e+01 2.846526679687501208e-04
8.400000000000000000e+01 2.936232539062498840e-04
8.500000000000000000e+01 3.045834718750001550e-04
8.600000000000000000e+01 3.175056984375002078e-04
8.700000000000000000e+01 3.323780296874999439e-04
8.800000000000000000e+01 3.491621953124999264e-04
8.900000000000000000e+01 3.678345078125000466e-04
9.000000000000000000e+01 3.883647890624998935e-04
9.100000000000000000e+01 4.107149062500000769e-04
9.200000000000000000e+01 4.348463046875001279e-04
9.300000000000000000e+01 4.607216015624999365e-04
9.400000000000000000e+01 4.882929062500000446e-04
9.500000000000000000e+01 5.175169999999999987e-04
9.600000000000000000e+01 5.483442421874998524e-04
9.700000000000000000e+01 5.807242968750000794e-04
9.800000000000000000e+01 6.146042734374995709e-04
9.900000000000000000e+01 6.499228046875003785e-04
1.000000000000000000e+02 6.866319625000001040e-04
1.010000000000000000e+02 7.246653226562499049e-04
1.020000000000000000e+02 7.639619750000001827e-04
1.030000000000000000e+02 8.044561742187500463e-04
1.040000000000000000e+02 8.460896007812500081e-04
1.050000000000000000e+02 8.887823937500002316e-04
1.060000000000000000e+02 9.324756906250001058e-04
1.070000000000000000e+02 9.770948796874996765e-04
1.080000000000000000e+02 1.022568297656250083e-03
1.090000000000000000e+02 1.068823696093749694e-03
1.100000000000000000e+02 1.115785785234374699e-03
1.110000000000000000e+02 1.163379611171875671e-03
1.120000000000000000e+02 1.211527480468749642e-03
1.130000000000000000e+02 1.260154544531249827e-03
1.140000000000000000e+02 1.309179539140624448e-03
1.150000000000000000e+02 1.358526355312499349e-03
1.160000000000000000e+02 1.408120843828124897e-03
1.170000000000000000e+02 1.457872469531249632e-03
1.180000000000000000e+02 1.507715170312500397e-03
1.190000000000000000e+02 1.557562994531250071e-03
1.200000000000000000e+02 1.607336883593748957e-03
1.210000000000000000e+02 1.656959190625000109e-03
1.220000000000000000e+02 1.706350778124998604e-03
1.230000000000000000e+02 1.755438117968750661e-03
1.240000000000000000e+02 1.804144503125000359e-03
1.250000000000000000e+02 1.852378547656250004e-03
1.260000000000000000e+02 1.900084555468749574e-03
1.270000000000000000e+02 1.947184107812499837e-03
1.280000000000000000e+02 1.993597366406249689e-03
1.290000000000000000e+02 2.039256589843749506e-03
1.300000000000000000e+02 2.084093685156250281e-03
1.310000000000000000e+02 2.128039950000000947e-03
1.320000000000000000e+02 2.171022380468750138e-03
1.330000000000000000e+02 2.212988278125000395e-03
1.340000000000000000e+02 2.253865268750000414e-03
1.350000000000000000e+02 2.293594689843748459e-03
1.360000000000000000e+02 2.332123344531249632e-03
1.370000000000000000e+02 2.369394242187500450e-03
1.380000000000000000e+02 2.405350164843749004e-03
1.390000000000000000e+02 2.439942699999999437e-03
1.400000000000000000e+02 2.473123028124999106e-03
1.410000000000000000e+02 2.504848472656249700e-03
1.420000000000000000e+02 2.535079959374998259e-03
1.430000000000000000e+02 2.563766822656248986e-03
1.440000000000000000e+02 2.590881781250000196e-03
1.450000000000000000e+02 2.616398952343750983e-03
1.460000000000000000e+02 2.640277353124999195e-03
1.470000000000000000e+02 2.662492714062500779e-03
1.480000000000000000e+02 2.683025674999998510e-03
1.490000000000000000e+02 2.701853786718749761e-03
1.500000000000000000e+02 2.718965396093748349e-03
1.510000000000000000e+02 2.734352546093749437e-03
1.520000000000000000e+02 2.747994678125000728e-03
1.530000000000000000e+02 2.759898420312500295e-03
1.540000000000000000e+02 2.770052757031249164e-03
1.550000000000000000e+02 2.778472086718750816e-03
1.560000000000000000e+02 2.785154862343749982e-03
1.570000000000000000e+02 2.790114826562498356e-03
1.580000000000000000e+02 2.793361065624998772e-03
1.590000000000000000e+02 2.794923537500000610e-03
1.600000000000000000e+02 2.794811689843749308e-03
1.610000000000000000e+02 2.793055725468750194e-03
1.620000000000000000e+02 2.789686167343749957e-03
1.630000000000000000e+02 2.784726581249999909e-03
1.640000000000000000e+02 2.778227559375001047e-03
1.650000000000000000e+02 2.770220431249998706e-03
1.660000000000000000e+02 2.760752113593750289e-03
1.670000000000000000e+02 2.749864650703126665e-03
1.680000000000000000e+02 2.737610716406251293e-03
1.690000000000000000e+02 2.724040415624999316e-03
1.700000000000000000e+02 2.709219765624998853e-03
1.710000000000000000e+02 2.693192405468748923e-03
1.720000000000000000e+02 2.676035845312498603e-03
1.730000000000000000e+02 2.657810152343749628e-03
1.740000000000000000e+02 2.638572232031249735e-03
1.750000000000000000e+02 2.618408576562499153e-03
1.760000000000000000e+02 2.597390530468751593e-03
1.770000000000000000e+02 2.575572068749998247e-03
1.780000000000000000e+02 2.553058086718750213e-03
1.790000000000000000e+02 2.529911242187500228e-03
1.800000000000000000e+02 2.506221015625000308e-03
1.810000000000000000e+02 2.482054367187499621e-03
1.820000000000000000e+02 2.457515843749999516e-03
1.830000000000000000e+02 2.432671218749998549e-03
1.840000000000000000e+02 2.407623171874999704e-03
1.850000000000000000e+02 2.382449156250001244e-03
1.860000000000000000e+02 2.357231367187500020e-03
1.870000000000000000e+02 2.332062914062499933e-03
1.880000000000000000e+02 2.307033757812500252e-03
1.890000000000000000e+02 2.282230945312499829e-03
1.900000000000000000e+02 2.257747062500000887e-03
1.910000000000000000e+02 2.233660703124999789e-03
1.920000000000000000e+02 2.210065820312499991e-03
1.930000000000000000e+02 2.187041093749999329e-03
1.940000000000000000e+02 2.164682492187500196e-03
1.950000000000000000e+02 2.143068906250000100e-03
1.960000000000000000e+02 2.122284906250000280e-03
1.970000000000000000e+02 2.102405054687499220e-03
1.980000000000000000e+02 2.083519882812498707e-03
1.990000000000000000e+02 2.065696765624998408e-03
2.000000000000000000e+02 2.049019960937500592e-03
2.010000000000000000e+02 2.033558929687500141e-03
2.020000000000000000e+02 2.019373164062500219e-03
2.030000000000000000e+02 2.006558453124998760e-03
2.040000000000000000e+02 1.995157148437501013e-03
2.050000000000000000e+02 1.985235789062499059e-03
2.060000000000000000e+02 1.976862489062499936e-03
2.070000000000000000e+02 1.970087232812500321e-03
2.080000000000000000e+02 1.964965913281250913e-03
2.090000000000000000e+02 1.961542328906250039e-03
2.100000000000000000e+02 1.959869076562500631e-03
2.110000000000000000e+02 1.959986353906249291e-03
2.120000000000000000e+02 1.961931671875000605e-03
2.130000000000000000e+02 1.965741664062499450e-03
2.140000000000000000e+02 1.971447664062500171e-03
2.150000000000000000e+02 1.979071367187500239e-03
2.160000000000000000e+02 1.988642349999999136e-03
2.170000000000000000e+02 2.000173954687499683e-03
2.180000000000000000e+02 2.013683674218750327e-03
2.190000000000000000e+02 2.029181899999999567e-03
2.200000000000000000e+02 2.046670632031250686e-03
2.210000000000000000e+02 2.066163857812501354e-03
2.220000000000000000e+02 2.087651376562499328e-03
2.230000000000000000e+02 2.111126185937499834e-03
2.240000000000000000e+02 2.136580313281250237e-03
2.250000000000000000e+02 2.164002954687500434e-03
2.260000000000000000e+02 2.193371880468750375e-03
2.270000000000000000e+02 2.224672562500000592e-03
2.280000000000000000e+02 2.257867289062499838e-03
2.290000000000000000e+02 2.292943117187499266e-03
2.300000000000000000e+02 2.329849874999998828e-03
2.310000000000000000e+02 2.368564046874999628e-03
2.320000000000000000e+02 2.409037226562498954e-03
2.330000000000000000e+02 2.451237226562500305e-03
2.340000000000000000e+02 2.495112359374999662e-03
2.350000000000000000e+02 2.540619124999999971e-03
2.360000000000000000e+02 2.587693882812499603e-03
2.370000000000000000e+02 2.636289265625001155e-03
2.380000000000000000e+02 2.686345445312500121e-03
2.390000000000000000e+02 2.737811984375001367e-03
2.400000000000000000e+02 2.790616671874999750e-03
2.410000000000000000e+02 2.844705757812501876e-03
2.420000000000000000e+02 2.900003359375000634e-03
2.430000000000000000e+02 2.956449687500000822e-03
2.440000000000000000e+02 3.013975640624999997e-03
2.450000000000000000e+02 3.072503968749998923e-03
2.460000000000000000e+02 3.131968679687500024e-03
2.470000000000000000e+02 3.192304609375000955e-03
2.480000000000000000e+02 3.253424414062499551e-03
2.490000000000000000e+02 3.315270695312500220e-03
2.500000000000000000e+02 3.377755164062498042e-03
2.510000000000000000e+02 3.440811609375000763e-03
2.520000000000000000e+02 3.504366601562500846e-03
2.530000000000000000e+02 3.568332859374999996e-03
2.540000000000000000e+02 3.632658921875001230e-03
2.550000000000000000e+02 3.697247273437499499e-03
2.560000000000000000e+02 3.762040656250000871e-03
2.570000000000000000e+02 3.826968210937502744e-03
2.580000000000000000e+02 3.891946828124999425e-03
2.590000000000000000e+02 3.956918109374998015e-03
2.600000000000000000e+02 4.021803814843750643e-03
2.610000000000000000e+02 4.086541359375000203e-03
2.620000000000000000e+02 4.151039812500000904e-03
2.630000000000000000e+02 4.215295953906250843e-03
2.640000000000000000e+02 4.279172072656248563e-03
2.650000000000000000e+02 4.342671882812500390e-03
2.660000000000000000e+02 4.405665453906249841e-03
2.670000000000000000e+02 4.468134124218751078e-03
2.680000000000000000e+02 4.530063821875001187e-03
2.690000000000000000e+02 4.591299994531249096e-03
2.700000000000000000e+02 4.651866540625000657e-03
2.710000000000000000e+02 4.711680603124998069e-03
2.720000000000000000e+02 4.770703753906244994e-03
2.730000000000000000e+02 4.828882646875000233e-03
2.740000000000000000e+02 4.886165922812499632e-03
2.750000000000000000e+02 4.942529732031250914e-03
2.760000000000000000e+02 4.997902546874997791e-03
2.770000000000000000e+02 5.052251971093749475e-03
2.780000000000000000e+02 5.105569995312499859e-03
2.790000000000000000e+02 5.157761934374998671e-03
2.800000000000000000e+02 5.208871981015624972e-03
2.810000000000000000e+02 5.258805740625000641e-03
2.820000000000000000e+02 5.307520334375000377e-03
2.830000000000000000e+02 5.355010731093748366e-03
2.840000000000000000e+02 5.401275409374998830e-03
2.850000000000000000e+02 5.446212978125001755e-03
2.860000000000000000e+02 5.489845940625001641e-03
2.870000000000000000e+02 5.532181685156250042e-03
2.880000000000000000e+02 5.573102513281249018e-03
2.890000000000000000e+02 5.612652835156250672e-03
2.900000000000000000e+02 5.650812971875000465e-03
2.910000000000000000e+02 5.687515409375001538e-03
2.920000000000000000e+02 5.722747655468750708e-03
2.930000000000000000e+02 5.756502550781254952e-03
2.940000000000000000e+02 5.788752991406249070e-03
2.950000000000000000e+02 5.819484221093748112e-03
2.960000000000000000e+02 5.848699312499999574e-03
2.970000000000000000e+02 5.876347060156251155e-03
2.980000000000000000e+02 5.902340137499998210e-03
2.990000000000000000e+02 5.926821649218750460e-03
3.000000000000000000e+02 5.949625808046875991e-03
3.010000000000000000e+02 5.970796489062499268e-03
3.020000000000000000e+02 5.990300976562496285e-03
3.030000000000000000e+02 6.008134949140621177e-03
3.040000000000000000e+02 6.024256602343749933e-03
3.050000000000000000e+02 6.038673976562501482e-03
3.060000000000000000e+02 6.051378822421875879e-03
3.070000000000000000e+02 6.062273374218755777e-03
3.080000000000000000e+02 6.071425764843747450e-03
3.090000000000000000e+02 6.078755061718752427e-03
3.100000000000000000e+02 6.084299396874998621e-03
3.110000000000000000e+02 6.088017250000001858e-03
3.120000000000000000e+02 6.089897641406251394e-03
3.130000000000000000e+02 6.089856743749999350e-03
3.140000000000000000e+02 6.087974140624998962e-03
3.150000000000000000e+02 6.084162351562500196e-03
3.160000000000000000e+02 6.078495679687498723e-03
3.170000000000000000e+02 6.070849796874999704e-03
3.180000000000000000e+02 6.061298398437498826e-03
3.190000000000000000e+02 6.049748242187499847e-03
3.200000000000000000e+02 6.036245851562499314e-03
3.210000000000000000e+02 6.020782640624996324e-03
3.220000000000000000e+02 6.003321820312500917e-03
3.230000000000000000e+02 5.983855515625003361e-03
3.240000000000000000e+02 5.962407023437502236e-03
3.250000000000000000e+02 5.938950000000003601e-03
3.260000000000000000e+02 5.913474523437498367e-03
3.270000000000000000e+02 5.885981703125000263e-03
3.280000000000000000e+02 5.856536148437499131e-03
3.290000000000000000e+02 5.825042914062500063e-03
3.300000000000000000e+02 5.791591789062502417e-03
3.310000000000000000e+02 5.756160757812499133e-03
3.320000000000000000e+02 5.718733406249998201e-03
3.330000000000000000e+02 5.679392351562500586e-03
3.340000000000000000e+02 5.638125742187501468e-03
3.350000000000000000e+02 5.594934125000006198e-03
3.360000000000000000e+02 5.549905703124999139e-03
3.370000000000000000e+02 5.503022531249999495e-03
3.380000000000000000e+02 5.454351460937502220e-03
3.390000000000000000e+02 5.403953390625002365e-03
3.400000000000000000e+02 5.351831064062499699e-03
3.410000000000000000e+02 5.298021258593753162e-03
3.420000000000000000e+02 5.242676957812498519e-03
3.430000000000000000e+02 5.185785173437498785e-03
3.440000000000000000e+02 5.127419329765626511e-03
3.450000000000000000e+02 5.067706387843751853e-03
3.460000000000000000e+02 5.006674683828126089e-03
3.470000000000000000e+02 4.944452700546873337e-03
3.480000000000000000e+02 4.881069778593747667e-03
3.490000000000000000e+02 4.816701350625001744e-03
3.500000000000000000e+02 4.751470797109373125e-03
3.510000000000000000e+02 4.685384707343745979e-03
3.520000000000000000e+02 4.618646520624999398e-03
3.530000000000000000e+02 4.551366766484378837e-03
3.540000000000000000e+02 4.483687525781250224e-03
3.550000000000000000e+02 4.415725222656249893e-03
3.560000000000000000e+02 4.347680904687502464e-03
3.570000000000000000e+02 4.279648404687499269e-03
3.580000000000000000e+02 4.211853999999999251e-03
3.590000000000000000e+02 4.144428171875001558e-03
3.600000000000000000e+02 4.077596820312499523e-03
3.610000000000000000e+02 4.011531351562499202e-03
3.620000000000000000e+02 3.946425046874997740e-03
3.630000000000000000e+02 3.882482685156249912e-03
3.640000000000000000e+02 3.819969856015623718e-03
3.650000000000000000e+02 3.759040789062501053e-03
3.660000000000000000e+02 3.699977101562499423e-03
3.670000000000000000e+02 3.643012640624998955e-03
3.680000000000000000e+02 3.588431421874999777e-03
3.690000000000000000e+02 3.536497656250000947e-03
3.700000000000000000e+02 3.487449843750000528e-03
3.710000000000000000e+02 3.441607421874999951e-03
3.720000000000000000e+02 3.399232890625000694e-03
3.730000000000000000e+02 3.360631562500000346e-03
3.740000000000000000e+02 3.326150390625000602e-03
3.750000000000000000e+02 3.296081093750000135e-03
3.760000000000000000e+02 3.270699687500001115e-03
3.770000000000000000e+02 3.250375546875001239e-03
3.780000000000000000e+02 3.235425390624999901e-03
3.790000000000000000e+02 3.226151093749999969e-03
3.800000000000000000e+02 3.222894609374998397e-03
3.810000000000000000e+02 3.225969023437500610e-03
3.820000000000000000e+02 3.235693281249998540e-03
3.830000000000000000e+02 3.252377632812498889e-03
3.840000000000000000e+02 3.276331273437499587e-03
3.850000000000000000e+02 3.307840148437499964e-03
3.860000000000000000e+02 3.347197851562497273e-03
3.870000000000000000e+02 3.394681937500000028e-03
3.880000000000000000e+02 3.450547125000001224e-03
3.890000000000000000e+02 3.515049285156249866e-03
3.900000000000000000e+02 3.588408605468749752e-03
3.910000000000000000e+02 3.670850051796874323e-03
3.920000000000000000e+02 3.762556739687498986e-03
3.930000000000000000e+02 3.863709827343751561e-03
3.940000000000000000e+02 3.974452671874999059e-03
3.950000000000000000e+02 4.094899882812497519e-03
3.960000000000000000e+02 4.225129195312498157e-03
3.970000000000000000e+02 4.365208562499996864e-03
3.980000000000000000e+02 4.515126171875001593e-03
3.990000000000000000e+02 4.674842968749999723e-03
4.000000000000000000e+02 4.844283671874997921e-03
4.010000000000000000e+02 5.023218437499998336e-03
4.020000000000000000e+02 5.211491406250000173e-03
4.030000000000000000e+02 5.408781250000001262e-03
4.040000000000000000e+02 5.614679687500001397e-03
4.050000000000000000e+02 5.828719609374998813e-03
4.060000000000000000e+02 6.050322109375001582e-03
4.070000000000000000e+02 6.278832578125001680e-03
4.080000000000000000e+02 6.513458046875001892e-03
4.090000000000000000e+02 6.753377890624997874e-03
4.100000000000000000e+02 6.997534453125001629e-03
4.110000000000000000e+02 7.244953281249999141e-03
4.120000000000000000e+02 7.494416093749998488e-03
4.130000000000000000e+02 7.744733437499999942e-03
4.140000000000000000e+02 7.994575312499996658e-03
4.150000000000000000e+02 8.242660468750004701e-03
4.160000000000000000e+02 8.487546484374997036e-03
4.170000000000000000e+02 8.727869609375002793e-03
4.180000000000000000e+02 8.962295468749999217e-03
4.190000000000000000e+02 9.189467890625004076e-03
4.200000000000000000e+02 9.408038281249996027e-03
4.210000000000000000e+02 9.616874374999988609e-03
4.220000000000000000e+02 9.814789843749996065e-03
4.230000000000000000e+02 1.000078593750000112e-02
4.240000000000000000e+02 1.017406250000000081e-02
4.250000000000000000e+02 1.033369687500000807e-02
4.260000000000000000e+02 1.047922499999999653e-02
4.270000000000000000e+02 1.061010624999999402e-02
4.280000000000000000e+02 1.072606703124999450e-02
4.290000000000000000e+02 1.082695046875000421e-02
4.300000000000000000e+02 1.091272031249999885e-02
4.310000000000000000e+02 1.098344281249999388e-02
4.320000000000000000e+02 1.103945289062500772e-02
4.330000000000000000e+02 1.108094718749999888e-02
4.340000000000000000e+02 1.110842257812500594e-02
4.350000000000000000e+02 1.112235828124999611e-02
4.360000000000000000e+02 1.112335468749999640e-02
4.370000000000000000e+02 1.111195609375000004e-02
4.380000000000000000e+02 1.108878210937499879e-02
4.390000000000000000e+02 1.105452984374999045e-02
4.400000000000000000e+02 1.100984781250001140e-02
4.410000000000000000e+02 1.095548539062499334e-02
4.420000000000000000e+02 1.089199672656250215e-02
4.430000000000000000e+02 1.082007167187499543e-02
4.440000000000000000e+02 1.074044437734375176e-02
4.450000000000000000e+02 1.065377338783203218e-02
4.460000000000000000e+02 1.056080545202343554e-02
4.470000000000000000e+02 1.046216828124999637e-02
4.480000000000000000e+02 1.035876571093750052e-02
4.490000000000000000e+02 1.025129216406250356e-02
4.500000000000000000e+02 1.014078481640625327e-02
4.510000000000000000e+02 1.002801864999999966e-02
4.520000000000000000e+02 9.914088379843749924e-03
4.530000000000000000e+02 9.800221195312498398e-03
4.540000000000000000e+02 9.687522164062498456e-03
4.550000000000000000e+02 9.577403203125002887e-03
4.560000000000000000e+02 9.471260546875000588e-03
4.570000000000000000e+02 9.370661640624994640e-03
4.580000000000000000e+02 9.277204375000005707e-03
4.590000000000000000e+02 9.192578750000006405e-03
4.600000000000000000e+02 9.118559609375000152e-03
4.610000000000000000e+02 9.056790312499998427e-03
4.620000000000000000e+02 9.009080468749992854e-03
4.630000000000000000e+02 8.977114843750001738e-03
4.640000000000000000e+02 8.962421875000001203e-03
4.650000000000000000e+02 8.966497656249999143e-03
4.660000000000000000e+02 8.990618749999998438e-03
4.670000000000000000e+02 9.035792968749995976e-03
4.680000000000000000e+02 9.102932031249998460e-03
4.690000000000000000e+02 9.192499999999997548e-03
4.700000000000000000e+02 9.304752343750007093e-03
4.710000000000000000e+02 9.439528125000002517e-03
4.720000000000000000e+02 9.596384375000002742e-03
4.730000000000000000e+02 9.774489843749997742e-03
4.740000000000000000e+02 9.972629687499999854e-03
4.750000000000000000e+02 1.018922656249999711e-02
4.760000000000000000e+02 1.042231796874999727e-02
4.770000000000000000e+02 1.066948984375000291e-02
4.780000000000000000e+02 1.092819531250000149e-02
4.790000000000000000e+02 1.119530468749999758e-02
4.800000000000000000e+02 1.146758828124999977e-02
4.810000000000000000e+02 1.174134296875000393e-02
4.820000000000000000e+02 1.201282265624999818e-02
4.830000000000000000e+02 1.227794062499999728e-02
4.840000000000000000e+02 1.253264609374999360e-02
4.850000000000000000e+02 1.277274374999999400e-02
4.860000000000000000e+02 1.299448515625000085e-02
4.870000000000000000e+02 1.319399140624999758e-02
4.880000000000000000e+02 1.336807812500000019e-02
4.890000000000000000e+02 1.351418203124999697e-02
4.900000000000000000e+02 1.363069765624999770e-02
4.910000000000000000e+02 1.371716406250000041e-02
4.920000000000000000e+02 1.377469921874999517e-02
4.930000000000000000e+02 1.380631976562499488e-02
4.940000000000000000e+02 1.381744929687499929e-02
4.950000000000000000e+02 1.381636999999999796e-02
4.960000000000000000e+02 1.381476195312500259e-02
4.970000000000000000e+02 1.382842343749999571e-02
4.980000000000000000e+02 1.387823851562499516e-02
4.990000000000000000e+02 1.399071874999999361e-02
5.000000000000000000e+02 1.419940859375000072e-02
5.010000000000000000e+02 1.454592265625000158e-02
5.020000000000000000e+02 1.508164609374999104e-02
5.030000000000000000e+02 1.586940937499999732e-02
5.040000000000000000e+02 1.698536406250001143e-02
5.050000000000000000e+02 1.852201562499999551e-02
5.060000000000000000e+02 2.059077343750000122e-02
5.070000000000000000e+02 2.332578124999999669e-02
5.080000000000000000e+02 2.688824218750000133e-02
5.090000000000000000e+02 3.147157812500000346e-02
5.100000000000000000e+02 3.730798437500000564e-02
5.110000000000000000e+02 4.467591406249998842e-02
