0.000000000000000000e+00 3.433043984374998386e-03
1.000000000000000000e+00 3.430959773437499728e-03
2.000000000000000000e+00 3.426800101562499541e-03
3.000000000000000000e+00 3.420562124999999322e-03
4.000000000000000000e+00 3.412261304687500690e-03
5.000000000000000000e+00 3.401906937500002222e-03
6.000000000000000000e+00 3.389513851562501318e-03
7.000000000000000000e+00 3.375102429687500908e-03
8.000000000000000000e+00 3.358686234374998192e-03
9.000000000000000000e+00 3.340290710937501243e-03
1.000000000000000000e+01 3.319941329687497653e-03
1.100000000000000000e+01 3.297672365624999651e-03
1.200000000000000000e+01 3.273501468749999161e-03
1.300000000000000000e+01 3.247482395312500502e-03
1.400000000000000000e+01 3.219631195312498521e-03
1.500000000000000000e+01 3.190002947656248120e-03
1.600000000000000000e+01 3.158626065624998373e-03
1.700000000000000000e+01 3.125548378125001490e-03
1.800000000000000000e+01 3.090820763281249602e-03
1.900000000000000000e+01 3.054484023437500743e-03
2.000000000000000000e+01 3.016595584375001901e-03
2.100000000000000000e+01 2.977204371093750135e-03
2.200000000000000000e+01 2.936360831250000528e-03
2.300000000000000000e+01 2.894131271874999817e-03
2.400000000000000000e+01 2.850562177343747821e-03
2.500000000000000000e+01 2.805719055468749740e-03
2.600000000000000000e+01 2.759667795312499821e-03
2.700000000000000000e+01 2.712467065625001183e-03
2.800000000000000000e+01 2.664181096093749986e-03
2.900000000000000000e+01 2.614879110156250082e-03
3.000000000000000000e+01 2.564621992187501864e-03
3.100000000000000000e+01 2.513488132812499633e-03
3.200000000000000000e+01 2.461533249062501216e-03
3.300000000000000000e+01 2.408839736328125935e-03
3.400000000000000000e+01 2.355474797421875256e-03
3.500000000000000000e+01 2.301512643281250232e-03
3.600000000000000000e+01 2.247027112656248878e-03
3.700000000000000000e+01 2.192083635703125175e-03
3.800000000000000000e+01 2.136758231640626272e-03
3.900000000000000000e+01 2.081132317968750582e-03
4.000000000000000000e+01 2.025274360937500892e-03
4.100000000000000000e+01 1.969260275781249854e-03
4.200000000000000000e+01 1.913161737500000334e-03
4.300000000000000000e+01 1.857052866406250224e-03
4.400000000000000000e+01 1.801013474218748868e-03
4.500000000000000000e+01 1.745107995312499384e-03
4.600000000000000000e+01 1.689419635156249808e-03
4.700000000000000000e+01 1.634009600781249688e-03
4.800000000000000000e+01 1.578961486718750409e-03
4.900000000000000000e+01 1.524338237500000000e-03
5.000000000000000000e+01 1.470207993750000759e-03
5.100000000000000000e+01 1.416648849218750178e-03
5.200000000000000000e+01 1.363722987500000112e-03
5.300000000000000000e+01 1.311496879765625253e-03
5.400000000000000000e+01 1.260031282265624501e-03
5.500000000000000000e+01 1.209409271718749762e-03
5.600000000000000000e+01 1.159671096328125303e-03
5.700000000000000000e+01 1.110890392265624941e-03
5.800000000000000000e+01 1.063127843749999421e-03
5.900000000000000000e+01 1.016436671484374733e-03
6.000000000000000000e+01 9.708721281250002038e-04
6.100000000000000000e+01 9.264922010937503812e-04
6.200000000000000000e+01 8.833440190624998337e-04
6.300000000000000000e+01 8.414842749218751777e-04
6.400000000000000000e+01 8.009591062500005104e-04
6.500000000000000000e+01 7.618128219531247617e-04
6.600000000000000000e+01 7.240893910156248527e-04
6.700000000000000000e+01 6.878291531249999206e-04
6.800000000000000000e+01 6.530729546093750389e-04
6.900000000000000000e+01 6.198584297656248212e-04
7.000000000000000000e+01 5.882196781249999064e-04
7.100000000000000000e+01 5.581897914062497294e-04
7.200000000000000000e+01 5.297936062499996115e-04
7.300000000000000000e+01 5.030622828125002818e-04
7.400000000000000000e+01 4.780219062499996546e-04
7.500000000000000000e+01 4.546914999999998055e-04
7.600000000000000000e+01 4.330878156250000163e-04
7.700000000000000000e+01 4.132312515625002837e-04
7.800000000000000000e+01 3.951336639843749010e-04
7.900000000000000000e+01 3.788077899531250964e-04
8.000000000000000000e+01 3.642610560234376261e-04
8.100000000000000000e+01 3.514990432812499120e-04
8.200000000000000000e+01 3.405263617187499628e-04
8.300000000000000000e+01 3.313420148437498593e-04
8.400000000000000000e+01 3.239456703125000213e-04
8.500000000000000000e+01 3.183305156250000232e-04
8.600000000000000000e+01 3.144903359375000461e-04
8.700000000000000000e+01 3.124138671875001860e-04
8.800000000000000000e+01 3.120900234374999896e-04
8.900000000000000000e+01 3.135036718749999955e-04
9.000000000000000000e+01 3.166370156250000300e-04
9.100000000000000000e+01 3.214675078125000347e-04
9.200000000000000000e+01 3.279769609375001501e-04
9.300000000000000000e+01 3.361360546874999798e-04
9.400000000000000000e+01 3.459188984375001952e-04
9.500000000000000000e+01 3.572976796874999857e-04
9.600000000000000000e+01 3.702357812500000310e-04
9.700000000000000000e+01 3.847051406250001399e-04
9.800000000000000000e+01 4.006625156249997628e-04
9.900000000000000000e+01 4.180741406250000841e-04
1.000000000000000000e+02 4.369013750000000297e-04
1.010000000000000000e+02 4.570969453124998166e-04
1.020000000000000000e+02 4.786189531249999225e-04
1.030000000000000000e+02 5.014204296874998079e-04
1.040000000000000000e+02 5.254597734374995234e-04
1.050000000000000000e+02 5.506739687499994946e-04
1.060000000000000000e+02 5.770256953125005002e-04
1.070000000000000000e+02 6.044558671874998134e-04
1.080000000000000000e+02 6.329117812500001296e-04
1.090000000000000000e+02 6.623399687500001022e-04
1.100000000000000000e+02 6.926826484375000039e-04
1.110000000000000000e+02 7.238813593749997060e-04
1.120000000000000000e+02 7.558821953124998270e-04
1.130000000000000000e+02 7.886194843749999139e-04
1.140000000000000000e+02 8.220425625000003962e-04
1.150000000000000000e+02 8.560790234374995953e-04
1.160000000000000000e+02 8.906764531249997292e-04
1.170000000000000000e+02 9.257733671875004178e-04
1.180000000000000000e+02 9.613028656249998812e-04
1.190000000000000000e+02 9.972029648437502353e-04
1.200000000000000000e+02 1.033411263281249371e-03
1.210000000000000000e+02 1.069875257031250096e-03
1.220000000000000000e+02 1.106514146875000508e-03
1.230000000000000000e+02 1.143279781249999889e-03
1.240000000000000000e+02 1.180108559374999470e-03
1.250000000000000000e+02 1.216933325781249971e-03
1.260000000000000000e+02 1.253698486718749210e-03
1.270000000000000000e+02 1.290342330468749682e-03
1.280000000000000000e+02 1.326799092968750570e-03
1.290000000000000000e+02 1.363013593750000496e-03
1.300000000000000000e+02 1.398934335156250741e-03
1.310000000000000000e+02 1.434497752187499859e-03
1.320000000000000000e+02 1.469647128750000602e-03
1.330000000000000000e+02 1.504333509062499895e-03
1.340000000000000000e+02 1.538493173437499974e-03
1.350000000000000000e+02 1.572090868984375289e-03
1.360000000000000000e+02 1.605060611953125060e-03
1.370000000000000000e+02 1.637366008515624746e-03
1.380000000000000000e+02 1.668950448437500232e-03
1.390000000000000000e+02 1.699775921093749824e-03
1.400000000000000000e+02 1.729797533515625273e-03
1.410000000000000000e+02 1.758971603335937432e-03
1.420000000000000000e+02 1.787259785390625608e-03
1.430000000000000000e+02 1.814632163281248598e-03
1.440000000000000000e+02 1.841046809374999142e-03
1.450000000000000000e+02 1.866472360156249972e-03
1.460000000000000000e+02 1.890883719504688788e-03
1.470000000000000000e+02 1.914244457109374499e-03
1.480000000000000000e+02 1.936544409374999724e-03
1.490000000000000000e+02 1.957745000000000318e-03
1.500000000000000000e+02 1.977842006250000138e-03
1.510000000000000000e+02 1.996802028125000371e-03
1.520000000000000000e+02 2.014625300859375530e-03
1.530000000000000000e+02 2.031288103906250808e-03
1.540000000000000000e+02 2.046796978125001599e-03
1.550000000000000000e+02 2.061125779687501217e-03
1.560000000000000000e+02 2.074287475781250081e-03
1.570000000000000000e+02 2.086276762500000395e-03
1.580000000000000000e+02 2.097091623437499254e-03
1.590000000000000000e+02 2.106745792187500639e-03
1.600000000000000000e+02 2.115239424999998397e-03
1.610000000000000000e+02 2.122590048437499391e-03
1.620000000000000000e+02 2.128811469531249369e-03
1.630000000000000000e+02 2.133907971093750109e-03
1.640000000000000000e+02 2.137914157812500354e-03
1.650000000000000000e+02 2.140842923437499216e-03
1.660000000000000000e+02 2.142723294531250541e-03
1.670000000000000000e+02 2.143576070312499648e-03
1.680000000000000000e+02 2.143441312499999672e-03
1.690000000000000000e+02 2.142342695312499622e-03
1.700000000000000000e+02 2.140323499999999268e-03
1.710000000000000000e+02 2.137417195312498776e-03
1.720000000000000000e+02 2.133653890625000511e-03
1.730000000000000000e+02 2.129088085937499639e-03
1.740000000000000000e+02 2.123761320312500100e-03
1.750000000000000000e+02 2.117720398437500894e-03
1.760000000000000000e+02 2.111011218750000196e-03
1.770000000000000000e+02 2.103684851562499097e-03
1.780000000000000000e+02 2.095788937500000712e-03
1.790000000000000000e+02 2.087383703125000010e-03
1.800000000000000000e+02 2.078525492187500295e-03
1.810000000000000000e+02 2.069268695312500694e-03
1.820000000000000000e+02 2.059669789062499885e-03
1.830000000000000000e+02 2.049783695312500618e-03
1.840000000000000000e+02 2.039679640625000068e-03
1.850000000000000000e+02 2.029415773437499935e-03
1.860000000000000000e+02 2.019049078125000150e-03
1.870000000000000000e+02 2.008657835937499841e-03
1.880000000000000000e+02 1.998280781249999871e-03
1.890000000000000000e+02 1.988007109374999477e-03
1.900000000000000000e+02 1.977888906250000519e-03
1.910000000000000000e+02 1.967984921874999828e-03
1.920000000000000000e+02 1.958367812500000360e-03
1.930000000000000000e+02 1.949104921874999846e-03
1.940000000000000000e+02 1.940247812499999985e-03
1.950000000000000000e+02 1.931865703124999905e-03
1.960000000000000000e+02 1.924022812500000281e-03
1.970000000000000000e+02 1.916779921875000348e-03
1.980000000000000000e+02 1.910195882812499918e-03
1.990000000000000000e+02 1.904332343749999502e-03
2.000000000000000000e+02 1.899252679687499787e-03
2.010000000000000000e+02 1.895005757812500205e-03
2.020000000000000000e+02 1.891649273437500528e-03
2.030000000000000000e+02 1.889236976562499786e-03
2.040000000000000000e+02 1.887825242187500616e-03
2.050000000000000000e+02 1.887461968750000357e-03
2.060000000000000000e+02 1.888198179687500125e-03
2.070000000000000000e+02 1.890075171875000301e-03
2.080000000000000000e+02 1.893143954687499537e-03
2.090000000000000000e+02 1.897437067187500220e-03
2.100000000000000000e+02 1.903001883593750552e-03
2.110000000000000000e+02 1.909869546875000166e-03
2.120000000000000000e+02 1.918081721875000397e-03
2.130000000000000000e+02 1.927665249984375712e-03
2.140000000000000000e+02 1.938644607031250137e-03
2.150000000000000000e+02 1.951050646093750729e-03
2.160000000000000000e+02 1.964907445312500528e-03
2.170000000000000000e+02 1.980231846093750015e-03
2.180000000000000000e+02 1.997042957031250343e-03
2.190000000000000000e+02 2.015348403906250165e-03
2.200000000000000000e+02 2.035168749218750368e-03
2.210000000000000000e+02 2.056506428906249972e-03
2.220000000000000000e+02 2.079358746093749617e-03
2.230000000000000000e+02 2.103739765624999467e-03
2.240000000000000000e+02 2.129639695312498995e-03
2.250000000000000000e+02 2.157058023437500530e-03
2.260000000000000000e+02 2.185976374999999867e-03
2.270000000000000000e+02 2.216389578125001029e-03
2.280000000000000000e+02 2.248286382812499963e-03
2.290000000000000000e+02 2.281645515624999843e-03
2.300000000000000000e+02 2.316447890625000956e-03
2.310000000000000000e+02 2.352665984375000227e-03
2.320000000000000000e+02 2.390271210937500342e-03
2.330000000000000000e+02 2.429238507812499746e-03
2.340000000000000000e+02 2.469539742187499588e-03
2.350000000000000000e+02 2.511129468750000152e-03
2.360000000000000000e+02 2.553979695312499909e-03
2.370000000000000000e+02 2.598042632812499943e-03
2.380000000000000000e+02 2.643277648437499742e-03
2.390000000000000000e+02 2.689643062499999342e-03
2.400000000000000000e+02 2.737088601562498967e-03
2.410000000000000000e+02 2.785560085937500031e-03
2.420000000000000000e+02 2.835016289062498428e-03
2.430000000000000000e+02 2.885391960937501617e-03
2.440000000000000000e+02 2.936644039062500169e-03
2.450000000000000000e+02 2.988708992187498036e-03
2.460000000000000000e+02 3.041529984375000630e-03
2.470000000000000000e+02 3.095046031249999718e-03
2.480000000000000000e+02 3.149196687500000445e-03
2.490000000000000000e+02 3.203919031250002537e-03
2.500000000000000000e+02 3.259156070312500212e-03
2.510000000000000000e+02 3.314835570312501568e-03
2.520000000000000000e+02 3.370892335937500806e-03
2.530000000000000000e+02 3.427274664062498685e-03
2.540000000000000000e+02 3.483905929687499976e-03
2.550000000000000000e+02 3.540720624999999476e-03
2.560000000000000000e+02 3.597653757812502122e-03
2.570000000000000000e+02 3.654642515624998908e-03
2.580000000000000000e+02 3.711626664062499855e-03
2.590000000000000000e+02 3.768525882812497584e-03
2.600000000000000000e+02 3.825286156250001009e-03
2.610000000000000000e+02 3.881839898437501254e-03
2.620000000000000000e+02 3.938120320312501164e-03
2.630000000000000000e+02 3.994076285937502024e-03
2.640000000000000000e+02 4.049632007031249772e-03
2.650000000000000000e+02 4.104734789062499008e-03
2.660000000000000000e+02 4.159320812500000644e-03
2.670000000000000000e+02 4.213339179687499228e-03
2.680000000000000000e+02 4.266722109375000946e-03
2.690000000000000000e+02 4.319416071093749344e-03
2.700000000000000000e+02 4.371355592187499070e-03
2.710000000000000000e+02 4.422521400781250639e-03
2.720000000000000000e+02 4.472849312500000798e-03
2.730000000000000000e+02 4.522259640625000791e-03
2.740000000000000000e+02 4.570764882812500783e-03
2.750000000000000000e+02 4.618236570312498138e-03
2.760000000000000000e+02 4.664690281249998967e-03
2.770000000000000000e+02 4.710102515625001762e-03
2.780000000000000000e+02 4.754371085937503065e-03
2.790000000000000000e+02 4.797487281250000304e-03
2.800000000000000000e+02 4.839439812500002241e-03
2.810000000000000000e+02 4.880177234374998875e-03
2.820000000000000000e+02 4.919664992187502105e-03
2.830000000000000000e+02 4.957851414062498796e-03
2.840000000000000000e+02 4.994741054687499779e-03
2.850000000000000000e+02 5.030302585937499425e-03
2.860000000000000000e+02 5.064497101562498264e-03
2.870000000000000000e+02 5.097315945312500853e-03
2.880000000000000000e+02 5.128744398437498457e-03
2.890000000000000000e+02 5.158778656250000670e-03
2.900000000000000000e+02 5.187333375000001238e-03
2.910000000000000000e+02 5.214502976562502071e-03
2.920000000000000000e+02 5.240185703124997096e-03
2.930000000000000000e+02 5.264399765624997764e-03
2.940000000000000000e+02 5.287146796874998660e-03
2.950000000000000000e+02 5.308414921874999963e-03
2.960000000000000000e+02 5.328180703125002735e-03
2.970000000000000000e+02 5.346490703125001548e-03
2.980000000000000000e+02 5.363295625000001100e-03
2.990000000000000000e+02 5.378625312500000429e-03
3.000000000000000000e+02 5.392424843750001986e-03
3.010000000000000000e+02 5.404772109375003374e-03
3.020000000000000000e+02 5.415621250000000539e-03
3.030000000000000000e+02 5.424974218750001562e-03
3.040000000000000000e+02 5.432874609375001711e-03
3.050000000000000000e+02 5.439272187500003575e-03
3.060000000000000000e+02 5.444211640624998377e-03
3.070000000000000000e+02 5.447690234375000135e-03
3.080000000000000000e+02 5.449724140625001635e-03
3.090000000000000000e+02 5.450314062500000341e-03
3.100000000000000000e+02 5.449462187499999437e-03
3.110000000000000000e+02 5.447170781249997297e-03
3.120000000000000000e+02 5.443500234374999865e-03
3.130000000000000000e+02 5.438373671874998164e-03
3.140000000000000000e+02 5.431894843749997433e-03
3.150000000000000000e+02 5.424023984374999954e-03
3.160000000000000000e+02 5.414779062500003209e-03
3.170000000000000000e+02 5.404165390624998330e-03
3.180000000000000000e+02 5.392250781249997328e-03
3.190000000000000000e+02 5.378956562500000413e-03
3.200000000000000000e+02 5.364341015625003796e-03
3.210000000000000000e+02 5.348436718750000304e-03
3.220000000000000000e+02 5.331240546875002859e-03
3.230000000000000000e+02 5.312759843750000655e-03
3.240000000000000000e+02 5.293013984374999974e-03
3.250000000000000000e+02 5.272015234375006069e-03
3.260000000000000000e+02 5.249803828124999933e-03
3.270000000000000000e+02 5.226351562499997709e-03
3.280000000000000000e+02 5.201698437500000029e-03
3.290000000000000000e+02 5.175846796874999586e-03
3.300000000000000000e+02 5.148879687499999074e-03
3.310000000000000000e+02 5.120727812499999837e-03
3.320000000000000000e+02 5.091460468749998795e-03
3.330000000000000000e+02 5.061075468749996233e-03
3.340000000000000000e+02 5.029612343750000832e-03
3.350000000000000000e+02 4.997100781250000436e-03
3.360000000000000000e+02 4.963570859375002198e-03
3.370000000000000000e+02 4.928981953125002348e-03
3.380000000000000000e+02 4.893467031249999419e-03
3.390000000000000000e+02 4.856972257812497244e-03
3.400000000000000000e+02 4.819564632812500457e-03
3.410000000000000000e+02 4.781291796874996558e-03
3.420000000000000000e+02 4.742169062500002641e-03
3.430000000000000000e+02 4.702252976562498916e-03
3.440000000000000000e+02 4.661554976562498447e-03
3.450000000000000000e+02 4.620159107031249733e-03
3.460000000000000000e+02 4.578077304687498163e-03
3.470000000000000000e+02 4.535400625000004203e-03
3.480000000000000000e+02 4.492164617187501506e-03
3.490000000000000000e+02 4.448450679687498618e-03
3.500000000000000000e+02 4.404263867187500035e-03
3.510000000000000000e+02 4.359715445312499667e-03
3.520000000000000000e+02 4.314875476562501401e-03
3.530000000000000000e+02 4.269828632812499268e-03
3.540000000000000000e+02 4.224644843750003514e-03
3.550000000000000000e+02 4.179406718749999715e-03
3.560000000000000000e+02 4.134218828124998531e-03
3.570000000000000000e+02 4.089148671875001730e-03
3.580000000000000000e+02 4.044332187500000210e-03
3.590000000000000000e+02 3.999848828124999423e-03
3.600000000000000000e+02 3.955834843750000510e-03
3.610000000000000000e+02 3.912401874999999786e-03
3.620000000000000000e+02 3.869679843749999557e-03
3.630000000000000000e+02 3.827782343749999011e-03
3.640000000000000000e+02 3.786889609375001294e-03
3.650000000000000000e+02 3.747102343750000238e-03
3.660000000000000000e+02 3.708599531249998776e-03
3.670000000000000000e+02 3.671548437499999942e-03
3.680000000000000000e+02 3.636076250000000107e-03
3.690000000000000000e+02 3.602388984375000987e-03
3.700000000000000000e+02 3.570648750000000524e-03
3.710000000000000000e+02 3.541042656249997807e-03
3.720000000000000000e+02 3.513779843750000284e-03
3.730000000000000000e+02 3.489035937499997912e-03
3.740000000000000000e+02 3.467020624999998715e-03
3.750000000000000000e+02 3.447933765625000278e-03
3.760000000000000000e+02 3.431999976562499083e-03
3.770000000000000000e+02 3.419424031249999885e-03
3.780000000000000000e+02 3.410411671874999558e-03
3.790000000000000000e+02 3.405197984375000781e-03
3.800000000000000000e+02 3.403993703124998018e-03
3.810000000000000000e+02 3.407017312499998566e-03
3.820000000000000000e+02 3.414504984375000413e-03
3.830000000000000000e+02 3.426649999999999401e-03
3.840000000000000000e+02 3.443676604687498973e-03
3.850000000000000000e+02 3.465786149218748249e-03
3.860000000000000000e+02 3.493188444531250287e-03
3.870000000000000000e+02 3.526089111718748881e-03
3.880000000000000000e+02 3.564667546093751044e-03
3.890000000000000000e+02 3.609095403124998325e-03
3.900000000000000000e+02 3.659570123437498081e-03
3.910000000000000000e+02 3.716227320312500380e-03
3.920000000000000000e+02 3.779242406250000585e-03
3.930000000000000000e+02 3.848716953125000222e-03
3.940000000000000000e+02 3.924796593750000048e-03
3.950000000000000000e+02 4.007563281250000296e-03
3.960000000000000000e+02 4.097125531249998925e-03
3.970000000000000000e+02 4.193514062499999716e-03
3.980000000000000000e+02 4.296785781250003072e-03
3.990000000000000000e+02 4.406955468749999480e-03
4.000000000000000000e+02 4.523977734375001121e-03
4.010000000000000000e+02 4.647834062499999093e-03
4.020000000000000000e+02 4.778402812499999743e-03
4.030000000000000000e+02 4.915576953125002160e-03
4.040000000000000000e+02 5.059164374999997743e-03
4.050000000000000000e+02 5.208900312499999651e-03
4.060000000000000000e+02 5.364552421875000941e-03
4.070000000000000000e+02 5.525725468750002783e-03
4.080000000000000000e+02 5.692004531249997626e-03
4.090000000000000000e+02 5.862891328125000544e-03
4.100000000000000000e+02 6.037865468749997917e-03
4.110000000000000000e+02 6.216249765625002713e-03
4.120000000000000000e+02 6.397368593750000186e-03
4.130000000000000000e+02 6.580382656249998859e-03
4.140000000000000000e+02 6.764512031249999419e-03
4.150000000000000000e+02 6.948807890625002988e-03
4.160000000000000000e+02 7.132281718749999486e-03
4.170000000000000000e+02 7.313949374999995610e-03
4.180000000000000000e+02 7.492764843750002006e-03
4.190000000000000000e+02 7.667613437499996507e-03
4.200000000000000000e+02 7.837458046875002415e-03
4.210000000000000000e+02 8.001255312499998620e-03
4.220000000000000000e+02 8.157919921874996066e-03
4.230000000000000000e+02 8.306584296874999079e-03
4.240000000000000000e+02 8.446230781249999472e-03
4.250000000000000000e+02 8.576099296874998765e-03
4.260000000000000000e+02 8.695480156250001008e-03
4.270000000000000000e+02 8.803708203125005030e-03
4.280000000000000000e+02 8.900400546874999430e-03
4.290000000000000000e+02 8.985184062500000193e-03
4.300000000000000000e+02 9.057912499999999298e-03
4.310000000000000000e+02 9.118540468749993314e-03
4.320000000000000000e+02 9.167137968749995702e-03
4.330000000000000000e+02 9.204037187499999884e-03
4.340000000000000000e+02 9.229639765625005654e-03
4.350000000000000000e+02 9.244424374999999153e-03
4.360000000000000000e+02 9.249063671875003625e-03
4.370000000000000000e+02 9.244329921875004200e-03
4.380000000000000000e+02 9.231020000000004708e-03
4.390000000000000000e+02 9.210032062499984296e-03
4.400000000000000000e+02 9.182285406250004223e-03
4.410000000000000000e+02 9.148831906250000021e-03
4.420000000000000000e+02 9.110713448437498391e-03
4.430000000000000000e+02 9.068837594531246882e-03
4.440000000000000000e+02 9.024348273437508491e-03
4.450000000000000000e+02 8.978106226562494047e-03
4.460000000000000000e+02 8.931235499218755786e-03
4.470000000000000000e+02 8.884579707812501406e-03
4.480000000000000000e+02 8.839176490624996163e-03
4.490000000000000000e+02 8.795956343749997824e-03
4.500000000000000000e+02 8.755667484375000142e-03
4.510000000000000000e+02 8.719246249999999809e-03
4.520000000000000000e+02 8.687571718749998589e-03
4.530000000000000000e+02 8.661491406249997513e-03
4.540000000000000000e+02 8.641612734374991278e-03
4.550000000000000000e+02 8.628944062499994266e-03
4.560000000000000000e+02 8.624132812499999204e-03
4.570000000000000000e+02 8.627991406249995235e-03
4.580000000000000000e+02 8.641239843750000635e-03
4.590000000000000000e+02 8.664662500000001530e-03
4.600000000000000000e+02 8.698929687499995511e-03
4.610000000000000000e+02 8.744712500000004912e-03
4.620000000000000000e+02 8.802587500000003812e-03
4.630000000000000000e+02 8.873268750000001467e-03
4.640000000000000000e+02 8.957125000000003279e-03
4.650000000000000000e+02 9.054607812499997077e-03
4.660000000000000000e+02 9.166042968749994399e-03
4.670000000000000000e+02 9.291553124999994001e-03
4.680000000000000000e+02 9.431127343749999906e-03
4.690000000000000000e+02 9.584684374999999368e-03
4.700000000000000000e+02 9.751825781249993941e-03
4.710000000000000000e+02 9.931931249999999614e-03
4.720000000000000000e+02 1.012432265625000036e-02
4.730000000000000000e+02 1.032792734375000132e-02
4.740000000000000000e+02 1.054151953124999805e-02
4.750000000000000000e+02 1.076358515624999644e-02
4.760000000000000000e+02 1.099242265625000048e-02
4.770000000000000000e+02 1.122624062500000332e-02
4.780000000000000000e+02 1.146281093749999640e-02
4.790000000000000000e+02 1.170005937500000204e-02
4.800000000000000000e+02 1.193563046875000672e-02
4.810000000000000000e+02 1.216713593749999510e-02
4.820000000000000000e+02 1.239234531249999889e-02
4.830000000000000000e+02 1.260903593750000752e-02
4.840000000000000000e+02 1.281531406249999776e-02
4.850000000000000000e+02 1.300940937499999589e-02
4.860000000000000000e+02 1.319016796874999779e-02
4.870000000000000000e+02 1.335696953125000211e-02
4.880000000000000000e+02 1.350995781250000083e-02
4.890000000000000000e+02 1.365033359374999422e-02
4.900000000000000000e+02 1.378039843749999903e-02
4.910000000000000000e+02 1.390404062500000260e-02
4.920000000000000000e+02 1.402690718749999982e-02
4.930000000000000000e+02 1.415687531249999569e-02
4.940000000000000000e+02 1.430445124999999915e-02
4.950000000000000000e+02 1.448308335937500274e-02
4.960000000000000000e+02 1.470994659374999687e-02
4.970000000000000000e+02 1.500641438281250482e-02
4.980000000000000000e+02 1.539894890625000123e-02
4.990000000000000000e+02 1.591969445312499745e-02
5.000000000000000000e+02 1.660764062499999957e-02
5.010000000000000000e+02 1.750964296874999923e-02
5.020000000000000000e+02 1.868177421874999897e-02
5.030000000000000000e+02 2.019086249999999319e-02
5.040000000000000000e+02 2.211630468750000467e-02
5.050000000000000000e+02 2.455203906249999596e-02
5.060000000000000000e+02 2.760934375000000801e-02
5.070000000000000000e+02 3.141932812499998590e-02
5.080000000000000000e+02 3.613685937500001749e-02
5.090000000000000000e+02 4.194434374999998771e-02
5.100000000000000000e+02 4.905657812499999992e-02
5.110000000000000000e+02 5.772661718749998172e-02
