0.000000000000000000e+00 2.873571601562501313e-03
1.000000000000000000e+00 2.871452726562501168e-03
2.000000000000000000e+00 2.867209843750000327e-03
3.000000000000000000e+00 2.860860156250001878e-03
4.000000000000000000e+00 2.852405390624999492e-03
5.000000000000000000e+00 2.841867656249999312e-03
6.000000000000000000e+00 2.829256195312498424e-03
7.000000000000000000e+00 2.814598562500000758e-03
8.000000000000000000e+00 2.797919124999999774e-03
9.000000000000000000e+00 2.779240179687500218e-03
1.000000000000000000e+01 2.758600414062499506e-03
1.100000000000000000e+01 2.736023804687499547e-03
1.200000000000000000e+01 2.711555268749999727e-03
1.300000000000000000e+01 2.685235776562501162e-03
1.400000000000000000e+01 2.657106582812499441e-03
1.500000000000000000e+01 2.627212499218751704e-03
1.600000000000000000e+01 2.595602515625000401e-03
1.700000000000000000e+01 2.562336663281249496e-03
1.800000000000000000e+01 2.527464321875000711e-03
1.900000000000000000e+01 2.491041867968749653e-03
2.000000000000000000e+01 2.453132796093749311e-03
2.100000000000000000e+01 2.413796143749997753e-03
2.200000000000000000e+01 2.373100669531252004e-03
2.300000000000000000e+01 2.331108371093750051e-03
2.400000000000000000e+01 2.287890292968750711e-03
2.500000000000000000e+01 2.243519469531250927e-03
2.600000000000000000e+01 2.198073597656249618e-03
2.700000000000000000e+01 2.151612435937501171e-03
2.800000000000000000e+01 2.104227045312500894e-03
2.900000000000000000e+01 2.055979596093751062e-03
3.000000000000000000e+01 2.006967162499999693e-03
3.100000000000000000e+01 1.957259163515625341e-03
3.200000000000000000e+01 1.906937686171875221e-03
3.300000000000000000e+01 1.856082877968750003e-03
3.400000000000000000e+01 1.804778640625000685e-03
3.500000000000000000e+01 1.753118110937499979e-03
3.600000000000000000e+01 1.701174510937499950e-03
3.700000000000000000e+01 1.649030803593750684e-03
3.800000000000000000e+01 1.596771667968750275e-03
3.900000000000000000e+01 1.544493209140625472e-03
4.000000000000000000e+01 1.492264092812499963e-03
4.100000000000000000e+01 1.440181842187499440e-03
4.200000000000000000e+01 1.388324335156250651e-03
4.300000000000000000e+01 1.336771399999999539e-03
4.400000000000000000e+01 1.285616612499999997e-03
4.500000000000000000e+01 1.234930422656250462e-03
4.600000000000000000e+01 1.184799314062500233e-03
4.700000000000000000e+01 1.135298804687499873e-03
4.800000000000000000e+01 1.086517453125000147e-03
4.900000000000000000e+01 1.038530314843749778e-03
5.000000000000000000e+01 9.914051515625002878e-04
5.100000000000000000e+01 9.452210273437500893e-04
5.200000000000000000e+01 9.000565937499995688e-04
5.300000000000000000e+01 8.559756874999997767e-04
5.400000000000000000e+01 8.130591796874998877e-04
5.500000000000000000e+01 7.713620937499996713e-04
5.600000000000000000e+01 7.309572734374992749e-04
5.700000000000000000e+01 6.919051562500000635e-04
5.800000000000000000e+01 6.542674609374999088e-04
5.900000000000000000e+01 6.181020625000002234e-04
6.000000000000000000e+01 5.834695390624998045e-04
6.100000000000000000e+01 5.504196406250001132e-04
6.200000000000000000e+01 5.190073749999999514e-04
6.300000000000000000e+01 4.892806796875001077e-04
6.400000000000000000e+01 4.612792968750002091e-04
6.500000000000000000e+01 4.350587656250000249e-04
6.600000000000000000e+01 4.106490468749997226e-04
6.700000000000000000e+01 3.880894687499999063e-04
6.800000000000000000e+01 3.674146484374998648e-04
6.900000000000000000e+01 3.486568984374999918e-04
7.000000000000000000e+01 3.318464453125000439e-04
7.100000000000000000e+01 3.170048984375001397e-04
7.200000000000000000e+01 3.041569999999999951e-04
7.300000000000000000e+01 2.933187734374999582e-04
7.400000000000000000e+01 2.845090546874999267e-04
7.500000000000000000e+01 2.777383359375001242e-04
7.600000000000000000e+01 2.730168359375001051e-04
7.700000000000000000e+01 2.703488437499999971e-04
7.800000000000000000e+01 2.697395234375001179e-04
7.900000000000000000e+01 2.711887867187499392e-04
8.000000000000000000e+01 2.746910664062500495e-04
8.100000000000000000e+01 2.802402359374999113e-04
8.200000000000000000e+01 2.878270023437502420e-04
8.300000000000000000e+01 2.974362023437500890e-04
8.400000000000000000e+01 3.090514726562500962e-04
8.500000000000000000e+01 3.226558656249998817e-04
8.600000000000000000e+01 3.382246390625001089e-04
8.700000000000000000e+01 3.557298234375000931e-04
8.800000000000000000e+01 3.751508632812498010e-04
8.900000000000000000e+01 3.964482031249999300e-04
9.000000000000000000e+01 4.195860312500000419e-04
9.100000000000000000e+01 4.445331015624999949e-04
9.200000000000000000e+01 4.712449374999998350e-04
9.300000000000000000e+01 4.996810781250001507e-04
9.400000000000000000e+01 5.297924921875002413e-04
9.500000000000000000e+01 5.615332968750000797e-04
9.600000000000000000e+01 5.948485234374999760e-04
9.700000000000000000e+01 6.296923828125001793e-04
9.800000000000000000e+01 6.660063281249999556e-04
9.900000000000000000e+01 7.037267031250000679e-04
1.000000000000000000e+02 7.427979976562496152e-04
1.010000000000000000e+02 7.831524328124998824e-04
1.020000000000000000e+02 8.247373578125000897e-04
1.030000000000000000e+02 8.674750132812503785e-04
1.040000000000000000e+02 9.113052156250002261e-04
1.050000000000000000e+02 9.561500335937501895e-04
1.060000000000000000e+02 1.001944061718749741e-03
1.070000000000000000e+02 1.048612978125000464e-03
1.080000000000000000e+02 1.096081165624999444e-03
1.090000000000000000e+02 1.144277633593750350e-03
1.100000000000000000e+02 1.193117563515625054e-03
1.110000000000000000e+02 1.242531491328125164e-03
1.120000000000000000e+02 1.292437851562501299e-03
1.130000000000000000e+02 1.342756442187499795e-03
1.140000000000000000e+02 1.393409136875000884e-03
1.150000000000000000e+02 1.444313479539062993e-03
1.160000000000000000e+02 1.495395149296875701e-03
1.170000000000000000e+02 1.546569017968749777e-03
1.180000000000000000e+02 1.597754867968750100e-03
1.190000000000000000e+02 1.648862742031249884e-03
1.200000000000000000e+02 1.699829397656249866e-03
1.210000000000000000e+02 1.750563714843750935e-03
1.220000000000000000e+02 1.800983993750000182e-03
1.230000000000000000e+02 1.851024910156250439e-03
1.240000000000000000e+02 1.900591937500000026e-03
1.250000000000000000e+02 1.949621512499999810e-03
1.260000000000000000e+02 1.998023913281250351e-03
1.270000000000000000e+02 2.045732110937500698e-03
1.280000000000000000e+02 2.092672778906250978e-03
1.290000000000000000e+02 2.138773026562500526e-03
1.300000000000000000e+02 2.183961983593749306e-03
1.310000000000000000e+02 2.228168856250001013e-03
1.320000000000000000e+02 2.271328966406250573e-03
1.330000000000000000e+02 2.313379767968749313e-03
1.340000000000000000e+02 2.354243311718751293e-03
1.350000000000000000e+02 2.393885849218750986e-03
1.360000000000000000e+02 2.432227157812500394e-03
1.370000000000000000e+02 2.469221131250001061e-03
1.380000000000000000e+02 2.504815513281250915e-03
1.390000000000000000e+02 2.538949455468749068e-03
1.400000000000000000e+02 2.571591350000000144e-03
1.410000000000000000e+02 2.602687196875000039e-03
1.420000000000000000e+02 2.632197657812499099e-03
1.430000000000000000e+02 2.660083474218749491e-03
1.440000000000000000e+02 2.686315113281249282e-03
1.450000000000000000e+02 2.710848162499998344e-03
1.460000000000000000e+02 2.733680727343749950e-03
1.470000000000000000e+02 2.754755307031249607e-03
1.480000000000000000e+02 2.774074288281248770e-03
1.490000000000000000e+02 2.791613772656249392e-03
1.500000000000000000e+02 2.807352717968750796e-03
1.510000000000000000e+02 2.821300292187499999e-03
1.520000000000000000e+02 2.833433331250000738e-03
1.530000000000000000e+02 2.843755271093749773e-03
1.540000000000000000e+02 2.852262708593750022e-03
1.550000000000000000e+02 2.858965596874999283e-03
1.560000000000000000e+02 2.863875813515624758e-03
1.570000000000000000e+02 2.867000771640624852e-03
1.580000000000000000e+02 2.868370988281250099e-03
1.590000000000000000e+02 2.867994928906248374e-03
1.600000000000000000e+02 2.865891001562500748e-03
1.610000000000000000e+02 2.862106240781249217e-03
1.620000000000000000e+02 2.856660475187500475e-03
1.630000000000000000e+02 2.849597605234375792e-03
1.640000000000000000e+02 2.840958007812499544e-03
1.650000000000000000e+02 2.830767046093748702e-03
1.660000000000000000e+02 2.819097723437501753e-03
1.670000000000000000e+02 2.805988834531251540e-03
1.680000000000000000e+02 2.791489715078124181e-03
1.690000000000000000e+02 2.775671198437499460e-03
1.700000000000000000e+02 2.758580378125000555e-03
1.710000000000000000e+02 2.740279573437501021e-03
1.720000000000000000e+02 2.720853389843748936e-03
1.730000000000000000e+02 2.700360874999998412e-03
1.740000000000000000e+02 2.678864375781250286e-03
1.750000000000000000e+02 2.656453655468749182e-03
1.760000000000000000e+02 2.633193698437500795e-03
1.770000000000000000e+02 2.609176856249998799e-03
1.780000000000000000e+02 2.584475317187499930e-03
1.790000000000000000e+02 2.559174743750000387e-03
1.800000000000000000e+02 2.533356960937500641e-03
1.810000000000000000e+02 2.507115273437499504e-03
1.820000000000000000e+02 2.480532046874998810e-03
1.830000000000000000e+02 2.453700015625000057e-03
1.840000000000000000e+02 2.426703617187499131e-03
1.850000000000000000e+02 2.399642726562499408e-03
1.860000000000000000e+02 2.372604749999999985e-03
1.870000000000000000e+02 2.345677351562500471e-03
1.880000000000000000e+02 2.318952460937501701e-03
1.890000000000000000e+02 2.292527476562500333e-03
1.900000000000000000e+02 2.266492664062499159e-03
1.910000000000000000e+02 2.240934398437500422e-03
1.920000000000000000e+02 2.215951523437499800e-03
1.930000000000000000e+02 2.191622624999999946e-03
1.940000000000000000e+02 2.168041531250000046e-03
1.950000000000000000e+02 2.145301960937501078e-03
1.960000000000000000e+02 2.123472140624999005e-03
1.970000000000000000e+02 2.102649437500000475e-03
1.980000000000000000e+02 2.082919960937499627e-03
1.990000000000000000e+02 2.064353429687500099e-03
2.000000000000000000e+02 2.047018640624999938e-03
2.010000000000000000e+02 2.031014398437500264e-03
2.020000000000000000e+02 2.016393804687500665e-03
2.030000000000000000e+02 2.003231156249999766e-03
2.040000000000000000e+02 1.991596228125000218e-03
2.050000000000000000e+02 1.981552903125000271e-03
2.060000000000000000e+02 1.973155475781249776e-03
2.070000000000000000e+02 1.966460266250000949e-03
2.080000000000000000e+02 1.961527606250000524e-03
2.090000000000000000e+02 1.958398487500000087e-03
2.100000000000000000e+02 1.957122187499999843e-03
2.110000000000000000e+02 1.957745968749999808e-03
2.120000000000000000e+02 1.960291507812499806e-03
2.130000000000000000e+02 1.964807015625000264e-03
2.140000000000000000e+02 1.971313523437499653e-03
2.150000000000000000e+02 1.979844020312500081e-03
2.160000000000000000e+02 1.990408503906250428e-03
2.170000000000000000e+02 2.003030155468750548e-03
2.180000000000000000e+02 2.017723452343751344e-03
2.190000000000000000e+02 2.034486499546875066e-03
2.200000000000000000e+02 2.053340601562500620e-03
2.210000000000000000e+02 2.074265645312499667e-03
2.220000000000000000e+02 2.097275852343749841e-03
2.230000000000000000e+02 2.122341618749999399e-03
2.240000000000000000e+02 2.149461313281250847e-03
2.250000000000000000e+02 2.178614835937499068e-03
2.260000000000000000e+02 2.209786179687499730e-03
2.270000000000000000e+02 2.242945953125000027e-03
2.280000000000000000e+02 2.278062914062499271e-03
2.290000000000000000e+02 2.315100882812500243e-03
2.300000000000000000e+02 2.354037421874999574e-03
2.310000000000000000e+02 2.394814164062500448e-03
2.320000000000000000e+02 2.437407382812499523e-03
2.330000000000000000e+02 2.481745687500000550e-03
2.340000000000000000e+02 2.527797414062499595e-03
2.350000000000000000e+02 2.575502570312499830e-03
2.360000000000000000e+02 2.624807578124999097e-03
2.370000000000000000e+02 2.675649140624999488e-03
2.380000000000000000e+02 2.727976382812500027e-03
2.390000000000000000e+02 2.781721695312499437e-03
2.400000000000000000e+02 2.836811468750000901e-03
2.410000000000000000e+02 2.893185546875000087e-03
2.420000000000000000e+02 2.950770742187499955e-03
2.430000000000000000e+02 3.009497351562499898e-03
2.440000000000000000e+02 3.069297593750000032e-03
2.450000000000000000e+02 3.130093414062501758e-03
2.460000000000000000e+02 3.191812250000000770e-03
2.470000000000000000e+02 3.254382968749998297e-03
2.480000000000000000e+02 3.317720757812501250e-03
2.490000000000000000e+02 3.381751140625002643e-03
2.500000000000000000e+02 3.446405101562499337e-03
2.510000000000000000e+02 3.511604476562499300e-03
2.520000000000000000e+02 3.577259453124999062e-03
2.530000000000000000e+02 3.643311351562501105e-03
2.540000000000000000e+02 3.709674945312497162e-03
2.550000000000000000e+02 3.776272343749999174e-03
2.560000000000000000e+02 3.843043632812498996e-03
2.570000000000000000e+02 3.909899249999996933e-03
2.580000000000000000e+02 3.976771531250001060e-03
2.590000000000000000e+02 4.043596484374999307e-03
2.600000000000000000e+02 4.110294765624999611e-03
2.610000000000000000e+02 4.176818656250000199e-03
2.620000000000000000e+02 4.243056226562498187e-03
2.630000000000000000e+02 4.309006296874999184e-03
2.640000000000000000e+02 4.374525110156250209e-03
2.650000000000000000e+02 4.439625496875001208e-03
2.660000000000000000e+02 4.504217420312499678e-03
2.670000000000000000e+02 4.568228910156249545e-03
2.680000000000000000e+02 4.631614332812504162e-03
2.690000000000000000e+02 4.694320817968747513e-03
2.700000000000000000e+02 4.756302584374999358e-03
2.710000000000000000e+02 4.817519985937498452e-03
2.720000000000000000e+02 4.877891546093749732e-03
2.730000000000000000e+02 4.937374917187494806e-03
2.740000000000000000e+02 4.995943648437499961e-03
2.750000000000000000e+02 5.053534295859373610e-03
2.760000000000000000e+02 5.110142757031247394e-03
2.770000000000000000e+02 5.165692407812499422e-03
2.780000000000000000e+02 5.220173913046877515e-03
2.790000000000000000e+02 5.273490645312505290e-03
2.800000000000000000e+02 5.325688959375001613e-03
2.810000000000000000e+02 5.376683760156248000e-03
2.820000000000000000e+02 5.426450991406254164e-03
2.830000000000000000e+02 5.474989414062499983e-03
2.840000000000000000e+02 5.522220242187500516e-03
2.850000000000000000e+02 5.568132334374998986e-03
2.860000000000000000e+02 5.612724260156252802e-03
2.870000000000000000e+02 5.655939458593751100e-03
2.880000000000000000e+02 5.697777601562497955e-03
2.890000000000000000e+02 5.738188515625000999e-03
2.900000000000000000e+02 5.777150614843750559e-03
2.910000000000000000e+02 5.814660640624996768e-03
2.920000000000000000e+02 5.850682279687499134e-03
2.930000000000000000e+02 5.885155346874999631e-03
2.940000000000000000e+02 5.918135976562498984e-03
2.950000000000000000e+02 5.949550116406248854e-03
2.960000000000000000e+02 5.979357172656253258e-03
2.970000000000000000e+02 6.007563765624999649e-03
2.980000000000000000e+02 6.034175457812501579e-03
2.990000000000000000e+02 6.059135024999994477e-03
3.000000000000000000e+02 6.082401455468745485e-03
3.010000000000000000e+02 6.103976962499998646e-03
3.020000000000000000e+02 6.123841262499996226e-03
3.030000000000000000e+02 6.141990675781249485e-03
3.040000000000000000e+02 6.158373887499999678e-03
3.050000000000000000e+02 6.172963027343748854e-03
3.060000000000000000e+02 6.185746214062498409e-03
3.070000000000000000e+02 6.196729808984377530e-03
3.080000000000000000e+02 6.205849230468750248e-03
3.090000000000000000e+02 6.213108504687496828e-03
3.100000000000000000e+02 6.218511214789061020e-03
3.110000000000000000e+02 6.221936229687499882e-03
3.120000000000000000e+02 6.223461445312499993e-03
3.130000000000000000e+02 6.223033018749996557e-03
3.140000000000000000e+02 6.220645723437498616e-03
3.150000000000000000e+02 6.216271765624999807e-03
3.160000000000000000e+02 6.209886022656251406e-03
3.170000000000000000e+02 6.201471046875001343e-03
3.180000000000000000e+02 6.191028445312497276e-03
3.190000000000000000e+02 6.178514101562495794e-03
3.200000000000000000e+02 6.163902124999997081e-03
3.210000000000000000e+02 6.147254664062501602e-03
3.220000000000000000e+02 6.128482414062498898e-03
3.230000000000000000e+02 6.107630992187497269e-03
3.240000000000000000e+02 6.084652953125000222e-03
3.250000000000000000e+02 6.059602343749998822e-03
3.260000000000000000e+02 6.032388179687499762e-03
3.270000000000000000e+02 6.003044507812500298e-03
3.280000000000000000e+02 5.971639195312501355e-03
3.290000000000000000e+02 5.938084070312503807e-03
3.300000000000000000e+02 5.902435601562501348e-03
3.310000000000000000e+02 5.864729070312500563e-03
3.320000000000000000e+02 5.824924664062497252e-03
3.330000000000000000e+02 5.783121070312499321e-03
3.340000000000000000e+02 5.739227679687498515e-03
3.350000000000000000e+02 5.693415960937499125e-03
3.360000000000000000e+02 5.645585484375000018e-03
3.370000000000000000e+02 5.595841046875001980e-03
3.380000000000000000e+02 5.544202867187494367e-03
3.390000000000000000e+02 5.490782148437500614e-03
3.400000000000000000e+02 5.435546987500000475e-03
3.410000000000000000e+02 5.378634760156250638e-03
3.420000000000000000e+02 5.320018168749998493e-03
3.430000000000000000e+02 5.259844467968751054e-03
3.440000000000000000e+02 5.198186632109376600e-03
3.450000000000000000e+02 5.135096220685151161e-03
3.460000000000000000e+02 5.070644817656250886e-03
3.470000000000000000e+02 5.004994797656251403e-03
3.480000000000000000e+02 4.938187503906249325e-03
3.490000000000000000e+02 4.870378459374997970e-03
3.500000000000000000e+02 4.801671825781246745e-03
3.510000000000000000e+02 4.732187335937498851e-03
3.520000000000000000e+02 4.662009704687501005e-03
3.530000000000000000e+02 4.591373519140624741e-03
3.540000000000000000e+02 4.520350895937500640e-03
3.550000000000000000e+02 4.449087098046874446e-03
3.560000000000000000e+02 4.377822527343750228e-03
3.570000000000000000e+02 4.306648483593748106e-03
3.580000000000000000e+02 4.235779236718748182e-03
3.590000000000000000e+02 4.165373692968749215e-03
3.600000000000000000e+02 4.095635609375000361e-03
3.610000000000000000e+02 4.026774867187500953e-03
3.620000000000000000e+02 3.959004023437498812e-03
3.630000000000000000e+02 3.892526546874999598e-03
3.640000000000000000e+02 3.827631890624999707e-03
3.650000000000000000e+02 3.764458515624999335e-03
3.660000000000000000e+02 3.703325062500001201e-03
3.670000000000000000e+02 3.644478570312501692e-03
3.680000000000000000e+02 3.588164687500000963e-03
3.690000000000000000e+02 3.534676601562497782e-03
3.700000000000000000e+02 3.484315500000000152e-03
3.710000000000000000e+02 3.437367648437498341e-03
3.720000000000000000e+02 3.394105117187497678e-03
3.730000000000000000e+02 3.354881617187499988e-03
3.740000000000000000e+02 3.319996226562501370e-03
3.750000000000000000e+02 3.289760921874999595e-03
3.760000000000000000e+02 3.264525226562499556e-03
3.770000000000000000e+02 3.244623460937499839e-03
3.780000000000000000e+02 3.230358374999999817e-03
3.790000000000000000e+02 3.222070695312499473e-03
3.800000000000000000e+02 3.220104789062501211e-03
3.810000000000000000e+02 3.224780679687498566e-03
3.820000000000000000e+02 3.236421273437498514e-03
3.830000000000000000e+02 3.255348617187500682e-03
3.840000000000000000e+02 3.281863093749999832e-03
3.850000000000000000e+02 3.316275726562501174e-03
3.860000000000000000e+02 3.358868414062497927e-03
3.870000000000000000e+02 3.409912609375003335e-03
3.880000000000000000e+02 3.469683445312500298e-03
3.890000000000000000e+02 3.538424703124999279e-03
3.900000000000000000e+02 3.616362610156249879e-03
3.910000000000000000e+02 3.703703498437499637e-03
3.920000000000000000e+02 3.800645214843750060e-03
3.930000000000000000e+02 3.907344182031250411e-03
3.940000000000000000e+02 4.023947515625000103e-03
3.950000000000000000e+02 4.150554554687499800e-03
3.960000000000000000e+02 4.287237492187499256e-03
3.970000000000000000e+02 4.434028953125000380e-03
3.980000000000000000e+02 4.590905250000000028e-03
3.990000000000000000e+02 4.757821562499999456e-03
4.000000000000000000e+02 4.934614296875001506e-03
4.010000000000000000e+02 5.121137499999997567e-03
4.020000000000000000e+02 5.317090390624997637e-03
4.030000000000000000e+02 5.522122656249997021e-03
4.040000000000000000e+02 5.735832265625000898e-03
4.050000000000000000e+02 5.957683124999997408e-03
4.060000000000000000e+02 6.187032265624999722e-03
4.070000000000000000e+02 6.423180390624997314e-03
4.080000000000000000e+02 6.665244609374997367e-03
4.090000000000000000e+02 6.912387109375000248e-03
4.100000000000000000e+02 7.163518203125000990e-03
4.110000000000000000e+02 7.417555703124996749e-03
4.120000000000000000e+02 7.673244062500004375e-03
4.130000000000000000e+02 7.929368671874995750e-03
4.140000000000000000e+02 8.184577968750002264e-03
4.150000000000000000e+02 8.437491093749999171e-03
4.160000000000000000e+02 8.686721484374998123e-03
4.170000000000000000e+02 8.930918359374996271e-03
4.180000000000000000e+02 9.168631093750002556e-03
4.190000000000000000e+02 9.398576796874995309e-03
4.200000000000000000e+02 9.619503124999997934e-03
4.210000000000000000e+02 9.830117187500000964e-03
4.220000000000000000e+02 1.002946484374999010e-02
4.230000000000000000e+02 1.021645468749999598e-02
4.240000000000000000e+02 1.039030703125000225e-02
4.250000000000000000e+02 1.055030625000000395e-02
4.260000000000000000e+02 1.069582421874999863e-02
4.270000000000000000e+02 1.082654257812500770e-02
4.280000000000000000e+02 1.094206710937499320e-02
4.290000000000000000e+02 1.104235804687500253e-02
4.300000000000000000e+02 1.112743374999999868e-02
4.310000000000000000e+02 1.119728187499999597e-02
4.320000000000000000e+02 1.125222242187500464e-02
4.330000000000000000e+02 1.129261476562499512e-02
4.340000000000000000e+02 1.131878195312500252e-02
4.350000000000000000e+02 1.133122195312499976e-02
4.360000000000000000e+02 1.133045968750000070e-02
4.370000000000000000e+02 1.131702882812500935e-02
4.380000000000000000e+02 1.129154382812500371e-02
4.390000000000000000e+02 1.125462156250000602e-02
4.400000000000000000e+02 1.120683242187500359e-02
4.410000000000000000e+02 1.114883804687499987e-02
4.420000000000000000e+02 1.108118768749999719e-02
4.430000000000000000e+02 1.100454042968750795e-02
4.440000000000000000e+02 1.091953861953125042e-02
4.450000000000000000e+02 1.082686055390624791e-02
4.460000000000000000e+02 1.072716227656250222e-02
4.470000000000000000e+02 1.062117617187500682e-02
4.480000000000000000e+02 1.050961957031249991e-02
4.490000000000000000e+02 1.039347479687499458e-02
4.500000000000000000e+02 1.027346735156250100e-02
4.510000000000000000e+02 1.015079088281250867e-02
4.520000000000000000e+02 1.002644631875000344e-02
4.530000000000000000e+02 9.901640542968739162e-03
4.540000000000000000e+02 9.777818062499998852e-03
4.550000000000000000e+02 9.656417132812501053e-03
4.560000000000000000e+02 9.538982187500003040e-03
4.570000000000000000e+02 9.427210781250004029e-03
4.580000000000000000e+02 9.322905390625000482e-03
4.590000000000000000e+02 9.227898203125001197e-03
4.600000000000000000e+02 9.144133437499993300e-03
4.610000000000000000e+02 9.073422265625007491e-03
4.620000000000000000e+02 9.017733125000003402e-03
4.630000000000000000e+02 8.978858593749998104e-03
4.640000000000000000e+02 8.958510937500000632e-03
4.650000000000000000e+02 8.958253906250003215e-03
4.660000000000000000e+02 8.979455468749997921e-03
4.670000000000000000e+02 9.023250000000001755e-03
4.680000000000000000e+02 9.090479687500001640e-03
4.690000000000000000e+02 9.181806250000000558e-03
4.700000000000000000e+02 9.297353906249996441e-03
4.710000000000000000e+02 9.436984375000000494e-03
4.720000000000000000e+02 9.600362500000002644e-03
4.730000000000000000e+02 9.786428125000004932e-03
4.740000000000000000e+02 9.994005468750002605e-03
4.750000000000000000e+02 1.022135937499999911e-02
4.760000000000000000e+02 1.046643359374999950e-02
4.770000000000000000e+02 1.072680468750000261e-02
4.780000000000000000e+02 1.099956171875000020e-02
4.790000000000000000e+02 1.128154531249999856e-02
4.800000000000000000e+02 1.156911093749999481e-02
4.810000000000000000e+02 1.185842734374999673e-02
4.820000000000000000e+02 1.214526875000000380e-02
4.830000000000000000e+02 1.242534531250000587e-02
4.840000000000000000e+02 1.269406328125000268e-02
4.850000000000000000e+02 1.294687812500000534e-02
4.860000000000000000e+02 1.317930781250000773e-02
4.870000000000000000e+02 1.338722656250000524e-02
4.880000000000000000e+02 1.356665624999999625e-02
4.890000000000000000e+02 1.371462187499999930e-02
4.900000000000000000e+02 1.382871093749999704e-02
4.910000000000000000e+02 1.390795468749999458e-02
4.920000000000000000e+02 1.395273437499999769e-02
4.930000000000000000e+02 1.396536382812499366e-02
4.940000000000000000e+02 1.395061429687499167e-02
4.950000000000000000e+02 1.391596828125000150e-02
4.960000000000000000e+02 1.387251828124999586e-02
4.970000000000000000e+02 1.383550265624998790e-02
4.980000000000000000e+02 1.382481695312499752e-02
4.990000000000000000e+02 1.386658101562499718e-02
5.000000000000000000e+02 1.399369640625000230e-02
5.010000000000000000e+02 1.424731249999999783e-02
5.020000000000000000e+02 1.467836406250000968e-02
5.030000000000000000e+02 1.534937265624999360e-02
5.040000000000000000e+02 1.633657265625000632e-02
5.050000000000000000e+02 1.773238281249999229e-02
5.060000000000000000e+02 1.964899218749999871e-02
5.070000000000000000e+02 2.222119531249999724e-02
5.080000000000000000e+02 2.561174999999999910e-02
5.090000000000000000e+02 3.001642968749999862e-02
5.100000000000000000e+02 3.567052343749999715e-02
5.110000000000000000e+02 4.285711718749999483e-02
