0.000000000000000000e+00 3.311630207812499716e-03
1.000000000000000000e+00 3.309478296093749591e-03
2.000000000000000000e+00 3.305177404687501246e-03
3.000000000000000000e+00 3.298723551562501334e-03
4.000000000000000000e+00 3.290149353125001053e-03
5.000000000000000000e+00 3.279437628906251359e-03
6.000000000000000000e+00 3.266622810937500152e-03
7.000000000000000000e+00 3.251723824218748574e-03
8.000000000000000000e+00 3.234755076562500012e-03
9.000000000000000000e+00 3.215752689843749072e-03
1.000000000000000000e+01 3.194733887500000088e-03
1.100000000000000000e+01 3.171737611718749867e-03
1.200000000000000000e+01 3.146788908593751207e-03
1.300000000000000000e+01 3.119931967187500928e-03
1.400000000000000000e+01 3.091202582031250378e-03
1.500000000000000000e+01 3.060652044531246823e-03
1.600000000000000000e+01 3.028305296875000510e-03
1.700000000000000000e+01 2.994236159374999255e-03
1.800000000000000000e+01 2.958470005468749088e-03
1.900000000000000000e+01 2.921073879687501387e-03
2.000000000000000000e+01 2.882099044531250161e-03
2.100000000000000000e+01 2.841606802343749592e-03
2.200000000000000000e+01 2.799640803906249670e-03
2.300000000000000000e+01 2.756283156249999915e-03
2.400000000000000000e+01 2.711584680468750314e-03
2.500000000000000000e+01 2.665613480468750560e-03
2.600000000000000000e+01 2.618439250781251851e-03
2.700000000000000000e+01 2.570124960937500598e-03
2.800000000000000000e+01 2.520739403906249298e-03
2.900000000000000000e+01 2.470363717187499652e-03
3.000000000000000000e+01 2.419062167968749621e-03
3.100000000000000000e+01 2.366911445312498870e-03
3.200000000000000000e+01 2.313992677343749190e-03
3.300000000000000000e+01 2.260369806250000710e-03
3.400000000000000000e+01 2.206130424999999326e-03
3.500000000000000000e+01 2.151344610156251825e-03
3.600000000000000000e+01 2.096097689062499658e-03
3.700000000000000000e+01 2.040465107031249302e-03
3.800000000000000000e+01 1.984518747656250498e-03
3.900000000000000000e+01 1.928352932031250069e-03
4.000000000000000000e+01 1.872040162500001248e-03
4.100000000000000000e+01 1.815656572656250889e-03
4.200000000000000000e+01 1.759283390625000169e-03
4.300000000000000000e+01 1.703005869531249361e-03
4.400000000000000000e+01 1.646898549218749844e-03
4.500000000000000000e+01 1.591034928124999883e-03
4.600000000000000000e+01 1.535502237500000356e-03
4.700000000000000000e+01 1.480365123437500869e-03
4.800000000000000000e+01 1.425717426562500339e-03
4.900000000000000000e+01 1.371613942187499720e-03
5.000000000000000000e+01 1.318147646093749880e-03
5.100000000000000000e+01 1.265379401562500335e-03
5.200000000000000000e+01 1.213386746093749391e-03
5.300000000000000000e+01 1.162235912500000001e-03
5.400000000000000000e+01 1.112004437500000191e-03
5.500000000000000000e+01 1.062747911718750146e-03
5.600000000000000000e+01 1.014541923437499524e-03
5.700000000000000000e+01 9.674420273437500922e-04
5.800000000000000000e+01 9.215200054687499101e-04
5.900000000000000000e+01 8.768278238281248041e-04
6.000000000000000000e+01 8.334257192968747181e-04
6.100000000000000000e+01 7.913764289062494859e-04
6.200000000000000000e+01 7.507208351562498971e-04
6.300000000000000000e+01 7.115181686718750377e-04
6.400000000000000000e+01 6.738190341406253116e-04
6.500000000000000000e+01 6.376647306249999796e-04
6.600000000000000000e+01 6.031055412500003782e-04
6.700000000000000000e+01 5.701811979687499083e-04
6.800000000000000000e+01 5.389237987308591934e-04
6.900000000000000000e+01 5.093808581250003440e-04
7.000000000000000000e+01 4.815809885546875517e-04
7.100000000000000000e+01 4.555565222656249259e-04
7.200000000000000000e+01 4.313340477578126927e-04
7.300000000000000000e+01 4.089382713281249191e-04
7.400000000000000000e+01 3.883968657031251250e-04
7.500000000000000000e+01 3.697202006171872819e-04
7.600000000000000000e+01 3.529373874374999416e-04
7.700000000000000000e+01 3.380550233593750641e-04
7.800000000000000000e+01 3.250838913281249055e-04
7.900000000000000000e+01 3.140355101562499786e-04
8.000000000000000000e+01 3.049148187499999690e-04
8.100000000000000000e+01 2.977213015625001006e-04
8.200000000000000000e+01 2.924560156250001746e-04
8.300000000000000000e+01 2.891157499999999839e-04
8.400000000000000000e+01 2.876947031250000233e-04
8.500000000000000000e+01 2.881813984374999912e-04
8.600000000000000000e+01 2.905666953124999281e-04
8.700000000000000000e+01 2.948332499999998016e-04
8.800000000000000000e+01 3.009637656249999882e-04
8.900000000000000000e+01 3.089382031249999225e-04
9.000000000000000000e+01 3.187354531250001445e-04
9.100000000000000000e+01 3.303245468749999871e-04
9.200000000000000000e+01 3.436795703125000256e-04
9.300000000000000000e+01 3.587713046875001355e-04
9.400000000000000000e+01 3.755632812499999965e-04
9.500000000000000000e+01 3.940195468749999388e-04
9.600000000000000000e+01 4.141059609375002059e-04
9.700000000000000000e+01 4.357719062500000642e-04
9.800000000000000000e+01 4.589808828125002942e-04
9.900000000000000000e+01 4.836870468749997101e-04
1.000000000000000000e+02 5.098435703125000834e-04
1.010000000000000000e+02 5.373982734374999851e-04
1.020000000000000000e+02 5.662967578125000217e-04
1.030000000000000000e+02 5.964910624999998504e-04
1.040000000000000000e+02 6.279255468750002435e-04
1.050000000000000000e+02 6.605392343750001198e-04
1.060000000000000000e+02 6.942764218750003928e-04
1.070000000000000000e+02 7.290712062499999074e-04
1.080000000000000000e+02 7.648734703124994557e-04
1.090000000000000000e+02 8.016077398437505786e-04
1.100000000000000000e+02 8.392166617187500491e-04
1.110000000000000000e+02 8.776321398437497961e-04
1.120000000000000000e+02 9.167890414062499502e-04
1.130000000000000000e+02 9.566274398437497883e-04
1.140000000000000000e+02 9.970657023437494524e-04
1.150000000000000000e+02 1.038040814062499541e-03
1.160000000000000000e+02 1.079484262265625145e-03
1.170000000000000000e+02 1.121329525781250471e-03
1.180000000000000000e+02 1.163500753124999901e-03
1.190000000000000000e+02 1.205932930000000241e-03
1.200000000000000000e+02 1.248552473882811892e-03
1.210000000000000000e+02 1.291294310703125243e-03
1.220000000000000000e+02 1.334076486718749734e-03
1.230000000000000000e+02 1.376839290625000121e-03
1.240000000000000000e+02 1.419517230234375316e-03
1.250000000000000000e+02 1.462034443046875088e-03
1.260000000000000000e+02 1.504321180468750274e-03
1.270000000000000000e+02 1.546311710937499709e-03
1.280000000000000000e+02 1.587945685156249773e-03
1.290000000000000000e+02 1.629148435937500692e-03
1.300000000000000000e+02 1.669869371093748870e-03
1.310000000000000000e+02 1.710029011718749948e-03
1.320000000000000000e+02 1.749574063281251167e-03
1.330000000000000000e+02 1.788442475781250448e-03
1.340000000000000000e+02 1.826581953906250512e-03
1.350000000000000000e+02 1.863927242968749752e-03
1.360000000000000000e+02 1.900426709375000345e-03
1.370000000000000000e+02 1.936032818750000814e-03
1.380000000000000000e+02 1.970690910937500113e-03
1.390000000000000000e+02 2.004350003906250118e-03
1.400000000000000000e+02 2.036956669531249809e-03
1.410000000000000000e+02 2.068477460937499963e-03
1.420000000000000000e+02 2.098873507031249683e-03
1.430000000000000000e+02 2.128093046874999280e-03
1.440000000000000000e+02 2.156112483593749640e-03
1.450000000000000000e+02 2.182891082031250454e-03
1.460000000000000000e+02 2.208387794531249410e-03
1.470000000000000000e+02 2.232592815624999220e-03
1.480000000000000000e+02 2.255463824218749760e-03
1.490000000000000000e+02 2.276991296875000188e-03
1.500000000000000000e+02 2.297148307812500474e-03
1.510000000000000000e+02 2.315923444531250899e-03
1.520000000000000000e+02 2.333296908593748744e-03
1.530000000000000000e+02 2.349256532812499503e-03
1.540000000000000000e+02 2.363805159609376136e-03
1.550000000000000000e+02 2.376929107031250030e-03
1.560000000000000000e+02 2.388632139843748902e-03
1.570000000000000000e+02 2.398914775781249391e-03
1.580000000000000000e+02 2.407783600156251230e-03
1.590000000000000000e+02 2.415243422031249435e-03
1.600000000000000000e+02 2.421309414843749157e-03
1.610000000000000000e+02 2.425994407812499809e-03
1.620000000000000000e+02 2.429323514062501493e-03
1.630000000000000000e+02 2.431314880468749950e-03
1.640000000000000000e+02 2.431986971875000313e-03
1.650000000000000000e+02 2.431368936718749166e-03
1.660000000000000000e+02 2.429495952343749265e-03
1.670000000000000000e+02 2.426403845312500272e-03
1.680000000000000000e+02 2.422120596874999341e-03
1.690000000000000000e+02 2.416687052343749822e-03
1.700000000000000000e+02 2.410152363281249741e-03
1.710000000000000000e+02 2.402555000000000662e-03
1.720000000000000000e+02 2.393946101562499824e-03
1.730000000000000000e+02 2.384366460937499283e-03
1.740000000000000000e+02 2.373884406250000370e-03
1.750000000000000000e+02 2.362543234374999811e-03
1.760000000000000000e+02 2.350405773437499232e-03
1.770000000000000000e+02 2.337518515624998228e-03
1.780000000000000000e+02 2.323957078124999718e-03
1.790000000000000000e+02 2.309778789062500847e-03
1.800000000000000000e+02 2.295049468749999714e-03
1.810000000000000000e+02 2.279831781250001282e-03
1.820000000000000000e+02 2.264201679687499833e-03
1.830000000000000000e+02 2.248213234375000084e-03
1.840000000000000000e+02 2.231950609375000453e-03
1.850000000000000000e+02 2.215471351562499705e-03
1.860000000000000000e+02 2.198861851562500941e-03
1.870000000000000000e+02 2.182186124999999956e-03
1.880000000000000000e+02 2.165516421874999920e-03
1.890000000000000000e+02 2.148930195312499097e-03
1.900000000000000000e+02 2.132497835937500769e-03
1.910000000000000000e+02 2.116291218749999630e-03
1.920000000000000000e+02 2.100389460937499356e-03
1.930000000000000000e+02 2.084862656249999915e-03
1.940000000000000000e+02 2.069778124999999483e-03
1.950000000000000000e+02 2.055215546874999272e-03
1.960000000000000000e+02 2.041241562499999766e-03
1.970000000000000000e+02 2.027930703124999467e-03
1.980000000000000000e+02 2.015342734374999875e-03
1.990000000000000000e+02 2.003554843750000695e-03
2.000000000000000000e+02 1.992631250000000218e-03
2.010000000000000000e+02 1.982632265625000091e-03
2.020000000000000000e+02 1.973619070312499987e-03
2.030000000000000000e+02 1.965659445312499792e-03
2.040000000000000000e+02 1.958806851562499337e-03
2.050000000000000000e+02 1.953124500000000263e-03
2.060000000000000000e+02 1.948657351562499938e-03
2.070000000000000000e+02 1.945463320312500188e-03
2.080000000000000000e+02 1.943586109374999694e-03
2.090000000000000000e+02 1.943078953124999925e-03
2.100000000000000000e+02 1.943976421874999598e-03
2.110000000000000000e+02 1.946335530468749214e-03
2.120000000000000000e+02 1.950176160156249670e-03
2.130000000000000000e+02 1.955548178906249285e-03
2.140000000000000000e+02 1.962462326562500886e-03
2.150000000000000000e+02 1.970961922656249820e-03
2.160000000000000000e+02 1.981075517968750466e-03
2.170000000000000000e+02 1.992819239062500539e-03
2.180000000000000000e+02 2.006201330468750446e-03
2.190000000000000000e+02 2.021249610234375754e-03
2.200000000000000000e+02 2.037974203124999148e-03
2.210000000000000000e+02 2.056374419531249720e-03
2.220000000000000000e+02 2.076460934375001007e-03
2.230000000000000000e+02 2.098238995312499619e-03
2.240000000000000000e+02 2.121694556250000412e-03
2.250000000000000000e+02 2.146828953125000296e-03
2.260000000000000000e+02 2.173627460156250801e-03
2.270000000000000000e+02 2.202084910156250699e-03
2.280000000000000000e+02 2.232178890624999992e-03
2.290000000000000000e+02 2.263887765625001349e-03
2.300000000000000000e+02 2.297202609374999170e-03
2.310000000000000000e+02 2.332081039062500801e-03
2.320000000000000000e+02 2.368493226562500692e-03
2.330000000000000000e+02 2.406420132812499540e-03
2.340000000000000000e+02 2.445816195312499643e-03
2.350000000000000000e+02 2.486655257812500457e-03
2.360000000000000000e+02 2.528878054687500650e-03
2.370000000000000000e+02 2.572454875000000467e-03
2.380000000000000000e+02 2.617338226562499967e-03
2.390000000000000000e+02 2.663476015625000550e-03
2.400000000000000000e+02 2.710816031249999990e-03
2.410000000000000000e+02 2.759317101562501744e-03
2.420000000000000000e+02 2.808915406250000590e-03
2.430000000000000000e+02 2.859556656250001466e-03
2.440000000000000000e+02 2.911169664062498910e-03
2.450000000000000000e+02 2.963721171874999800e-03
2.460000000000000000e+02 3.017130703124997707e-03
2.470000000000000000e+02 3.071340320312501010e-03
2.480000000000000000e+02 3.126287382812501479e-03
2.490000000000000000e+02 3.181901656250000522e-03
2.500000000000000000e+02 3.238120312500000850e-03
2.510000000000000000e+02 3.294884179687498915e-03
2.520000000000000000e+02 3.352126820312500196e-03
2.530000000000000000e+02 3.409769593750000983e-03
2.540000000000000000e+02 3.467751984374998434e-03
2.550000000000000000e+02 3.526008593749999868e-03
2.560000000000000000e+02 3.584469929687501312e-03
2.570000000000000000e+02 3.643065109375000395e-03
2.580000000000000000e+02 3.701730710937498840e-03
2.590000000000000000e+02 3.760402234375000239e-03
2.600000000000000000e+02 3.819008593750000593e-03
2.610000000000000000e+02 3.877494640625000089e-03
2.620000000000000000e+02 3.935789242187499523e-03
2.630000000000000000e+02 3.993821289062500328e-03
2.640000000000000000e+02 4.051543367187499488e-03
2.650000000000000000e+02 4.108882539062499832e-03
2.660000000000000000e+02 4.165796554687501915e-03
2.670000000000000000e+02 4.222213078124999359e-03
2.680000000000000000e+02 4.278068695312501474e-03
2.690000000000000000e+02 4.333317773437500402e-03
2.700000000000000000e+02 4.387938101562498944e-03
2.710000000000000000e+02 4.441828046874998770e-03
2.720000000000000000e+02 4.494929882812502726e-03
2.730000000000000000e+02 4.547245523437500915e-03
2.740000000000000000e+02 4.598694267187501683e-03
2.750000000000000000e+02 4.649260230468752267e-03
2.760000000000000000e+02 4.698852860937498266e-03
2.770000000000000000e+02 4.747489765625000600e-03
2.780000000000000000e+02 4.795078859375002077e-03
2.790000000000000000e+02 4.841596609374997605e-03
2.800000000000000000e+02 4.887038109374999308e-03
2.810000000000000000e+02 4.931336023437502512e-03
2.820000000000000000e+02 4.974471171874997148e-03
2.830000000000000000e+02 5.016432265624995446e-03
2.840000000000000000e+02 5.057148156250005147e-03
2.850000000000000000e+02 5.096630093749997779e-03
2.860000000000000000e+02 5.134831484375001337e-03
2.870000000000000000e+02 5.171754046874998435e-03
2.880000000000000000e+02 5.207324882812502075e-03
2.890000000000000000e+02 5.241592367187498935e-03
2.900000000000000000e+02 5.274488015625002947e-03
2.910000000000000000e+02 5.306010273437501701e-03
2.920000000000000000e+02 5.336162335937501104e-03
2.930000000000000000e+02 5.364906148437500154e-03
2.940000000000000000e+02 5.392224335937496719e-03
2.950000000000000000e+02 5.418103796875000516e-03
2.960000000000000000e+02 5.442568210937498430e-03
2.970000000000000000e+02 5.465585109374999744e-03
2.980000000000000000e+02 5.487114648437500276e-03
2.990000000000000000e+02 5.507211132812502886e-03
3.000000000000000000e+02 5.525792429687501582e-03
3.010000000000000000e+02 5.542903601562499533e-03
3.020000000000000000e+02 5.558559031250001961e-03
3.030000000000000000e+02 5.572701328124997876e-03
3.040000000000000000e+02 5.585323499999997679e-03
3.050000000000000000e+02 5.596459812499999381e-03
3.060000000000000000e+02 5.606101218749999504e-03
3.070000000000000000e+02 5.614208851562499207e-03
3.080000000000000000e+02 5.620828609374999701e-03
3.090000000000000000e+02 5.625881601562506516e-03
3.100000000000000000e+02 5.629434757812497650e-03
3.110000000000000000e+02 5.631438648437500638e-03
3.120000000000000000e+02 5.631960625000001497e-03
3.130000000000000000e+02 5.630896484375000864e-03
3.140000000000000000e+02 5.628305703125001044e-03
3.150000000000000000e+02 5.624212109374998603e-03
3.160000000000000000e+02 5.618556015625000670e-03
3.170000000000000000e+02 5.611374453125000765e-03
3.180000000000000000e+02 5.602673515624999150e-03
3.190000000000000000e+02 5.592404843750002630e-03
3.200000000000000000e+02 5.580591718749998952e-03
3.210000000000000000e+02 5.567266250000001138e-03
3.220000000000000000e+02 5.552351718749999263e-03
3.230000000000000000e+02 5.535957656249998991e-03
3.240000000000000000e+02 5.518030859375006210e-03
3.250000000000000000e+02 5.498528750000002997e-03
3.260000000000000000e+02 5.477531171875002838e-03
3.270000000000000000e+02 5.455004765625001174e-03
3.280000000000000000e+02 5.430991562500000168e-03
3.290000000000000000e+02 5.405446375000004522e-03
3.300000000000000000e+02 5.378393945312500563e-03
3.310000000000000000e+02 5.349876085937501843e-03
3.320000000000000000e+02 5.319894445312503377e-03
3.330000000000000000e+02 5.288464054687500721e-03
3.340000000000000000e+02 5.255578406250000986e-03
3.350000000000000000e+02 5.221290984375000742e-03
3.360000000000000000e+02 5.185583843750002711e-03
3.370000000000000000e+02 5.148527234375000275e-03
3.380000000000000000e+02 5.110105742187500029e-03
3.390000000000000000e+02 5.070376968750002662e-03
3.400000000000000000e+02 5.029359289062498503e-03
3.410000000000000000e+02 4.987124812499996868e-03
3.420000000000000000e+02 4.943655687500002165e-03
3.430000000000000000e+02 4.899030921874999479e-03
3.440000000000000000e+02 4.853295726562498191e-03
3.450000000000000000e+02 4.806510249999999818e-03
3.460000000000000000e+02 4.758724554687503161e-03
3.470000000000000000e+02 4.709966882812498777e-03
3.480000000000000000e+02 4.660362484374997935e-03
3.490000000000000000e+02 4.609932312499999581e-03
3.500000000000000000e+02 4.558801726562498012e-03
3.510000000000000000e+02 4.507003414062498575e-03
3.520000000000000000e+02 4.454647351562498678e-03
3.530000000000000000e+02 4.401817515625000739e-03
3.540000000000000000e+02 4.348645375000002346e-03
3.550000000000000000e+02 4.295197273437500671e-03
3.560000000000000000e+02 4.241588820312499480e-03
3.570000000000000000e+02 4.187940398437499379e-03
3.580000000000000000e+02 4.134406945312502947e-03
3.590000000000000000e+02 4.081108773437499768e-03
3.600000000000000000e+02 4.028146078125001937e-03
3.610000000000000000e+02 3.975739531250000423e-03
3.620000000000000000e+02 3.923971171875001267e-03
3.630000000000000000e+02 3.873042968750001376e-03
3.640000000000000000e+02 3.823117343750000695e-03
3.650000000000000000e+02 3.774373593750002427e-03
3.660000000000000000e+02 3.726996640625000311e-03
3.670000000000000000e+02 3.681188359374998678e-03
3.680000000000000000e+02 3.637158984375000927e-03
3.690000000000000000e+02 3.595119374999999722e-03
3.700000000000000000e+02 3.555260703124998953e-03
3.710000000000000000e+02 3.517863281249998531e-03
3.720000000000000000e+02 3.483114453124999590e-03
3.730000000000000000e+02 3.451262734375000994e-03
3.740000000000000000e+02 3.422598046875001496e-03
3.750000000000000000e+02 3.397338437500000384e-03
3.760000000000000000e+02 3.375755625000001221e-03
3.770000000000000000e+02 3.358110234374999965e-03
3.780000000000000000e+02 3.344664921874999745e-03
3.790000000000000000e+02 3.335709218749999087e-03
3.800000000000000000e+02 3.331484828125000873e-03
3.810000000000000000e+02 3.332287515625001213e-03
3.820000000000000000e+02 3.338374874999999829e-03
3.830000000000000000e+02 3.350003015624999827e-03
3.840000000000000000e+02 3.367455898437501146e-03
3.850000000000000000e+02 3.390973382812499833e-03
3.860000000000000000e+02 3.420808554687499933e-03
3.870000000000000000e+02 3.457211064843749692e-03
3.880000000000000000e+02 3.500396261718749340e-03
3.890000000000000000e+02 3.550609104609375125e-03
3.900000000000000000e+02 3.608045465625000191e-03
3.910000000000000000e+02 3.672900788281251248e-03
3.920000000000000000e+02 3.745373492187501017e-03
3.930000000000000000e+02 3.825597734375000940e-03
3.940000000000000000e+02 3.913756593750001428e-03
3.950000000000000000e+02 4.009962507812500979e-03
3.960000000000000000e+02 4.114296257812500440e-03
3.970000000000000000e+02 4.226881648437499917e-03
3.980000000000000000e+02 4.347724531249997845e-03
3.990000000000000000e+02 4.476850312499999936e-03
4.000000000000000000e+02 4.614221015625002108e-03
4.010000000000000000e+02 4.759772734374998100e-03
4.020000000000000000e+02 4.913401015624997356e-03
4.030000000000000000e+02 5.074894296875001078e-03
4.040000000000000000e+02 5.244049453125003424e-03
4.050000000000000000e+02 5.420527500000000241e-03
4.060000000000000000e+02 5.603950234374997612e-03
4.070000000000000000e+02 5.793882499999999068e-03
4.080000000000000000e+02 5.989763359375003225e-03
4.090000000000000000e+02 6.190969765624996721e-03
4.100000000000000000e+02 6.396748125000004982e-03
4.110000000000000000e+02 6.606366484375002582e-03
4.120000000000000000e+02 6.818812499999999353e-03
4.130000000000000000e+02 7.033212812500000931e-03
4.140000000000000000e+02 7.248480937500001095e-03
4.150000000000000000e+02 7.463474531250000911e-03
4.160000000000000000e+02 7.677035156250002976e-03
4.170000000000000000e+02 7.887961406250003013e-03
4.180000000000000000e+02 8.094985781249997708e-03
4.190000000000000000e+02 8.296965937499997668e-03
4.200000000000000000e+02 8.492551328124996884e-03
4.210000000000000000e+02 8.680577421874993357e-03
4.220000000000000000e+02 8.859974062500004799e-03
4.230000000000000000e+02 9.029664296875001758e-03
4.240000000000000000e+02 9.188643671874996421e-03
4.250000000000000000e+02 9.336079687499995033e-03
4.260000000000000000e+02 9.471261484374996625e-03
4.270000000000000000e+02 9.593597499999996850e-03
4.280000000000000000e+02 9.702683749999999746e-03
4.290000000000000000e+02 9.798209453125003229e-03
4.300000000000000000e+02 9.880005078124995052e-03
4.310000000000000000e+02 9.948169843750005389e-03
4.320000000000000000e+02 1.000286539062499903e-02
4.330000000000000000e+02 1.004432234375001419e-02
4.340000000000000000e+02 1.007306289062498590e-02
4.350000000000000000e+02 1.008959148437499516e-02
4.360000000000000000e+02 1.009451203124999731e-02
4.370000000000000000e+02 1.008861195312500680e-02
4.380000000000000000e+02 1.007259421874999797e-02
4.390000000000000000e+02 1.004732570312500545e-02
4.400000000000000000e+02 1.001367328124999970e-02
4.410000000000000000e+02 9.972465953124993662e-03
4.420000000000000000e+02 9.924651562499999316e-03
4.430000000000000000e+02 9.871138289843747748e-03
4.440000000000000000e+02 9.812666315624996027e-03
4.450000000000000000e+02 9.750228638281243504e-03
4.460000000000000000e+02 9.684635105859375551e-03
4.470000000000000000e+02 9.616703281250001470e-03
4.480000000000000000e+02 9.547347817187497657e-03
4.490000000000000000e+02 9.477270754687495968e-03
4.500000000000000000e+02 9.407449774218753363e-03
4.510000000000000000e+02 9.338627773437505400e-03
4.520000000000000000e+02 9.271626289062494253e-03
4.530000000000000000e+02 9.207420859374997393e-03
4.540000000000000000e+02 9.146874296874996091e-03
4.550000000000000000e+02 9.090869453124999014e-03
4.560000000000000000e+02 9.040501953125001933e-03
4.570000000000000000e+02 8.996603984375003971e-03
4.580000000000000000e+02 8.960322187500003102e-03
4.590000000000000000e+02 8.932718203124998674e-03
4.600000000000000000e+02 8.914851562499997648e-03
4.610000000000000000e+02 8.907773437500004013e-03
4.620000000000000000e+02 8.912527343749998901e-03
4.630000000000000000e+02 8.930199999999999250e-03
4.640000000000000000e+02 8.961718749999993128e-03
4.650000000000000000e+02 9.007844531250008488e-03
4.660000000000000000e+02 9.069495312499998435e-03
4.670000000000000000e+02 9.147149999999996256e-03
4.680000000000000000e+02 9.241200781250001953e-03
4.690000000000000000e+02 9.351936718749995214e-03
4.700000000000000000e+02 9.479284375000002552e-03
4.710000000000000000e+02 9.622997656250001711e-03
4.720000000000000000e+02 9.782426562500000020e-03
4.730000000000000000e+02 9.956817968750001843e-03
4.740000000000000000e+02 1.014496640625000071e-02
4.750000000000000000e+02 1.034550859374999687e-02
4.760000000000000000e+02 1.055669687500000037e-02
4.770000000000000000e+02 1.077654140625000298e-02
4.780000000000000000e+02 1.100291562499999820e-02
4.790000000000000000e+02 1.123332109374999485e-02
4.800000000000000000e+02 1.146511406250000017e-02
4.810000000000000000e+02 1.169566406249999448e-02
4.820000000000000000e+02 1.192220078125000478e-02
4.830000000000000000e+02 1.214179687500000285e-02
4.840000000000000000e+02 1.235194765624999733e-02
4.850000000000000000e+02 1.254999765625000249e-02
4.860000000000000000e+02 1.273388437499999373e-02
4.870000000000000000e+02 1.290181250000000182e-02
4.880000000000000000e+02 1.305266093749999495e-02
4.890000000000000000e+02 1.318628515625000497e-02
4.900000000000000000e+02 1.330352343750000783e-02
4.910000000000000000e+02 1.340647578124999281e-02
4.920000000000000000e+02 1.349905312500000211e-02
4.930000000000000000e+02 1.358725390624999918e-02
4.940000000000000000e+02 1.367947304687499969e-02
4.950000000000000000e+02 1.378696156250000353e-02
4.960000000000000000e+02 1.392470406250000646e-02
4.970000000000000000e+02 1.411183341406249507e-02
4.980000000000000000e+02 1.437213578124999815e-02
4.990000000000000000e+02 1.473549062499999833e-02
5.000000000000000000e+02 1.523847421874999913e-02
5.010000000000000000e+02 1.592551015625001329e-02
5.020000000000000000e+02 1.685060312500000906e-02
5.030000000000000000e+02 1.807862734375000058e-02
5.040000000000000000e+02 1.968728593750000005e-02
5.050000000000000000e+02 2.176975781249999506e-02
5.060000000000000000e+02 2.443678124999999410e-02
5.070000000000000000e+02 2.782044531250001118e-02
5.080000000000000000e+02 3.207768750000000724e-02
5.090000000000000000e+02 3.739489062500000321e-02
5.100000000000000000e+02 4.399334374999997604e-02
5.110000000000000000e+02 5.213582031250000443e-02
