0.000000000000000000e+00 2.451405335937501158e-03
1.000000000000000000e+00 2.449441414062499250e-03
2.000000000000000000e+00 2.445521687500000051e-03
3.000000000000000000e+00 2.439649695312501049e-03
4.000000000000000000e+00 2.431832781250000981e-03
5.000000000000000000e+00 2.422091351562499512e-03
6.000000000000000000e+00 2.410444484374998312e-03
7.000000000000000000e+00 2.396914820312499774e-03
8.000000000000000000e+00 2.381525867187499548e-03
9.000000000000000000e+00 2.364305695312499990e-03
1.000000000000000000e+01 2.345287812499999725e-03
1.100000000000000000e+01 2.324509554687501436e-03
1.200000000000000000e+01 2.302007312500001148e-03
1.300000000000000000e+01 2.277833125000001176e-03
1.400000000000000000e+01 2.252019484375000248e-03
1.500000000000000000e+01 2.224622835937500095e-03
1.600000000000000000e+01 2.195687945312499272e-03
1.700000000000000000e+01 2.165281523437500178e-03
1.800000000000000000e+01 2.133453750000000471e-03
1.900000000000000000e+01 2.100269937500000468e-03
2.000000000000000000e+01 2.065781890625000439e-03
2.100000000000000000e+01 2.030067562500000120e-03
2.200000000000000000e+01 1.993186046875000065e-03
2.300000000000000000e+01 1.955201984375000944e-03
2.400000000000000000e+01 1.916197468750000747e-03
2.500000000000000000e+01 1.876244312499999404e-03
2.600000000000000000e+01 1.835420210937500039e-03
2.700000000000000000e+01 1.793791445312499424e-03
2.800000000000000000e+01 1.751437851562500422e-03
2.900000000000000000e+01 1.708449804687499698e-03
3.000000000000000000e+01 1.664897132812499098e-03
3.100000000000000000e+01 1.620861492187498790e-03
3.200000000000000000e+01 1.576433750000001037e-03
3.300000000000000000e+01 1.531687312500000162e-03
3.400000000000000000e+01 1.486713156249999451e-03
3.500000000000000000e+01 1.441590507812500139e-03
3.600000000000000000e+01 1.396409882812500334e-03
3.700000000000000000e+01 1.351240914062500032e-03
3.800000000000000000e+01 1.306185132812500652e-03
3.900000000000000000e+01 1.261317226562499528e-03
4.000000000000000000e+01 1.216721281249999670e-03
4.100000000000000000e+01 1.172480031250000250e-03
4.200000000000000000e+01 1.128676164062500245e-03
4.300000000000000000e+01 1.085393187500000153e-03
4.400000000000000000e+01 1.042708429687499820e-03
4.500000000000000000e+01 1.000702039062499561e-03
4.600000000000000000e+01 9.594513281249996643e-04
4.700000000000000000e+01 9.190351484374999344e-04
4.800000000000000000e+01 8.795302265624995591e-04
4.900000000000000000e+01 8.410011406250002177e-04
5.000000000000000000e+01 8.035312187500001169e-04
5.100000000000000000e+01 7.671862499999999732e-04
5.200000000000000000e+01 7.320279835937501794e-04
5.300000000000000000e+01 6.981313750000001832e-04
5.400000000000000000e+01 6.655530710937498538e-04
5.500000000000000000e+01 6.343576937499999365e-04
5.600000000000000000e+01 6.045996265624999522e-04
5.700000000000000000e+01 5.763410304687502069e-04
5.800000000000000000e+01 5.496345484374998581e-04
5.900000000000000000e+01 5.245277890625001278e-04
6.000000000000000000e+01 5.010728515624999612e-04
6.100000000000000000e+01 4.793097609374999965e-04
6.200000000000000000e+01 4.592860960156248062e-04
6.300000000000000000e+01 4.410419349999998768e-04
6.400000000000000000e+01 4.246110214843749116e-04
6.500000000000000000e+01 4.100284888281251661e-04
6.600000000000000000e+01 3.973219076250000727e-04
6.700000000000000000e+01 3.865208264843747596e-04
6.800000000000000000e+01 3.776515149218748939e-04
6.900000000000000000e+01 3.707294148437500440e-04
7.000000000000000000e+01 3.657751850000000066e-04
7.100000000000000000e+01 3.628049928125000627e-04
7.200000000000000000e+01 3.618261957031251343e-04
7.300000000000000000e+01 3.628496877343749235e-04
7.400000000000000000e+01 3.658724664062497725e-04
7.500000000000000000e+01 3.709074116406249795e-04
7.600000000000000000e+01 3.779414848437499656e-04
7.700000000000000000e+01 3.869784965781250356e-04
7.800000000000000000e+01 3.979988815624999131e-04
7.900000000000000000e+01 4.109978795312499368e-04
8.000000000000000000e+01 4.259592882812501141e-04
8.100000000000000000e+01 4.428633210937502670e-04
8.200000000000000000e+01 4.616882398437498702e-04
8.300000000000000000e+01 4.824070648437499081e-04
8.400000000000000000e+01 5.049958062499999758e-04
8.500000000000000000e+01 5.294205062499999928e-04
8.600000000000000000e+01 5.556445976562496801e-04
8.700000000000000000e+01 5.836338804687500603e-04
8.800000000000000000e+01 6.133489774218753125e-04
8.900000000000000000e+01 6.447421634374995514e-04
9.000000000000000000e+01 6.777736361718749488e-04
9.100000000000000000e+01 7.123863022656247131e-04
9.200000000000000000e+01 7.485364796874998490e-04
9.300000000000000000e+01 7.861688882812497290e-04
9.400000000000000000e+01 8.252218546875004666e-04
9.500000000000000000e+01 8.656399812499999524e-04
9.600000000000000000e+01 9.073643359374997368e-04
9.700000000000000000e+01 9.503307546875003082e-04
9.800000000000000000e+01 9.944686929687501786e-04
9.900000000000000000e+01 1.039713187499999737e-03
1.000000000000000000e+02 1.085993929687499669e-03
1.010000000000000000e+02 1.133244054687499803e-03
1.020000000000000000e+02 1.181378078124999597e-03
1.030000000000000000e+02 1.230336960937501506e-03
1.040000000000000000e+02 1.280034828125000204e-03
1.050000000000000000e+02 1.330393539062500177e-03
1.060000000000000000e+02 1.381342195312500361e-03
1.070000000000000000e+02 1.432789203124999527e-03
1.080000000000000000e+02 1.484657500000000074e-03
1.090000000000000000e+02 1.536867492187499445e-03
1.100000000000000000e+02 1.589333609375000395e-03
1.110000000000000000e+02 1.641976359375000964e-03
1.120000000000000000e+02 1.694707773437500835e-03
1.130000000000000000e+02 1.747445859374999796e-03
1.140000000000000000e+02 1.800102460937500013e-03
1.150000000000000000e+02 1.852595812500000506e-03
1.160000000000000000e+02 1.904846312500000022e-03
1.170000000000000000e+02 1.956756625000000572e-03
1.180000000000000000e+02 2.008257546875000417e-03
1.190000000000000000e+02 2.059256140624999253e-03
1.200000000000000000e+02 2.109674070312500364e-03
1.210000000000000000e+02 2.159428994531249583e-03
1.220000000000000000e+02 2.208442248437500737e-03
1.230000000000000000e+02 2.256626876562500394e-03
1.240000000000000000e+02 2.303916745312499688e-03
1.250000000000000000e+02 2.350225697656249668e-03
1.260000000000000000e+02 2.395479943750001162e-03
1.270000000000000000e+02 2.439609511718750408e-03
1.280000000000000000e+02 2.482541866406249263e-03
1.290000000000000000e+02 2.524202132031250212e-03
1.300000000000000000e+02 2.564534360156251001e-03
1.310000000000000000e+02 2.603467443750000221e-03
1.320000000000000000e+02 2.640939314843750597e-03
1.330000000000000000e+02 2.676892331249997644e-03
1.340000000000000000e+02 2.711267735156249956e-03
1.350000000000000000e+02 2.744015721874998835e-03
1.360000000000000000e+02 2.775077795312500244e-03
1.370000000000000000e+02 2.804416483593749360e-03
1.380000000000000000e+02 2.831981030468750694e-03
1.390000000000000000e+02 2.857737165624999343e-03
1.400000000000000000e+02 2.881640601562499449e-03
1.410000000000000000e+02 2.903666744531250947e-03
1.420000000000000000e+02 2.923778407812500056e-03
1.430000000000000000e+02 2.941950718749998354e-03
1.440000000000000000e+02 2.958173036015623349e-03
1.450000000000000000e+02 2.972413080078123958e-03
1.460000000000000000e+02 2.984667618749999897e-03
1.470000000000000000e+02 2.994921281250001368e-03
1.480000000000000000e+02 3.003175149218753094e-03
1.490000000000000000e+02 3.009422254687498834e-03
1.500000000000000000e+02 3.013677103906251421e-03
1.510000000000000000e+02 3.015941024296873822e-03
1.520000000000000000e+02 3.016225410937499723e-03
1.530000000000000000e+02 3.014558066406249071e-03
1.540000000000000000e+02 3.010945400781249882e-03
1.550000000000000000e+02 3.005432387968750164e-03
1.560000000000000000e+02 2.998037749218747643e-03
1.570000000000000000e+02 2.988791296875000468e-03
1.580000000000000000e+02 2.977749521874997665e-03
1.590000000000000000e+02 2.964949287500000079e-03
1.600000000000000000e+02 2.950434542890624425e-03
1.610000000000000000e+02 2.934264483429687570e-03
1.620000000000000000e+02 2.916501192968749216e-03
1.630000000000000000e+02 2.897195078906250870e-03
1.640000000000000000e+02 2.876412460156250409e-03
1.650000000000000000e+02 2.854232592656248679e-03
1.660000000000000000e+02 2.830721654609374537e-03
1.670000000000000000e+02 2.805956368749999794e-03
1.680000000000000000e+02 2.780022243750001135e-03
1.690000000000000000e+02 2.752988375781249917e-03
1.700000000000000000e+02 2.724966343828125366e-03
1.710000000000000000e+02 2.696018958984375529e-03
1.720000000000000000e+02 2.666260708593750240e-03
1.730000000000000000e+02 2.635782523437500083e-03
1.740000000000000000e+02 2.604666112265626322e-03
1.750000000000000000e+02 2.573030002937500959e-03
1.760000000000000000e+02 2.540964364062497319e-03
1.770000000000000000e+02 2.508581380468750000e-03
1.780000000000000000e+02 2.475986921093749349e-03
1.790000000000000000e+02 2.443277353648438434e-03
1.800000000000000000e+02 2.410569493750000080e-03
1.810000000000000000e+02 2.377968464062499201e-03
1.820000000000000000e+02 2.345578463281250241e-03
1.830000000000000000e+02 2.313519946328124795e-03
1.840000000000000000e+02 2.281885657812500207e-03
1.850000000000000000e+02 2.250804585937500688e-03
1.860000000000000000e+02 2.220362024999999496e-03
1.870000000000000000e+02 2.190687407343750934e-03
1.880000000000000000e+02 2.161873722656248997e-03
1.890000000000000000e+02 2.134019828125001319e-03
1.900000000000000000e+02 2.107239421093750047e-03
1.910000000000000000e+02 2.081635426875000274e-03
1.920000000000000000e+02 2.057297670312500850e-03
1.930000000000000000e+02 2.034331324218751572e-03
1.940000000000000000e+02 2.012823164843749717e-03
1.950000000000000000e+02 1.992864131249999591e-03
1.960000000000000000e+02 1.974546550781248935e-03
1.970000000000000000e+02 1.957941591406249428e-03
1.980000000000000000e+02 1.943148674999999916e-03
1.990000000000000000e+02 1.930226930468750390e-03
2.000000000000000000e+02 1.919258399218750581e-03
2.010000000000000000e+02 1.910306803124999951e-03
2.020000000000000000e+02 1.903434594531249824e-03
2.030000000000000000e+02 1.898706359374999165e-03
2.040000000000000000e+02 1.896172203124999898e-03
2.050000000000000000e+02 1.895876914062500068e-03
2.060000000000000000e+02 1.897865773437499692e-03
2.070000000000000000e+02 1.902183976562499485e-03
2.080000000000000000e+02 1.908862078124999410e-03
2.090000000000000000e+02 1.917921025781249914e-03
2.100000000000000000e+02 1.929392536250000394e-03
2.110000000000000000e+02 1.943294414843750205e-03
2.120000000000000000e+02 1.959627359375000488e-03
2.130000000000000000e+02 1.978398591406249196e-03
2.140000000000000000e+02 1.999620355468750919e-03
2.150000000000000000e+02 2.023281859375000453e-03
2.160000000000000000e+02 2.049369085937500709e-03
2.170000000000000000e+02 2.077865304687499977e-03
2.180000000000000000e+02 2.108762437500000773e-03
2.190000000000000000e+02 2.142021335937500069e-03
2.200000000000000000e+02 2.177608492187500539e-03
2.210000000000000000e+02 2.215507687500000746e-03
2.220000000000000000e+02 2.255648593749999542e-03
2.230000000000000000e+02 2.298009273437500236e-03
2.240000000000000000e+02 2.342529562499999149e-03
2.250000000000000000e+02 2.389158601562500501e-03
2.260000000000000000e+02 2.437835179687500298e-03
2.270000000000000000e+02 2.488493437500000245e-03
2.280000000000000000e+02 2.541076242187498974e-03
2.290000000000000000e+02 2.595501945312499777e-03
2.300000000000000000e+02 2.651705632812499311e-03
2.310000000000000000e+02 2.709614218750000698e-03
2.320000000000000000e+02 2.769149648437500572e-03
2.330000000000000000e+02 2.830229429687501370e-03
2.340000000000000000e+02 2.892766859375000155e-03
2.350000000000000000e+02 2.956686265624999029e-03
2.360000000000000000e+02 3.021892671875000061e-03
2.370000000000000000e+02 3.088301437500000964e-03
2.380000000000000000e+02 3.155825921875000939e-03
2.390000000000000000e+02 3.224381554687499613e-03
2.400000000000000000e+02 3.293876007812500482e-03
2.410000000000000000e+02 3.364220304687498986e-03
2.420000000000000000e+02 3.435323328125000370e-03
2.430000000000000000e+02 3.507095953124999936e-03
2.440000000000000000e+02 3.579452539062501128e-03
2.450000000000000000e+02 3.652322531250000101e-03
2.460000000000000000e+02 3.725585164062501006e-03
2.470000000000000000e+02 3.799188101562501682e-03
2.480000000000000000e+02 3.873041710937499653e-03
2.490000000000000000e+02 3.947057937499998115e-03
2.500000000000000000e+02 4.021157874999998702e-03
2.510000000000000000e+02 4.095279234374998856e-03
2.520000000000000000e+02 4.169333843750000317e-03
2.530000000000000000e+02 4.243259921874998307e-03
2.540000000000000000e+02 4.316987062499998661e-03
2.550000000000000000e+02 4.390443562499999654e-03
2.560000000000000000e+02 4.463579984374997818e-03
2.570000000000000000e+02 4.536327132812499434e-03
2.580000000000000000e+02 4.608635617187497105e-03
2.590000000000000000e+02 4.680420249999999241e-03
2.600000000000000000e+02 4.751663484374999899e-03
2.610000000000000000e+02 4.822295515624999175e-03
2.620000000000000000e+02 4.892307414062496349e-03
2.630000000000000000e+02 4.961647515624998013e-03
2.640000000000000000e+02 5.030214601562497598e-03
2.650000000000000000e+02 5.098042162499998378e-03
2.660000000000000000e+02 5.165095449999998825e-03
2.670000000000000000e+02 5.231283423437501842e-03
2.680000000000000000e+02 5.296615328125002173e-03
2.690000000000000000e+02 5.361074775781249531e-03
2.700000000000000000e+02 5.424606196875000029e-03
2.710000000000000000e+02 5.487181962499997068e-03
2.720000000000000000e+02 5.548814832031247722e-03
2.730000000000000000e+02 5.609480333437499855e-03
2.740000000000000000e+02 5.669114699999999209e-03
2.750000000000000000e+02 5.727737958593750490e-03
2.760000000000000000e+02 5.785328765625001070e-03
2.770000000000000000e+02 5.841872092968753045e-03
2.780000000000000000e+02 5.897310828125000223e-03
2.790000000000000000e+02 5.951665748437502158e-03
2.800000000000000000e+02 6.004928929687503719e-03
2.810000000000000000e+02 6.057063656249999338e-03
2.820000000000000000e+02 6.108059054687496603e-03
2.830000000000000000e+02 6.157879203124998375e-03
2.840000000000000000e+02 6.206519499999999488e-03
2.850000000000000000e+02 6.253969937499999354e-03
2.860000000000000000e+02 6.300236218750004946e-03
2.870000000000000000e+02 6.345211101562500504e-03
2.880000000000000000e+02 6.388958835937501649e-03
2.890000000000000000e+02 6.431390054687499691e-03
2.900000000000000000e+02 6.472520718749998590e-03
2.910000000000000000e+02 6.512349171874994881e-03
2.920000000000000000e+02 6.550789460937503014e-03
2.930000000000000000e+02 6.587831335937499762e-03
2.940000000000000000e+02 6.623434507812499608e-03
2.950000000000000000e+02 6.657591117187501920e-03
2.960000000000000000e+02 6.690246867187502749e-03
2.970000000000000000e+02 6.721360578125001005e-03
2.980000000000000000e+02 6.750895320312502029e-03
2.990000000000000000e+02 6.778848804687499438e-03
3.000000000000000000e+02 6.805114468749999014e-03
3.010000000000000000e+02 6.829709531249996898e-03
3.020000000000000000e+02 6.852577281249999305e-03
3.030000000000000000e+02 6.873607867187498353e-03
3.040000000000000000e+02 6.892829257812498403e-03
3.050000000000000000e+02 6.910163507812504269e-03
3.060000000000000000e+02 6.925574976562494378e-03
3.070000000000000000e+02 6.938964945312500743e-03
3.080000000000000000e+02 6.950376968749998920e-03
3.090000000000000000e+02 6.959708703125003747e-03
3.100000000000000000e+02 6.966872796875000703e-03
3.110000000000000000e+02 6.971870796874998950e-03
3.120000000000000000e+02 6.974626804687502658e-03
3.130000000000000000e+02 6.975116414062498653e-03
3.140000000000000000e+02 6.973281515624999739e-03
3.150000000000000000e+02 6.969058015624999755e-03
3.160000000000000000e+02 6.962432429687502762e-03
3.170000000000000000e+02 6.953347273437503889e-03
3.180000000000000000e+02 6.941720992187497274e-03
3.190000000000000000e+02 6.927579148437498953e-03
3.200000000000000000e+02 6.910851156249994687e-03
3.210000000000000000e+02 6.891502760937496044e-03
3.220000000000000000e+02 6.869548765624996188e-03
3.230000000000000000e+02 6.844925757812500219e-03
3.240000000000000000e+02 6.817606157031247741e-03
3.250000000000000000e+02 6.787545193437500256e-03
3.260000000000000000e+02 6.754872501562495836e-03
3.270000000000000000e+02 6.719393101562500317e-03
3.280000000000000000e+02 6.681229312499999302e-03
3.290000000000000000e+02 6.640367453125002248e-03
3.300000000000000000e+02 6.596760242187497611e-03
3.310000000000000000e+02 6.550517140624999117e-03
3.320000000000000000e+02 6.501589132812502642e-03
3.330000000000000000e+02 6.450061007812504105e-03
3.340000000000000000e+02 6.395927234375002948e-03
3.350000000000000000e+02 6.339274812499999349e-03
3.360000000000000000e+02 6.280097109374999619e-03
3.370000000000000000e+02 6.218542109375003492e-03
3.380000000000000000e+02 6.154625539062502475e-03
3.390000000000000000e+02 6.088473703125001427e-03
3.400000000000000000e+02 6.020118593749999338e-03
3.410000000000000000e+02 5.949654398437498673e-03
3.420000000000000000e+02 5.877249695312496136e-03
3.430000000000000000e+02 5.802972765625000022e-03
3.440000000000000000e+02 5.726980518750000859e-03
3.450000000000000000e+02 5.649363111718751565e-03
3.460000000000000000e+02 5.570263704687499103e-03
3.470000000000000000e+02 5.489818282500003900e-03
3.480000000000000000e+02 5.408249208515624427e-03
3.490000000000000000e+02 5.325651339062497519e-03
3.500000000000000000e+02 5.242200763281250515e-03
3.510000000000000000e+02 5.158082039062501963e-03
3.520000000000000000e+02 5.073520166406248789e-03
3.530000000000000000e+02 4.988669158671875381e-03
3.540000000000000000e+02 4.903684895312500520e-03
3.550000000000000000e+02 4.818806104687498384e-03
3.560000000000000000e+02 4.734254093750007997e-03
3.570000000000000000e+02 4.650249968749999019e-03
3.580000000000000000e+02 4.566973085937496915e-03
3.590000000000000000e+02 4.484678234375000065e-03
3.600000000000000000e+02 4.403644605468750618e-03
3.610000000000000000e+02 4.324058365625004646e-03
3.620000000000000000e+02 4.246184493750000156e-03
3.630000000000000000e+02 4.170277635937501455e-03
3.640000000000000000e+02 4.096645927343749854e-03
3.650000000000000000e+02 4.025514171874998610e-03
3.660000000000000000e+02 3.957236271953125210e-03
3.670000000000000000e+02 3.892036360937499266e-03
3.680000000000000000e+02 3.830236337500000053e-03
3.690000000000000000e+02 3.772214164062499993e-03
3.700000000000000000e+02 3.718244726562500158e-03
3.710000000000000000e+02 3.668645125000001561e-03
3.720000000000000000e+02 3.623805218750001094e-03
3.730000000000000000e+02 3.584010093750000705e-03
3.740000000000000000e+02 3.549678945312501142e-03
3.750000000000000000e+02 3.521114304687500592e-03
3.760000000000000000e+02 3.498727085937501126e-03
3.770000000000000000e+02 3.482810507812501063e-03
3.780000000000000000e+02 3.473795101562500171e-03
3.790000000000000000e+02 3.471969570312498712e-03
3.800000000000000000e+02 3.477702023437499821e-03
3.810000000000000000e+02 3.491331156250000647e-03
3.820000000000000000e+02 3.513203843749999021e-03
3.830000000000000000e+02 3.543578320312499533e-03
3.840000000000000000e+02 3.582812828124999453e-03
3.850000000000000000e+02 3.631151695312500281e-03
3.860000000000000000e+02 3.688856671874999552e-03
3.870000000000000000e+02 3.756191984374999786e-03
3.880000000000000000e+02 3.833357820312500563e-03
3.890000000000000000e+02 3.920544527343750897e-03
3.900000000000000000e+02 4.017938657031249264e-03
3.910000000000000000e+02 4.125661206562498094e-03
3.920000000000000000e+02 4.243802400000000648e-03
3.930000000000000000e+02 4.372481010937499281e-03
3.940000000000000000e+02 4.511702656250001636e-03
3.950000000000000000e+02 4.661446609375001493e-03
3.960000000000000000e+02 4.821663515625000500e-03
3.970000000000000000e+02 4.992249195312497764e-03
3.980000000000000000e+02 5.173007375000000969e-03
3.990000000000000000e+02 5.363712039062500277e-03
4.000000000000000000e+02 5.564064484375000688e-03
4.010000000000000000e+02 5.773647382812499389e-03
4.020000000000000000e+02 5.992052656250004307e-03
4.030000000000000000e+02 6.218686796875000193e-03
4.040000000000000000e+02 6.452880234375000558e-03
4.050000000000000000e+02 6.693947890625002138e-03
4.060000000000000000e+02 6.941036093750000205e-03
4.070000000000000000e+02 7.193238359375000480e-03
4.080000000000000000e+02 7.449578046875003114e-03
4.090000000000000000e+02 7.708944687500000198e-03
4.100000000000000000e+02 7.970248828125000087e-03
4.110000000000000000e+02 8.232246718749999109e-03
4.120000000000000000e+02 8.493629921874997282e-03
4.130000000000000000e+02 8.753284531250000652e-03
4.140000000000000000e+02 9.009799062500000594e-03
4.150000000000000000e+02 9.261964140624998759e-03
4.160000000000000000e+02 9.508420234374996907e-03
4.170000000000000000e+02 9.748068203124996348e-03
4.180000000000000000e+02 9.979695390624990919e-03
4.190000000000000000e+02 1.020217890625000831e-02
4.200000000000000000e+02 1.041451718750000498e-02
4.210000000000000000e+02 1.061581093750000281e-02
4.220000000000000000e+02 1.080520624999999589e-02
4.230000000000000000e+02 1.098203359374999577e-02
4.240000000000000000e+02 1.114564921874999781e-02
4.250000000000000000e+02 1.129563109374999777e-02
4.260000000000000000e+02 1.143154507812500428e-02
4.270000000000000000e+02 1.155318742187500837e-02
4.280000000000000000e+02 1.166025445312499423e-02
4.290000000000000000e+02 1.175276757812500177e-02
4.300000000000000000e+02 1.183059710937499863e-02
4.310000000000000000e+02 1.189389257812500066e-02
4.320000000000000000e+02 1.194271984374999963e-02
4.330000000000000000e+02 1.197716203124999865e-02
4.340000000000000000e+02 1.199750312500000131e-02
4.350000000000000000e+02 1.200387390625000036e-02
4.360000000000000000e+02 1.199648718750001043e-02
4.370000000000000000e+02 1.197560210937500050e-02
4.380000000000000000e+02 1.194145781249999864e-02
4.390000000000000000e+02 1.189434390624999165e-02
4.400000000000000000e+02 1.183448343749999611e-02
4.410000000000000000e+02 1.176227609375000288e-02
4.420000000000000000e+02 1.167799765625000472e-02
4.430000000000000000e+02 1.158213679687499810e-02
4.440000000000000000e+02 1.147509796875000390e-02
4.450000000000000000e+02 1.135750195312500155e-02
4.460000000000000000e+02 1.122994906250001160e-02
4.470000000000000000e+02 1.109339734374999512e-02
4.480000000000000000e+02 1.094867718749999858e-02
4.490000000000000000e+02 1.079699171875000974e-02
4.500000000000000000e+02 1.063964406250000189e-02
4.510000000000000000e+02 1.047810789062500469e-02
4.520000000000000000e+02 1.031414692187499274e-02
4.530000000000000000e+02 1.014959895312500353e-02
4.540000000000000000e+02 9.986615695312502788e-03
4.550000000000000000e+02 9.827385195312504998e-03
4.560000000000000000e+02 9.674341262734373684e-03
4.570000000000000000e+02 9.530013070312502721e-03
4.580000000000000000e+02 9.396982218750004126e-03
4.590000000000000000e+02 9.277812421875001811e-03
4.600000000000000000e+02 9.175134999999997459e-03
4.610000000000000000e+02 9.091450546874999331e-03
4.620000000000000000e+02 9.029281562500001551e-03
4.630000000000000000e+02 8.990800624999994647e-03
4.640000000000000000e+02 8.978060234375001558e-03
4.650000000000000000e+02 8.992879843749997451e-03
4.660000000000000000e+02 9.036733984374996365e-03
4.670000000000000000e+02 9.110800000000003965e-03
4.680000000000000000e+02 9.215907031250003198e-03
4.690000000000000000e+02 9.352468749999995334e-03
4.700000000000000000e+02 9.520531250000005552e-03
4.710000000000000000e+02 9.719596093750001303e-03
4.720000000000000000e+02 9.948905468750003298e-03
4.730000000000000000e+02 1.020690546875000805e-02
4.740000000000000000e+02 1.049191640624999415e-02
4.750000000000000000e+02 1.080132812500000407e-02
4.760000000000000000e+02 1.113229921875000250e-02
4.770000000000000000e+02 1.148128515625000158e-02
4.780000000000000000e+02 1.184410390624999858e-02
4.790000000000000000e+02 1.221610625000000248e-02
4.800000000000000000e+02 1.259202109375000093e-02
4.810000000000000000e+02 1.296612421874999803e-02
4.820000000000000000e+02 1.333206718749999943e-02
4.830000000000000000e+02 1.368327343749999730e-02
4.840000000000000000e+02 1.401260312500000188e-02
4.850000000000000000e+02 1.431295156250000054e-02
4.860000000000000000e+02 1.457714765625000436e-02
4.870000000000000000e+02 1.479804687499999827e-02
4.880000000000000000e+02 1.496894609375000809e-02
4.890000000000000000e+02 1.508359062500000056e-02
4.900000000000000000e+02 1.513684015624999941e-02
4.910000000000000000e+02 1.512452640625000511e-02
4.920000000000000000e+02 1.504417328124999821e-02
4.930000000000000000e+02 1.489531601562500869e-02
4.940000000000000000e+02 1.467985078124999822e-02
4.950000000000000000e+02 1.440277640625000494e-02
4.960000000000000000e+02 1.407280312500000345e-02
4.970000000000000000e+02 1.370293789062500094e-02
4.980000000000000000e+02 1.331149867187499808e-02
4.990000000000000000e+02 1.292297039062500520e-02
5.000000000000000000e+02 1.256936429687499635e-02
5.010000000000000000e+02 1.229142414062500514e-02
5.020000000000000000e+02 1.214029312499999985e-02
5.030000000000000000e+02 1.217964843750000276e-02
5.040000000000000000e+02 1.248782343750000530e-02
5.050000000000000000e+02 1.316098281249999773e-02
5.060000000000000000e+02 1.431629765625000265e-02
5.070000000000000000e+02 1.609656562500000332e-02
5.080000000000000000e+02 1.867546249999999311e-02
5.090000000000000000e+02 2.226403437500000526e-02
5.100000000000000000e+02 2.711906093749999816e-02
5.110000000000000000e+02 3.355299218749998452e-02
