0.000000000000000000e+00 2.546921117187499889e-03
1.000000000000000000e+00 2.544905117187500239e-03
2.000000000000000000e+00 2.540875359374999976e-03
3.000000000000000000e+00 2.534842242187499480e-03
4.000000000000000000e+00 2.526811359374999712e-03
5.000000000000000000e+00 2.516803640625000279e-03
6.000000000000000000e+00 2.504832679687500098e-03
7.000000000000000000e+00 2.490927171874999027e-03
8.000000000000000000e+00 2.475104351562501439e-03
9.000000000000000000e+00 2.457395585937500147e-03
1.000000000000000000e+01 2.437838359375001009e-03
1.100000000000000000e+01 2.416459812499999714e-03
1.200000000000000000e+01 2.393303617187498861e-03
1.300000000000000000e+01 2.368413351562500668e-03
1.400000000000000000e+01 2.341830023437499377e-03
1.500000000000000000e+01 2.313604703125000418e-03
1.600000000000000000e+01 2.283792164062499463e-03
1.700000000000000000e+01 2.252435304687500604e-03
1.800000000000000000e+01 2.219606984374999318e-03
1.900000000000000000e+01 2.185355640625000033e-03
2.000000000000000000e+01 2.149746398437499696e-03
2.100000000000000000e+01 2.112850210937499557e-03
2.200000000000000000e+01 2.074713351562501931e-03
2.300000000000000000e+01 2.035431460937498545e-03
2.400000000000000000e+01 1.995053976562500241e-03
2.500000000000000000e+01 1.953674320312500344e-03
2.600000000000000000e+01 1.911347070312500486e-03
2.700000000000000000e+01 1.868168968750000703e-03
2.800000000000000000e+01 1.824196515624998578e-03
2.900000000000000000e+01 1.779528148437499761e-03
3.000000000000000000e+01 1.734227203124999537e-03
3.100000000000000000e+01 1.688386765625000735e-03
3.200000000000000000e+01 1.642091624999999708e-03
3.300000000000000000e+01 1.595412398437500703e-03
3.400000000000000000e+01 1.548444046875000575e-03
3.500000000000000000e+01 1.501262835937498211e-03
3.600000000000000000e+01 1.453963984375000089e-03
3.700000000000000000e+01 1.406621523437500201e-03
3.800000000000000000e+01 1.359328046875000768e-03
3.900000000000000000e+01 1.312162226562500712e-03
4.000000000000000000e+01 1.265213850781250846e-03
4.100000000000000000e+01 1.218560519531250094e-03
4.200000000000000000e+01 1.172291271874999945e-03
4.300000000000000000e+01 1.126487635937499293e-03
4.400000000000000000e+01 1.081228315624999927e-03
4.500000000000000000e+01 1.036597503906250490e-03
4.600000000000000000e+01 9.926733156249993497e-04
4.700000000000000000e+01 9.495354648437495876e-04
4.800000000000000000e+01 9.072642367187500360e-04
4.900000000000000000e+01 8.659295859374997826e-04
5.000000000000000000e+01 8.256001523437499299e-04
5.100000000000000000e+01 7.863612245312501074e-04
5.200000000000000000e+01 7.482759805468754263e-04
5.300000000000000000e+01 7.114140509375000429e-04
5.400000000000000000e+01 6.758385846874999164e-04
5.500000000000000000e+01 6.416156512500000020e-04
5.600000000000000000e+01 6.088070003906248702e-04
5.700000000000000000e+01 5.774731082812497489e-04
5.800000000000000000e+01 5.476675668750001199e-04
5.900000000000000000e+01 5.194484851562501801e-04
6.000000000000000000e+01 4.928614632812498798e-04
6.100000000000000000e+01 4.679612898437500489e-04
6.200000000000000000e+01 4.447918124999998882e-04
6.300000000000000000e+01 4.233934976562499122e-04
6.400000000000000000e+01 4.038078882812500469e-04
6.500000000000000000e+01 3.860738937499998049e-04
6.600000000000000000e+01 3.702244898437502497e-04
6.700000000000000000e+01 3.562865046875002707e-04
6.800000000000000000e+01 3.442925382812500883e-04
6.900000000000000000e+01 3.342658999999999127e-04
7.000000000000000000e+01 3.262259984375001317e-04
7.100000000000000000e+01 3.201933374999999817e-04
7.200000000000000000e+01 3.161795867187500099e-04
7.300000000000000000e+01 3.142003677343750082e-04
7.400000000000000000e+01 3.142598210937499049e-04
7.500000000000000000e+01 3.163644653906250398e-04
7.600000000000000000e+01 3.205156093749998996e-04
7.700000000000000000e+01 3.267096766406249377e-04
7.800000000000000000e+01 3.349437653125001487e-04
7.900000000000000000e+01 3.452080425781250592e-04
8.000000000000000000e+01 3.574908110625000602e-04
8.100000000000000000e+01 3.717772251562498202e-04
8.200000000000000000e+01 3.880511596874998653e-04
8.300000000000000000e+01 4.062851515624997913e-04
8.400000000000000000e+01 4.264559046875002158e-04
8.500000000000000000e+01 4.485424281249996608e-04
8.600000000000000000e+01 4.725046781250001647e-04
8.700000000000000000e+01 4.983146140624999856e-04
8.800000000000000000e+01 5.259300437499999075e-04
8.900000000000000000e+01 5.553175804687500482e-04
9.000000000000000000e+01 5.864287968749999636e-04
9.100000000000000000e+01 6.192178289062503106e-04
9.200000000000000000e+01 6.536388632812499848e-04
9.300000000000000000e+01 6.896393984374996023e-04
9.400000000000000000e+01 7.271664765624999763e-04
9.500000000000000000e+01 7.661585625000002110e-04
9.600000000000000000e+01 8.065651171875005618e-04
9.700000000000000000e+01 8.483192890625004378e-04
9.800000000000000000e+01 8.913580937499995978e-04
9.900000000000000000e+01 9.356177656250004885e-04
1.000000000000000000e+02 9.810329765625003078e-04
1.010000000000000000e+02 1.027523070312500201e-03
1.020000000000000000e+02 1.075031468749999700e-03
1.030000000000000000e+02 1.123472773437499518e-03
1.040000000000000000e+02 1.172779648437500405e-03
1.050000000000000000e+02 1.222869523437499851e-03
1.060000000000000000e+02 1.273669007812499839e-03
1.070000000000000000e+02 1.325101648437498978e-03
1.080000000000000000e+02 1.377078335937500586e-03
1.090000000000000000e+02 1.429520114843750708e-03
1.100000000000000000e+02 1.482356650000000216e-03
1.110000000000000000e+02 1.535490776562500534e-03
1.120000000000000000e+02 1.588839461718750349e-03
1.130000000000000000e+02 1.642326992968749485e-03
1.140000000000000000e+02 1.695865586718750800e-03
1.150000000000000000e+02 1.749367257812499583e-03
1.160000000000000000e+02 1.802754236718749799e-03
1.170000000000000000e+02 1.855933955468749841e-03
1.180000000000000000e+02 1.908828017968750403e-03
1.190000000000000000e+02 1.961357179687500500e-03
1.200000000000000000e+02 2.013425593750000232e-03
1.210000000000000000e+02 2.064955972656248341e-03
1.220000000000000000e+02 2.115871191406251163e-03
1.230000000000000000e+02 2.166083432812500320e-03
1.240000000000000000e+02 2.215519454687500320e-03
1.250000000000000000e+02 2.264095273671873614e-03
1.260000000000000000e+02 2.311736820000002361e-03
1.270000000000000000e+02 2.358366526562499527e-03
1.280000000000000000e+02 2.403919074218748789e-03
1.290000000000000000e+02 2.448310044531248897e-03
1.300000000000000000e+02 2.491479139609375712e-03
1.310000000000000000e+02 2.533355591781250894e-03
1.320000000000000000e+02 2.573871317343749514e-03
1.330000000000000000e+02 2.612973552343750804e-03
1.340000000000000000e+02 2.650593256249998784e-03
1.350000000000000000e+02 2.686678899999999943e-03
1.360000000000000000e+02 2.721167042031248304e-03
1.370000000000000000e+02 2.754018762796875148e-03
1.380000000000000000e+02 2.785177576953125258e-03
1.390000000000000000e+02 2.814597471875001592e-03
1.400000000000000000e+02 2.842247155468750289e-03
1.410000000000000000e+02 2.868075968750001103e-03
1.420000000000000000e+02 2.892054953203124310e-03
1.430000000000000000e+02 2.914156225859373950e-03
1.440000000000000000e+02 2.934351686718749980e-03
1.450000000000000000e+02 2.952610105468749229e-03
1.460000000000000000e+02 2.968928035937500390e-03
1.470000000000000000e+02 2.983273416406251755e-03
1.480000000000000000e+02 2.995644437578125208e-03
1.490000000000000000e+02 3.006035018125000416e-03
1.500000000000000000e+02 3.014438339843751591e-03
1.510000000000000000e+02 3.020861430468749307e-03
1.520000000000000000e+02 3.025300327343750061e-03
1.530000000000000000e+02 3.027777724921875292e-03
1.540000000000000000e+02 3.028304336328123663e-03
1.550000000000000000e+02 3.026890571093749076e-03
1.560000000000000000e+02 3.023573880468751179e-03
1.570000000000000000e+02 3.018363503125000465e-03
1.580000000000000000e+02 3.011315963281251291e-03
1.590000000000000000e+02 3.002447069765623502e-03
1.600000000000000000e+02 2.991801029296874050e-03
1.610000000000000000e+02 2.979430575781247693e-03
1.620000000000000000e+02 2.965380449999999168e-03
1.630000000000000000e+02 2.949700309374999121e-03
1.640000000000000000e+02 2.932448819062501242e-03
1.650000000000000000e+02 2.913692117031251288e-03
1.660000000000000000e+02 2.893485133593750539e-03
1.670000000000000000e+02 2.871905325000000554e-03
1.680000000000000000e+02 2.849016107031250404e-03
1.690000000000000000e+02 2.824897955156249058e-03
1.700000000000000000e+02 2.799626432890626494e-03
1.710000000000000000e+02 2.773287682812498531e-03
1.720000000000000000e+02 2.745969077343750776e-03
1.730000000000000000e+02 2.717745625781250313e-03
1.740000000000000000e+02 2.688716173046875723e-03
1.750000000000000000e+02 2.658968377968749450e-03
1.760000000000000000e+02 2.628604275781250364e-03
1.770000000000000000e+02 2.597717430468751178e-03
1.780000000000000000e+02 2.566402320312501095e-03
1.790000000000000000e+02 2.534760924609374359e-03
1.800000000000000000e+02 2.502892538281249919e-03
1.810000000000000000e+02 2.470908839062500861e-03
1.820000000000000000e+02 2.438909063281250421e-03
1.830000000000000000e+02 2.406989873906249886e-03
1.840000000000000000e+02 2.375259107031249973e-03
1.850000000000000000e+02 2.343828844531249678e-03
1.860000000000000000e+02 2.312792287499998781e-03
1.870000000000000000e+02 2.282264279687501018e-03
1.880000000000000000e+02 2.252344321093749987e-03
1.890000000000000000e+02 2.223137382031250414e-03
1.900000000000000000e+02 2.194738785156250243e-03
1.910000000000000000e+02 2.167251766406250342e-03
1.920000000000000000e+02 2.140780578906249440e-03
1.930000000000000000e+02 2.115413021093750026e-03
1.940000000000000000e+02 2.091250903124999058e-03
1.950000000000000000e+02 2.068381580468750536e-03
1.960000000000000000e+02 2.046900670312499452e-03
1.970000000000000000e+02 2.026889931250000325e-03
1.980000000000000000e+02 2.008435650781249457e-03
1.990000000000000000e+02 1.991623257812499739e-03
2.000000000000000000e+02 1.976525287499998878e-03
2.010000000000000000e+02 1.963212678125000801e-03
2.020000000000000000e+02 1.951762307812499779e-03
2.030000000000000000e+02 1.942235639062500456e-03
2.040000000000000000e+02 1.934691726562499719e-03
2.050000000000000000e+02 1.929195492187500043e-03
2.060000000000000000e+02 1.925793382812499878e-03
2.070000000000000000e+02 1.924534226562499978e-03
2.080000000000000000e+02 1.925472554687499612e-03
2.090000000000000000e+02 1.928634507812499767e-03
2.100000000000000000e+02 1.934054749218750563e-03
2.110000000000000000e+02 1.941773329687498809e-03
2.120000000000000000e+02 1.951807911718749173e-03
2.130000000000000000e+02 1.964175367187499886e-03
2.140000000000000000e+02 1.978889701249999210e-03
2.150000000000000000e+02 1.995964645312500296e-03
2.160000000000000000e+02 2.015397359375000180e-03
2.170000000000000000e+02 2.037194137500000519e-03
2.180000000000000000e+02 2.061339585937500916e-03
2.190000000000000000e+02 2.087825664062500485e-03
2.200000000000000000e+02 2.116642343749999995e-03
2.210000000000000000e+02 2.147758859374999593e-03
2.220000000000000000e+02 2.181162281250000230e-03
2.230000000000000000e+02 2.216806820312500637e-03
2.240000000000000000e+02 2.254665312500001451e-03
2.250000000000000000e+02 2.294693140624999485e-03
2.260000000000000000e+02 2.336850710937499534e-03
2.270000000000000000e+02 2.381090484375000382e-03
2.280000000000000000e+02 2.427357859375000194e-03
2.290000000000000000e+02 2.475593320312500806e-03
2.300000000000000000e+02 2.525742304687497979e-03
2.310000000000000000e+02 2.577747257812500973e-03
2.320000000000000000e+02 2.631529406249999425e-03
2.330000000000000000e+02 2.687033148437500702e-03
2.340000000000000000e+02 2.744179421875000448e-03
2.350000000000000000e+02 2.802888601562499808e-03
2.360000000000000000e+02 2.863096835937500948e-03
2.370000000000000000e+02 2.924717382812501171e-03
2.380000000000000000e+02 2.987673000000001453e-03
2.390000000000000000e+02 3.051881148437500350e-03
2.400000000000000000e+02 3.117250750000000268e-03
2.410000000000000000e+02 3.183714468749999135e-03
2.420000000000000000e+02 3.251181632812501308e-03
2.430000000000000000e+02 3.319563242187498989e-03
2.440000000000000000e+02 3.388768585937501545e-03
2.450000000000000000e+02 3.458729289062499861e-03
2.460000000000000000e+02 3.529342179687499671e-03
2.470000000000000000e+02 3.600539390625000051e-03
2.480000000000000000e+02 3.672215593750000930e-03
2.490000000000000000e+02 3.744307078125000063e-03
2.500000000000000000e+02 3.816727453124998688e-03
2.510000000000000000e+02 3.889387820312500011e-03
2.520000000000000000e+02 3.962213124999999954e-03
2.530000000000000000e+02 4.035132476562499834e-03
2.540000000000000000e+02 4.108057890624997391e-03
2.550000000000000000e+02 4.180916851562501736e-03
2.560000000000000000e+02 4.253647828125000155e-03
2.570000000000000000e+02 4.326174273437500412e-03
2.580000000000000000e+02 4.398412898437501460e-03
2.590000000000000000e+02 4.470333328125001074e-03
2.600000000000000000e+02 4.541853406249999128e-03
2.610000000000000000e+02 4.612927539062498805e-03
2.620000000000000000e+02 4.683450617187501219e-03
2.630000000000000000e+02 4.753391609375001020e-03
2.640000000000000000e+02 4.822716742187497553e-03
2.650000000000000000e+02 4.891356437499998384e-03
2.660000000000000000e+02 4.959272890625000645e-03
2.670000000000000000e+02 5.026446171874998127e-03
2.680000000000000000e+02 5.092775848437500717e-03
2.690000000000000000e+02 5.158228368749996628e-03
2.700000000000000000e+02 5.222798910937501496e-03
2.710000000000000000e+02 5.286408435156250696e-03
2.720000000000000000e+02 5.349082626562498728e-03
2.730000000000000000e+02 5.410726653906250579e-03
2.740000000000000000e+02 5.471333037500002335e-03
2.750000000000000000e+02 5.530872661015625961e-03
2.760000000000000000e+02 5.589310220312496656e-03
2.770000000000000000e+02 5.646638170312497443e-03
2.780000000000000000e+02 5.702796178515625453e-03
2.790000000000000000e+02 5.757769218750000140e-03
2.800000000000000000e+02 5.811572074999997624e-03
2.810000000000000000e+02 5.864120357031254831e-03
2.820000000000000000e+02 5.915406148437502530e-03
2.830000000000000000e+02 5.965405539062501247e-03
2.840000000000000000e+02 6.014144101562499643e-03
2.850000000000000000e+02 6.061517195312495117e-03
2.860000000000000000e+02 6.107558421874998388e-03
2.870000000000000000e+02 6.152217460937498862e-03
2.880000000000000000e+02 6.195525335937499510e-03
2.890000000000000000e+02 6.237385609374999050e-03
2.900000000000000000e+02 6.277785289062498032e-03
2.910000000000000000e+02 6.316741523437496321e-03
2.920000000000000000e+02 6.354179062499999697e-03
2.930000000000000000e+02 6.390110226562500592e-03
2.940000000000000000e+02 6.424518109375000098e-03
2.950000000000000000e+02 6.457317632812499195e-03
2.960000000000000000e+02 6.488514125000003317e-03
2.970000000000000000e+02 6.518081546874999500e-03
2.980000000000000000e+02 6.545995757812500017e-03
2.990000000000000000e+02 6.572151148437494969e-03
3.000000000000000000e+02 6.596639367187499652e-03
3.010000000000000000e+02 6.619336859374998216e-03
3.020000000000000000e+02 6.640237601562501424e-03
3.030000000000000000e+02 6.659283898437500827e-03
3.040000000000000000e+02 6.676526062499997700e-03
3.050000000000000000e+02 6.691816812499998442e-03
3.060000000000000000e+02 6.705157507812501902e-03
3.070000000000000000e+02 6.716531039062497571e-03
3.080000000000000000e+02 6.725914000000002106e-03
3.090000000000000000e+02 6.733230601562500105e-03
3.100000000000000000e+02 6.738441226562499192e-03
3.110000000000000000e+02 6.741532296875001745e-03
3.120000000000000000e+02 6.742478695312499951e-03
3.130000000000000000e+02 6.741207890625001628e-03
3.140000000000000000e+02 6.737698921875000246e-03
3.150000000000000000e+02 6.731966296874998361e-03
3.160000000000000000e+02 6.723881656249996314e-03
3.170000000000000000e+02 6.713528489843747886e-03
3.180000000000000000e+02 6.700764014062499108e-03
3.190000000000000000e+02 6.685621196093746374e-03
3.200000000000000000e+02 6.668095677343750284e-03
3.210000000000000000e+02 6.648128894507810381e-03
3.220000000000000000e+02 6.625681361718747421e-03
3.230000000000000000e+02 6.600777640625002211e-03
3.240000000000000000e+02 6.573399146875003214e-03
3.250000000000000000e+02 6.543514453125000470e-03
3.260000000000000000e+02 6.511148453125000651e-03
3.270000000000000000e+02 6.476241484374999947e-03
3.280000000000000000e+02 6.438865695312503967e-03
3.290000000000000000e+02 6.399004539062502772e-03
3.300000000000000000e+02 6.356615132812501803e-03
3.310000000000000000e+02 6.311844523437498689e-03
3.320000000000000000e+02 6.264544609375002210e-03
3.330000000000000000e+02 6.214873164062501530e-03
3.340000000000000000e+02 6.162844054687495639e-03
3.350000000000000000e+02 6.108466710937499738e-03
3.360000000000000000e+02 6.051803945312497247e-03
3.370000000000000000e+02 5.992895460937501528e-03
3.380000000000000000e+02 5.931831015625003284e-03
3.390000000000000000e+02 5.868667070312500768e-03
3.400000000000000000e+02 5.803459812499998233e-03
3.410000000000000000e+02 5.736326054687500113e-03
3.420000000000000000e+02 5.667361398437500974e-03
3.430000000000000000e+02 5.596630739062494371e-03
3.440000000000000000e+02 5.524242369531249738e-03
3.450000000000000000e+02 5.450355397656246083e-03
3.460000000000000000e+02 5.375031443515625000e-03
3.470000000000000000e+02 5.298436956249998574e-03
3.480000000000000000e+02 5.220709504687499718e-03
3.490000000000000000e+02 5.141961707812499165e-03
3.500000000000000000e+02 5.062395990624999481e-03
3.510000000000000000e+02 4.982124039062505935e-03
3.520000000000000000e+02 4.901351146874997379e-03
3.530000000000000000e+02 4.820220179843750195e-03
3.540000000000000000e+02 4.738914221874997862e-03
3.550000000000000000e+02 4.657633296874999843e-03
3.560000000000000000e+02 4.576557906250002319e-03
3.570000000000000000e+02 4.495880070312499588e-03
3.580000000000000000e+02 4.415864726562497913e-03
3.590000000000000000e+02 4.336695306249996502e-03
3.600000000000000000e+02 4.258585224218750832e-03
3.610000000000000000e+02 4.181772112500000034e-03
3.620000000000000000e+02 4.106487826406250534e-03
3.630000000000000000e+02 4.033029682031249660e-03
3.640000000000000000e+02 3.961594389843749002e-03
3.650000000000000000e+02 3.892517364062499183e-03
3.660000000000000000e+02 3.826009460937500849e-03
3.670000000000000000e+02 3.762434648437498405e-03
3.680000000000000000e+02 3.702017953125000954e-03
3.690000000000000000e+02 3.645093734375002073e-03
3.700000000000000000e+02 3.591987703124999241e-03
3.710000000000000000e+02 3.543003859374999846e-03
3.720000000000000000e+02 3.498476367187499953e-03
3.730000000000000000e+02 3.458758328125000406e-03
3.740000000000000000e+02 3.424196000000001312e-03
3.750000000000000000e+02 3.395146710937500638e-03
3.760000000000000000e+02 3.371930765625001745e-03
3.770000000000000000e+02 3.354916054687499209e-03
3.780000000000000000e+02 3.344446492187499575e-03
3.790000000000000000e+02 3.340892976562500824e-03
3.800000000000000000e+02 3.344581820312500335e-03
3.810000000000000000e+02 3.355853171875000564e-03
3.820000000000000000e+02 3.375041226562500163e-03
3.830000000000000000e+02 3.402479828124998617e-03
3.840000000000000000e+02 3.438472265624996967e-03
3.850000000000000000e+02 3.483287062499998508e-03
3.860000000000000000e+02 3.537237289062499998e-03
3.870000000000000000e+02 3.600570031249999969e-03
3.880000000000000000e+02 3.673521890624999436e-03
3.890000000000000000e+02 3.756318070312499990e-03
3.900000000000000000e+02 3.849136694531250617e-03
3.910000000000000000e+02 3.952190422656249799e-03
3.920000000000000000e+02 4.065584585937498732e-03
3.930000000000000000e+02 4.189459814843749311e-03
3.940000000000000000e+02 4.323872114843751134e-03
3.950000000000000000e+02 4.468842295312500795e-03
3.960000000000000000e+02 4.624384999999999087e-03
3.970000000000000000e+02 4.790420781250000551e-03
3.980000000000000000e+02 4.966857257812500384e-03
3.990000000000000000e+02 5.153464078125001221e-03
4.000000000000000000e+02 5.350037656250000717e-03
4.010000000000000000e+02 5.556207109375000015e-03
4.020000000000000000e+02 5.771580000000000113e-03
4.030000000000000000e+02 5.995648203124996981e-03
4.040000000000000000e+02 6.227802968750000522e-03
4.050000000000000000e+02 6.467387187499997088e-03
4.060000000000000000e+02 6.713569218749998110e-03
4.070000000000000000e+02 6.965446171875003083e-03
4.080000000000000000e+02 7.222137109375000377e-03
4.090000000000000000e+02 7.482490703124999691e-03
4.100000000000000000e+02 7.745367109375001641e-03
4.110000000000000000e+02 8.009597578125001241e-03
4.120000000000000000e+02 8.273855624999998035e-03
4.130000000000000000e+02 8.536819531249998164e-03
4.140000000000000000e+02 8.797198359375004578e-03
4.150000000000000000e+02 9.053553671875000722e-03
4.160000000000000000e+02 9.304668984375000229e-03
4.170000000000000000e+02 9.549129609375000063e-03
4.180000000000000000e+02 9.785728437500001986e-03
4.190000000000000000e+02 1.001325781250000067e-02
4.200000000000000000e+02 1.023063125000000032e-02
4.210000000000000000e+02 1.043677343749999792e-02
4.220000000000000000e+02 1.063083437499999506e-02
4.230000000000000000e+02 1.081196249999999588e-02
4.240000000000000000e+02 1.097965234375000189e-02
4.250000000000000000e+02 1.113316523437500247e-02
4.260000000000000000e+02 1.127224023437499098e-02
4.270000000000000000e+02 1.139645109375000444e-02
4.280000000000000000e+02 1.150574140624999533e-02
4.290000000000000000e+02 1.159994203125000629e-02
4.300000000000000000e+02 1.167911078125000515e-02
4.310000000000000000e+02 1.174332031249999790e-02
4.320000000000000000e+02 1.179274867187499361e-02
4.330000000000000000e+02 1.182762406249999836e-02
4.340000000000000000e+02 1.184821171874999093e-02
4.350000000000000000e+02 1.185481710937499530e-02
4.360000000000000000e+02 1.184780382812499790e-02
4.370000000000000000e+02 1.182748945312499939e-02
4.380000000000000000e+02 1.179423140624999249e-02
4.390000000000000000e+02 1.174842796874999394e-02
4.400000000000000000e+02 1.169041398437500011e-02
4.410000000000000000e+02 1.162073393750000412e-02
4.420000000000000000e+02 1.153964150781250191e-02
4.430000000000000000e+02 1.144774538281250267e-02
4.440000000000000000e+02 1.134545683593750527e-02
4.450000000000000000e+02 1.123342921874999518e-02
4.460000000000000000e+02 1.111228289062500887e-02
4.470000000000000000e+02 1.098283000000000419e-02
4.480000000000000000e+02 1.084588812500000311e-02
4.490000000000000000e+02 1.070251242187500451e-02
4.500000000000000000e+02 1.055384414062500442e-02
4.510000000000000000e+02 1.040123835156249801e-02
4.520000000000000000e+02 1.024618338281250637e-02
4.530000000000000000e+02 1.009031242968749624e-02
4.540000000000000000e+02 9.935584570312506331e-03
4.550000000000000000e+02 9.783923515624997486e-03
4.560000000000000000e+02 9.637482828125001899e-03
4.570000000000000000e+02 9.498588132812502832e-03
4.580000000000000000e+02 9.369606273437509555e-03
4.590000000000000000e+02 9.252978203124992765e-03
4.600000000000000000e+02 9.151063437500004186e-03
4.610000000000000000e+02 9.066283515625004133e-03
4.620000000000000000e+02 9.001033515624997858e-03
4.630000000000000000e+02 8.957448281250003988e-03
4.640000000000000000e+02 8.937518203124999658e-03
4.650000000000000000e+02 8.943052109374998587e-03
4.660000000000000000e+02 8.975587500000003355e-03
4.670000000000000000e+02 9.036337500000003395e-03
4.680000000000000000e+02 9.126167187499993963e-03
4.690000000000000000e+02 9.245574999999993729e-03
4.700000000000000000e+02 9.394618750000001753e-03
4.710000000000000000e+02 9.573126562500004419e-03
4.720000000000000000e+02 9.780248437500001571e-03
4.730000000000000000e+02 1.001483749999999839e-02
4.740000000000000000e+02 1.027521249999999685e-02
4.750000000000000000e+02 1.055920781250000058e-02
4.760000000000000000e+02 1.086423906249999773e-02
4.770000000000000000e+02 1.118704296874999983e-02
4.780000000000000000e+02 1.152396406250000109e-02
4.790000000000000000e+02 1.187080703124999970e-02
4.800000000000000000e+02 1.222291093750000127e-02
4.810000000000000000e+02 1.257505624999999926e-02
4.820000000000000000e+02 1.292170234375000087e-02
4.830000000000000000e+02 1.325682578124999685e-02
4.840000000000000000e+02 1.357422343749999094e-02
4.850000000000000000e+02 1.386751640624999879e-02
4.860000000000000000e+02 1.413034453125000187e-02
4.870000000000000000e+02 1.435634999999999516e-02
4.880000000000000000e+02 1.453965234375000255e-02
4.890000000000000000e+02 1.467493437499999866e-02
4.900000000000000000e+02 1.475771171874999677e-02
4.910000000000000000e+02 1.478469203125000291e-02
4.920000000000000000e+02 1.475406148437500078e-02
4.930000000000000000e+02 1.466595078125001311e-02
4.940000000000000000e+02 1.452301335937501020e-02
4.950000000000000000e+02 1.433062023437499909e-02
4.960000000000000000e+02 1.409789156249999578e-02
4.970000000000000000e+02 1.383822421874999521e-02
4.980000000000000000e+02 1.356996742187500937e-02
4.990000000000000000e+02 1.331767531250001475e-02
5.000000000000000000e+02 1.311333390624999304e-02
5.010000000000000000e+02 1.299718210937499292e-02
5.020000000000000000e+02 1.301994765625000099e-02
5.030000000000000000e+02 1.324437109375000039e-02
5.040000000000000000e+02 1.374784453125000097e-02
5.050000000000000000e+02 1.462485781249999763e-02
5.060000000000000000e+02 1.599070312499999494e-02
5.070000000000000000e+02 1.798535468749999644e-02
5.080000000000000000e+02 2.077878124999999951e-02
5.090000000000000000e+02 2.457695937500000913e-02
5.100000000000000000e+02 2.962947499999999887e-02
5.110000000000000000e+02 3.623902343749999672e-02
