0.000000000000000000e+00 2.646330921093752175e-03
1.000000000000000000e+00 2.644243300000000216e-03
2.000000000000000000e+00 2.640070091406250628e-03
3.000000000000000000e+00 2.633818881250000066e-03
4.000000000000000000e+00 2.625505249218750004e-03
5.000000000000000000e+00 2.615149185156249480e-03
6.000000000000000000e+00 2.602769418750000823e-03
7.000000000000000000e+00 2.588403228125000198e-03
8.000000000000000000e+00 2.572063428124998861e-03
9.000000000000000000e+00 2.553806939062500114e-03
1.000000000000000000e+01 2.533654640624999430e-03
1.100000000000000000e+01 2.511655297656251434e-03
1.200000000000000000e+01 2.487865535937499369e-03
1.300000000000000000e+01 2.462331584374998807e-03
1.400000000000000000e+01 2.435102157031250169e-03
1.500000000000000000e+01 2.406241972656248448e-03
1.600000000000000000e+01 2.375818199218751332e-03
1.700000000000000000e+01 2.343881444531248966e-03
1.800000000000000000e+01 2.310500903906249383e-03
1.900000000000000000e+01 2.275767273437501095e-03
2.000000000000000000e+01 2.239730686718750113e-03
2.100000000000000000e+01 2.202483911718750714e-03
2.200000000000000000e+01 2.164090902343747923e-03
2.300000000000000000e+01 2.124644238281248650e-03
2.400000000000000000e+01 2.084219588281250972e-03
2.500000000000000000e+01 2.042896239843749670e-03
2.600000000000000000e+01 2.000768949999999231e-03
2.700000000000000000e+01 1.957920062499999246e-03
2.800000000000000000e+01 1.914431889062501212e-03
2.900000000000000000e+01 1.870403539062501100e-03
3.000000000000000000e+01 1.825906200781250753e-03
3.100000000000000000e+01 1.781053341406250165e-03
3.200000000000000000e+01 1.735916120312500088e-03
3.300000000000000000e+01 1.690586825781250453e-03
3.400000000000000000e+01 1.645161613281250672e-03
3.500000000000000000e+01 1.599723572656250054e-03
3.600000000000000000e+01 1.554359039062500796e-03
3.700000000000000000e+01 1.509164442031250700e-03
3.800000000000000000e+01 1.464213354921875109e-03
3.900000000000000000e+01 1.419599964609375136e-03
4.000000000000000000e+01 1.375408634062499609e-03
4.100000000000000000e+01 1.331718711015625247e-03
4.200000000000000000e+01 1.288609717437499838e-03
4.300000000000000000e+01 1.246168912734374598e-03
4.400000000000000000e+01 1.204457758984375923e-03
4.500000000000000000e+01 1.163569402734375728e-03
4.600000000000000000e+01 1.123560921718750379e-03
4.700000000000000000e+01 1.084516405937499973e-03
4.800000000000000000e+01 1.046493150781249585e-03
4.900000000000000000e+01 1.009558350000000146e-03
5.000000000000000000e+01 9.737834609375000663e-04
5.100000000000000000e+01 9.392215166406247704e-04
5.200000000000000000e+01 9.059271325781247499e-04
5.300000000000000000e+01 8.739554203125001267e-04
5.400000000000000000e+01 8.433642296875000152e-04
5.500000000000000000e+01 8.141963476562504628e-04
5.600000000000000000e+01 7.864941703124997754e-04
5.700000000000000000e+01 7.603031265624996720e-04
5.800000000000000000e+01 7.356636820312501684e-04
5.900000000000000000e+01 7.126100523437501255e-04
6.000000000000000000e+01 6.911696296875003255e-04
6.100000000000000000e+01 6.713770757812495679e-04
6.200000000000000000e+01 6.532585937499999981e-04
6.300000000000000000e+01 6.368359531249998071e-04
6.400000000000000000e+01 6.221229375000002833e-04
6.500000000000000000e+01 6.091419765624998123e-04
6.600000000000000000e+01 5.979032890625001710e-04
6.700000000000000000e+01 5.884137812499997842e-04
6.800000000000000000e+01 5.806851953124998441e-04
6.900000000000000000e+01 5.747138906249998815e-04
7.000000000000000000e+01 5.705097500000001157e-04
7.100000000000000000e+01 5.680593046875002635e-04
7.200000000000000000e+01 5.673631953125002044e-04
7.300000000000000000e+01 5.684113828125001268e-04
7.400000000000000000e+01 5.711894453124998156e-04
7.500000000000000000e+01 5.756861093750000003e-04
7.600000000000000000e+01 5.818803203124999456e-04
7.700000000000000000e+01 5.897538515625001376e-04
7.800000000000000000e+01 5.992869453124997003e-04
7.900000000000000000e+01 6.104473750000000924e-04
8.000000000000000000e+01 6.232088906249995180e-04
8.100000000000000000e+01 6.375460859375005080e-04
8.200000000000000000e+01 6.534171093750002629e-04
8.300000000000000000e+01 6.708008515624999191e-04
8.400000000000000000e+01 6.896446640624999749e-04
8.500000000000000000e+01 7.099186093749998167e-04
8.600000000000000000e+01 7.315769140625002272e-04
8.700000000000000000e+01 7.545785781249998020e-04
8.800000000000000000e+01 7.788822500000008994e-04
8.900000000000000000e+01 8.044297421875005365e-04
9.000000000000000000e+01 8.311773906249996869e-04
9.100000000000000000e+01 8.590776015624997661e-04
9.200000000000000000e+01 8.880763593749999322e-04
9.300000000000000000e+01 9.181201562499999433e-04
9.400000000000000000e+01 9.491512031249999676e-04
9.500000000000000000e+01 9.811192499999993495e-04
9.600000000000000000e+01 1.013959570312499957e-03
9.700000000000000000e+01 1.047617328124999646e-03
9.800000000000000000e+01 1.082031656250000314e-03
9.900000000000000000e+01 1.117144125000000404e-03
1.000000000000000000e+02 1.152892460937500170e-03
1.010000000000000000e+02 1.189211445312500330e-03
1.020000000000000000e+02 1.226043101562499741e-03
1.030000000000000000e+02 1.263318835156249749e-03
1.040000000000000000e+02 1.300977156249999520e-03
1.050000000000000000e+02 1.338954878906250352e-03
1.060000000000000000e+02 1.377186806250000652e-03
1.070000000000000000e+02 1.415600292968749885e-03
1.080000000000000000e+02 1.454141324999999726e-03
1.090000000000000000e+02 1.492742419531249611e-03
1.100000000000000000e+02 1.531335491406249230e-03
1.110000000000000000e+02 1.569857378906251016e-03
1.120000000000000000e+02 1.608239560156250834e-03
1.130000000000000000e+02 1.646420267968750489e-03
1.140000000000000000e+02 1.684340782031249102e-03
1.150000000000000000e+02 1.721932585156249213e-03
1.160000000000000000e+02 1.759135876562498797e-03
1.170000000000000000e+02 1.795889132031249381e-03
1.180000000000000000e+02 1.832133121875000221e-03
1.190000000000000000e+02 1.867807293749998475e-03
1.200000000000000000e+02 1.902852304687499855e-03
1.210000000000000000e+02 1.937216895312499120e-03
1.220000000000000000e+02 1.970843249218750572e-03
1.230000000000000000e+02 2.003676212500000043e-03
1.240000000000000000e+02 2.035666896093749761e-03
1.250000000000000000e+02 2.066766337500000432e-03
1.260000000000000000e+02 2.096925313281249384e-03
1.270000000000000000e+02 2.126097449218749841e-03
1.280000000000000000e+02 2.154247946249999122e-03
1.290000000000000000e+02 2.181317756250000447e-03
1.300000000000000000e+02 2.207285653906250131e-03
1.310000000000000000e+02 2.232113600781250248e-03
1.320000000000000000e+02 2.255764756406249214e-03
1.330000000000000000e+02 2.278209016953125325e-03
1.340000000000000000e+02 2.299426272656250689e-03
1.350000000000000000e+02 2.319390239062498697e-03
1.360000000000000000e+02 2.338081877109374380e-03
1.370000000000000000e+02 2.355479668359375389e-03
1.380000000000000000e+02 2.371577249218748649e-03
1.390000000000000000e+02 2.386364348437499099e-03
1.400000000000000000e+02 2.399826979609375258e-03
1.410000000000000000e+02 2.411969937421875286e-03
1.420000000000000000e+02 2.422797260937499444e-03
1.430000000000000000e+02 2.432314707812500542e-03
1.440000000000000000e+02 2.440526291406250412e-03
1.450000000000000000e+02 2.447448720312498955e-03
1.460000000000000000e+02 2.453101331250000586e-03
1.470000000000000000e+02 2.457505233671876139e-03
1.480000000000000000e+02 2.460681992031251136e-03
1.490000000000000000e+02 2.462666360937500881e-03
1.500000000000000000e+02 2.463492975781250791e-03
1.510000000000000000e+02 2.463190329843750487e-03
1.520000000000000000e+02 2.461816778906248879e-03
1.530000000000000000e+02 2.459404865624999301e-03
1.540000000000000000e+02 2.456007715625001166e-03
1.550000000000000000e+02 2.451672688281249061e-03
1.560000000000000000e+02 2.446468508593749400e-03
1.570000000000000000e+02 2.440444146874999956e-03
1.580000000000000000e+02 2.433667806250000391e-03
1.590000000000000000e+02 2.426202967890624985e-03
1.600000000000000000e+02 2.418124109609375190e-03
1.610000000000000000e+02 2.409498722656249446e-03
1.620000000000000000e+02 2.400395878906249041e-03
1.630000000000000000e+02 2.390901239843751160e-03
1.640000000000000000e+02 2.381085113281250498e-03
1.650000000000000000e+02 2.371039964062499669e-03
1.660000000000000000e+02 2.360830397656249469e-03
1.670000000000000000e+02 2.350558390624999348e-03
1.680000000000000000e+02 2.340291835937499763e-03
1.690000000000000000e+02 2.330125749999998035e-03
1.700000000000000000e+02 2.320139343750000395e-03
1.710000000000000000e+02 2.310419031250000605e-03
1.720000000000000000e+02 2.301042906250000495e-03
1.730000000000000000e+02 2.292114179687502768e-03
1.740000000000000000e+02 2.283690257812501928e-03
1.750000000000000000e+02 2.275866218749999104e-03
1.760000000000000000e+02 2.268718999999998470e-03
1.770000000000000000e+02 2.262330492187499854e-03
1.780000000000000000e+02 2.256769328124999443e-03
1.790000000000000000e+02 2.252108093750000446e-03
1.800000000000000000e+02 2.248418101562500888e-03
1.810000000000000000e+02 2.245763156249999497e-03
1.820000000000000000e+02 2.244205281250001138e-03
1.830000000000000000e+02 2.243811140624998261e-03
1.840000000000000000e+02 2.244621164062497991e-03
1.850000000000000000e+02 2.246691257812500828e-03
1.860000000000000000e+02 2.250063101562498492e-03
1.870000000000000000e+02 2.254783070312499967e-03
1.880000000000000000e+02 2.260875539062500664e-03
1.890000000000000000e+02 2.268374249999999086e-03
1.900000000000000000e+02 2.277299874999999529e-03
1.910000000000000000e+02 2.287675468749998751e-03
1.920000000000000000e+02 2.299510781250000292e-03
1.930000000000000000e+02 2.312804296875001046e-03
1.940000000000000000e+02 2.327560312499999621e-03
1.950000000000000000e+02 2.343771953125000501e-03
1.960000000000000000e+02 2.361431015625000632e-03
1.970000000000000000e+02 2.380511562499998488e-03
1.980000000000000000e+02 2.400998828125000106e-03
1.990000000000000000e+02 2.422858750000000862e-03
2.000000000000000000e+02 2.446054062499998256e-03
2.010000000000000000e+02 2.470545390625000868e-03
2.020000000000000000e+02 2.496289375000000296e-03
2.030000000000000000e+02 2.523239218749999922e-03
2.040000000000000000e+02 2.551331929687500593e-03
2.050000000000000000e+02 2.580527257812500076e-03
2.060000000000000000e+02 2.610733398437501372e-03
2.070000000000000000e+02 2.641906976562499124e-03
2.080000000000000000e+02 2.673976374999999586e-03
2.090000000000000000e+02 2.706863249999999325e-03
2.100000000000000000e+02 2.740504726562500212e-03
2.110000000000000000e+02 2.774818851562499845e-03
2.120000000000000000e+02 2.809733539062501690e-03
2.130000000000000000e+02 2.845172109375000789e-03
2.140000000000000000e+02 2.881058171875000053e-03
2.150000000000000000e+02 2.917326687500000539e-03
2.160000000000000000e+02 2.953885421875000923e-03
2.170000000000000000e+02 2.990691164062499012e-03
2.180000000000000000e+02 3.027641234375000930e-03
2.190000000000000000e+02 3.064696218750000752e-03
2.200000000000000000e+02 3.101781968749999126e-03
2.210000000000000000e+02 3.138849437499999315e-03
2.220000000000000000e+02 3.175827828124999121e-03
2.230000000000000000e+02 3.212696093749998344e-03
2.240000000000000000e+02 3.249392656250000774e-03
2.250000000000000000e+02 3.285887820312499274e-03
2.260000000000000000e+02 3.322150179687500832e-03
2.270000000000000000e+02 3.358167460937500418e-03
2.280000000000000000e+02 3.393917804687499127e-03
2.290000000000000000e+02 3.429395015625000872e-03
2.300000000000000000e+02 3.464601429687499869e-03
2.310000000000000000e+02 3.499548007812499674e-03
2.320000000000000000e+02 3.534252617187500639e-03
2.330000000000000000e+02 3.568737210937499016e-03
2.340000000000000000e+02 3.603044343750000378e-03
2.350000000000000000e+02 3.637214218750000044e-03
2.360000000000000000e+02 3.671306593749997568e-03
2.370000000000000000e+02 3.705363929687499440e-03
2.380000000000000000e+02 3.739476367187499414e-03
2.390000000000000000e+02 3.773706960937498345e-03
2.400000000000000000e+02 3.808142937499999544e-03
2.410000000000000000e+02 3.842887656249999347e-03
2.420000000000000000e+02 3.878021607031249211e-03
2.430000000000000000e+02 3.913656249218749536e-03
2.440000000000000000e+02 3.949912798437500011e-03
2.450000000000000000e+02 3.986890923437499089e-03
2.460000000000000000e+02 4.024717898437500316e-03
2.470000000000000000e+02 4.063522468749997119e-03
2.480000000000000000e+02 4.103425866406249650e-03
2.490000000000000000e+02 4.144565081250000879e-03
2.500000000000000000e+02 4.187071230468749662e-03
2.510000000000000000e+02 4.231072174999999519e-03
2.520000000000000000e+02 4.276703460937500596e-03
2.530000000000000000e+02 4.324102070312502155e-03
2.540000000000000000e+02 4.373380406250001150e-03
2.550000000000000000e+02 4.424684984375000692e-03
2.560000000000000000e+02 4.478138609375002278e-03
2.570000000000000000e+02 4.533860617187501427e-03
2.580000000000000000e+02 4.591958656249999805e-03
2.590000000000000000e+02 4.652544953125000576e-03
2.600000000000000000e+02 4.715749000000000850e-03
2.610000000000000000e+02 4.781610218750001126e-03
2.620000000000000000e+02 4.850260695312499752e-03
2.630000000000000000e+02 4.921766367187501053e-03
2.640000000000000000e+02 4.996210679687503389e-03
2.650000000000000000e+02 5.073598390625000572e-03
2.660000000000000000e+02 5.154012101562500080e-03
2.670000000000000000e+02 5.237508114843750923e-03
2.680000000000000000e+02 5.324041893750002669e-03
2.690000000000000000e+02 5.413681546875001062e-03
2.700000000000000000e+02 5.506369320312501023e-03
2.710000000000000000e+02 5.602117578124996000e-03
2.720000000000000000e+02 5.700874953125000671e-03
2.730000000000000000e+02 5.802578539062503045e-03
2.740000000000000000e+02 5.907216304687501647e-03
2.750000000000000000e+02 6.014631937500000691e-03
2.760000000000000000e+02 6.124810882812502418e-03
2.770000000000000000e+02 6.237506335937501208e-03
2.780000000000000000e+02 6.352751351562504166e-03
2.790000000000000000e+02 6.470292828124996412e-03
2.800000000000000000e+02 6.589982601562501506e-03
2.810000000000000000e+02 6.711649835937500731e-03
2.820000000000000000e+02 6.835152531249996839e-03
2.830000000000000000e+02 6.960186500000000755e-03
2.840000000000000000e+02 7.086595710937499196e-03
2.850000000000000000e+02 7.214165117187500836e-03
2.860000000000000000e+02 7.342583187500001385e-03
2.870000000000000000e+02 7.471583886718750900e-03
2.880000000000000000e+02 7.600948552343750331e-03
2.890000000000000000e+02 7.730409623437500995e-03
2.900000000000000000e+02 7.859640210937499441e-03
2.910000000000000000e+02 7.988252335156247746e-03
2.920000000000000000e+02 8.116016997656247747e-03
2.930000000000000000e+02 8.242655753906244498e-03
2.940000000000000000e+02 8.367745101562502549e-03
2.950000000000000000e+02 8.491047945312506923e-03
2.960000000000000000e+02 8.612121242187494377e-03
2.970000000000000000e+02 8.730744742187497576e-03
2.980000000000000000e+02 8.846439226562495539e-03
2.990000000000000000e+02 8.959001828125007227e-03
3.000000000000000000e+02 9.067999890625002765e-03
3.010000000000000000e+02 9.173176953125000699e-03
3.020000000000000000e+02 9.274167968749991511e-03
3.030000000000000000e+02 9.370556718749993921e-03
3.040000000000000000e+02 9.462133437500000813e-03
3.050000000000000000e+02 9.548552812499999654e-03
3.060000000000000000e+02 9.629540625000005544e-03
3.070000000000000000e+02 9.704712656249996072e-03
3.080000000000000000e+02 9.773882890624996725e-03
3.090000000000000000e+02 9.836742968750001107e-03
3.100000000000000000e+02 9.893022031249998696e-03
3.110000000000000000e+02 9.942503359374993410e-03
3.120000000000000000e+02 9.984918828125001478e-03
3.130000000000000000e+02 1.002015429687499667e-02
3.140000000000000000e+02 1.004789367187499706e-02
3.150000000000000000e+02 1.006808265624999782e-02
3.160000000000000000e+02 1.008045976562498870e-02
3.170000000000000000e+02 1.008500226562500900e-02
3.180000000000000000e+02 1.008152593749999694e-02
3.190000000000000000e+02 1.007001192968749737e-02
3.200000000000000000e+02 1.005030375781250200e-02
3.210000000000000000e+02 1.002244915624999136e-02
3.220000000000000000e+02 9.986356773437505066e-03
3.230000000000000000e+02 9.942065937500002906e-03
3.240000000000000000e+02 9.889616789062501481e-03
3.250000000000000000e+02 9.829088593749995065e-03
3.260000000000000000e+02 9.760521898437504382e-03
3.270000000000000000e+02 9.683998679687506883e-03
3.280000000000000000e+02 9.599685070312500776e-03
3.290000000000000000e+02 9.507779851562501994e-03
3.300000000000000000e+02 9.408395772656251432e-03
3.310000000000000000e+02 9.301757053906244826e-03
3.320000000000000000e+02 9.188118414062498157e-03
3.330000000000000000e+02 9.067665646874995336e-03
3.340000000000000000e+02 8.940795294531249729e-03
3.350000000000000000e+02 8.807698013281253790e-03
3.360000000000000000e+02 8.668765547656250361e-03
3.370000000000000000e+02 8.524285778906242825e-03
3.380000000000000000e+02 8.374642157812504234e-03
3.390000000000000000e+02 8.220314696875001548e-03
3.400000000000000000e+02 8.061547750781248439e-03
3.410000000000000000e+02 7.898827872656253440e-03
3.420000000000000000e+02 7.732597703906246567e-03
3.430000000000000000e+02 7.563217607812499667e-03
3.440000000000000000e+02 7.391208195312502088e-03
3.450000000000000000e+02 7.216983984375000515e-03
3.460000000000000000e+02 7.040981742187503271e-03
3.470000000000000000e+02 6.863686218749996334e-03
3.480000000000000000e+02 6.685550023437500378e-03
3.490000000000000000e+02 6.507013546874998271e-03
3.500000000000000000e+02 6.328500195312501339e-03
3.510000000000000000e+02 6.150443914062498664e-03
3.520000000000000000e+02 5.973315101562501339e-03
3.530000000000000000e+02 5.797498882812501808e-03
3.540000000000000000e+02 5.623424671875001946e-03
3.550000000000000000e+02 5.451532437500002624e-03
3.560000000000000000e+02 5.282168846874997492e-03
3.570000000000000000e+02 5.115762927343748059e-03
3.580000000000000000e+02 4.952719758203127411e-03
3.590000000000000000e+02 4.793418847656254894e-03
3.600000000000000000e+02 4.638247492968748144e-03
3.610000000000000000e+02 4.487616571874999440e-03
3.620000000000000000e+02 4.341873218749998584e-03
3.630000000000000000e+02 4.201476747812497685e-03
3.640000000000000000e+02 4.066820367187501395e-03
3.650000000000000000e+02 3.938320859375001211e-03
3.660000000000000000e+02 3.816355539062501676e-03
3.670000000000000000e+02 3.701402320312499952e-03
3.680000000000000000e+02 3.593829203125000534e-03
3.690000000000000000e+02 3.494085851562500275e-03
3.700000000000000000e+02 3.402576851562498939e-03
3.710000000000000000e+02 3.319659125000001213e-03
3.720000000000000000e+02 3.245789858593749275e-03
3.730000000000000000e+02 3.181263228906249137e-03
3.740000000000000000e+02 3.126445078124998923e-03
3.750000000000000000e+02 3.081655765625000449e-03
3.760000000000000000e+02 3.047169937499997951e-03
3.770000000000000000e+02 3.023210390624999928e-03
3.780000000000000000e+02 3.010016203125001968e-03
3.790000000000000000e+02 3.007725523437500530e-03
3.800000000000000000e+02 3.016488500000000499e-03
3.810000000000000000e+02 3.036390656250000444e-03
3.820000000000000000e+02 3.067547320312500811e-03
3.830000000000000000e+02 3.109950914062498649e-03
3.840000000000000000e+02 3.163661234375001949e-03
3.850000000000000000e+02 3.228676492187499726e-03
3.860000000000000000e+02 3.304990398437499411e-03
3.870000000000000000e+02 3.392624937499999840e-03
3.880000000000000000e+02 3.491517500000000142e-03
3.890000000000000000e+02 3.601700325781248546e-03
3.900000000000000000e+02 3.723124971874999280e-03
3.910000000000000000e+02 3.855795488281250471e-03
3.920000000000000000e+02 3.999724968749999131e-03
3.930000000000000000e+02 4.154814914062500766e-03
3.940000000000000000e+02 4.321064515625001358e-03
3.950000000000000000e+02 4.498398140625000166e-03
3.960000000000000000e+02 4.686724789062499119e-03
3.970000000000000000e+02 4.885924750000002030e-03
3.980000000000000000e+02 5.095783984374998611e-03
3.990000000000000000e+02 5.316088843749999619e-03
4.000000000000000000e+02 5.546548695312502990e-03
4.010000000000000000e+02 5.786807468750000336e-03
4.020000000000000000e+02 6.036439304687498536e-03
4.030000000000000000e+02 6.294913046874997878e-03
4.040000000000000000e+02 6.561682421874999449e-03
4.050000000000000000e+02 6.836114531250002228e-03
4.060000000000000000e+02 7.117455703125001761e-03
4.070000000000000000e+02 7.404986093750005709e-03
4.080000000000000000e+02 7.697812734375001839e-03
4.090000000000000000e+02 7.995085703125001664e-03
4.100000000000000000e+02 8.295928515624995114e-03
4.110000000000000000e+02 8.599286796874997668e-03
4.120000000000000000e+02 8.904317031250000986e-03
4.130000000000000000e+02 9.209962265624998048e-03
4.140000000000000000e+02 9.515271718749999247e-03
4.150000000000000000e+02 9.819304062499995683e-03
4.160000000000000000e+02 1.012110773437500250e-02
4.170000000000000000e+02 1.041963515624999559e-02
4.180000000000000000e+02 1.071417539062499702e-02
4.190000000000000000e+02 1.100374546874999943e-02
4.200000000000000000e+02 1.128744468749999855e-02
4.210000000000000000e+02 1.156454656250000164e-02
4.220000000000000000e+02 1.183420031250000115e-02
4.230000000000000000e+02 1.209567265624999707e-02
4.240000000000000000e+02 1.234822828125000521e-02
4.250000000000000000e+02 1.259107835937500232e-02
4.260000000000000000e+02 1.282353164062500703e-02
4.270000000000000000e+02 1.304473414062500523e-02
4.280000000000000000e+02 1.325404710937499834e-02
4.290000000000000000e+02 1.345054664062499822e-02
4.300000000000000000e+02 1.363349968749999822e-02
4.310000000000000000e+02 1.380193031250000202e-02
4.320000000000000000e+02 1.395505210937500462e-02
4.330000000000000000e+02 1.409177578125000302e-02
4.340000000000000000e+02 1.421123046874999026e-02
4.350000000000000000e+02 1.431225203125000012e-02
4.360000000000000000e+02 1.439406249999999887e-02
4.370000000000000000e+02 1.445560789062499615e-02
4.380000000000000000e+02 1.449591781249999663e-02
4.390000000000000000e+02 1.451434179687499833e-02
4.400000000000000000e+02 1.451014046874999144e-02
4.410000000000000000e+02 1.448285218750000602e-02
4.420000000000000000e+02 1.443224632812498999e-02
4.430000000000000000e+02 1.435824203125000108e-02
4.440000000000000000e+02 1.426121890625000124e-02
4.450000000000000000e+02 1.414174406250000467e-02
4.460000000000000000e+02 1.400060953124999431e-02
4.470000000000000000e+02 1.383921203124999742e-02
4.480000000000000000e+02 1.365897695312499535e-02
4.490000000000000000e+02 1.346183109375000478e-02
4.500000000000000000e+02 1.324986562499999923e-02
4.510000000000000000e+02 1.302556171875000023e-02
4.520000000000000000e+02 1.279144609375000401e-02
4.530000000000000000e+02 1.255038046875000743e-02
4.540000000000000000e+02 1.230532593750000361e-02
4.550000000000000000e+02 1.205935226562500351e-02
4.560000000000000000e+02 1.181555585937500881e-02
4.570000000000000000e+02 1.157721179687500219e-02
4.580000000000000000e+02 1.134741234375000012e-02
4.590000000000000000e+02 1.112938765625000673e-02
4.600000000000000000e+02 1.092631375000000307e-02
4.610000000000000000e+02 1.074119945312499921e-02
4.620000000000000000e+02 1.057708351562500378e-02
4.630000000000000000e+02 1.043677457031249971e-02
4.640000000000000000e+02 1.032297013281249960e-02
4.650000000000000000e+02 1.023826307031249806e-02
4.660000000000000000e+02 1.018486081250000175e-02
4.670000000000000000e+02 1.016475085937499495e-02
4.680000000000000000e+02 1.017950546875000077e-02
4.690000000000000000e+02 1.023041182031250197e-02
4.700000000000000000e+02 1.031802004687499066e-02
4.710000000000000000e+02 1.044251821875000381e-02
4.720000000000000000e+02 1.060323445312499717e-02
4.730000000000000000e+02 1.079905835937499531e-02
4.740000000000000000e+02 1.102770999999999786e-02
4.750000000000000000e+02 1.128638250000000079e-02
4.760000000000000000e+02 1.157123289062499463e-02
4.770000000000000000e+02 1.187751453125000280e-02
4.780000000000000000e+02 1.219962023437499987e-02
4.790000000000000000e+02 1.253095671875000157e-02
4.800000000000000000e+02 1.286412906249999322e-02
4.810000000000000000e+02 1.319105156250000022e-02
4.820000000000000000e+02 1.350293515625000315e-02
4.830000000000000000e+02 1.379045070312500017e-02
4.840000000000000000e+02 1.404393710937499630e-02
4.850000000000000000e+02 1.425361843750000065e-02
4.860000000000000000e+02 1.440972687500000592e-02
4.870000000000000000e+02 1.450290101562499816e-02
4.880000000000000000e+02 1.452444664062499391e-02
4.890000000000000000e+02 1.446651281249999518e-02
4.900000000000000000e+02 1.432255639062499780e-02
4.910000000000000000e+02 1.408774782031250485e-02
4.920000000000000000e+02 1.375930249218750186e-02
4.930000000000000000e+02 1.333692228906250589e-02
4.940000000000000000e+02 1.282336285156250068e-02
4.950000000000000000e+02 1.222478421874999797e-02
4.960000000000000000e+02 1.155145262500000165e-02
4.970000000000000000e+02 1.081829648828124685e-02
4.980000000000000000e+02 1.004548185390625493e-02
4.990000000000000000e+02 9.259488045312501761e-03
5.000000000000000000e+02 8.493550265624993240e-03
5.010000000000000000e+02 7.789397671874999200e-03
5.020000000000000000e+02 7.198457531249998972e-03
5.030000000000000000e+02 6.783695742968745730e-03
5.040000000000000000e+02 6.622277812500003240e-03
5.050000000000000000e+02 6.808532812499999524e-03
5.060000000000000000e+02 7.458452343750000650e-03
5.070000000000000000e+02 8.714948515625001169e-03
5.080000000000000000e+02 1.075543281250000011e-02
5.090000000000000000e+02 1.380093750000000244e-02
5.100000000000000000e+02 1.812882578124999644e-02
5.110000000000000000e+02 2.408864218749999855e-02
