0.000000000000000000e+00 2.600452143749999809e-03
1.000000000000000000e+00 2.598296521874999317e-03
2.000000000000000000e+00 2.593994539843749638e-03
3.000000000000000000e+00 2.587556347656250547e-03
4.000000000000000000e+00 2.578993088281248541e-03
5.000000000000000000e+00 2.568319647656250142e-03
6.000000000000000000e+00 2.555575592187500893e-03
7.000000000000000000e+00 2.540770790624999852e-03
8.000000000000000000e+00 2.523948457812499966e-03
9.000000000000000000e+00 2.505147220312501418e-03
1.000000000000000000e+01 2.484404691406249914e-03
1.100000000000000000e+01 2.461771620781249940e-03
1.200000000000000000e+01 2.437295084062499929e-03
1.300000000000000000e+01 2.411027777421875622e-03
1.400000000000000000e+01 2.383032483984375352e-03
1.500000000000000000e+01 2.353374309999999719e-03
1.600000000000000000e+01 2.322105335234373770e-03
1.700000000000000000e+01 2.289308924999999655e-03
1.800000000000000000e+01 2.255046127749999515e-03
1.900000000000000000e+01 2.219398775695314435e-03
2.000000000000000000e+01 2.182442392531249407e-03
2.100000000000000000e+01 2.144250673750000124e-03
2.200000000000000000e+01 2.104910794218750429e-03
2.300000000000000000e+01 2.064515258203125821e-03
2.400000000000000000e+01 2.023138887656249999e-03
2.500000000000000000e+01 1.980875959531250459e-03
2.600000000000000000e+01 1.937811948046875383e-03
2.700000000000000000e+01 1.894037261953124881e-03
2.800000000000000000e+01 1.849654675742187738e-03
2.900000000000000000e+01 1.804732756195313046e-03
3.000000000000000000e+01 1.759388142187500456e-03
3.100000000000000000e+01 1.713706010156249926e-03
3.200000000000000000e+01 1.667775381093750554e-03
3.300000000000000000e+01 1.621689862656249979e-03
3.400000000000000000e+01 1.575545624687499672e-03
3.500000000000000000e+01 1.529438267968750206e-03
3.600000000000000000e+01 1.483455263515624312e-03
3.700000000000000000e+01 1.437683309765625406e-03
3.800000000000000000e+01 1.392214873046875153e-03
3.900000000000000000e+01 1.347141028203124999e-03
4.000000000000000000e+01 1.302543636640624090e-03
4.100000000000000000e+01 1.258511261718749455e-03
4.200000000000000000e+01 1.215121105468749615e-03
4.300000000000000000e+01 1.172460455625000137e-03
4.400000000000000000e+01 1.130605920312499407e-03
4.500000000000000000e+01 1.089634582812499565e-03
4.600000000000000000e+01 1.049616904687499354e-03
4.700000000000000000e+01 1.010627386718750175e-03
4.800000000000000000e+01 9.727306429687499574e-04
4.900000000000000000e+01 9.359932234375000371e-04
5.000000000000000000e+01 9.004859078124999999e-04
5.100000000000000000e+01 8.662588218749999814e-04
5.200000000000000000e+01 8.333759007812496355e-04
5.300000000000000000e+01 8.018856484374997781e-04
5.400000000000000000e+01 7.718366031250001660e-04
5.500000000000000000e+01 7.432822656250004595e-04
5.600000000000000000e+01 7.162646874999998399e-04
5.700000000000000000e+01 6.908171476562502194e-04
5.800000000000000000e+01 6.669868640624998816e-04
5.900000000000000000e+01 6.448019773437501691e-04
6.000000000000000000e+01 6.242967445312502242e-04
6.100000000000000000e+01 6.054921328125003731e-04
6.200000000000000000e+01 5.884151171875001652e-04
6.300000000000000000e+01 5.730900859375001209e-04
6.400000000000000000e+01 5.595255781250002992e-04
6.500000000000000000e+01 5.477384296875002952e-04
6.600000000000000000e+01 5.377399140624997045e-04
6.700000000000000000e+01 5.295338671874999775e-04
6.800000000000000000e+01 5.231273749999999865e-04
6.900000000000000000e+01 5.185174140625000219e-04
7.000000000000000000e+01 5.157070156249997893e-04
7.100000000000000000e+01 5.146823906249998245e-04
7.200000000000000000e+01 5.154362968749998195e-04
7.300000000000000000e+01 5.179665312499997414e-04
7.400000000000000000e+01 5.222434296875000251e-04
7.500000000000000000e+01 5.282623750000000652e-04
7.600000000000000000e+01 5.359974296875000700e-04
7.700000000000000000e+01 5.454240234374996363e-04
7.800000000000000000e+01 5.565214921874999917e-04
7.900000000000000000e+01 5.692550624999997066e-04
8.000000000000000000e+01 5.835988203125002782e-04
8.100000000000000000e+01 5.995215937500002245e-04
8.200000000000000000e+01 6.169888593749999362e-04
8.300000000000000000e+01 6.359585937499999571e-04
8.400000000000000000e+01 6.563955703125000721e-04
8.500000000000000000e+01 6.782573750000000547e-04
8.600000000000000000e+01 7.014992968749999116e-04
8.700000000000000000e+01 7.260774140625002098e-04
8.800000000000000000e+01 7.519480312500000964e-04
8.900000000000000000e+01 7.790608281249998199e-04
9.000000000000000000e+01 8.073649687500001173e-04
9.100000000000000000e+01 8.368112734374998779e-04
9.200000000000000000e+01 8.673466249999993048e-04
9.300000000000000000e+01 8.989158515625002245e-04
9.400000000000000000e+01 9.314668203124997197e-04
9.500000000000000000e+01 9.649337656249998806e-04
9.600000000000000000e+01 9.992729140625002202e-04
9.700000000000000000e+01 1.034415289062499748e-03
9.800000000000000000e+01 1.070310664062500399e-03
9.900000000000000000e+01 1.106888967968750392e-03
1.000000000000000000e+02 1.144097746874999516e-03
1.010000000000000000e+02 1.181871596874999649e-03
1.020000000000000000e+02 1.220155573437499636e-03
1.030000000000000000e+02 1.258877536718751083e-03
1.040000000000000000e+02 1.297976805468749589e-03
1.050000000000000000e+02 1.337395117187500058e-03
1.060000000000000000e+02 1.377064766406250638e-03
1.070000000000000000e+02 1.416922809531251208e-03
1.080000000000000000e+02 1.456910445312500045e-03
1.090000000000000000e+02 1.496963378906250586e-03
1.100000000000000000e+02 1.537008914062499600e-03
1.110000000000000000e+02 1.576997590140626158e-03
1.120000000000000000e+02 1.616860592656249943e-03
1.130000000000000000e+02 1.656532120546875923e-03
1.140000000000000000e+02 1.695959302031249324e-03
1.150000000000000000e+02 1.735076852343749943e-03
1.160000000000000000e+02 1.773822269999998473e-03
1.170000000000000000e+02 1.812139030468750290e-03
1.180000000000000000e+02 1.849966882812499732e-03
1.190000000000000000e+02 1.887253703906249021e-03
1.200000000000000000e+02 1.923942110937500605e-03
1.210000000000000000e+02 1.959968033593750044e-03
1.220000000000000000e+02 1.995299660937499900e-03
1.230000000000000000e+02 2.029861946874999407e-03
1.240000000000000000e+02 2.063620325781249584e-03
1.250000000000000000e+02 2.096521021875001004e-03
1.260000000000000000e+02 2.128521232031249655e-03
1.270000000000000000e+02 2.159575556250000004e-03
1.280000000000000000e+02 2.189642363281251326e-03
1.290000000000000000e+02 2.218681847656249137e-03
1.300000000000000000e+02 2.246661655468750515e-03
1.310000000000000000e+02 2.273544078124999264e-03
1.320000000000000000e+02 2.299297411718751599e-03
1.330000000000000000e+02 2.323890153906250054e-03
1.340000000000000000e+02 2.347308289062499838e-03
1.350000000000000000e+02 2.369510436718749290e-03
1.360000000000000000e+02 2.390503429687499543e-03
1.370000000000000000e+02 2.410252060156248786e-03
1.380000000000000000e+02 2.428742440625001123e-03
1.390000000000000000e+02 2.445978207031249477e-03
1.400000000000000000e+02 2.461943253124999117e-03
1.410000000000000000e+02 2.476646164843748776e-03
1.420000000000000000e+02 2.490077839062499864e-03
1.430000000000000000e+02 2.502251179687500163e-03
1.440000000000000000e+02 2.513167623437497552e-03
1.450000000000000000e+02 2.522853198437499320e-03
1.460000000000000000e+02 2.531316242187500124e-03
1.470000000000000000e+02 2.538586477343752427e-03
1.480000000000000000e+02 2.544671726562502088e-03
1.490000000000000000e+02 2.549619740703122899e-03
1.500000000000000000e+02 2.553445711718749147e-03
1.510000000000000000e+02 2.556197846875002920e-03
1.520000000000000000e+02 2.557926276171875162e-03
1.530000000000000000e+02 2.558655817421874069e-03
1.540000000000000000e+02 2.558440691406251629e-03
1.550000000000000000e+02 2.557326745000000449e-03
1.560000000000000000e+02 2.555385166093748859e-03
1.570000000000000000e+02 2.552653996093748930e-03
1.580000000000000000e+02 2.549194439843749382e-03
1.590000000000000000e+02 2.545092383593750614e-03
1.600000000000000000e+02 2.540390599218750583e-03
1.610000000000000000e+02 2.535165853125000146e-03
1.620000000000000000e+02 2.529485071874999595e-03
1.630000000000000000e+02 2.523430084375001027e-03
1.640000000000000000e+02 2.517060974218750594e-03
1.650000000000000000e+02 2.510467768749997421e-03
1.660000000000000000e+02 2.503720273437498849e-03
1.670000000000000000e+02 2.496896084374998059e-03
1.680000000000000000e+02 2.490076195312499602e-03
1.690000000000000000e+02 2.483338015624998122e-03
1.700000000000000000e+02 2.476761749999999672e-03
1.710000000000000000e+02 2.470421156249999906e-03
1.720000000000000000e+02 2.464394117187500548e-03
1.730000000000000000e+02 2.458757921875000599e-03
1.740000000000000000e+02 2.453594609375000027e-03
1.750000000000000000e+02 2.448966828125000769e-03
1.760000000000000000e+02 2.444956625000000404e-03
1.770000000000000000e+02 2.441613617187501223e-03
1.780000000000000000e+02 2.439031703125000422e-03
1.790000000000000000e+02 2.437244921875000251e-03
1.800000000000000000e+02 2.436329835937500309e-03
1.810000000000000000e+02 2.436338507812500082e-03
1.820000000000000000e+02 2.437320101562499928e-03
1.830000000000000000e+02 2.439324937499998732e-03
1.840000000000000000e+02 2.442388796874999778e-03
1.850000000000000000e+02 2.446560789062498902e-03
1.860000000000000000e+02 2.451865968750000478e-03
1.870000000000000000e+02 2.458335390624999221e-03
1.880000000000000000e+02 2.465983124999997483e-03
1.890000000000000000e+02 2.474836875000000630e-03
1.900000000000000000e+02 2.484905312499999762e-03
1.910000000000000000e+02 2.496187265624999398e-03
1.920000000000000000e+02 2.508689218749999162e-03
1.930000000000000000e+02 2.522396874999999639e-03
1.940000000000000000e+02 2.537311171875000337e-03
1.950000000000000000e+02 2.553409140625000334e-03
1.960000000000000000e+02 2.570655312500000952e-03
1.970000000000000000e+02 2.589050156250000210e-03
1.980000000000000000e+02 2.608526562500000472e-03
1.990000000000000000e+02 2.629065156249999358e-03
2.000000000000000000e+02 2.650622031250000898e-03
2.010000000000000000e+02 2.673145937499999975e-03
2.020000000000000000e+02 2.696580624999998874e-03
2.030000000000000000e+02 2.720882734374999168e-03
2.040000000000000000e+02 2.745983515624998011e-03
2.050000000000000000e+02 2.771817968749999261e-03
2.060000000000000000e+02 2.798338046874998715e-03
2.070000000000000000e+02 2.825453281249999758e-03
2.080000000000000000e+02 2.853117499999999369e-03
2.090000000000000000e+02 2.881249687499999861e-03
2.100000000000000000e+02 2.909784531249999615e-03
2.110000000000000000e+02 2.938652421874999709e-03
2.120000000000000000e+02 2.967782507812502090e-03
2.130000000000000000e+02 2.997117593750001519e-03
2.140000000000000000e+02 3.026577453125001409e-03
2.150000000000000000e+02 3.056112140624998776e-03
2.160000000000000000e+02 3.085662937499998940e-03
2.170000000000000000e+02 3.115167320312500765e-03
2.180000000000000000e+02 3.144582710937498908e-03
2.190000000000000000e+02 3.173861390624998537e-03
2.200000000000000000e+02 3.202966312500000502e-03
2.210000000000000000e+02 3.231856828125000830e-03
2.220000000000000000e+02 3.260515999999999762e-03
2.230000000000000000e+02 3.288911898437501310e-03
2.240000000000000000e+02 3.317050078124999298e-03
2.250000000000000000e+02 3.344912804687500459e-03
2.260000000000000000e+02 3.372509539062500897e-03
2.270000000000000000e+02 3.399851492187499265e-03
2.280000000000000000e+02 3.426965007812500779e-03
2.290000000000000000e+02 3.453882546874998977e-03
2.300000000000000000e+02 3.480636726562499460e-03
2.310000000000000000e+02 3.507286039062501148e-03
2.320000000000000000e+02 3.533879859375001035e-03
2.330000000000000000e+02 3.560499328124999783e-03
2.340000000000000000e+02 3.587211445312499854e-03
2.350000000000000000e+02 3.614110437500000876e-03
2.360000000000000000e+02 3.641280882812500397e-03
2.370000000000000000e+02 3.668837367187499903e-03
2.380000000000000000e+02 3.696886038281250054e-03
2.390000000000000000e+02 3.725547682812498877e-03
2.400000000000000000e+02 3.754947437499998701e-03
2.410000000000000000e+02 3.785211609374999810e-03
2.420000000000000000e+02 3.816489281249998283e-03
2.430000000000000000e+02 3.848919718750000614e-03
2.440000000000000000e+02 3.882641328125000305e-03
2.450000000000000000e+02 3.917811779687498802e-03
2.460000000000000000e+02 3.954593297656248778e-03
2.470000000000000000e+02 3.993130945312501137e-03
2.480000000000000000e+02 4.033580085937501190e-03
2.490000000000000000e+02 4.076110929687503173e-03
2.500000000000000000e+02 4.120864460937499231e-03
2.510000000000000000e+02 4.168007265625000776e-03
2.520000000000000000e+02 4.217680250000000429e-03
2.530000000000000000e+02 4.270034546874999087e-03
2.540000000000000000e+02 4.325216859374998897e-03
2.550000000000000000e+02 4.383358109375000769e-03
2.560000000000000000e+02 4.444601906250002406e-03
2.570000000000000000e+02 4.509054820312500406e-03
2.580000000000000000e+02 4.576839789062500316e-03
2.590000000000000000e+02 4.648066195312500724e-03
2.600000000000000000e+02 4.722818445312497969e-03
2.610000000000000000e+02 4.801194296874998491e-03
2.620000000000000000e+02 4.883237585937502852e-03
2.630000000000000000e+02 4.969037820312501019e-03
2.640000000000000000e+02 5.058617579687499019e-03
2.650000000000000000e+02 5.152023161718747267e-03
2.660000000000000000e+02 5.249263773437501217e-03
2.670000000000000000e+02 5.350343882812498043e-03
2.680000000000000000e+02 5.455202773437503420e-03
2.690000000000000000e+02 5.563878875000002541e-03
2.700000000000000000e+02 5.676264382812499024e-03
2.710000000000000000e+02 5.792306687500001910e-03
2.720000000000000000e+02 5.911901874999999328e-03
2.730000000000000000e+02 6.034999687500002333e-03
2.740000000000000000e+02 6.161416250000000157e-03
2.750000000000000000e+02 6.291057734375001854e-03
2.760000000000000000e+02 6.423721328125002288e-03
2.770000000000000000e+02 6.559270078125001117e-03
2.780000000000000000e+02 6.697427343749996938e-03
2.790000000000000000e+02 6.838069218749998589e-03
2.800000000000000000e+02 6.980968359374998232e-03
2.810000000000000000e+02 7.125786015624996361e-03
2.820000000000000000e+02 7.272333750000000221e-03
2.830000000000000000e+02 7.420336999999999940e-03
2.840000000000000000e+02 7.569443132812502667e-03
2.850000000000000000e+02 7.719350609374999936e-03
2.860000000000000000e+02 7.869786968749998765e-03
2.870000000000000000e+02 8.020357195312502810e-03
2.880000000000000000e+02 8.170773726562500366e-03
2.890000000000000000e+02 8.320614562499996716e-03
2.900000000000000000e+02 8.469579937500004360e-03
2.910000000000000000e+02 8.617282695312502433e-03
2.920000000000000000e+02 8.763268791406248967e-03
2.930000000000000000e+02 8.907195224218749166e-03
2.940000000000000000e+02 9.048714878125000902e-03
2.950000000000000000e+02 9.187372701562489599e-03
2.960000000000000000e+02 9.322844825781254410e-03
2.970000000000000000e+02 9.454704042968753094e-03
2.980000000000000000e+02 9.582460208593745685e-03
2.990000000000000000e+02 9.705866250000000361e-03
3.000000000000000000e+02 9.824472281250003214e-03
3.010000000000000000e+02 9.937932515624995841e-03
3.020000000000000000e+02 1.004579539062500255e-02
3.030000000000000000e+02 1.014785164843749928e-02
3.040000000000000000e+02 1.024359349999999849e-02
3.050000000000000000e+02 1.033277244531249917e-02
3.060000000000000000e+02 1.041507590624999625e-02
3.070000000000000000e+02 1.049013023437500233e-02
3.080000000000000000e+02 1.055764335937499354e-02
3.090000000000000000e+02 1.061742078124999940e-02
3.100000000000000000e+02 1.066914085937499881e-02
3.110000000000000000e+02 1.071256835937500242e-02
3.120000000000000000e+02 1.074746250000000423e-02
3.130000000000000000e+02 1.077375085937500206e-02
3.140000000000000000e+02 1.079111070312500399e-02
3.150000000000000000e+02 1.079950070312499406e-02
3.160000000000000000e+02 1.079871999999999950e-02
3.170000000000000000e+02 1.078872992187500032e-02
3.180000000000000000e+02 1.076940820312499714e-02
3.190000000000000000e+02 1.074072703125000978e-02
3.200000000000000000e+02 1.070271570312500593e-02
3.210000000000000000e+02 1.065531695312499708e-02
3.220000000000000000e+02 1.059850851562499537e-02
3.230000000000000000e+02 1.053248429687499502e-02
3.240000000000000000e+02 1.045724007812500952e-02
3.250000000000000000e+02 1.037298617187500452e-02
3.260000000000000000e+02 1.027976281249999742e-02
3.270000000000000000e+02 1.017781031250000051e-02
3.280000000000000000e+02 1.006729896874999398e-02
3.290000000000000000e+02 9.948491874999996348e-03
3.300000000000000000e+02 9.821610984375006570e-03
3.310000000000000000e+02 9.686904101562502853e-03
3.320000000000000000e+02 9.544785335937505319e-03
3.330000000000000000e+02 9.395533265624997007e-03
3.340000000000000000e+02 9.239474367187500148e-03
3.350000000000000000e+02 9.077100531249999993e-03
3.360000000000000000e+02 8.908646148437504575e-03
3.370000000000000000e+02 8.734708398437497287e-03
3.380000000000000000e+02 8.555677781249998101e-03
3.390000000000000000e+02 8.371949859374996569e-03
3.400000000000000000e+02 8.184069812499994781e-03
3.410000000000000000e+02 7.992536873437499148e-03
3.420000000000000000e+02 7.797845515625001327e-03
3.430000000000000000e+02 7.600531114843749741e-03
3.440000000000000000e+02 7.401042650000006981e-03
3.450000000000000000e+02 7.199892766406250366e-03
3.460000000000000000e+02 6.997715939062499474e-03
3.470000000000000000e+02 6.794918500000001090e-03
3.480000000000000000e+02 6.591996710937500850e-03
3.490000000000000000e+02 6.389554945312499699e-03
3.500000000000000000e+02 6.188012679687500406e-03
3.510000000000000000e+02 5.987847281249999987e-03
3.520000000000000000e+02 5.789551570312502504e-03
3.530000000000000000e+02 5.593581218750001000e-03
3.540000000000000000e+02 5.400372786718744475e-03
3.550000000000000000e+02 5.210408832812498357e-03
3.560000000000000000e+02 5.024091725781248095e-03
3.570000000000000000e+02 4.841831306249998017e-03
3.580000000000000000e+02 4.664052051562493119e-03
3.590000000000000000e+02 4.491175580468747749e-03
3.600000000000000000e+02 4.323605664062502366e-03
3.610000000000000000e+02 4.161781386718747117e-03
3.620000000000000000e+02 4.006074909375002477e-03
3.630000000000000000e+02 3.856915112500001325e-03
3.640000000000000000e+02 3.714747618515620679e-03
3.650000000000000000e+02 3.579956304687500080e-03
3.660000000000000000e+02 3.452944748437501536e-03
3.670000000000000000e+02 3.334169294531249758e-03
3.680000000000000000e+02 3.224035750000001435e-03
3.690000000000000000e+02 3.122942796874998359e-03
3.700000000000000000e+02 3.031206062499997630e-03
3.710000000000000000e+02 2.949292437500001130e-03
3.720000000000000000e+02 2.877468851562498247e-03
3.730000000000000000e+02 2.816085681328124417e-03
3.740000000000000000e+02 2.765396992187501256e-03
3.750000000000000000e+02 2.725674464062498911e-03
3.760000000000000000e+02 2.697110666406250887e-03
3.770000000000000000e+02 2.679862648437500612e-03
3.780000000000000000e+02 2.674085359375001202e-03
3.790000000000000000e+02 2.679848890624998529e-03
3.800000000000000000e+02 2.697242921874999384e-03
3.810000000000000000e+02 2.726286242187499296e-03
3.820000000000000000e+02 2.766981914062502292e-03
3.830000000000000000e+02 2.819326398437500478e-03
3.840000000000000000e+02 2.883297226562501342e-03
3.850000000000000000e+02 2.958870960937499007e-03
3.860000000000000000e+02 3.046007896874999062e-03
3.870000000000000000e+02 3.144700949218750315e-03
3.880000000000000000e+02 3.254889822656251239e-03
3.890000000000000000e+02 3.376593579375000882e-03
3.900000000000000000e+02 3.509751226562498553e-03
3.910000000000000000e+02 3.654370234375001279e-03
3.920000000000000000e+02 3.810415234374999599e-03
3.930000000000000000e+02 3.977857382812500023e-03
3.940000000000000000e+02 4.156607445312498345e-03
3.950000000000000000e+02 4.346625914062500831e-03
3.960000000000000000e+02 4.547743929687500519e-03
3.970000000000000000e+02 4.759885501562499156e-03
3.980000000000000000e+02 4.982755031249999286e-03
3.990000000000000000e+02 5.216149179687501643e-03
4.000000000000000000e+02 5.459702031250000288e-03
4.010000000000000000e+02 5.713069218749998457e-03
4.020000000000000000e+02 5.975768124999996690e-03
4.030000000000000000e+02 6.247277031249997246e-03
4.040000000000000000e+02 6.526970468750002349e-03
4.050000000000000000e+02 6.814241250000002866e-03
4.060000000000000000e+02 7.108373671874997773e-03
4.070000000000000000e+02 7.408580937500002656e-03
4.080000000000000000e+02 7.714029843749995070e-03
4.090000000000000000e+02 8.023940234374998814e-03
4.100000000000000000e+02 8.337355546874997830e-03
4.110000000000000000e+02 8.653422812499998729e-03
4.120000000000000000e+02 8.971199375000002418e-03
4.130000000000000000e+02 9.289727343749996577e-03
4.140000000000000000e+02 9.608149218750000609e-03
4.150000000000000000e+02 9.925453515625001777e-03
4.160000000000000000e+02 1.024076812500000593e-02
4.170000000000000000e+02 1.055316468750000687e-02
4.180000000000000000e+02 1.086183718750000776e-02
4.190000000000000000e+02 1.116581570312499480e-02
4.200000000000000000e+02 1.146429343750000017e-02
4.210000000000000000e+02 1.175640507812500575e-02
4.220000000000000000e+02 1.204134070312500200e-02
4.230000000000000000e+02 1.231834562499999584e-02
4.240000000000000000e+02 1.258644140624999574e-02
4.250000000000000000e+02 1.284494328124999654e-02
4.260000000000000000e+02 1.309290882812499598e-02
4.270000000000000000e+02 1.332947476562500004e-02
4.280000000000000000e+02 1.355375984375000765e-02
4.290000000000000000e+02 1.376475242187500531e-02
4.300000000000000000e+02 1.396144640624999954e-02
4.310000000000000000e+02 1.414278406250000196e-02
4.320000000000000000e+02 1.430763734374999874e-02
4.330000000000000000e+02 1.445478585937499949e-02
4.340000000000000000e+02 1.458319164062499805e-02
4.350000000000000000e+02 1.469157656249999409e-02
4.360000000000000000e+02 1.477875445312500438e-02
4.370000000000000000e+02 1.484372039062500231e-02
4.380000000000000000e+02 1.488540945312499982e-02
4.390000000000000000e+02 1.490295507812499851e-02
4.400000000000000000e+02 1.489572093750000069e-02
4.410000000000000000e+02 1.486319140625000194e-02
4.420000000000000000e+02 1.480523929687500330e-02
4.430000000000000000e+02 1.472191554687499876e-02
4.440000000000000000e+02 1.461370796875000044e-02
4.450000000000000000e+02 1.448128289062499893e-02
4.460000000000000000e+02 1.432576437500000625e-02
4.470000000000000000e+02 1.414850148437499927e-02
4.480000000000000000e+02 1.395132578124999231e-02
4.490000000000000000e+02 1.373615499999998948e-02
4.500000000000000000e+02 1.350542734374999589e-02
4.510000000000000000e+02 1.326156015624999941e-02
4.520000000000000000e+02 1.300739062499999682e-02
4.530000000000000000e+02 1.274580546874999436e-02
4.540000000000000000e+02 1.247984835937500196e-02
4.550000000000000000e+02 1.221271312500000171e-02
4.560000000000000000e+02 1.194759890624999370e-02
4.570000000000000000e+02 1.168778773437500161e-02
4.580000000000000000e+02 1.143652960937500095e-02
4.590000000000000000e+02 1.119722992187500467e-02
4.600000000000000000e+02 1.097303679687499332e-02
4.610000000000000000e+02 1.076721171874999577e-02
4.620000000000000000e+02 1.058294109375000104e-02
4.630000000000000000e+02 1.042328634374999584e-02
4.640000000000000000e+02 1.029108958593750490e-02
4.650000000000000000e+02 1.018917085156249500e-02
4.660000000000000000e+02 1.011995274296874532e-02
4.670000000000000000e+02 1.008569644218750526e-02
4.680000000000000000e+02 1.008801093749999746e-02
4.690000000000000000e+02 1.012836626562500265e-02
4.700000000000000000e+02 1.020749610156249793e-02
4.710000000000000000e+02 1.032552690625000713e-02
4.720000000000000000e+02 1.048182640625000550e-02
4.730000000000000000e+02 1.067510515625000496e-02
4.740000000000000000e+02 1.090314242187499956e-02
4.750000000000000000e+02 1.116280359375000295e-02
4.760000000000000000e+02 1.144998070312499595e-02
4.770000000000000000e+02 1.175972703124999845e-02
4.780000000000000000e+02 1.208588718749999125e-02
4.790000000000000000e+02 1.242165898437499333e-02
4.800000000000000000e+02 1.275922773437499456e-02
4.810000000000000000e+02 1.308990835937499930e-02
4.820000000000000000e+02 1.340465632812499683e-02
4.830000000000000000e+02 1.369372179687500420e-02
4.840000000000000000e+02 1.394702039062499684e-02
4.850000000000000000e+02 1.415444828124999554e-02
4.860000000000000000e+02 1.430609296874999804e-02
4.870000000000000000e+02 1.439224499999999796e-02
4.880000000000000000e+02 1.440409119531249789e-02
4.890000000000000000e+02 1.433372684375000192e-02
4.900000000000000000e+02 1.417469678906250162e-02
4.910000000000000000e+02 1.392221124999999497e-02
4.920000000000000000e+02 1.357367903906250839e-02
4.930000000000000000e+02 1.312907881249999673e-02
4.940000000000000000e+02 1.259161642187500187e-02
4.950000000000000000e+02 1.196774882031249876e-02
4.960000000000000000e+02 1.126821539062500092e-02
4.970000000000000000e+02 1.050831115390625861e-02
4.980000000000000000e+02 9.708626395312499463e-03
4.990000000000000000e+02 8.895726671874997979e-03
5.000000000000000000e+02 8.103254828124999837e-03
5.010000000000000000e+02 7.372763093750000010e-03
5.020000000000000000e+02 6.755439749999997238e-03
5.030000000000000000e+02 6.313773747656251968e-03
5.040000000000000000e+02 6.124079843749997108e-03
5.050000000000000000e+02 6.279685156250001780e-03
5.060000000000000000e+02 6.895283125000002851e-03
5.070000000000000000e+02 8.112574453125001930e-03
5.080000000000000000e+02 1.010786460937499950e-02
5.090000000000000000e+02 1.310208203125000186e-02
5.100000000000000000e+02 1.737380937500000375e-02
5.110000000000000000e+02 2.327647968750000754e-02
