0.000000000000000000e+00 2.322465691406251382e-03
1.000000000000000000e+00 2.320186782812501576e-03
2.000000000000000000e+00 2.315639524999999616e-03
3.000000000000000000e+00 2.308818693750001264e-03
4.000000000000000000e+00 2.299764332812498629e-03
5.000000000000000000e+00 2.288487892968749798e-03
6.000000000000000000e+00 2.275021052343749028e-03
7.000000000000000000e+00 2.259390060937500715e-03
8.000000000000000000e+00 2.241641910937500724e-03
9.000000000000000000e+00 2.221818479687500195e-03
1.000000000000000000e+01 2.199966396875000559e-03
1.100000000000000000e+01 2.176139237500000247e-03
1.200000000000000000e+01 2.150405790625000129e-03
1.300000000000000000e+01 2.122824978906250916e-03
1.400000000000000000e+01 2.093466050156251104e-03
1.500000000000000000e+01 2.062392829609373084e-03
1.600000000000000000e+01 2.029690148593749945e-03
1.700000000000000000e+01 1.995440555390624784e-03
1.800000000000000000e+01 1.959722770937500583e-03
1.900000000000000000e+01 1.922619693828125356e-03
2.000000000000000000e+01 1.884233814687500536e-03
2.100000000000000000e+01 1.844647720781250914e-03
2.200000000000000000e+01 1.803953287109375620e-03
2.300000000000000000e+01 1.762258539140625427e-03
2.400000000000000000e+01 1.719660955312499488e-03
2.500000000000000000e+01 1.676256019921874580e-03
2.600000000000000000e+01 1.632150360156249622e-03
2.700000000000000000e+01 1.587444073515624715e-03
2.800000000000000000e+01 1.542246043671874648e-03
2.900000000000000000e+01 1.496651887656250037e-03
3.000000000000000000e+01 1.450780581328125650e-03
3.100000000000000000e+01 1.404725029531249739e-03
3.200000000000000000e+01 1.358594206562500689e-03
3.300000000000000000e+01 1.312493435937499720e-03
3.400000000000000000e+01 1.266526504687499931e-03
3.500000000000000000e+01 1.220789798437500479e-03
3.600000000000000000e+01 1.175383328906250005e-03
3.700000000000000000e+01 1.130422012500000017e-03
3.800000000000000000e+01 1.085983412500000304e-03
3.900000000000000000e+01 1.042177065625000043e-03
4.000000000000000000e+01 9.990806515624997639e-04
4.100000000000000000e+01 9.568049632812500229e-04
4.200000000000000000e+01 9.154199390625001763e-04
4.300000000000000000e+01 8.750247757812498577e-04
4.400000000000000000e+01 8.356933640625002898e-04
4.500000000000000000e+01 7.975079832812496418e-04
4.600000000000000000e+01 7.605386871093750955e-04
4.700000000000000000e+01 7.248700892187500810e-04
4.800000000000000000e+01 6.905580049999995168e-04
4.900000000000000000e+01 6.576730555468751540e-04
5.000000000000000000e+01 6.262806290624997911e-04
5.100000000000000000e+01 5.964328566406247936e-04
5.200000000000000000e+01 5.681868554687498048e-04
5.300000000000000000e+01 5.415944310156248350e-04
5.400000000000000000e+01 5.166969496875002720e-04
5.500000000000000000e+01 4.935414984374999429e-04
5.600000000000000000e+01 4.721594989062503412e-04
5.700000000000000000e+01 4.525917187499996393e-04
5.800000000000000000e+01 4.348674182031253641e-04
5.900000000000000000e+01 4.190107476562498329e-04
6.000000000000000000e+01 4.050450171874999945e-04
6.100000000000000000e+01 3.929848585937500017e-04
6.200000000000000000e+01 3.828526757812498473e-04
6.300000000000000000e+01 3.746542484374998827e-04
6.400000000000000000e+01 3.683937578124999888e-04
6.500000000000000000e+01 3.640788203124997236e-04
6.600000000000000000e+01 3.617071484375000419e-04
6.700000000000000000e+01 3.612770546874999344e-04
6.800000000000000000e+01 3.627786875000000872e-04
6.900000000000000000e+01 3.662016953124997689e-04
7.000000000000000000e+01 3.715343359374999560e-04
7.100000000000000000e+01 3.787545937499999849e-04
7.200000000000000000e+01 3.878478203124999225e-04
7.300000000000000000e+01 3.987871875000000119e-04
7.400000000000000000e+01 4.115479843749998159e-04
7.500000000000000000e+01 4.261049921874999775e-04
7.600000000000000000e+01 4.424230624999999696e-04
7.700000000000000000e+01 4.604697664062501212e-04
7.800000000000000000e+01 4.802062976562499657e-04
7.900000000000000000e+01 5.016015992187500966e-04
8.000000000000000000e+01 5.246084328125000078e-04
8.100000000000000000e+01 5.491868539062500811e-04
8.200000000000000000e+01 5.752954359375001556e-04
8.300000000000000000e+01 6.028851429687504980e-04
8.400000000000000000e+01 6.319112960937500788e-04
8.500000000000000000e+01 6.623230009374997873e-04
8.600000000000000000e+01 6.940701803124996053e-04
8.700000000000000000e+01 7.271008953125000828e-04
8.800000000000000000e+01 7.613626468750001996e-04
8.900000000000000000e+01 7.967991382812502190e-04
9.000000000000000000e+01 8.333552585937503959e-04
9.100000000000000000e+01 8.709786515624999255e-04
9.200000000000000000e+01 9.096080570312499577e-04
9.300000000000000000e+01 9.491909585937499888e-04
9.400000000000000000e+01 9.896603203124994599e-04
9.500000000000000000e+01 1.030969328125000330e-03
9.600000000000000000e+01 1.073046109374999751e-03
9.700000000000000000e+01 1.115834890625000192e-03
9.800000000000000000e+01 1.159270164062500569e-03
9.900000000000000000e+01 1.203302109374999570e-03
1.000000000000000000e+02 1.247863359374999474e-03
1.010000000000000000e+02 1.292888187500000402e-03
1.020000000000000000e+02 1.338323031249999536e-03
1.030000000000000000e+02 1.384096164062500372e-03
1.040000000000000000e+02 1.430157562500000614e-03
1.050000000000000000e+02 1.476435820312500336e-03
1.060000000000000000e+02 1.522871539062500444e-03
1.070000000000000000e+02 1.569400617187499767e-03
1.080000000000000000e+02 1.615974984375000622e-03
1.090000000000000000e+02 1.662512453124999432e-03
1.100000000000000000e+02 1.708967375000000708e-03
1.110000000000000000e+02 1.755276265624999702e-03
1.120000000000000000e+02 1.801371718749999367e-03
1.130000000000000000e+02 1.847207718749999637e-03
1.140000000000000000e+02 1.892713999999999551e-03
1.150000000000000000e+02 1.937834874999999797e-03
1.160000000000000000e+02 1.982519031249999845e-03
1.170000000000000000e+02 2.026699906250000252e-03
1.180000000000000000e+02 2.070333710937500866e-03
1.190000000000000000e+02 2.113359956249998874e-03
1.200000000000000000e+02 2.155725257812499043e-03
1.210000000000000000e+02 2.197377385937499764e-03
1.220000000000000000e+02 2.238267864140624456e-03
1.230000000000000000e+02 2.278342627671875453e-03
1.240000000000000000e+02 2.317562147812498793e-03
1.250000000000000000e+02 2.355880393749999920e-03
1.260000000000000000e+02 2.393241108593748522e-03
1.270000000000000000e+02 2.429614619531250599e-03
1.280000000000000000e+02 2.464958468749999052e-03
1.290000000000000000e+02 2.499236703125000229e-03
1.300000000000000000e+02 2.532404523437497591e-03
1.310000000000000000e+02 2.564440210937499534e-03
1.320000000000000000e+02 2.595314898437498484e-03
1.330000000000000000e+02 2.624984500000000082e-03
1.340000000000000000e+02 2.653437078125000202e-03
1.350000000000000000e+02 2.680637843749999159e-03
1.360000000000000000e+02 2.706598703124998492e-03
1.370000000000000000e+02 2.731274765624998411e-03
1.380000000000000000e+02 2.754661765624999425e-03
1.390000000000000000e+02 2.776727765625001867e-03
1.400000000000000000e+02 2.797517695312499216e-03
1.410000000000000000e+02 2.816978375000000166e-03
1.420000000000000000e+02 2.835146429687500618e-03
1.430000000000000000e+02 2.852013320312501380e-03
1.440000000000000000e+02 2.867592804687501065e-03
1.450000000000000000e+02 2.881886796875002352e-03
1.460000000000000000e+02 2.894919031249998387e-03
1.470000000000000000e+02 2.906676523437499906e-03
1.480000000000000000e+02 2.917243976562500923e-03
1.490000000000000000e+02 2.926615768750000322e-03
1.500000000000000000e+02 2.934804492968749214e-03
1.510000000000000000e+02 2.941889421874998526e-03
1.520000000000000000e+02 2.947860640625000160e-03
1.530000000000000000e+02 2.952793457031249215e-03
1.540000000000000000e+02 2.956720861796874669e-03
1.550000000000000000e+02 2.959692736874998831e-03
1.560000000000000000e+02 2.961764313281249877e-03
1.570000000000000000e+02 2.962974224218749633e-03
1.580000000000000000e+02 2.963359567968749768e-03
1.590000000000000000e+02 2.963057609375000390e-03
1.600000000000000000e+02 2.962058064999999792e-03
1.610000000000000000e+02 2.960441803124998651e-03
1.620000000000000000e+02 2.958272221093748849e-03
1.630000000000000000e+02 2.955663741406250929e-03
1.640000000000000000e+02 2.952612177343750220e-03
1.650000000000000000e+02 2.949233263281251290e-03
1.660000000000000000e+02 2.945565121093748125e-03
1.670000000000000000e+02 2.941719523437498398e-03
1.680000000000000000e+02 2.937722437500002622e-03
1.690000000000000000e+02 2.933673078125000749e-03
1.700000000000000000e+02 2.929621390625000536e-03
1.710000000000000000e+02 2.925659148437498563e-03
1.720000000000000000e+02 2.921818921875000887e-03
1.730000000000000000e+02 2.918194992187501252e-03
1.740000000000000000e+02 2.914841796874999627e-03
1.750000000000000000e+02 2.911807578125000760e-03
1.760000000000000000e+02 2.909157874999999862e-03
1.770000000000000000e+02 2.906948585937501554e-03
1.780000000000000000e+02 2.905237875000000591e-03
1.790000000000000000e+02 2.904055156250000356e-03
1.800000000000000000e+02 2.903448703124999510e-03
1.810000000000000000e+02 2.903465023437500243e-03
1.820000000000000000e+02 2.904129453124998980e-03
1.830000000000000000e+02 2.905465312500000574e-03
1.840000000000000000e+02 2.907513203124999918e-03
1.850000000000000000e+02 2.910278046874999625e-03
1.860000000000000000e+02 2.913782109375000120e-03
1.870000000000000000e+02 2.918027187499999588e-03
1.880000000000000000e+02 2.923017500000000147e-03
1.890000000000000000e+02 2.928753359375000330e-03
1.900000000000000000e+02 2.935217265625001543e-03
1.910000000000000000e+02 2.942412499999999455e-03
1.920000000000000000e+02 2.950313046874999956e-03
1.930000000000000000e+02 2.958890937499999117e-03
1.940000000000000000e+02 2.968125000000002012e-03
1.950000000000000000e+02 2.977980234374999740e-03
1.960000000000000000e+02 2.988423203124998626e-03
1.970000000000000000e+02 2.999409062500001024e-03
1.980000000000000000e+02 3.010897578124999922e-03
1.990000000000000000e+02 3.022838437500000551e-03
2.000000000000000000e+02 3.035181484375000256e-03
2.010000000000000000e+02 3.047883828125000361e-03
2.020000000000000000e+02 3.060887734375001331e-03
2.030000000000000000e+02 3.074146796874998970e-03
2.040000000000000000e+02 3.087588515625000647e-03
2.050000000000000000e+02 3.101177968750000024e-03
2.060000000000000000e+02 3.114854609374999479e-03
2.070000000000000000e+02 3.128568671874999620e-03
2.080000000000000000e+02 3.142271718750000355e-03
2.090000000000000000e+02 3.155916874999998602e-03
2.100000000000000000e+02 3.169472890625000400e-03
2.110000000000000000e+02 3.182883906250000890e-03
2.120000000000000000e+02 3.196141640625000530e-03
2.130000000000000000e+02 3.209193906249999031e-03
2.140000000000000000e+02 3.222036484374998615e-03
2.150000000000000000e+02 3.234664921874999457e-03
2.160000000000000000e+02 3.247062109375000588e-03
2.170000000000000000e+02 3.259216421874999454e-03
2.180000000000000000e+02 3.271171750000000274e-03
2.190000000000000000e+02 3.282927101562499016e-03
2.200000000000000000e+02 3.294527499999998655e-03
2.210000000000000000e+02 3.306000117187499632e-03
2.220000000000000000e+02 3.317404359375000170e-03
2.230000000000000000e+02 3.328802929687499357e-03
2.240000000000000000e+02 3.340266453125002085e-03
2.250000000000000000e+02 3.351873945312499724e-03
2.260000000000000000e+02 3.363722562500000551e-03
2.270000000000000000e+02 3.375917289062498310e-03
2.280000000000000000e+02 3.388575039062501505e-03
2.290000000000000000e+02 3.401817884374998702e-03
2.300000000000000000e+02 3.415777898437499360e-03
2.310000000000000000e+02 3.430604789062500527e-03
2.320000000000000000e+02 3.446452453124998483e-03
2.330000000000000000e+02 3.463482226562500030e-03
2.340000000000000000e+02 3.481868898437499252e-03
2.350000000000000000e+02 3.501784542968749796e-03
2.360000000000000000e+02 3.523418237500001819e-03
2.370000000000000000e+02 3.546956874999999954e-03
2.380000000000000000e+02 3.572594249999999551e-03
2.390000000000000000e+02 3.600536429687499224e-03
2.400000000000000000e+02 3.630977804687499869e-03
2.410000000000000000e+02 3.664130148437500824e-03
2.420000000000000000e+02 3.700191257812498590e-03
2.430000000000000000e+02 3.739373015625000254e-03
2.440000000000000000e+02 3.781870468749999863e-03
2.450000000000000000e+02 3.827897968749998433e-03
2.460000000000000000e+02 3.877633414062499687e-03
2.470000000000000000e+02 3.931285023437499845e-03
2.480000000000000000e+02 3.989032156249999045e-03
2.490000000000000000e+02 4.051058398437498882e-03
2.500000000000000000e+02 4.117527960937499877e-03
2.510000000000000000e+02 4.188602250000001206e-03
2.520000000000000000e+02 4.264425890624997870e-03
2.530000000000000000e+02 4.345155496874997594e-03
2.540000000000000000e+02 4.430892489843749407e-03
2.550000000000000000e+02 4.521757203125000707e-03
2.560000000000000000e+02 4.617841945312501153e-03
2.570000000000000000e+02 4.719222335937499520e-03
2.580000000000000000e+02 4.825963687499999592e-03
2.590000000000000000e+02 4.938097039062500429e-03
2.600000000000000000e+02 5.055658960937499911e-03
2.610000000000000000e+02 5.178638703124998494e-03
2.620000000000000000e+02 5.307026953124995873e-03
2.630000000000000000e+02 5.440774375000001321e-03
2.640000000000000000e+02 5.579816093749999546e-03
2.650000000000000000e+02 5.724079531250001428e-03
2.660000000000000000e+02 5.873422343749998623e-03
2.670000000000000000e+02 6.027770703125000934e-03
2.680000000000000000e+02 6.186925859374997616e-03
2.690000000000000000e+02 6.350712578125000674e-03
2.700000000000000000e+02 6.518972968749998237e-03
2.710000000000000000e+02 6.691367734375001930e-03
2.720000000000000000e+02 6.867762968749997234e-03
2.730000000000000000e+02 7.047840390624995552e-03
2.740000000000000000e+02 7.231291484375005317e-03
2.750000000000000000e+02 7.417810546875003123e-03
2.760000000000000000e+02 7.607099453124997572e-03
2.770000000000000000e+02 7.798729531250003962e-03
2.780000000000000000e+02 7.992337734374996977e-03
2.790000000000000000e+02 8.187549921874998776e-03
2.800000000000000000e+02 8.383946171875001838e-03
2.810000000000000000e+02 8.581146171874998174e-03
2.820000000000000000e+02 8.778551875000002030e-03
2.830000000000000000e+02 8.975817265625001679e-03
2.840000000000000000e+02 9.172484609374999959e-03
2.850000000000000000e+02 9.367982187500003763e-03
2.860000000000000000e+02 9.561921875000012686e-03
2.870000000000000000e+02 9.753746796874998917e-03
2.880000000000000000e+02 9.942928281249997433e-03
2.890000000000000000e+02 1.012897624999999600e-02
2.900000000000000000e+02 1.031141242187500959e-02
2.910000000000000000e+02 1.048964070312500239e-02
2.920000000000000000e+02 1.066322632812500074e-02
2.930000000000000000e+02 1.083162695312500125e-02
2.940000000000000000e+02 1.099436773437499799e-02
2.950000000000000000e+02 1.115096561718750129e-02
2.960000000000000000e+02 1.130084965625000049e-02
2.970000000000000000e+02 1.144365739062499360e-02
2.980000000000000000e+02 1.157885992968749923e-02
2.990000000000000000e+02 1.170605765625000461e-02
3.000000000000000000e+02 1.182474293750000391e-02
3.010000000000000000e+02 1.193451371874999778e-02
3.020000000000000000e+02 1.203504002343749879e-02
3.030000000000000000e+02 1.212591123437499821e-02
3.040000000000000000e+02 1.220678317890624455e-02
3.050000000000000000e+02 1.227729142656249807e-02
3.060000000000000000e+02 1.233727374999999717e-02
3.070000000000000000e+02 1.238631379687499777e-02
3.080000000000000000e+02 1.242420836250000132e-02
3.090000000000000000e+02 1.245074428281250402e-02
3.100000000000000000e+02 1.246574429687500110e-02
3.110000000000000000e+02 1.246909880468750724e-02
3.120000000000000000e+02 1.246058287500000430e-02
3.130000000000000000e+02 1.244019599218749647e-02
3.140000000000000000e+02 1.240787889843749173e-02
3.150000000000000000e+02 1.236356405468749808e-02
3.160000000000000000e+02 1.230721975781251185e-02
3.170000000000000000e+02 1.223904592187500390e-02
3.180000000000000000e+02 1.215896438281249652e-02
3.190000000000000000e+02 1.206718651562500508e-02
3.200000000000000000e+02 1.196381138281249652e-02
3.210000000000000000e+02 1.184900439062500609e-02
3.220000000000000000e+02 1.172303226562501112e-02
3.230000000000000000e+02 1.158617085937499978e-02
3.240000000000000000e+02 1.143858835937499804e-02
3.250000000000000000e+02 1.128065031249999954e-02
3.260000000000000000e+02 1.111272937499999461e-02
3.270000000000000000e+02 1.093525656249999881e-02
3.280000000000000000e+02 1.074856234374999865e-02
3.290000000000000000e+02 1.055306273437500025e-02
3.300000000000000000e+02 1.034933015625000285e-02
3.310000000000000000e+02 1.013777304687499790e-02
3.320000000000000000e+02 9.918989531250005376e-03
3.330000000000000000e+02 9.693450390625003854e-03
3.340000000000000000e+02 9.461788125000000424e-03
3.350000000000000000e+02 9.224628359374995382e-03
3.360000000000000000e+02 8.982519453125000636e-03
3.370000000000000000e+02 8.736126562499998277e-03
3.380000000000000000e+02 8.486084062499994404e-03
3.390000000000000000e+02 8.233097968750002077e-03
3.400000000000000000e+02 7.977784140625001144e-03
3.410000000000000000e+02 7.720844609375003727e-03
3.420000000000000000e+02 7.462886796875007125e-03
3.430000000000000000e+02 7.204623828124995071e-03
3.440000000000000000e+02 6.946733437499998109e-03
3.450000000000000000e+02 6.689820781249996955e-03
3.460000000000000000e+02 6.434541156249999269e-03
3.470000000000000000e+02 6.181555085937501075e-03
3.480000000000000000e+02 5.931380992187495343e-03
3.490000000000000000e+02 5.684671367187505743e-03
3.500000000000000000e+02 5.441936265625001677e-03
3.510000000000000000e+02 5.203743960937499101e-03
3.520000000000000000e+02 4.970606601562499276e-03
3.530000000000000000e+02 4.743011226562504103e-03
3.540000000000000000e+02 4.521457728125005161e-03
3.550000000000000000e+02 4.306349739843748879e-03
3.560000000000000000e+02 4.098202964062497809e-03
3.570000000000000000e+02 3.897362308593750515e-03
3.580000000000000000e+02 3.704331305468750932e-03
3.590000000000000000e+02 3.519424996874997644e-03
3.600000000000000000e+02 3.343124900000001443e-03
3.610000000000000000e+02 3.175750390624997813e-03
3.620000000000000000e+02 3.017722454687499483e-03
3.630000000000000000e+02 2.869388755468752286e-03
3.640000000000000000e+02 2.731129898281251574e-03
3.650000000000000000e+02 2.603243094531249024e-03
3.660000000000000000e+02 2.486107841406250216e-03
3.670000000000000000e+02 2.379976921874999308e-03
3.680000000000000000e+02 2.285154679687498736e-03
3.690000000000000000e+02 2.201918656250000713e-03
3.700000000000000000e+02 2.130411570312500807e-03
3.710000000000000000e+02 2.070886906250000905e-03
3.720000000000000000e+02 2.023426117187499765e-03
3.730000000000000000e+02 1.988146078125000490e-03
3.740000000000000000e+02 1.965124320312499999e-03
3.750000000000000000e+02 1.954349585937500099e-03
3.760000000000000000e+02 1.955808476562499818e-03
3.770000000000000000e+02 1.969479835937499885e-03
3.780000000000000000e+02 1.995264304687500555e-03
3.790000000000000000e+02 2.033066359375000284e-03
3.800000000000000000e+02 2.082780937500000162e-03
3.810000000000000000e+02 2.144296864843750396e-03
3.820000000000000000e+02 2.217479706249999519e-03
3.830000000000000000e+02 2.302202931250000445e-03
3.840000000000000000e+02 2.398358367265624770e-03
3.850000000000000000e+02 2.505825819531249440e-03
3.860000000000000000e+02 2.624507426953126381e-03
3.870000000000000000e+02 2.754293972890625806e-03
3.880000000000000000e+02 2.895089648437501606e-03
3.890000000000000000e+02 3.046806019531249875e-03
3.900000000000000000e+02 3.209326585937499234e-03
3.910000000000000000e+02 3.382545399999999092e-03
3.920000000000000000e+02 3.566332087500000483e-03
3.930000000000000000e+02 3.760544339062502246e-03
3.940000000000000000e+02 3.964984294531253076e-03
3.950000000000000000e+02 4.179492328124998456e-03
3.960000000000000000e+02 4.403782968750000540e-03
3.970000000000000000e+02 4.637602234375003130e-03
3.980000000000000000e+02 4.880689554687497010e-03
3.990000000000000000e+02 5.132661125000003571e-03
4.000000000000000000e+02 5.393127562500003337e-03
4.010000000000000000e+02 5.661686328125001971e-03
4.020000000000000000e+02 5.937891601562496693e-03
4.030000000000000000e+02 6.221290562499996214e-03
4.040000000000000000e+02 6.511332726562497550e-03
4.050000000000000000e+02 6.807477528906247938e-03
4.060000000000000000e+02 7.109085515625001260e-03
4.070000000000000000e+02 7.415718578124999225e-03
4.080000000000000000e+02 7.726599234375000104e-03
4.090000000000000000e+02 8.041140320312502657e-03
4.100000000000000000e+02 8.358600257812503001e-03
4.110000000000000000e+02 8.678321203124996983e-03
4.120000000000000000e+02 8.999533210937500638e-03
4.130000000000000000e+02 9.321544867187499944e-03
4.140000000000000000e+02 9.643505812499999705e-03
4.150000000000000000e+02 9.964731765625008814e-03
4.160000000000000000e+02 1.028435166406250524e-02
4.170000000000000000e+02 1.060158404687499938e-02
4.180000000000000000e+02 1.091554239062499619e-02
4.190000000000000000e+02 1.122546501562499306e-02
4.200000000000000000e+02 1.153051561718748848e-02
4.210000000000000000e+02 1.182969252343749750e-02
4.220000000000000000e+02 1.212215408593749974e-02
4.230000000000000000e+02 1.240704772656248990e-02
4.240000000000000000e+02 1.268326246875001000e-02
4.250000000000000000e+02 1.294985661718749820e-02
4.260000000000000000e+02 1.320560740624999140e-02
4.270000000000000000e+02 1.344952817968749111e-02
4.280000000000000000e+02 1.368028765625000157e-02
4.290000000000000000e+02 1.389650343749999906e-02
4.300000000000000000e+02 1.409693320312500019e-02
4.310000000000000000e+02 1.428003226562499575e-02
4.320000000000000000e+02 1.444444843749999492e-02
4.330000000000000000e+02 1.458874023437500660e-02
4.340000000000000000e+02 1.471140398437500475e-02
4.350000000000000000e+02 1.481103117187499915e-02
4.360000000000000000e+02 1.488651656249999865e-02
4.370000000000000000e+02 1.493669046874999441e-02
4.380000000000000000e+02 1.496069132812499758e-02
4.390000000000000000e+02 1.495786921874999592e-02
4.400000000000000000e+02 1.492786093750000237e-02
4.410000000000000000e+02 1.487064515625000603e-02
4.420000000000000000e+02 1.478646140625000313e-02
4.430000000000000000e+02 1.467591640624999264e-02
4.440000000000000000e+02 1.453992546875000104e-02
4.450000000000000000e+02 1.437977414062500264e-02
4.460000000000000000e+02 1.419703273437499837e-02
4.470000000000000000e+02 1.399350937499998712e-02
4.480000000000000000e+02 1.377131093749999965e-02
4.490000000000000000e+02 1.353281249999999450e-02
4.500000000000000000e+02 1.328049453124999571e-02
4.510000000000000000e+02 1.301707812500000651e-02
4.520000000000000000e+02 1.274534375000000233e-02
4.530000000000000000e+02 1.246833171875000486e-02
4.540000000000000000e+02 1.218899421874999715e-02
4.550000000000000000e+02 1.191055820312499763e-02
4.560000000000000000e+02 1.163623093750000559e-02
4.570000000000000000e+02 1.136924781249999857e-02
4.580000000000000000e+02 1.111297015625000405e-02
4.590000000000000000e+02 1.087083437500000090e-02
4.600000000000000000e+02 1.064613710937499340e-02
4.610000000000000000e+02 1.044235531249999849e-02
4.620000000000000000e+02 1.026278393749999358e-02
4.630000000000000000e+02 1.011067964843750076e-02
4.640000000000000000e+02 9.989173585937495201e-03
4.650000000000000000e+02 9.901084421875002914e-03
4.660000000000000000e+02 9.849023664062503056e-03
4.670000000000000000e+02 9.835210082031248593e-03
4.680000000000000000e+02 9.861325007812503027e-03
4.690000000000000000e+02 9.928467054687500903e-03
4.700000000000000000e+02 1.003707009375000292e-02
4.710000000000000000e+02 1.018693564062500730e-02
4.720000000000000000e+02 1.037681539062499693e-02
4.730000000000000000e+02 1.060471000000000157e-02
4.740000000000000000e+02 1.086747593750000095e-02
4.750000000000000000e+02 1.116110828124999670e-02
4.760000000000000000e+02 1.148044906249999497e-02
4.770000000000000000e+02 1.181943117187499691e-02
4.780000000000000000e+02 1.217091054687500194e-02
4.790000000000000000e+02 1.252686078124999429e-02
4.800000000000000000e+02 1.287841437499999929e-02
4.810000000000000000e+02 1.321620382812500015e-02
4.820000000000000000e+02 1.353011335937499664e-02
4.830000000000000000e+02 1.380971007812499887e-02
4.840000000000000000e+02 1.404465734374999407e-02
4.850000000000000000e+02 1.422431533593750998e-02
4.860000000000000000e+02 1.433870635156249927e-02
4.870000000000000000e+02 1.437833657812500124e-02
4.880000000000000000e+02 1.433477382812499770e-02
4.890000000000000000e+02 1.420069886718749660e-02
4.900000000000000000e+02 1.397051585156250039e-02
4.910000000000000000e+02 1.364072397656250664e-02
4.920000000000000000e+02 1.321011517968750069e-02
4.930000000000000000e+02 1.268043631249999269e-02
4.940000000000000000e+02 1.205649095312500384e-02
4.950000000000000000e+02 1.134685250781249620e-02
4.960000000000000000e+02 1.056422986718749332e-02
4.970000000000000000e+02 9.726088507812499437e-03
4.980000000000000000e+02 8.854873764374998277e-03
4.990000000000000000e+02 7.978986257812497457e-03
5.000000000000000000e+02 7.133186468749998579e-03
5.010000000000000000e+02 6.359845828124999385e-03
5.020000000000000000e+02 5.710078945312498794e-03
5.030000000000000000e+02 5.245285534062502260e-03
5.040000000000000000e+02 5.039610578125001787e-03
5.050000000000000000e+02 5.182966562499999492e-03
5.060000000000000000e+02 5.785669765624998524e-03
5.070000000000000000e+02 6.984172109375000673e-03
5.080000000000000000e+02 8.949604062499999860e-03
5.090000000000000000e+02 1.189885234374999864e-02
5.100000000000000000e+02 1.610950640625000846e-02
5.110000000000000000e+02 2.194039453125000774e-02
