0.000000000000000000e+00 1.714846765625000369e-03
1.000000000000000000e+00 1.712619351562499025e-03
2.000000000000000000e+00 1.708173640624999776e-03
3.000000000000000000e+00 1.701528882812500297e-03
4.000000000000000000e+00 1.692707882812499428e-03
5.000000000000000000e+00 1.681734679687499475e-03
6.000000000000000000e+00 1.668652960937500214e-03
7.000000000000000000e+00 1.653506078124999208e-03
8.000000000000000000e+00 1.636353453124999874e-03
9.000000000000000000e+00 1.617242750000000111e-03
1.000000000000000000e+01 1.596248226562499645e-03
1.100000000000000000e+01 1.573447898437499697e-03
1.200000000000000000e+01 1.548911687500000326e-03
1.300000000000000000e+01 1.522732351562499763e-03
1.400000000000000000e+01 1.494987031249999905e-03
1.500000000000000000e+01 1.465787296875000574e-03
1.600000000000000000e+01 1.435225171874999952e-03
1.700000000000000000e+01 1.403407765625000860e-03
1.800000000000000000e+01 1.370441460937499778e-03
1.900000000000000000e+01 1.336435867187500161e-03
2.000000000000000000e+01 1.301524356250000720e-03
2.100000000000000000e+01 1.265801337499999728e-03
2.200000000000000000e+01 1.229403643750000144e-03
2.300000000000000000e+01 1.192445591406250021e-03
2.400000000000000000e+01 1.155059923437500458e-03
2.500000000000000000e+01 1.117364032812500794e-03
2.600000000000000000e+01 1.079481525781249892e-03
2.700000000000000000e+01 1.041546253124998574e-03
2.800000000000000000e+01 1.003673800781249969e-03
2.900000000000000000e+01 9.660001232031250641e-04
3.000000000000000000e+01 9.286406857031251393e-04
3.100000000000000000e+01 8.917189307812498208e-04
3.200000000000000000e+01 8.553514593749998078e-04
3.300000000000000000e+01 8.196620609374999193e-04
3.400000000000000000e+01 7.847625281249997250e-04
3.500000000000000000e+01 7.507590765624999780e-04
3.600000000000000000e+01 7.177603687500001654e-04
3.700000000000000000e+01 6.858800312499998067e-04
3.800000000000000000e+01 6.552086406250002106e-04
3.900000000000000000e+01 6.258407109374998544e-04
4.000000000000000000e+01 5.978707820312498906e-04
4.100000000000000000e+01 5.713859820312498219e-04
4.200000000000000000e+01 5.464621392187501894e-04
4.300000000000000000e+01 5.231754750781249155e-04
4.400000000000000000e+01 5.016054874999999148e-04
4.500000000000000000e+01 4.818012890624998653e-04
4.600000000000000000e+01 4.638325624999999888e-04
4.700000000000000000e+01 4.477468593749999869e-04
4.800000000000000000e+01 4.335938906249999316e-04
4.900000000000000000e+01 4.214106093750000508e-04
5.000000000000000000e+01 4.112378515625000463e-04
5.100000000000000000e+01 4.030984531249997703e-04
5.200000000000000000e+01 3.970195078124998697e-04
5.300000000000000000e+01 3.930160312499999761e-04
5.400000000000000000e+01 3.911038828124998733e-04
5.500000000000000000e+01 3.912835078125002485e-04
5.600000000000000000e+01 3.935552890624998703e-04
5.700000000000000000e+01 3.979174453125001640e-04
5.800000000000000000e+01 4.043572265624999261e-04
5.900000000000000000e+01 4.128575179687497950e-04
6.000000000000000000e+01 4.234003226562499085e-04
6.100000000000000000e+01 4.359566499999998810e-04
6.200000000000000000e+01 4.505005218750000287e-04
6.300000000000000000e+01 4.669937687499999836e-04
6.400000000000000000e+01 4.854011010937499585e-04
6.500000000000000000e+01 5.056735656250000658e-04
6.600000000000000000e+01 5.277720351562499015e-04
6.700000000000000000e+01 5.516422656249997261e-04
6.800000000000000000e+01 5.772329523437498729e-04
6.900000000000000000e+01 6.044922812499995118e-04
7.000000000000000000e+01 6.333571093750000247e-04
7.100000000000000000e+01 6.637644375000001590e-04
7.200000000000000000e+01 6.956575671874996826e-04
7.300000000000000000e+01 7.289732078125001199e-04
7.400000000000000000e+01 7.636386984375002950e-04
7.500000000000000000e+01 7.995889679687499156e-04
7.600000000000000000e+01 8.367563324999997788e-04
7.700000000000000000e+01 8.750701773437500729e-04
7.800000000000000000e+01 9.144581843749994719e-04
7.900000000000000000e+01 9.548531109374998284e-04
8.000000000000000000e+01 9.961855789062503200e-04
8.100000000000000000e+01 1.038381582812499763e-03
8.200000000000000000e+01 1.081366624218750528e-03
8.300000000000000000e+01 1.125075983593749754e-03
8.400000000000000000e+01 1.169435593749999823e-03
8.500000000000000000e+01 1.214382960937500106e-03
8.600000000000000000e+01 1.259838195312500434e-03
8.700000000000000000e+01 1.305740812499999685e-03
8.800000000000000000e+01 1.352020898437500613e-03
8.900000000000000000e+01 1.398613648437499598e-03
9.000000000000000000e+01 1.445445289062500778e-03
9.100000000000000000e+01 1.492469242187499396e-03
9.200000000000000000e+01 1.539604640624999852e-03
9.300000000000000000e+01 1.586805171874999853e-03
9.400000000000000000e+01 1.634003749999999580e-03
9.500000000000000000e+01 1.681140640625000118e-03
9.600000000000000000e+01 1.728158164062499735e-03
9.700000000000000000e+01 1.775002125000000501e-03
9.800000000000000000e+01 1.821619656249999887e-03
9.900000000000000000e+01 1.867946101562501567e-03
1.000000000000000000e+02 1.913946757812500388e-03
1.010000000000000000e+02 1.959560664062500682e-03
1.020000000000000000e+02 2.004744320312500626e-03
1.030000000000000000e+02 2.049440812499999601e-03
1.040000000000000000e+02 2.093610632812499105e-03
1.050000000000000000e+02 2.137199195312499463e-03
1.060000000000000000e+02 2.180173421875000739e-03
1.070000000000000000e+02 2.222486164062499343e-03
1.080000000000000000e+02 2.264091046875001036e-03
1.090000000000000000e+02 2.304956406250000152e-03
1.100000000000000000e+02 2.345033234375000584e-03
1.110000000000000000e+02 2.384281257812499895e-03
1.120000000000000000e+02 2.422677562499999954e-03
1.130000000000000000e+02 2.460170460937500213e-03
1.140000000000000000e+02 2.496731960937500442e-03
1.150000000000000000e+02 2.532327734374998328e-03
1.160000000000000000e+02 2.566927976562499800e-03
1.170000000000000000e+02 2.600487312499997952e-03
1.180000000000000000e+02 2.632992312500000067e-03
1.190000000000000000e+02 2.664407242187503272e-03
1.200000000000000000e+02 2.694703468750001604e-03
1.210000000000000000e+02 2.723850656249999971e-03
1.220000000000000000e+02 2.751841343750000349e-03
1.230000000000000000e+02 2.778637968749999958e-03
1.240000000000000000e+02 2.804220945312500216e-03
1.250000000000000000e+02 2.828575250000000575e-03
1.260000000000000000e+02 2.851663531250000095e-03
1.270000000000000000e+02 2.873504109375003227e-03
1.280000000000000000e+02 2.894077640624999771e-03
1.290000000000000000e+02 2.913345054687501833e-03
1.300000000000000000e+02 2.931341250000000804e-03
1.310000000000000000e+02 2.948033429687498767e-03
1.320000000000000000e+02 2.963430492187499061e-03
1.330000000000000000e+02 2.977515671875000103e-03
1.340000000000000000e+02 2.990331335937501927e-03
1.350000000000000000e+02 3.001845304687501739e-03
1.360000000000000000e+02 3.012097953124997802e-03
1.370000000000000000e+02 3.021071756250000729e-03
1.380000000000000000e+02 3.028825202343750876e-03
1.390000000000000000e+02 3.035369351562497431e-03
1.400000000000000000e+02 3.040708098437499510e-03
1.410000000000000000e+02 3.044882186718751195e-03
1.420000000000000000e+02 3.047938867187497194e-03
1.430000000000000000e+02 3.049915372031248087e-03
1.440000000000000000e+02 3.050865707812500278e-03
1.450000000000000000e+02 3.050786953125001009e-03
1.460000000000000000e+02 3.049777279687498465e-03
1.470000000000000000e+02 3.047895093515625917e-03
1.480000000000000000e+02 3.045157415625000287e-03
1.490000000000000000e+02 3.041652061718750494e-03
1.500000000000000000e+02 3.037489057109373641e-03
1.510000000000000000e+02 3.032641046015624887e-03
1.520000000000000000e+02 3.027282040624999521e-03
1.530000000000000000e+02 3.021430356250000282e-03
1.540000000000000000e+02 3.015170189843749404e-03
1.550000000000000000e+02 3.008582235937499669e-03
1.560000000000000000e+02 3.001770205468749612e-03
1.570000000000000000e+02 2.994827520312500803e-03
1.580000000000000000e+02 2.987789483593748623e-03
1.590000000000000000e+02 2.980807132812499961e-03
1.600000000000000000e+02 2.973925328124999486e-03
1.610000000000000000e+02 2.967240273437501269e-03
1.620000000000000000e+02 2.960849757812499591e-03
1.630000000000000000e+02 2.954825304687500390e-03
1.640000000000000000e+02 2.949258953125000540e-03
1.650000000000000000e+02 2.944242054687501615e-03
1.660000000000000000e+02 2.939860304687501227e-03
1.670000000000000000e+02 2.936148515624999265e-03
1.680000000000000000e+02 2.933220781249998993e-03
1.690000000000000000e+02 2.931141929687500116e-03
1.700000000000000000e+02 2.929943742187500651e-03
1.710000000000000000e+02 2.929708773437498127e-03
1.720000000000000000e+02 2.930466921874998708e-03
1.730000000000000000e+02 2.932307593750000871e-03
1.740000000000000000e+02 2.935223507812500642e-03
1.750000000000000000e+02 2.939262304687502003e-03
1.760000000000000000e+02 2.944457335937498890e-03
1.770000000000000000e+02 2.950795476562502549e-03
1.780000000000000000e+02 2.958310867187499780e-03
1.790000000000000000e+02 2.966989179687498993e-03
1.800000000000000000e+02 2.976809062499999499e-03
1.810000000000000000e+02 2.987764742187497616e-03
1.820000000000000000e+02 2.999824882812497911e-03
1.830000000000000000e+02 3.012940234375000720e-03
1.840000000000000000e+02 3.027077085937498850e-03
1.850000000000000000e+02 3.042171085937500803e-03
1.860000000000000000e+02 3.058164273437499140e-03
1.870000000000000000e+02 3.074983523437498957e-03
1.880000000000000000e+02 3.092543796874999262e-03
1.890000000000000000e+02 3.110765093749998794e-03
1.900000000000000000e+02 3.129554367187500994e-03
1.910000000000000000e+02 3.148806273437498859e-03
1.920000000000000000e+02 3.168419968749999066e-03
1.930000000000000000e+02 3.188285406250000124e-03
1.940000000000000000e+02 3.208290820312500145e-03
1.950000000000000000e+02 3.228321262499998876e-03
1.960000000000000000e+02 3.248265842187499173e-03
1.970000000000000000e+02 3.267999834374999378e-03
1.980000000000000000e+02 3.287409351562499849e-03
1.990000000000000000e+02 3.306377734374997979e-03
2.000000000000000000e+02 3.324793234375000243e-03
2.010000000000000000e+02 3.342549717187499273e-03
2.020000000000000000e+02 3.359544011718750001e-03
2.030000000000000000e+02 3.375671915312500933e-03
2.040000000000000000e+02 3.390845927343750805e-03
2.050000000000000000e+02 3.404983429687501173e-03
2.060000000000000000e+02 3.418022289062500225e-03
2.070000000000000000e+02 3.429875531249999051e-03
2.080000000000000000e+02 3.440512952343750906e-03
2.090000000000000000e+02 3.449896839062500942e-03
2.100000000000000000e+02 3.457978605273438581e-03
2.110000000000000000e+02 3.464796242968751477e-03
2.120000000000000000e+02 3.470311570312499278e-03
2.130000000000000000e+02 3.474564359375001410e-03
2.140000000000000000e+02 3.477574945312499922e-03
2.150000000000000000e+02 3.479422007812500890e-03
2.160000000000000000e+02 3.480149265625000817e-03
2.170000000000000000e+02 3.479877371875000121e-03
2.180000000000000000e+02 3.478679027499999819e-03
2.190000000000000000e+02 3.476700098437501309e-03
2.200000000000000000e+02 3.474086391406250220e-03
2.210000000000000000e+02 3.470988085937499676e-03
2.220000000000000000e+02 3.467589289062501020e-03
2.230000000000000000e+02 3.464089632812499073e-03
2.240000000000000000e+02 3.460684664062501064e-03
2.250000000000000000e+02 3.457612833593749681e-03
2.260000000000000000e+02 3.455121164062498629e-03
2.270000000000000000e+02 3.453464242187498628e-03
2.280000000000000000e+02 3.452911164062499611e-03
2.290000000000000000e+02 3.453745140625000612e-03
2.300000000000000000e+02 3.456263554687500142e-03
2.310000000000000000e+02 3.460773742187500581e-03
2.320000000000000000e+02 3.467585117187500180e-03
2.330000000000000000e+02 3.477020203124998963e-03
2.340000000000000000e+02 3.489404125000001439e-03
2.350000000000000000e+02 3.505065203125000244e-03
2.360000000000000000e+02 3.524334539062500861e-03
2.370000000000000000e+02 3.547549703125001466e-03
2.380000000000000000e+02 3.575038703125001365e-03
2.390000000000000000e+02 3.607126632812501180e-03
2.400000000000000000e+02 3.644132320312500062e-03
2.410000000000000000e+02 3.686372879687499753e-03
2.420000000000000000e+02 3.734145457812498327e-03
2.430000000000000000e+02 3.787744578124999269e-03
2.440000000000000000e+02 3.847450945312501109e-03
2.450000000000000000e+02 3.913514890624998979e-03
2.460000000000000000e+02 3.986193601562501056e-03
2.470000000000000000e+02 4.065705156250001839e-03
2.480000000000000000e+02 4.152237062499997827e-03
2.490000000000000000e+02 4.245994765625000361e-03
2.500000000000000000e+02 4.347106093750001572e-03
2.510000000000000000e+02 4.455710781250000335e-03
2.520000000000000000e+02 4.571889765625001753e-03
2.530000000000000000e+02 4.695712343750001010e-03
2.540000000000000000e+02 4.827245625000000512e-03
2.550000000000000000e+02 4.966460546875003414e-03
2.560000000000000000e+02 5.113324453125003485e-03
2.570000000000000000e+02 5.267791328124999360e-03
2.580000000000000000e+02 5.429765156250002112e-03
2.590000000000000000e+02 5.599089999999996674e-03
2.600000000000000000e+02 5.775616796875001659e-03
2.610000000000000000e+02 5.959133906250003998e-03
2.620000000000000000e+02 6.149401171874999128e-03
2.630000000000000000e+02 6.346120703125000297e-03
2.640000000000000000e+02 6.549049921874998577e-03
2.650000000000000000e+02 6.757771718749997110e-03
2.660000000000000000e+02 6.971955312500001736e-03
2.670000000000000000e+02 7.191182421874997566e-03
2.680000000000000000e+02 7.414961874999998100e-03
2.690000000000000000e+02 7.642907812499996102e-03
2.700000000000000000e+02 7.874476796875003529e-03
2.710000000000000000e+02 8.109185703125000588e-03
2.720000000000000000e+02 8.346438359375006610e-03
2.730000000000000000e+02 8.585676484375000597e-03
2.740000000000000000e+02 8.826323750000003576e-03
2.750000000000000000e+02 9.067734609374997548e-03
2.760000000000000000e+02 9.309324531249996149e-03
2.770000000000000000e+02 9.550400859374997067e-03
2.780000000000000000e+02 9.790343203124995952e-03
2.790000000000000000e+02 1.002844226562499969e-02
2.800000000000000000e+02 1.026408835937499264e-02
2.810000000000000000e+02 1.049655687500000538e-02
2.820000000000000000e+02 1.072516093749999178e-02
2.830000000000000000e+02 1.094922570312499739e-02
2.840000000000000000e+02 1.116809960937500262e-02
2.850000000000000000e+02 1.138102335937499557e-02
2.860000000000000000e+02 1.158743226562499416e-02
2.870000000000000000e+02 1.178657484374999627e-02
2.880000000000000000e+02 1.197789554687499550e-02
2.890000000000000000e+02 1.216069070312499924e-02
2.900000000000000000e+02 1.233430375000000440e-02
2.910000000000000000e+02 1.249826304687499945e-02
2.920000000000000000e+02 1.265192648437500449e-02
2.930000000000000000e+02 1.279477749999999824e-02
2.940000000000000000e+02 1.292624382812499612e-02
2.950000000000000000e+02 1.304592703124999621e-02
2.960000000000000000e+02 1.315327804687500129e-02
2.970000000000000000e+02 1.324791562499999520e-02
2.980000000000000000e+02 1.332949031250000270e-02
2.990000000000000000e+02 1.339754398437500299e-02
3.000000000000000000e+02 1.345192726562500184e-02
3.010000000000000000e+02 1.349224343750000769e-02
3.020000000000000000e+02 1.351831398437500047e-02
3.030000000000000000e+02 1.352991929687499817e-02
3.040000000000000000e+02 1.352696382812500382e-02
3.050000000000000000e+02 1.350933148437500134e-02
3.060000000000000000e+02 1.347700812499999512e-02
3.070000000000000000e+02 1.343000367187500294e-02
3.080000000000000000e+02 1.336830710937499805e-02
3.090000000000000000e+02 1.329204718750000118e-02
3.100000000000000000e+02 1.320134234375000375e-02
3.110000000000000000e+02 1.309641164062500147e-02
3.120000000000000000e+02 1.297740585937499913e-02
3.130000000000000000e+02 1.284468156250000506e-02
3.140000000000000000e+02 1.269846476562500742e-02
3.150000000000000000e+02 1.253919117187499675e-02
3.160000000000000000e+02 1.236722374999999798e-02
3.170000000000000000e+02 1.218297304687500360e-02
3.180000000000000000e+02 1.198687953124999428e-02
3.190000000000000000e+02 1.177953500000001111e-02
3.200000000000000000e+02 1.156141343749999932e-02
3.210000000000000000e+02 1.133314343750000189e-02
3.220000000000000000e+02 1.109522593749999453e-02
3.230000000000000000e+02 1.084839937499999449e-02
3.240000000000000000e+02 1.059322640624999964e-02
3.250000000000000000e+02 1.033043937499999836e-02
3.260000000000000000e+02 1.006074511718750564e-02
3.270000000000000000e+02 9.784837343750001776e-03
3.280000000000000000e+02 9.503519929687500797e-03
3.290000000000000000e+02 9.217477007812495404e-03
3.300000000000000000e+02 8.927544875000005542e-03
3.310000000000000000e+02 8.634460390624995943e-03
3.320000000000000000e+02 8.339063992187499552e-03
3.330000000000000000e+02 8.042171062500000703e-03
3.340000000000000000e+02 7.744511617968750754e-03
3.350000000000000000e+02 7.446955333593750608e-03
3.360000000000000000e+02 7.150288234375003216e-03
3.370000000000000000e+02 6.855263455468748116e-03
3.380000000000000000e+02 6.562709089843749531e-03
3.390000000000000000e+02 6.273349101562502445e-03
3.400000000000000000e+02 5.987945445312501010e-03
3.410000000000000000e+02 5.707210460937500729e-03
3.420000000000000000e+02 5.431767484374997249e-03
3.430000000000000000e+02 5.162327968749998164e-03
3.440000000000000000e+02 4.899497304687496640e-03
3.450000000000000000e+02 4.643810984374996398e-03
3.460000000000000000e+02 4.395868851562501761e-03
3.470000000000000000e+02 4.156095000000000275e-03
3.480000000000000000e+02 3.925015687499999219e-03
3.490000000000000000e+02 3.703005328125000360e-03
3.500000000000000000e+02 3.490478281250001570e-03
3.510000000000000000e+02 3.287730734375000040e-03
3.520000000000000000e+02 3.095085352343748385e-03
3.530000000000000000e+02 2.912805570312500866e-03
3.540000000000000000e+02 2.741126773437498488e-03
3.550000000000000000e+02 2.580226218750000019e-03
3.560000000000000000e+02 2.430318375000000992e-03
3.570000000000000000e+02 2.291511382812499997e-03
3.580000000000000000e+02 2.163906632812500914e-03
3.590000000000000000e+02 2.047591226562501046e-03
3.600000000000000000e+02 1.942612832031250349e-03
3.610000000000000000e+02 1.848978088281250402e-03
3.620000000000000000e+02 1.766678398437500266e-03
3.630000000000000000e+02 1.695664434374999016e-03
3.640000000000000000e+02 1.635855031250000279e-03
3.650000000000000000e+02 1.587149460937499913e-03
3.660000000000000000e+02 1.549417647265625194e-03
3.670000000000000000e+02 1.522487539062500035e-03
3.680000000000000000e+02 1.506167070312500493e-03
3.690000000000000000e+02 1.500263796874999524e-03
3.700000000000000000e+02 1.504544882812499122e-03
3.710000000000000000e+02 1.518765710937499888e-03
3.720000000000000000e+02 1.542664140624999940e-03
3.730000000000000000e+02 1.575983203125000311e-03
3.740000000000000000e+02 1.618431562500000608e-03
3.750000000000000000e+02 1.669717031250001317e-03
3.760000000000000000e+02 1.729541953124999953e-03
3.770000000000000000e+02 1.797596171875000606e-03
3.780000000000000000e+02 1.873539843750000660e-03
3.790000000000000000e+02 1.957035078124998856e-03
3.800000000000000000e+02 2.047721242187500266e-03
3.810000000000000000e+02 2.145214726562500590e-03
3.820000000000000000e+02 2.249129078125001145e-03
3.830000000000000000e+02 2.359038890625001633e-03
3.840000000000000000e+02 2.474528953125001811e-03
3.850000000000000000e+02 2.595171750000001623e-03
3.860000000000000000e+02 2.720535257812499701e-03
3.870000000000000000e+02 2.850209312499998784e-03
3.880000000000000000e+02 2.983789687499998917e-03
3.890000000000000000e+02 3.120916953124999987e-03
3.900000000000000000e+02 3.261263046875000765e-03
3.910000000000000000e+02 3.404558984375001453e-03
3.920000000000000000e+02 3.550583359375000195e-03
3.930000000000000000e+02 3.699177109374998749e-03
3.940000000000000000e+02 3.850287968750000771e-03
3.950000000000000000e+02 4.003843437499999755e-03
3.960000000000000000e+02 4.159944609375001469e-03
3.970000000000000000e+02 4.318682343750002324e-03
3.980000000000000000e+02 4.480139375000001707e-03
3.990000000000000000e+02 4.644590546874999802e-03
4.000000000000000000e+02 4.812195078125003009e-03
4.010000000000000000e+02 4.983217812499996825e-03
4.020000000000000000e+02 5.157855390625001347e-03
4.030000000000000000e+02 5.336296249999999790e-03
4.040000000000000000e+02 5.518771796874998720e-03
4.050000000000000000e+02 5.705395859374995902e-03
4.060000000000000000e+02 5.896287500000000660e-03
4.070000000000000000e+02 6.091517031250004606e-03
4.080000000000000000e+02 6.291067656250003137e-03
4.090000000000000000e+02 6.494980624999996226e-03
4.100000000000000000e+02 6.703125468750004839e-03
4.110000000000000000e+02 6.915356640624995867e-03
4.120000000000000000e+02 7.131604140625004418e-03
4.130000000000000000e+02 7.351607734374999634e-03
4.140000000000000000e+02 7.575191406249998267e-03
4.150000000000000000e+02 7.802025000000001494e-03
4.160000000000000000e+02 8.031861015624997338e-03
4.170000000000000000e+02 8.264296953124998166e-03
4.180000000000000000e+02 8.498937187499994508e-03
4.190000000000000000e+02 8.735260937499997672e-03
4.200000000000000000e+02 8.972749218749999367e-03
4.210000000000000000e+02 9.210611718749997512e-03
4.220000000000000000e+02 9.448153906249992517e-03
4.230000000000000000e+02 9.684453125000002521e-03
4.240000000000000000e+02 9.918426562499992050e-03
4.250000000000000000e+02 1.014898125000000123e-02
4.260000000000000000e+02 1.037494218750000322e-02
4.270000000000000000e+02 1.059490781249999673e-02
4.280000000000000000e+02 1.080762499999999258e-02
4.290000000000000000e+02 1.101166718750000613e-02
4.300000000000000000e+02 1.120581406249999100e-02
4.310000000000000000e+02 1.138878359374999837e-02
4.320000000000000000e+02 1.155937500000000021e-02
4.330000000000000000e+02 1.171664765624999723e-02
4.340000000000000000e+02 1.185975812500000316e-02
4.350000000000000000e+02 1.198805523437499257e-02
4.360000000000000000e+02 1.210110492187499789e-02
4.370000000000000000e+02 1.219867382812500275e-02
4.380000000000000000e+02 1.228065585937499794e-02
4.390000000000000000e+02 1.234718718750000069e-02
4.400000000000000000e+02 1.239853007812500955e-02
4.410000000000000000e+02 1.243517015625000485e-02
4.420000000000000000e+02 1.245756648437499475e-02
4.430000000000000000e+02 1.246635898437500369e-02
4.440000000000000000e+02 1.246233718749999511e-02
4.450000000000000000e+02 1.244614101562500214e-02
4.460000000000000000e+02 1.241864125000000270e-02
4.470000000000000000e+02 1.238062296874999427e-02
4.480000000000000000e+02 1.233305382812499920e-02
4.490000000000000000e+02 1.227681976562499874e-02
4.500000000000000000e+02 1.221292046875000099e-02
4.510000000000000000e+02 1.214243749999999351e-02
4.520000000000000000e+02 1.206653007812499498e-02
4.530000000000000000e+02 1.198648532031250553e-02
4.540000000000000000e+02 1.190372947656250478e-02
4.550000000000000000e+02 1.181979845312499007e-02
4.560000000000000000e+02 1.173643464843749859e-02
4.570000000000000000e+02 1.165556242187499973e-02
4.580000000000000000e+02 1.157914006796875034e-02
4.590000000000000000e+02 1.150939206171874840e-02
4.600000000000000000e+02 1.144847664062499659e-02
4.610000000000000000e+02 1.139874444531249753e-02
4.620000000000000000e+02 1.136233742187500034e-02
4.630000000000000000e+02 1.134147629687499818e-02
4.640000000000000000e+02 1.133814678125000426e-02
4.650000000000000000e+02 1.135407032812500196e-02
4.660000000000000000e+02 1.139049242187500227e-02
4.670000000000000000e+02 1.144848078125000439e-02
4.680000000000000000e+02 1.152844028906249534e-02
4.690000000000000000e+02 1.163010958593749776e-02
4.700000000000000000e+02 1.175293328124999565e-02
4.710000000000000000e+02 1.189527560156250496e-02
4.720000000000000000e+02 1.205526438281250175e-02
4.730000000000000000e+02 1.223033367187500477e-02
4.740000000000000000e+02 1.241713460156250101e-02
4.750000000000000000e+02 1.261195589062500018e-02
4.760000000000000000e+02 1.281051885156249404e-02
4.770000000000000000e+02 1.300802836718749529e-02
4.780000000000000000e+02 1.319923267187499312e-02
4.790000000000000000e+02 1.337849921875000105e-02
4.800000000000000000e+02 1.353971803125000178e-02
4.810000000000000000e+02 1.367639927812499753e-02
4.820000000000000000e+02 1.378182202500000120e-02
4.830000000000000000e+02 1.384900596874999619e-02
4.840000000000000000e+02 1.387076108593749899e-02
4.850000000000000000e+02 1.384001405468749703e-02
4.860000000000000000e+02 1.375004819843749816e-02
4.870000000000000000e+02 1.359455549218749858e-02
4.880000000000000000e+02 1.336814192187499827e-02
4.890000000000000000e+02 1.306675742812499728e-02
4.900000000000000000e+02 1.268796554687499738e-02
4.910000000000000000e+02 1.223132745234375117e-02
4.920000000000000000e+02 1.169896571093750719e-02
4.930000000000000000e+02 1.109583320438281215e-02
4.940000000000000000e+02 1.042997086718749911e-02
4.950000000000000000e+02 9.712890960937498042e-03
4.960000000000000000e+02 8.959479031249996742e-03
4.970000000000000000e+02 8.188372960937500764e-03
4.980000000000000000e+02 7.421861734374998396e-03
4.990000000000000000e+02 6.685922257812499173e-03
5.000000000000000000e+02 6.010294921875001042e-03
5.010000000000000000e+02 5.428650468750001630e-03
5.020000000000000000e+02 4.979037656249997446e-03
5.030000000000000000e+02 4.704844453124998153e-03
5.040000000000000000e+02 4.656378906250001337e-03
5.050000000000000000e+02 4.893874028124998304e-03
5.060000000000000000e+02 5.491997250000000934e-03
5.070000000000000000e+02 6.546912415625000779e-03
5.080000000000000000e+02 8.186965585937500817e-03
5.090000000000000000e+02 1.058749145312499508e-02
5.100000000000000000e+02 1.399243302343749877e-02
5.110000000000000000e+02 1.874378437499999231e-02
