0.000000000000000000e+00 1.741564101562499429e-03
1.000000000000000000e+00 1.739322843749999516e-03
2.000000000000000000e+00 1.734845367187500074e-03
3.000000000000000000e+00 1.728157281250000199e-03
4.000000000000000000e+00 1.719269695312499900e-03
5.000000000000000000e+00 1.708223382812499615e-03
6.000000000000000000e+00 1.695034648437499436e-03
7.000000000000000000e+00 1.679770874999999891e-03
8.000000000000000000e+00 1.662473874999999789e-03
9.000000000000000000e+00 1.643192140624999843e-03
1.000000000000000000e+01 1.622002882812500395e-03
1.100000000000000000e+01 1.598971406249999816e-03
1.200000000000000000e+01 1.574171976562499997e-03
1.300000000000000000e+01 1.547688898437500149e-03
1.400000000000000000e+01 1.519611406250000575e-03
1.500000000000000000e+01 1.490025203125001051e-03
1.600000000000000000e+01 1.459036312499999545e-03
1.700000000000000000e+01 1.426739343749999604e-03
1.800000000000000000e+01 1.393238812500000208e-03
1.900000000000000000e+01 1.358646359375000924e-03
2.000000000000000000e+01 1.323075546875000525e-03
2.100000000000000000e+01 1.286640921093749369e-03
2.200000000000000000e+01 1.249458178906250223e-03
2.300000000000000000e+01 1.211642250000000707e-03
2.400000000000000000e+01 1.173324393749999731e-03
2.500000000000000000e+01 1.134619489062499821e-03
2.600000000000000000e+01 1.095652110468750160e-03
2.700000000000000000e+01 1.056543824586718633e-03
2.800000000000000000e+01 1.017423740937499661e-03
2.900000000000000000e+01 9.783993078125001203e-04
3.000000000000000000e+01 9.396071906250003406e-04
3.100000000000000000e+01 9.011628671875000340e-04
3.200000000000000000e+01 8.631863703124995763e-04
3.300000000000000000e+01 8.257845867187495192e-04
3.400000000000000000e+01 7.890820804687498054e-04
3.500000000000000000e+01 7.531852960937498532e-04
3.600000000000000000e+01 7.182050234374998511e-04
3.700000000000000000e+01 6.842415859375000544e-04
3.800000000000000000e+01 6.514011562500000461e-04
3.900000000000000000e+01 6.197755937499997226e-04
4.000000000000000000e+01 5.894619296875004862e-04
4.100000000000000000e+01 5.605411328125001593e-04
4.200000000000000000e+01 5.331077265625000549e-04
4.300000000000000000e+01 5.072311234374998279e-04
4.400000000000000000e+01 4.829921992187499085e-04
4.500000000000000000e+01 4.604537290046876075e-04
4.600000000000000000e+01 4.396814601562499983e-04
4.700000000000000000e+01 4.207323773437499385e-04
4.800000000000000000e+01 4.036584765624997933e-04
4.900000000000000000e+01 3.885064062500000540e-04
5.000000000000000000e+01 3.753170000000000117e-04
5.100000000000000000e+01 3.641268046874999997e-04
5.200000000000000000e+01 3.549663671874997146e-04
5.300000000000000000e+01 3.478566015624999118e-04
5.400000000000000000e+01 3.428187343750002062e-04
5.500000000000000000e+01 3.398661640624998340e-04
5.600000000000000000e+01 3.390036484375000313e-04
5.700000000000000000e+01 3.402379843749999853e-04
5.800000000000000000e+01 3.435648125000001474e-04
5.900000000000000000e+01 3.489726093750000779e-04
6.000000000000000000e+01 3.564550843749999761e-04
6.100000000000000000e+01 3.659909351562499742e-04
6.200000000000000000e+01 3.775602265625003519e-04
6.300000000000000000e+01 3.911363625781251745e-04
6.400000000000000000e+01 4.066878458593749246e-04
6.500000000000000000e+01 4.241807632812502919e-04
6.600000000000000000e+01 4.435770289062501812e-04
6.700000000000000000e+01 4.648354039062501113e-04
6.800000000000000000e+01 4.879114531249997594e-04
6.900000000000000000e+01 5.127595703125002432e-04
7.000000000000000000e+01 5.393223281249998925e-04
7.100000000000000000e+01 5.675506382812495762e-04
7.200000000000000000e+01 5.973897929687495105e-04
7.300000000000000000e+01 6.287821359375002275e-04
7.400000000000000000e+01 6.616631406249997606e-04
7.500000000000000000e+01 6.959808304687498809e-04
7.600000000000000000e+01 7.316583900000002243e-04
7.700000000000000000e+01 7.686437770312499508e-04
7.800000000000000000e+01 8.068633476562505789e-04
7.900000000000000000e+01 8.462604359375001202e-04
8.000000000000000000e+01 8.867597250000003404e-04
8.100000000000000000e+01 9.282982109375003581e-04
8.200000000000000000e+01 9.708034375000001038e-04
8.300000000000000000e+01 1.014210320312499813e-03
8.400000000000000000e+01 1.058455101562500410e-03
8.500000000000000000e+01 1.103468796874999824e-03
8.600000000000000000e+01 1.149174765625000016e-03
8.700000000000000000e+01 1.195521578125000300e-03
8.800000000000000000e+01 1.242435374999999653e-03
8.900000000000000000e+01 1.289841078124999863e-03
9.000000000000000000e+01 1.337691898437499754e-03
9.100000000000000000e+01 1.385907414062499806e-03
9.200000000000000000e+01 1.434428476562500145e-03
9.300000000000000000e+01 1.483198437500000445e-03
9.400000000000000000e+01 1.532147757812500448e-03
9.500000000000000000e+01 1.581218578124999382e-03
9.600000000000000000e+01 1.630346304687501106e-03
9.700000000000000000e+01 1.679485312499999277e-03
9.800000000000000000e+01 1.728563562500000806e-03
9.900000000000000000e+01 1.777528039062499119e-03
1.000000000000000000e+02 1.826326632812499745e-03
1.010000000000000000e+02 1.874898617187499518e-03
1.020000000000000000e+02 1.923194007812499594e-03
1.030000000000000000e+02 1.971160335937500487e-03
1.040000000000000000e+02 2.018739359375000542e-03
1.050000000000000000e+02 2.065893679687499929e-03
1.060000000000000000e+02 2.112555234375000646e-03
1.070000000000000000e+02 2.158690117187500156e-03
1.080000000000000000e+02 2.204239187499999232e-03
1.090000000000000000e+02 2.249165101562499314e-03
1.100000000000000000e+02 2.293413726562498756e-03
1.110000000000000000e+02 2.336946343749999287e-03
1.120000000000000000e+02 2.379711859374999613e-03
1.130000000000000000e+02 2.421674007812499741e-03
1.140000000000000000e+02 2.462786375000000031e-03
1.150000000000000000e+02 2.503005499999997989e-03
1.160000000000000000e+02 2.542295156249999889e-03
1.170000000000000000e+02 2.580612906250001615e-03
1.180000000000000000e+02 2.617929156249998793e-03
1.190000000000000000e+02 2.654194312499999313e-03
1.200000000000000000e+02 2.689385828124998563e-03
1.210000000000000000e+02 2.723454648437499594e-03
1.220000000000000000e+02 2.756380429687500539e-03
1.230000000000000000e+02 2.788139914062500412e-03
1.240000000000000000e+02 2.818669773437501320e-03
1.250000000000000000e+02 2.847994007812499305e-03
1.260000000000000000e+02 2.876047484375000678e-03
1.270000000000000000e+02 2.902812515624999135e-03
1.280000000000000000e+02 2.928280031250000102e-03
1.290000000000000000e+02 2.952423664062497292e-03
1.300000000000000000e+02 2.975221882812499868e-03
1.310000000000000000e+02 2.996669023437501054e-03
1.320000000000000000e+02 3.016749492187499951e-03
1.330000000000000000e+02 3.035460710937500518e-03
1.340000000000000000e+02 3.052780007812499075e-03
1.350000000000000000e+02 3.068754875000000767e-03
1.360000000000000000e+02 3.083316484374999319e-03
1.370000000000000000e+02 3.096552203124999271e-03
1.380000000000000000e+02 3.108385013281250199e-03
1.390000000000000000e+02 3.118852542968750773e-03
1.400000000000000000e+02 3.127999546874999943e-03
1.410000000000000000e+02 3.135846309843750342e-03
1.420000000000000000e+02 3.142364214843750350e-03
1.430000000000000000e+02 3.147676592968749482e-03
1.440000000000000000e+02 3.151724649609376119e-03
1.450000000000000000e+02 3.154578159531249652e-03
1.460000000000000000e+02 3.156278164843749970e-03
1.470000000000000000e+02 3.156878019531247827e-03
1.480000000000000000e+02 3.156435039843751966e-03
1.490000000000000000e+02 3.154955676249999227e-03
1.500000000000000000e+02 3.152541120859378085e-03
1.510000000000000000e+02 3.149234888281250092e-03
1.520000000000000000e+02 3.145081154765624453e-03
1.530000000000000000e+02 3.140199833281248024e-03
1.540000000000000000e+02 3.134624319531249901e-03
1.550000000000000000e+02 3.128409340625000826e-03
1.560000000000000000e+02 3.121695910156251433e-03
1.570000000000000000e+02 3.114495062500000945e-03
1.580000000000000000e+02 3.106914008593750394e-03
1.590000000000000000e+02 3.099071151562500948e-03
1.600000000000000000e+02 3.090971685156249094e-03
1.610000000000000000e+02 3.082750429687499544e-03
1.620000000000000000e+02 3.074498734375000208e-03
1.630000000000000000e+02 3.066286195312498044e-03
1.640000000000000000e+02 3.058169500000001376e-03
1.650000000000000000e+02 3.050273085937501086e-03
1.660000000000000000e+02 3.042671187500000599e-03
1.670000000000000000e+02 3.035422953124999792e-03
1.680000000000000000e+02 3.028608726562500176e-03
1.690000000000000000e+02 3.022310460937499381e-03
1.700000000000000000e+02 3.016582804687499651e-03
1.710000000000000000e+02 3.011504398437499924e-03
1.720000000000000000e+02 3.007163984374999679e-03
1.730000000000000000e+02 3.003556640625000204e-03
1.740000000000000000e+02 3.000760000000000319e-03
1.750000000000000000e+02 2.998823359375000098e-03
1.760000000000000000e+02 2.997787062499998254e-03
1.770000000000000000e+02 2.997667437500002238e-03
1.780000000000000000e+02 2.998519203125000164e-03
1.790000000000000000e+02 3.000327124999997881e-03
1.800000000000000000e+02 3.003123171875001548e-03
1.810000000000000000e+02 3.006872445312499826e-03
1.820000000000000000e+02 3.011622484375000436e-03
1.830000000000000000e+02 3.017332382812498454e-03
1.840000000000000000e+02 3.023969570312499966e-03
1.850000000000000000e+02 3.031516820312499510e-03
1.860000000000000000e+02 3.039946359374999778e-03
1.870000000000000000e+02 3.049203156250000681e-03
1.880000000000000000e+02 3.059246624999999511e-03
1.890000000000000000e+02 3.070006351562500589e-03
1.900000000000000000e+02 3.081430851562497620e-03
1.910000000000000000e+02 3.093448414062501244e-03
1.920000000000000000e+02 3.105982390624998681e-03
1.930000000000000000e+02 3.118948054687500047e-03
1.940000000000000000e+02 3.132283789062501132e-03
1.950000000000000000e+02 3.145876046874998815e-03
1.960000000000000000e+02 3.159656117187501726e-03
1.970000000000000000e+02 3.173536390625001334e-03
1.980000000000000000e+02 3.187415234374998008e-03
1.990000000000000000e+02 3.201207734374998930e-03
2.000000000000000000e+02 3.214828976562500440e-03
2.010000000000000000e+02 3.228189882812500418e-03
2.020000000000000000e+02 3.241209406249999890e-03
2.030000000000000000e+02 3.253801515624998603e-03
2.040000000000000000e+02 3.265915082031250593e-03
2.050000000000000000e+02 3.277461047656250216e-03
2.060000000000000000e+02 3.288394478124999701e-03
2.070000000000000000e+02 3.298653064062500445e-03
2.080000000000000000e+02 3.308209695312499740e-03
2.090000000000000000e+02 3.317025242187500011e-03
2.100000000000000000e+02 3.325071828124999754e-03
2.110000000000000000e+02 3.332357082812500114e-03
2.120000000000000000e+02 3.338881372656248882e-03
2.130000000000000000e+02 3.344657729765626412e-03
2.140000000000000000e+02 3.349712540625000411e-03
2.150000000000000000e+02 3.354102005468749884e-03
2.160000000000000000e+02 3.357890484374999405e-03
2.170000000000000000e+02 3.361137609374999832e-03
2.180000000000000000e+02 3.363949624999998996e-03
2.190000000000000000e+02 3.366417524218749593e-03
2.200000000000000000e+02 3.368671082031250014e-03
2.210000000000000000e+02 3.370858595312500698e-03
2.220000000000000000e+02 3.373122828125000965e-03
2.230000000000000000e+02 3.375622023437499335e-03
2.240000000000000000e+02 3.378550304687500186e-03
2.250000000000000000e+02 3.382109000000000764e-03
2.260000000000000000e+02 3.386494937500002418e-03
2.270000000000000000e+02 3.391936195312499156e-03
2.280000000000000000e+02 3.398669421875000207e-03
2.290000000000000000e+02 3.406935843750001115e-03
2.300000000000000000e+02 3.416998468750002439e-03
2.310000000000000000e+02 3.429118554687500889e-03
2.320000000000000000e+02 3.443568421874998627e-03
2.330000000000000000e+02 3.460621242187500619e-03
2.340000000000000000e+02 3.480577874999999863e-03
2.350000000000000000e+02 3.503714429687501079e-03
2.360000000000000000e+02 3.530321976562501764e-03
2.370000000000000000e+02 3.560695820312501959e-03
2.380000000000000000e+02 3.595128999999999426e-03
2.390000000000000000e+02 3.633903718750001316e-03
2.400000000000000000e+02 3.677310992187500602e-03
2.410000000000000000e+02 3.725616687499998941e-03
2.420000000000000000e+02 3.779100367187500104e-03
2.430000000000000000e+02 3.838020201640624483e-03
2.440000000000000000e+02 3.902627638281251296e-03
2.450000000000000000e+02 3.973149367187498761e-03
2.460000000000000000e+02 4.049811367187502141e-03
2.470000000000000000e+02 4.132821882812499382e-03
2.480000000000000000e+02 4.222348421875001846e-03
2.490000000000000000e+02 4.318570554687501534e-03
2.500000000000000000e+02 4.421630781249998900e-03
2.510000000000000000e+02 4.531638906250001417e-03
2.520000000000000000e+02 4.648690468750004551e-03
2.530000000000000000e+02 4.772858203124999942e-03
2.540000000000000000e+02 4.904185546874999420e-03
2.550000000000000000e+02 5.042666406249996652e-03
2.560000000000000000e+02 5.188287734375000675e-03
2.570000000000000000e+02 5.341013359375000602e-03
2.580000000000000000e+02 5.500756484374994849e-03
2.590000000000000000e+02 5.667385390624997236e-03
2.600000000000000000e+02 5.840781484374999930e-03
2.610000000000000000e+02 6.020786796874997605e-03
2.620000000000000000e+02 6.207132031249997135e-03
2.630000000000000000e+02 6.399604609374995486e-03
2.640000000000000000e+02 6.597917109375002996e-03
2.650000000000000000e+02 6.801803984374997676e-03
2.660000000000000000e+02 7.010890078124997447e-03
2.670000000000000000e+02 7.224814765625001307e-03
2.680000000000000000e+02 7.443162421875000774e-03
2.690000000000000000e+02 7.665581875000002446e-03
2.700000000000000000e+02 7.891510078125002145e-03
2.710000000000000000e+02 8.120538593749998882e-03
2.720000000000000000e+02 8.352121171875000888e-03
2.730000000000000000e+02 8.585783593749994960e-03
2.740000000000000000e+02 8.820930390624997022e-03
2.750000000000000000e+02 9.056999296875001618e-03
2.760000000000000000e+02 9.293460546875000061e-03
2.770000000000000000e+02 9.529633671875006179e-03
2.780000000000000000e+02 9.764933359375003660e-03
2.790000000000000000e+02 9.998799140625007353e-03
2.800000000000000000e+02 1.023047914062500188e-02
2.810000000000000000e+02 1.045936679687499773e-02
2.820000000000000000e+02 1.068488078125000469e-02
2.830000000000000000e+02 1.090626789062500504e-02
2.840000000000000000e+02 1.112298070312500026e-02
2.850000000000000000e+02 1.133430156249999599e-02
2.860000000000000000e+02 1.153964625000000396e-02
2.870000000000000000e+02 1.173829539062500212e-02
2.880000000000000000e+02 1.192970234374999931e-02
2.890000000000000000e+02 1.211320054687500120e-02
2.900000000000000000e+02 1.228827554687500836e-02
2.910000000000000000e+02 1.245429187499999882e-02
2.920000000000000000e+02 1.261065046875000165e-02
2.930000000000000000e+02 1.275683023437500577e-02
2.940000000000000000e+02 1.289235750000000159e-02
2.950000000000000000e+02 1.301667226562499592e-02
2.960000000000000000e+02 1.312941257812499408e-02
2.970000000000000000e+02 1.323005546874999640e-02
2.980000000000000000e+02 1.331824039062499097e-02
2.990000000000000000e+02 1.339358406249999481e-02
3.000000000000000000e+02 1.345570695312499863e-02
3.010000000000000000e+02 1.350446984375000027e-02
3.020000000000000000e+02 1.353951320312500421e-02
3.030000000000000000e+02 1.356053421875000158e-02
3.040000000000000000e+02 1.356755828125001152e-02
3.050000000000000000e+02 1.356025890625000077e-02
3.060000000000000000e+02 1.353869054687499747e-02
3.070000000000000000e+02 1.350280750000000009e-02
3.080000000000000000e+02 1.345238984374999558e-02
3.090000000000000000e+02 1.338778539062500557e-02
3.100000000000000000e+02 1.330883742187500760e-02
3.110000000000000000e+02 1.321582265624999392e-02
3.120000000000000000e+02 1.310880523437499626e-02
3.130000000000000000e+02 1.298809523437500016e-02
3.140000000000000000e+02 1.285382296875000122e-02
3.150000000000000000e+02 1.270643468750000046e-02
3.160000000000000000e+02 1.254617406249999671e-02
3.170000000000000000e+02 1.237338804687499946e-02
3.180000000000000000e+02 1.218862320312500726e-02
3.190000000000000000e+02 1.199216304687500054e-02
3.200000000000000000e+02 1.178458035937498920e-02
3.210000000000000000e+02 1.156642727343750766e-02
3.220000000000000000e+02 1.133813703906250137e-02
3.230000000000000000e+02 1.110037091406249066e-02
3.240000000000000000e+02 1.085375854687500516e-02
3.250000000000000000e+02 1.059890424218749676e-02
3.260000000000000000e+02 1.033643558593750310e-02
3.270000000000000000e+02 1.006711945312499697e-02
3.280000000000000000e+02 9.791625734375003498e-03
3.290000000000000000e+02 9.510683840624999108e-03
3.300000000000000000e+02 9.225058799218751465e-03
3.310000000000000000e+02 8.935488070312497255e-03
3.320000000000000000e+02 8.642802351562506313e-03
3.330000000000000000e+02 8.347734153906251342e-03
3.340000000000000000e+02 8.051093304687501409e-03
3.350000000000000000e+02 7.753706609374998344e-03
3.360000000000000000e+02 7.456332351562501744e-03
3.370000000000000000e+02 7.159790117187497631e-03
3.380000000000000000e+02 6.864878890625000438e-03
3.390000000000000000e+02 6.572299843750002354e-03
3.400000000000000000e+02 6.282867820312495154e-03
3.410000000000000000e+02 5.997315171874999934e-03
3.420000000000000000e+02 5.716330273437495238e-03
3.430000000000000000e+02 5.440589687499999653e-03
3.440000000000000000e+02 5.170707578124997608e-03
3.450000000000000000e+02 4.907311015625001431e-03
3.460000000000000000e+02 4.651006562499997166e-03
3.470000000000000000e+02 4.402303828124999770e-03
3.480000000000000000e+02 4.161732968749999075e-03
3.490000000000000000e+02 3.929695546874999688e-03
3.500000000000000000e+02 3.706642031249998259e-03
3.510000000000000000e+02 3.492965843749998040e-03
3.520000000000000000e+02 3.288985960937500057e-03
3.530000000000000000e+02 3.095060578125001169e-03
3.540000000000000000e+02 2.911426291406251071e-03
3.550000000000000000e+02 2.738379671875000934e-03
3.560000000000000000e+02 2.576114789062500243e-03
3.570000000000000000e+02 2.424834968750001069e-03
3.580000000000000000e+02 2.284691242187500242e-03
3.590000000000000000e+02 2.155854117187501907e-03
3.600000000000000000e+02 2.038405890625000477e-03
3.610000000000000000e+02 1.932440570312500680e-03
3.620000000000000000e+02 1.837998070312500372e-03
3.630000000000000000e+02 1.755106664843750783e-03
3.640000000000000000e+02 1.683752796875001047e-03
3.650000000000000000e+02 1.623885085156251450e-03
3.660000000000000000e+02 1.575435656250000335e-03
3.670000000000000000e+02 1.538292719062499345e-03
3.680000000000000000e+02 1.512317440624999596e-03
3.690000000000000000e+02 1.497346593750000648e-03
3.700000000000000000e+02 1.493187992187500548e-03
3.710000000000000000e+02 1.499627039062500101e-03
3.720000000000000000e+02 1.516444999999999295e-03
3.730000000000000000e+02 1.543380625000000117e-03
3.740000000000000000e+02 1.580180937499999980e-03
3.750000000000000000e+02 1.626577578125000707e-03
3.760000000000000000e+02 1.682287031250000175e-03
3.770000000000000000e+02 1.747016953125000039e-03
3.780000000000000000e+02 1.820472656250000151e-03
3.790000000000000000e+02 1.902340703125000041e-03
3.800000000000000000e+02 1.992307812500000459e-03
3.810000000000000000e+02 2.090039843750000556e-03
3.820000000000000000e+02 2.195182890624999914e-03
3.830000000000000000e+02 2.307389054687500590e-03
3.840000000000000000e+02 2.426284539062500273e-03
3.850000000000000000e+02 2.551490428124999002e-03
3.860000000000000000e+02 2.682621946875001200e-03
3.870000000000000000e+02 2.819301289062499816e-03
3.880000000000000000e+02 2.961146718750000059e-03
3.890000000000000000e+02 3.107799218749997781e-03
3.900000000000000000e+02 3.258920671875000299e-03
3.910000000000000000e+02 3.414203906249999726e-03
3.920000000000000000e+02 3.573404765624999674e-03
3.930000000000000000e+02 3.736271875000000617e-03
3.940000000000000000e+02 3.902655859375001382e-03
3.950000000000000000e+02 4.072448671875002028e-03
3.960000000000000000e+02 4.245574843749998911e-03
3.970000000000000000e+02 4.422043515625003265e-03
3.980000000000000000e+02 4.601846718749994999e-03
3.990000000000000000e+02 4.785092500000001810e-03
4.000000000000000000e+02 4.971876328125000334e-03
4.010000000000000000e+02 5.162240156250002751e-03
4.020000000000000000e+02 5.356348750000000832e-03
4.030000000000000000e+02 5.554301874999996273e-03
4.040000000000000000e+02 5.756186484374998386e-03
4.050000000000000000e+02 5.962013906250002507e-03
4.060000000000000000e+02 6.171836093749999939e-03
4.070000000000000000e+02 6.385563671874998695e-03
4.080000000000000000e+02 6.603179687499997723e-03
4.090000000000000000e+02 6.824478437500002513e-03
4.100000000000000000e+02 7.049339374999995418e-03
4.110000000000000000e+02 7.277568281250002338e-03
4.120000000000000000e+02 7.508843437500002660e-03
4.130000000000000000e+02 7.742877265625003336e-03
4.140000000000000000e+02 7.979349218750004386e-03
4.150000000000000000e+02 8.217866406250006611e-03
4.160000000000000000e+02 8.458015625000004159e-03
4.170000000000000000e+02 8.699374218749996585e-03
4.180000000000000000e+02 8.941418750000000928e-03
4.190000000000000000e+02 9.183582031249998279e-03
4.200000000000000000e+02 9.425260937499997313e-03
4.210000000000000000e+02 9.665716406249994994e-03
4.220000000000000000e+02 9.904196093750008284e-03
4.230000000000000000e+02 1.013973046874998979e-02
4.240000000000000000e+02 1.037141640624999854e-02
4.250000000000000000e+02 1.059808515624999573e-02
4.260000000000000000e+02 1.081844140625000394e-02
4.270000000000000000e+02 1.103135390625000628e-02
4.280000000000000000e+02 1.123543046874999479e-02
4.290000000000000000e+02 1.142927265625000993e-02
4.300000000000000000e+02 1.161158749999999240e-02
4.310000000000000000e+02 1.178105781249999887e-02
4.320000000000000000e+02 1.193646171875000286e-02
4.330000000000000000e+02 1.207676015624999273e-02
4.340000000000000000e+02 1.220098437499999612e-02
4.350000000000000000e+02 1.230851640624999570e-02
4.360000000000000000e+02 1.239867812500000145e-02
4.370000000000000000e+02 1.247127046875000887e-02
4.380000000000000000e+02 1.252625203124999032e-02
4.390000000000000000e+02 1.256373351562499810e-02
4.400000000000000000e+02 1.258398906249999505e-02
4.410000000000000000e+02 1.258768601562500027e-02
4.420000000000000000e+02 1.257544382812499605e-02
4.430000000000000000e+02 1.254807062499999938e-02
4.440000000000000000e+02 1.250660468749999026e-02
4.450000000000000000e+02 1.245206484374999749e-02
4.460000000000000000e+02 1.238559210937500814e-02
4.470000000000000000e+02 1.230837859374999711e-02
4.480000000000000000e+02 1.222169789062499401e-02
4.490000000000000000e+02 1.212686343750000138e-02
4.500000000000000000e+02 1.202526023437500841e-02
4.510000000000000000e+02 1.191839171874999395e-02
4.520000000000000000e+02 1.180777804687499488e-02
4.530000000000000000e+02 1.169506109374999873e-02
4.540000000000000000e+02 1.158207750000000633e-02
4.550000000000000000e+02 1.147066335937500098e-02
4.560000000000000000e+02 1.136287727343750220e-02
4.570000000000000000e+02 1.126089039062500019e-02
4.580000000000000000e+02 1.116689765624999733e-02
4.590000000000000000e+02 1.108341599218749286e-02
4.600000000000000000e+02 1.101276124999999925e-02
4.610000000000000000e+02 1.095740830624999940e-02
4.620000000000000000e+02 1.091976250000000447e-02
4.630000000000000000e+02 1.090210064062500407e-02
4.640000000000000000e+02 1.090657760156249836e-02
4.650000000000000000e+02 1.093499179687498941e-02
4.660000000000000000e+02 1.098876790624999690e-02
4.670000000000000000e+02 1.106900414843749701e-02
4.680000000000000000e+02 1.117604535937499755e-02
4.690000000000000000e+02 1.130968492187499862e-02
4.700000000000000000e+02 1.146918609375000182e-02
4.710000000000000000e+02 1.165280750000000434e-02
4.720000000000000000e+02 1.185825007812500199e-02
4.730000000000000000e+02 1.208243218749999702e-02
4.740000000000000000e+02 1.232154945312500041e-02
4.750000000000000000e+02 1.257095078125000306e-02
4.760000000000000000e+02 1.282554285937500226e-02
4.770000000000000000e+02 1.307960900781249963e-02
4.780000000000000000e+02 1.332678152343749409e-02
4.790000000000000000e+02 1.356041993749999841e-02
4.800000000000000000e+02 1.377327650781249961e-02
4.810000000000000000e+02 1.395794003906250004e-02
4.820000000000000000e+02 1.410674999218750059e-02
4.830000000000000000e+02 1.421187166406250209e-02
4.840000000000000000e+02 1.426553863281249633e-02
4.850000000000000000e+02 1.426025214367187405e-02
4.860000000000000000e+02 1.418877669859375072e-02
4.870000000000000000e+02 1.404472547656249355e-02
4.880000000000000000e+02 1.382249700781250368e-02
4.890000000000000000e+02 1.351806452187500306e-02
4.900000000000000000e+02 1.312889207812500091e-02
4.910000000000000000e+02 1.265478534140625742e-02
4.920000000000000000e+02 1.209788511718749848e-02
4.930000000000000000e+02 1.146329439147656531e-02
4.940000000000000000e+02 1.075948201562500033e-02
4.950000000000000000e+02 9.998298242187503640e-03
4.960000000000000000e+02 9.195340328124997423e-03
4.970000000000000000e+02 8.370248437499996572e-03
4.980000000000000000e+02 7.546554156250002976e-03
4.990000000000000000e+02 6.752054078125001649e-03
5.000000000000000000e+02 6.018767421874999732e-03
5.010000000000000000e+02 5.383324687499999733e-03
5.020000000000000000e+02 4.887536484375001530e-03
5.030000000000000000e+02 4.579382812500001204e-03
5.040000000000000000e+02 4.514725953124998879e-03
5.050000000000000000e+02 4.760159226562498715e-03
5.060000000000000000e+02 5.397569273437497969e-03
5.070000000000000000e+02 6.530803827343753358e-03
5.080000000000000000e+02 8.295737898437500688e-03
5.090000000000000000e+02 1.087450553359374864e-02
5.100000000000000000e+02 1.451549656249999896e-02
5.110000000000000000e+02 1.956096898437499274e-02
