0.000000000000000000e+00 1.907240390625000162e-03
1.000000000000000000e+00 1.904778125000000351e-03
2.000000000000000000e+00 1.899861406249999003e-03
3.000000000000000000e+00 1.892508359375000239e-03
4.000000000000000000e+00 1.882751640625000963e-03
5.000000000000000000e+00 1.870621171874999305e-03
6.000000000000000000e+00 1.856165390624999910e-03
7.000000000000000000e+00 1.839445156250000884e-03
8.000000000000000000e+00 1.820510546875000156e-03
9.000000000000000000e+00 1.799443593749999650e-03
1.000000000000000000e+01 1.776327031250000488e-03
1.100000000000000000e+01 1.751235859375000923e-03
1.200000000000000000e+01 1.724267656249999251e-03
1.300000000000000000e+01 1.695524687499998890e-03
1.400000000000000000e+01 1.665121796874999022e-03
1.500000000000000000e+01 1.633157187500000867e-03
1.600000000000000000e+01 1.599763671875000437e-03
1.700000000000000000e+01 1.565055617187499767e-03
1.800000000000000000e+01 1.529159078124999946e-03
1.900000000000000000e+01 1.492215546875000657e-03
2.000000000000000000e+01 1.454357351562500338e-03
2.100000000000000000e+01 1.415717000000000364e-03
2.200000000000000000e+01 1.376438593749999915e-03
2.300000000000000000e+01 1.336661187500001258e-03
2.400000000000000000e+01 1.296538617187499966e-03
2.500000000000000000e+01 1.256197828124999694e-03
2.600000000000000000e+01 1.215799734374999877e-03
2.700000000000000000e+01 1.175472414062500321e-03
2.800000000000000000e+01 1.135370624999999800e-03
2.900000000000000000e+01 1.095621007812500177e-03
3.000000000000000000e+01 1.056376140624999856e-03
3.100000000000000000e+01 1.017763899218749896e-03
3.200000000000000000e+01 9.799152812500005420e-04
3.300000000000000000e+01 9.429619953125002512e-04
3.400000000000000000e+01 9.070277366406247210e-04
3.500000000000000000e+01 8.722392402343750583e-04
3.600000000000000000e+01 8.387014781249994095e-04
3.700000000000000000e+01 8.065278765624999107e-04
3.800000000000000000e+01 7.758241781250001462e-04
3.900000000000000000e+01 7.466908281249998299e-04
4.000000000000000000e+01 7.192131562499999315e-04
4.100000000000000000e+01 6.934853203124997012e-04
4.200000000000000000e+01 6.695865492187499154e-04
4.300000000000000000e+01 6.475741773437500813e-04
4.400000000000000000e+01 6.275277023437497931e-04
4.500000000000000000e+01 6.095025765624997221e-04
4.600000000000000000e+01 5.935472124218748365e-04
4.700000000000000000e+01 5.797031484374999110e-04
4.800000000000000000e+01 5.680056506093749758e-04
4.900000000000000000e+01 5.584870304687498998e-04
5.000000000000000000e+01 5.511650995312499402e-04
5.100000000000000000e+01 5.460533648437500579e-04
5.200000000000000000e+01 5.431581289062498976e-04
5.300000000000000000e+01 5.424817703125000244e-04
5.400000000000000000e+01 5.440136664062498279e-04
5.500000000000000000e+01 5.477388703124999982e-04
5.600000000000000000e+01 5.536346562500002021e-04
5.700000000000000000e+01 5.616820289062500948e-04
5.800000000000000000e+01 5.718409007812502633e-04
5.900000000000000000e+01 5.840734031249998019e-04
6.000000000000000000e+01 5.983336140624996797e-04
6.100000000000000000e+01 6.145736421875006451e-04
6.200000000000000000e+01 6.327356179687500031e-04
6.300000000000000000e+01 6.527637343750003701e-04
6.400000000000000000e+01 6.745924242187499803e-04
6.500000000000000000e+01 6.981538281249997490e-04
6.600000000000000000e+01 7.233777341406247936e-04
6.700000000000000000e+01 7.501915546093745803e-04
6.800000000000000000e+01 7.785140351562504224e-04
6.900000000000000000e+01 8.082686070312503600e-04
7.000000000000000000e+01 8.393716992187499545e-04
7.100000000000000000e+01 8.717387546874999331e-04
7.200000000000000000e+01 9.052888789062498321e-04
7.300000000000000000e+01 9.399354757812502592e-04
7.400000000000000000e+01 9.755865929687498059e-04
7.500000000000000000e+01 1.012159773437500132e-03
7.600000000000000000e+01 1.049564926562499478e-03
7.700000000000000000e+01 1.087718553906250399e-03
7.800000000000000000e+01 1.126532692968749624e-03
7.900000000000000000e+01 1.165914593750000221e-03
8.000000000000000000e+01 1.205793195312500257e-03
8.100000000000000000e+01 1.246068820312499917e-03
8.200000000000000000e+01 1.286668804687499720e-03
8.300000000000000000e+01 1.327508562500000601e-03
8.400000000000000000e+01 1.368512249999999765e-03
8.500000000000000000e+01 1.409598601562500522e-03
8.600000000000000000e+01 1.450702132812499608e-03
8.700000000000000000e+01 1.491740242187500169e-03
8.800000000000000000e+01 1.532644171875000016e-03
8.900000000000000000e+01 1.573353757812499809e-03
9.000000000000000000e+01 1.613798148437500194e-03
9.100000000000000000e+01 1.653917046874999516e-03
9.200000000000000000e+01 1.693642960937499472e-03
9.300000000000000000e+01 1.732934750000000683e-03
9.400000000000000000e+01 1.771725210937499491e-03
9.500000000000000000e+01 1.809969820312499599e-03
9.600000000000000000e+01 1.847620929687499632e-03
9.700000000000000000e+01 1.884627515624999992e-03
9.800000000000000000e+01 1.920949578124999399e-03
9.900000000000000000e+01 1.956548046874999336e-03
1.000000000000000000e+02 1.991388124999999686e-03
1.010000000000000000e+02 2.025428984375000040e-03
1.020000000000000000e+02 2.058638750000000260e-03
1.030000000000000000e+02 2.090999765625000100e-03
1.040000000000000000e+02 2.122473828125001020e-03
1.050000000000000000e+02 2.153036015625000091e-03
1.060000000000000000e+02 2.182672812500000524e-03
1.070000000000000000e+02 2.211348671875001080e-03
1.080000000000000000e+02 2.239056406249999038e-03
1.090000000000000000e+02 2.265789453124999586e-03
1.100000000000000000e+02 2.291520546875000161e-03
1.110000000000000000e+02 2.316241249999999568e-03
1.120000000000000000e+02 2.339950078124999888e-03
1.130000000000000000e+02 2.362634765624999772e-03
1.140000000000000000e+02 2.384285937499999817e-03
1.150000000000000000e+02 2.404909687500000719e-03
1.160000000000000000e+02 2.424492421874999224e-03
1.170000000000000000e+02 2.443047109375001951e-03
1.180000000000000000e+02 2.460573515625000349e-03
1.190000000000000000e+02 2.477079562500001525e-03
1.200000000000000000e+02 2.492566640625001276e-03
1.210000000000000000e+02 2.507044656249999594e-03
1.220000000000000000e+02 2.520530718750000915e-03
1.230000000000000000e+02 2.533038320312499224e-03
1.240000000000000000e+02 2.544579218749999823e-03
1.250000000000000000e+02 2.555171242187499400e-03
1.260000000000000000e+02 2.564842640625000867e-03
1.270000000000000000e+02 2.573620367187501746e-03
1.280000000000000000e+02 2.581514179687500587e-03
1.290000000000000000e+02 2.588580351562500079e-03
1.300000000000000000e+02 2.594811093749998902e-03
1.310000000000000000e+02 2.600296460937501480e-03
1.320000000000000000e+02 2.605040085937498310e-03
1.330000000000000000e+02 2.609082289062499178e-03
1.340000000000000000e+02 2.612489476562499056e-03
1.350000000000000000e+02 2.615286585937499561e-03
1.360000000000000000e+02 2.617546765624999706e-03
1.370000000000000000e+02 2.619322484374999194e-03
1.380000000000000000e+02 2.620676187500000070e-03
1.390000000000000000e+02 2.621650523437502218e-03
1.400000000000000000e+02 2.622344289062502644e-03
1.410000000000000000e+02 2.622792978125001225e-03
1.420000000000000000e+02 2.623091845312500257e-03
1.430000000000000000e+02 2.623321829687498899e-03
1.440000000000000000e+02 2.623549880468749752e-03
1.450000000000000000e+02 2.623863508593750598e-03
1.460000000000000000e+02 2.624344531250000830e-03
1.470000000000000000e+02 2.625095687500000104e-03
1.480000000000000000e+02 2.626189399218751067e-03
1.490000000000000000e+02 2.627707615625000156e-03
1.500000000000000000e+02 2.629787682031250670e-03
1.510000000000000000e+02 2.632475880468751733e-03
1.520000000000000000e+02 2.635888201562499190e-03
1.530000000000000000e+02 2.640109371875002438e-03
1.540000000000000000e+02 2.645253744531250208e-03
1.550000000000000000e+02 2.651395588124999189e-03
1.560000000000000000e+02 2.658616366874999928e-03
1.570000000000000000e+02 2.667035568750000113e-03
1.580000000000000000e+02 2.676715359374999461e-03
1.590000000000000000e+02 2.687738140624998905e-03
1.600000000000000000e+02 2.700187449999999229e-03
1.610000000000000000e+02 2.714138010156249593e-03
1.620000000000000000e+02 2.729648421875000529e-03
1.630000000000000000e+02 2.746781821093749638e-03
1.640000000000000000e+02 2.765591214843749965e-03
1.650000000000000000e+02 2.786118130468749274e-03
1.660000000000000000e+02 2.808405204687499952e-03
1.670000000000000000e+02 2.832461935156252008e-03
1.680000000000000000e+02 2.858324197656248768e-03
1.690000000000000000e+02 2.885983311718751023e-03
1.700000000000000000e+02 2.915439359375001684e-03
1.710000000000000000e+02 2.946675573437500337e-03
1.720000000000000000e+02 2.979651652343747424e-03
1.730000000000000000e+02 3.014339415624997954e-03
1.740000000000000000e+02 3.050678939062499880e-03
1.750000000000000000e+02 3.088595968749998592e-03
1.760000000000000000e+02 3.128010561718750152e-03
1.770000000000000000e+02 3.168829996875000259e-03
1.780000000000000000e+02 3.210942242187499705e-03
1.790000000000000000e+02 3.254228765625000099e-03
1.800000000000000000e+02 3.298554617187499441e-03
1.810000000000000000e+02 3.343758914062499362e-03
1.820000000000000000e+02 3.389700968749998888e-03
1.830000000000000000e+02 3.436201867187498732e-03
1.840000000000000000e+02 3.483089140624999035e-03
1.850000000000000000e+02 3.530136445312500541e-03
1.860000000000000000e+02 3.577182281249998916e-03
1.870000000000000000e+02 3.624000796875000499e-03
1.880000000000000000e+02 3.670380632812499880e-03
1.890000000000000000e+02 3.716063601562499819e-03
1.900000000000000000e+02 3.760875656249999983e-03
1.910000000000000000e+02 3.804560859375001516e-03
1.920000000000000000e+02 3.846896195312499937e-03
1.930000000000000000e+02 3.887621492187499049e-03
1.940000000000000000e+02 3.926543859374998467e-03
1.950000000000000000e+02 3.963439859374999139e-03
1.960000000000000000e+02 3.998043195312499416e-03
1.970000000000000000e+02 4.030171648437501537e-03
1.980000000000000000e+02 4.059591585937498588e-03
1.990000000000000000e+02 4.086150882812497782e-03
2.000000000000000000e+02 4.109610435937501895e-03
2.010000000000000000e+02 4.129855030468749903e-03
2.020000000000000000e+02 4.146670476562496800e-03
2.030000000000000000e+02 4.159979617187498438e-03
2.040000000000000000e+02 4.169591359374998779e-03
2.050000000000000000e+02 4.175490304687501375e-03
2.060000000000000000e+02 4.177515113281250400e-03
2.070000000000000000e+02 4.175709923437498881e-03
2.080000000000000000e+02 4.169953129687500003e-03
2.090000000000000000e+02 4.160287335937499532e-03
2.100000000000000000e+02 4.146705859374999643e-03
2.110000000000000000e+02 4.129311999999999566e-03
2.120000000000000000e+02 4.108141892187501011e-03
2.130000000000000000e+02 4.083299929687498296e-03
2.140000000000000000e+02 4.054955854687499438e-03
2.150000000000000000e+02 4.023262984375000455e-03
2.160000000000000000e+02 3.988391789062501955e-03
2.170000000000000000e+02 3.950630578124999376e-03
2.180000000000000000e+02 3.910183671875001182e-03
2.190000000000000000e+02 3.867384671874999399e-03
2.200000000000000000e+02 3.822523820312500632e-03
2.210000000000000000e+02 3.775920437500000955e-03
2.220000000000000000e+02 3.727998140624999655e-03
2.230000000000000000e+02 3.679107820312499388e-03
2.240000000000000000e+02 3.629705054687499318e-03
2.250000000000000000e+02 3.580209234374999005e-03
2.260000000000000000e+02 3.531080265625000537e-03
2.270000000000000000e+02 3.482830742187499953e-03
2.280000000000000000e+02 3.435923609375000128e-03
2.290000000000000000e+02 3.390889765624998092e-03
2.300000000000000000e+02 3.348256984375000758e-03
2.310000000000000000e+02 3.308542164062497348e-03
2.320000000000000000e+02 3.272296781249999648e-03
2.330000000000000000e+02 3.240058156249999571e-03
2.340000000000000000e+02 3.212365164062499275e-03
2.350000000000000000e+02 3.189761390624999086e-03
2.360000000000000000e+02 3.172776125000000783e-03
2.370000000000000000e+02 3.161928843750000037e-03
2.380000000000000000e+02 3.157737812499997708e-03
2.390000000000000000e+02 3.160690664062501022e-03
2.400000000000000000e+02 3.171267483593752032e-03
2.410000000000000000e+02 3.189919725000000834e-03
2.420000000000000000e+02 3.217073324218749919e-03
2.430000000000000000e+02 3.253135749999999920e-03
2.440000000000000000e+02 3.298470359374999772e-03
2.450000000000000000e+02 3.353413085937501873e-03
2.460000000000000000e+02 3.418270867187500357e-03
2.470000000000000000e+02 3.493301890624999836e-03
2.480000000000000000e+02 3.578723742187501795e-03
2.490000000000000000e+02 3.674735624999998524e-03
2.500000000000000000e+02 3.781440078124998286e-03
2.510000000000000000e+02 3.898973984374999070e-03
2.520000000000000000e+02 4.027334296874999879e-03
2.530000000000000000e+02 4.166547890624999577e-03
2.540000000000000000e+02 4.316543359375001922e-03
2.550000000000000000e+02 4.477244609375000128e-03
2.560000000000000000e+02 4.648467968749997632e-03
2.570000000000000000e+02 4.830061171874997818e-03
2.580000000000000000e+02 5.021727890624996631e-03
2.590000000000000000e+02 5.223200937499999398e-03
2.600000000000000000e+02 5.434128984375000658e-03
2.610000000000000000e+02 5.654135624999997306e-03
2.620000000000000000e+02 5.882729218749999621e-03
2.630000000000000000e+02 6.119505156250000695e-03
2.640000000000000000e+02 6.363873906249995112e-03
2.650000000000000000e+02 6.615312109374998570e-03
2.660000000000000000e+02 6.873204843749998634e-03
2.670000000000000000e+02 7.136878906249999668e-03
2.680000000000000000e+02 7.405717031250000880e-03
2.690000000000000000e+02 7.678933046874998440e-03
2.700000000000000000e+02 7.955826015624998734e-03
2.710000000000000000e+02 8.235640624999996870e-03
2.720000000000000000e+02 8.517568749999999272e-03
2.730000000000000000e+02 8.800820312500000700e-03
2.740000000000000000e+02 9.084485937499999289e-03
2.750000000000000000e+02 9.367797656250004615e-03
2.760000000000000000e+02 9.649906249999999630e-03
2.770000000000000000e+02 9.929874218749999010e-03
2.780000000000000000e+02 1.020688750000000103e-02
2.790000000000000000e+02 1.048007578124999714e-02
2.800000000000000000e+02 1.074850312500000293e-02
2.810000000000000000e+02 1.101133906250000710e-02
2.820000000000000000e+02 1.126770624999999700e-02
2.830000000000000000e+02 1.151689062499999805e-02
2.840000000000000000e+02 1.175787968749999850e-02
2.850000000000000000e+02 1.198996562499999967e-02
2.860000000000000000e+02 1.221238437499999260e-02
2.870000000000000000e+02 1.242439687499999681e-02
2.880000000000000000e+02 1.262520468750000062e-02
2.890000000000000000e+02 1.281412187499999904e-02
2.900000000000000000e+02 1.299055234374999791e-02
2.910000000000000000e+02 1.315380703125000085e-02
2.920000000000000000e+02 1.330341093749999766e-02
2.930000000000000000e+02 1.343880156249999298e-02
2.940000000000000000e+02 1.355949765624999727e-02
2.950000000000000000e+02 1.366502890624999959e-02
2.960000000000000000e+02 1.375500624999999484e-02
2.970000000000000000e+02 1.382920859374999097e-02
2.980000000000000000e+02 1.388726249999999544e-02
2.990000000000000000e+02 1.392900234375000872e-02
3.000000000000000000e+02 1.395424140624999983e-02
3.010000000000000000e+02 1.396285390624999942e-02
3.020000000000000000e+02 1.395487968749999606e-02
3.030000000000000000e+02 1.393024687500000157e-02
3.040000000000000000e+02 1.388911328125000226e-02
3.050000000000000000e+02 1.383147499999999759e-02
3.060000000000000000e+02 1.375764140624999299e-02
3.070000000000000000e+02 1.366775000000000455e-02
3.080000000000000000e+02 1.356209296875000338e-02
3.090000000000000000e+02 1.344104382812499540e-02
3.100000000000000000e+02 1.330497929687499310e-02
3.110000000000000000e+02 1.315436625000000054e-02
3.120000000000000000e+02 1.298965929687499223e-02
3.130000000000000000e+02 1.281127414062499179e-02
3.140000000000000000e+02 1.261991015624999365e-02
3.150000000000000000e+02 1.241613937500000119e-02
3.160000000000000000e+02 1.220049140625000146e-02
3.170000000000000000e+02 1.197371546875000345e-02
3.180000000000000000e+02 1.173645414062500156e-02
3.190000000000000000e+02 1.148943695312499257e-02
3.200000000000000000e+02 1.123341554687500021e-02
3.210000000000000000e+02 1.096909835937499855e-02
3.220000000000000000e+02 1.069728015625000077e-02
3.230000000000000000e+02 1.041873476562500157e-02
3.240000000000000000e+02 1.013428632812499695e-02
3.250000000000000000e+02 9.844707187499999318e-03
3.260000000000000000e+02 9.550816406249997351e-03
3.270000000000000000e+02 9.253474453124998708e-03
3.280000000000000000e+02 8.953494453125000405e-03
3.290000000000000000e+02 8.651673203125006748e-03
3.300000000000000000e+02 8.348848046874992462e-03
3.310000000000000000e+02 8.045831796874998096e-03
3.320000000000000000e+02 7.743459609374998658e-03
3.330000000000000000e+02 7.442565781250003003e-03
3.340000000000000000e+02 7.143847265625000338e-03
3.350000000000000000e+02 6.848170781249997632e-03
3.360000000000000000e+02 6.556215781249996773e-03
3.370000000000000000e+02 6.268773281250002508e-03
3.380000000000000000e+02 5.986542187499997378e-03
3.390000000000000000e+02 5.710151250000002586e-03
3.400000000000000000e+02 5.440294843750001323e-03
3.410000000000000000e+02 5.177526171874999479e-03
3.420000000000000000e+02 4.922478437500000734e-03
3.430000000000000000e+02 4.675598710937500270e-03
3.440000000000000000e+02 4.437441929687502631e-03
3.450000000000000000e+02 4.208376125000004055e-03
3.460000000000000000e+02 3.988829687500000665e-03
3.470000000000000000e+02 3.779149375000000113e-03
3.480000000000000000e+02 3.579622695312500037e-03
3.490000000000000000e+02 3.390526953124999542e-03
3.500000000000000000e+02 3.212008757812499088e-03
3.510000000000000000e+02 3.044339062500000474e-03
3.520000000000000000e+02 2.887574687500000896e-03
3.530000000000000000e+02 2.741816875000000625e-03
3.540000000000000000e+02 2.607117109374999016e-03
3.550000000000000000e+02 2.483490781249999245e-03
3.560000000000000000e+02 2.370890468749998949e-03
3.570000000000000000e+02 2.269261093749998497e-03
3.580000000000000000e+02 2.178505937500001093e-03
3.590000000000000000e+02 2.098488523437500291e-03
3.600000000000000000e+02 2.029054148437500326e-03
3.610000000000000000e+02 1.970003578125001115e-03
3.620000000000000000e+02 1.921146528124999123e-03
3.630000000000000000e+02 1.882235531250000269e-03
3.640000000000000000e+02 1.853031578906249970e-03
3.650000000000000000e+02 1.833275671874999742e-03
3.660000000000000000e+02 1.822696789062500187e-03
3.670000000000000000e+02 1.821017382812499660e-03
3.680000000000000000e+02 1.827960437499999338e-03
3.690000000000000000e+02 1.843244687500000248e-03
3.700000000000000000e+02 1.866594609374999745e-03
3.710000000000000000e+02 1.897703281250000002e-03
3.720000000000000000e+02 1.936280734375000773e-03
3.730000000000000000e+02 1.982008210937500486e-03
3.740000000000000000e+02 2.034565633593749846e-03
3.750000000000000000e+02 2.093604595312500028e-03
3.760000000000000000e+02 2.158737273437500055e-03
3.770000000000000000e+02 2.229563093749999895e-03
3.780000000000000000e+02 2.305648984374999468e-03
3.790000000000000000e+02 2.386518828125000664e-03
3.800000000000000000e+02 2.471674218749999978e-03
3.810000000000000000e+02 2.560603046875000247e-03
3.820000000000000000e+02 2.652761796874998721e-03
3.830000000000000000e+02 2.747625859375000482e-03
3.840000000000000000e+02 2.844678281250001377e-03
3.850000000000000000e+02 2.943396484375000212e-03
3.860000000000000000e+02 3.043353671875000024e-03
3.870000000000000000e+02 3.144144687499999397e-03
3.880000000000000000e+02 3.245432812499999056e-03
3.890000000000000000e+02 3.347005000000000119e-03
3.900000000000000000e+02 3.448740156249999970e-03
3.910000000000000000e+02 3.550538906249999741e-03
3.920000000000000000e+02 3.652511718749998533e-03
3.930000000000000000e+02 3.754788437499999992e-03
3.940000000000000000e+02 3.857630937500000721e-03
3.950000000000000000e+02 3.961417968749999553e-03
3.960000000000000000e+02 4.066492187499998710e-03
3.970000000000000000e+02 4.173367968749999365e-03
3.980000000000000000e+02 4.282525937499996604e-03
3.990000000000000000e+02 4.394519765625002142e-03
4.000000000000000000e+02 4.509900468750002202e-03
4.010000000000000000e+02 4.629205312500002389e-03
4.020000000000000000e+02 4.752938359375001934e-03
4.030000000000000000e+02 4.881596171875001410e-03
4.040000000000000000e+02 5.015710937499999987e-03
4.050000000000000000e+02 5.155583515624999336e-03
4.060000000000000000e+02 5.301710625000004284e-03
4.070000000000000000e+02 5.454346328125003404e-03
4.080000000000000000e+02 5.613852578124998299e-03
4.090000000000000000e+02 5.780479921875001509e-03
4.100000000000000000e+02 5.954457187499997105e-03
4.110000000000000000e+02 6.135946562499999465e-03
4.120000000000000000e+02 6.325127109375000209e-03
4.130000000000000000e+02 6.522050078124998380e-03
4.140000000000000000e+02 6.726741562499996725e-03
4.150000000000000000e+02 6.939188281249997030e-03
4.160000000000000000e+02 7.159151171874999359e-03
4.170000000000000000e+02 7.386474843750003537e-03
4.180000000000000000e+02 7.620664609375001931e-03
4.190000000000000000e+02 7.861226562500000375e-03
4.200000000000000000e+02 8.107439687499997175e-03
4.210000000000000000e+02 8.358397031249999165e-03
4.220000000000000000e+02 8.613112578125005359e-03
4.230000000000000000e+02 8.870447421874996796e-03
4.240000000000000000e+02 9.129131406250004521e-03
4.250000000000000000e+02 9.387797421874998285e-03
4.260000000000000000e+02 9.645057343750006174e-03
4.270000000000000000e+02 9.899522343750003298e-03
4.280000000000000000e+02 1.014984609375000485e-02
4.290000000000000000e+02 1.039471445312500388e-02
4.300000000000000000e+02 1.063291492187500020e-02
4.310000000000000000e+02 1.086340687500000381e-02
4.320000000000000000e+02 1.108526609374999895e-02
4.330000000000000000e+02 1.129772046875000303e-02
4.340000000000000000e+02 1.150007101562500189e-02
4.350000000000000000e+02 1.169180867187500326e-02
4.360000000000000000e+02 1.187253773437500250e-02
4.370000000000000000e+02 1.204185507812500014e-02
4.380000000000000000e+02 1.219958132812499867e-02
4.390000000000000000e+02 1.234536039062499382e-02
4.400000000000000000e+02 1.247901070312499618e-02
4.410000000000000000e+02 1.260026703125000092e-02
4.420000000000000000e+02 1.270877218750000003e-02
4.430000000000000000e+02 1.280419484374999660e-02
4.440000000000000000e+02 1.288616593749999928e-02
4.450000000000000000e+02 1.295425914062499524e-02
4.460000000000000000e+02 1.300796171875000240e-02
4.470000000000000000e+02 1.304685757812499430e-02
4.480000000000000000e+02 1.307054367968749423e-02
4.490000000000000000e+02 1.307864658593749924e-02
4.500000000000000000e+02 1.307092406249999589e-02
4.510000000000000000e+02 1.304732123437500266e-02
4.520000000000000000e+02 1.300791446093749887e-02
4.530000000000000000e+02 1.295310529687499976e-02
4.540000000000000000e+02 1.288348946093750141e-02
4.550000000000000000e+02 1.280000484374999720e-02
4.560000000000000000e+02 1.270374416406249395e-02
4.570000000000000000e+02 1.259616417265626079e-02
4.580000000000000000e+02 1.247907175679687126e-02
4.590000000000000000e+02 1.235418563046875202e-02
4.600000000000000000e+02 1.222363032187501024e-02
4.610000000000000000e+02 1.208959595312500759e-02
4.620000000000000000e+02 1.195416705468749924e-02
4.630000000000000000e+02 1.181951125781249314e-02
4.640000000000000000e+02 1.168778295312499979e-02
4.650000000000000000e+02 1.156079840624999085e-02
4.660000000000000000e+02 1.144041675000000147e-02
4.670000000000000000e+02 1.132832159374999939e-02
4.680000000000000000e+02 1.122591149999999788e-02
4.690000000000000000e+02 1.113464648437499996e-02
4.700000000000000000e+02 1.105569278124999243e-02
4.710000000000000000e+02 1.099015479687499505e-02
4.720000000000000000e+02 1.093903160937499675e-02
4.730000000000000000e+02 1.090310242187499459e-02
4.740000000000000000e+02 1.088285734921875213e-02
4.750000000000000000e+02 1.087850500000000359e-02
4.760000000000000000e+02 1.088973467187499995e-02
4.770000000000000000e+02 1.091552072656249914e-02
4.780000000000000000e+02 1.095429275843750293e-02
4.790000000000000000e+02 1.100345832109374603e-02
4.800000000000000000e+02 1.105945928906250028e-02
4.810000000000000000e+02 1.111767282031249880e-02
4.820000000000000000e+02 1.117258199999999861e-02
4.830000000000000000e+02 1.121769277187499581e-02
4.840000000000000000e+02 1.124569609375000202e-02
4.850000000000000000e+02 1.124888574218750430e-02
4.860000000000000000e+02 1.121955106250000292e-02
4.870000000000000000e+02 1.114983335937500160e-02
4.880000000000000000e+02 1.103286890625000682e-02
4.890000000000000000e+02 1.086277855703125447e-02
4.900000000000000000e+02 1.063510188281249769e-02
4.910000000000000000e+02 1.034736001093749733e-02
4.920000000000000000e+02 9.999336648437500905e-03
4.930000000000000000e+02 9.593331648437498221e-03
4.940000000000000000e+02 9.134476945312499166e-03
4.950000000000000000e+02 8.630878453124999142e-03
4.960000000000000000e+02 8.093635726562501201e-03
4.970000000000000000e+02 7.537016195312501096e-03
4.980000000000000000e+02 6.978102085937500955e-03
4.990000000000000000e+02 6.436785703125002221e-03
5.000000000000000000e+02 5.935753281249998327e-03
5.010000000000000000e+02 5.500056171874999171e-03
5.020000000000000000e+02 5.157786328125003004e-03
5.030000000000000000e+02 4.940501874999998592e-03
5.040000000000000000e+02 4.885080562500000549e-03
5.050000000000000000e+02 5.036763171874996531e-03
5.060000000000000000e+02 5.454345294531252886e-03
5.070000000000000000e+02 6.218348765624999441e-03
5.080000000000000000e+02 7.443559515624997326e-03
5.090000000000000000e+02 9.297109648437499457e-03
5.100000000000000000e+02 1.202467416406250052e-02
5.110000000000000000e+02 1.598702382812500211e-02
