0.000000000000000000e+00 1.728660804687499712e-03
1.000000000000000000e+00 1.726425695312499599e-03
2.000000000000000000e+00 1.721955000000000057e-03
3.000000000000000000e+00 1.715268757812500513e-03
4.000000000000000000e+00 1.706394476562499499e-03
5.000000000000000000e+00 1.695353507812500087e-03
6.000000000000000000e+00 1.682199804687499901e-03
7.000000000000000000e+00 1.666969499999999653e-03
8.000000000000000000e+00 1.649727375000000374e-03
9.000000000000000000e+00 1.630538015625000161e-03
1.000000000000000000e+01 1.609450992187499594e-03
1.100000000000000000e+01 1.586566484374999720e-03
1.200000000000000000e+01 1.561950601562500001e-03
1.300000000000000000e+01 1.535701335937500901e-03
1.400000000000000000e+01 1.507907789062499972e-03
1.500000000000000000e+01 1.478668382812500272e-03
1.600000000000000000e+01 1.448090828124999532e-03
1.700000000000000000e+01 1.416283578125000298e-03
1.800000000000000000e+01 1.383358398437499253e-03
1.900000000000000000e+01 1.349433499999999880e-03
2.000000000000000000e+01 1.314630085937500180e-03
2.100000000000000000e+01 1.279062609374999977e-03
2.200000000000000000e+01 1.242862304687500450e-03
2.300000000000000000e+01 1.206158523437500085e-03
2.400000000000000000e+01 1.169070968750000276e-03
2.500000000000000000e+01 1.131737562499999768e-03
2.600000000000000000e+01 1.094277809375000235e-03
2.700000000000000000e+01 1.056825473437500093e-03
2.800000000000000000e+01 1.019511069531249970e-03
2.900000000000000000e+01 9.824559796874998783e-04
3.000000000000000000e+01 9.457859335937502526e-04
3.100000000000000000e+01 9.096335398437499671e-04
3.200000000000000000e+01 8.741147675000003484e-04
3.300000000000000000e+01 8.393416740625002197e-04
3.400000000000000000e+01 8.054401664062496059e-04
3.500000000000000000e+01 7.725177007812496699e-04
3.600000000000000000e+01 7.406779851562500039e-04
3.700000000000000000e+01 7.100344585937499011e-04
3.800000000000000000e+01 6.806798148437498809e-04
3.900000000000000000e+01 6.527067017187499149e-04
4.000000000000000000e+01 6.262071291406249955e-04
4.100000000000000000e+01 6.012662726562498314e-04
4.200000000000000000e+01 5.779598992187498768e-04
4.300000000000000000e+01 5.563666718750000587e-04
4.400000000000000000e+01 5.365449374999999585e-04
4.500000000000000000e+01 5.185609687500000817e-04
4.600000000000000000e+01 5.024689296874998911e-04
4.700000000000000000e+01 4.883165624999998445e-04
4.800000000000000000e+01 4.761435312500000437e-04
4.900000000000000000e+01 4.659891953125001006e-04
5.000000000000000000e+01 4.578812656250000118e-04
5.100000000000000000e+01 4.518427265624999850e-04
5.200000000000000000e+01 4.478926328124996402e-04
5.300000000000000000e+01 4.460393359374999482e-04
5.400000000000000000e+01 4.462884921874999376e-04
5.500000000000000000e+01 4.486375156250000480e-04
5.600000000000000000e+01 4.530838359375001143e-04
5.700000000000000000e+01 4.596110468750000443e-04
5.800000000000000000e+01 4.681977710937501071e-04
5.900000000000000000e+01 4.788268781250000277e-04
6.000000000000000000e+01 4.914649445312499216e-04
6.100000000000000000e+01 5.060839765625000817e-04
6.200000000000000000e+01 5.226409210937497723e-04
6.300000000000000000e+01 5.410943246874999699e-04
6.400000000000000000e+01 5.613996328124999614e-04
6.500000000000000000e+01 5.835038310937502165e-04
6.600000000000000000e+01 6.073525546875001638e-04
6.700000000000000000e+01 6.328947578125001996e-04
6.800000000000000000e+01 6.600611093750001403e-04
6.900000000000000000e+01 6.887978593750000884e-04
7.000000000000000000e+01 7.190344062499996920e-04
7.100000000000000000e+01 7.507033281250001782e-04
7.200000000000000000e+01 7.837354062499997083e-04
7.300000000000000000e+01 8.180618375000000414e-04
7.400000000000000000e+01 8.536079359375003950e-04
7.500000000000000000e+01 8.903006710937503513e-04
7.600000000000000000e+01 9.280697992187498906e-04
7.700000000000000000e+01 9.668367390625001072e-04
7.800000000000000000e+01 1.006525017968750053e-03
7.900000000000000000e+01 1.047065167734374802e-03
8.000000000000000000e+01 1.088378826562499957e-03
8.100000000000000000e+01 1.130395994531249856e-03
8.200000000000000000e+01 1.173034333593749295e-03
8.300000000000000000e+01 1.216229453124999639e-03
8.400000000000000000e+01 1.259899312500001008e-03
8.500000000000000000e+01 1.303978992187499386e-03
8.600000000000000000e+01 1.348397710937499720e-03
8.700000000000000000e+01 1.393083749999999860e-03
8.800000000000000000e+01 1.437974554687500425e-03
8.900000000000000000e+01 1.482999601562500370e-03
9.000000000000000000e+01 1.528097281249999814e-03
9.100000000000000000e+01 1.573197234375001098e-03
9.200000000000000000e+01 1.618247289062500023e-03
9.300000000000000000e+01 1.663182593749999499e-03
9.400000000000000000e+01 1.707946304687499956e-03
9.500000000000000000e+01 1.752489296874999063e-03
9.600000000000000000e+01 1.796736609375000496e-03
9.700000000000000000e+01 1.840661085937499901e-03
9.800000000000000000e+01 1.884194765625000524e-03
9.900000000000000000e+01 1.927290781250001230e-03
1.000000000000000000e+02 1.969901289062500529e-03
1.010000000000000000e+02 2.011992937500000581e-03
1.020000000000000000e+02 2.053503453124999687e-03
1.030000000000000000e+02 2.094398945312500940e-03
1.040000000000000000e+02 2.134638492187498123e-03
1.050000000000000000e+02 2.174181609374999536e-03
1.060000000000000000e+02 2.212983515624998392e-03
1.070000000000000000e+02 2.251021468749999505e-03
1.080000000000000000e+02 2.288246234374999299e-03
1.090000000000000000e+02 2.324634570312498951e-03
1.100000000000000000e+02 2.360146851562498933e-03
1.110000000000000000e+02 2.394755328125000408e-03
1.120000000000000000e+02 2.428430882812499404e-03
1.130000000000000000e+02 2.461143390625001367e-03
1.140000000000000000e+02 2.492866140624999324e-03
1.150000000000000000e+02 2.523566054687500278e-03
1.160000000000000000e+02 2.553231585937498164e-03
1.170000000000000000e+02 2.581833671875000472e-03
1.180000000000000000e+02 2.609353171874999495e-03
1.190000000000000000e+02 2.635766335937498196e-03
1.200000000000000000e+02 2.661052546874997666e-03
1.210000000000000000e+02 2.685200890624998230e-03
1.220000000000000000e+02 2.708202242187499921e-03
1.230000000000000000e+02 2.730028804687499588e-03
1.240000000000000000e+02 2.750674617187499286e-03
1.250000000000000000e+02 2.770139742187499414e-03
1.260000000000000000e+02 2.788402874999999261e-03
1.270000000000000000e+02 2.805464054687498154e-03
1.280000000000000000e+02 2.821329765624998754e-03
1.290000000000000000e+02 2.835980632812500849e-03
1.300000000000000000e+02 2.849466546875000297e-03
1.310000000000000000e+02 2.861731265625000031e-03
1.320000000000000000e+02 2.872822703124998031e-03
1.330000000000000000e+02 2.882757234375000858e-03
1.340000000000000000e+02 2.891523664062499010e-03
1.350000000000000000e+02 2.899152109375000268e-03
1.360000000000000000e+02 2.905684515625000987e-03
1.370000000000000000e+02 2.911107359374998527e-03
1.380000000000000000e+02 2.915489882031249962e-03
1.390000000000000000e+02 2.918852175000001461e-03
1.400000000000000000e+02 2.921235039062498786e-03
1.410000000000000000e+02 2.922661149218750212e-03
1.420000000000000000e+02 2.923219065937500156e-03
1.430000000000000000e+02 2.922920326640624997e-03
1.440000000000000000e+02 2.921820463281251355e-03
1.450000000000000000e+02 2.919992623437500136e-03
1.460000000000000000e+02 2.917508745312498430e-03
1.470000000000000000e+02 2.914432680468748843e-03
1.480000000000000000e+02 2.910815503984373956e-03
1.490000000000000000e+02 2.906720282343749299e-03
1.500000000000000000e+02 2.902273681406249486e-03
1.510000000000000000e+02 2.897512732812499141e-03
1.520000000000000000e+02 2.892531834843748654e-03
1.530000000000000000e+02 2.887412019296876388e-03
1.540000000000000000e+02 2.882239901562499984e-03
1.550000000000000000e+02 2.877101004687498617e-03
1.560000000000000000e+02 2.872129748437500518e-03
1.570000000000000000e+02 2.867344839843750069e-03
1.580000000000000000e+02 2.862898610156249749e-03
1.590000000000000000e+02 2.858811898437500342e-03
1.600000000000000000e+02 2.855266609375000080e-03
1.610000000000000000e+02 2.852272187499999348e-03
1.620000000000000000e+02 2.849960781249998194e-03
1.630000000000000000e+02 2.848382781250001754e-03
1.640000000000000000e+02 2.847667210937500446e-03
1.650000000000000000e+02 2.847852023437500747e-03
1.660000000000000000e+02 2.849025781250000711e-03
1.670000000000000000e+02 2.851264835937498965e-03
1.680000000000000000e+02 2.854619414062499645e-03
1.690000000000000000e+02 2.859137320312499057e-03
1.700000000000000000e+02 2.864886039062501579e-03
1.710000000000000000e+02 2.871899882812499992e-03
1.720000000000000000e+02 2.880225593749997232e-03
1.730000000000000000e+02 2.889877632812500648e-03
1.740000000000000000e+02 2.900886445312501373e-03
1.750000000000000000e+02 2.913252492187498512e-03
1.760000000000000000e+02 2.926979164062499823e-03
1.770000000000000000e+02 2.942057921874999607e-03
1.780000000000000000e+02 2.958462156250000162e-03
1.790000000000000000e+02 2.976166828125000139e-03
1.800000000000000000e+02 2.995133171874999126e-03
1.810000000000000000e+02 3.015305710937500518e-03
1.820000000000000000e+02 3.036632093749999997e-03
1.830000000000000000e+02 3.059031304687499439e-03
1.840000000000000000e+02 3.082434789843750082e-03
1.850000000000000000e+02 3.106743800781249388e-03
1.860000000000000000e+02 3.131853834375000496e-03
1.870000000000000000e+02 3.157674615625000701e-03
1.880000000000000000e+02 3.184072396875000342e-03
1.890000000000000000e+02 3.210938954687499181e-03
1.900000000000000000e+02 3.238134684937500965e-03
1.910000000000000000e+02 3.265526174999998799e-03
1.920000000000000000e+02 3.292975360937499575e-03
1.930000000000000000e+02 3.320338218671874814e-03
1.940000000000000000e+02 3.347466982031249184e-03
1.950000000000000000e+02 3.374217708593750184e-03
1.960000000000000000e+02 3.400419914843749811e-03
1.970000000000000000e+02 3.425964260703124979e-03
1.980000000000000000e+02 3.450664153906249278e-03
1.990000000000000000e+02 3.474418960937499228e-03
2.000000000000000000e+02 3.497036960703124933e-03
2.010000000000000000e+02 3.518413638281250519e-03
2.020000000000000000e+02 3.538431122656252644e-03
2.030000000000000000e+02 3.556967424218750694e-03
2.040000000000000000e+02 3.573899274531250336e-03
2.050000000000000000e+02 3.589166538281250273e-03
2.060000000000000000e+02 3.602628964062501351e-03
2.070000000000000000e+02 3.614269627343751415e-03
2.080000000000000000e+02 3.624008768750002635e-03
2.090000000000000000e+02 3.631790649218749698e-03
2.100000000000000000e+02 3.637599796875000922e-03
2.110000000000000000e+02 3.641461945312500070e-03
2.120000000000000000e+02 3.643356773437497580e-03
2.130000000000000000e+02 3.643299616406250278e-03
2.140000000000000000e+02 3.641395533593750743e-03
2.150000000000000000e+02 3.637670044531252783e-03
2.160000000000000000e+02 3.632210167187499821e-03
2.170000000000000000e+02 3.625149242187501210e-03
2.180000000000000000e+02 3.616634406249998566e-03
2.190000000000000000e+02 3.606804945312500933e-03
2.200000000000000000e+02 3.595801039062500662e-03
2.210000000000000000e+02 3.583875656250002512e-03
2.220000000000000000e+02 3.571201935156250590e-03
2.230000000000000000e+02 3.558026976093749388e-03
2.240000000000000000e+02 3.544617128125000100e-03
2.250000000000000000e+02 3.531241417187500325e-03
2.260000000000000000e+02 3.518182062499998573e-03
2.270000000000000000e+02 3.505750374999999554e-03
2.280000000000000000e+02 3.494265867187499198e-03
2.290000000000000000e+02 3.484065453125002529e-03
2.300000000000000000e+02 3.475503101562498875e-03
2.310000000000000000e+02 3.468920221875000480e-03
2.320000000000000000e+02 3.464708867968748461e-03
2.330000000000000000e+02 3.463215076562498919e-03
2.340000000000000000e+02 3.464840453125000476e-03
2.350000000000000000e+02 3.469960789062500901e-03
2.360000000000000000e+02 3.478954437499999150e-03
2.370000000000000000e+02 3.492210085937498803e-03
2.380000000000000000e+02 3.510102835937500398e-03
2.390000000000000000e+02 3.533017835937500052e-03
2.400000000000000000e+02 3.561313160937498983e-03
2.410000000000000000e+02 3.595337562500000670e-03
2.420000000000000000e+02 3.635450101562499002e-03
2.430000000000000000e+02 3.681960828124998010e-03
2.440000000000000000e+02 3.735192479687500684e-03
2.450000000000000000e+02 3.795430226562501209e-03
2.460000000000000000e+02 3.862950992187500973e-03
2.470000000000000000e+02 3.938006226562501370e-03
2.480000000000000000e+02 4.020792593750001018e-03
2.490000000000000000e+02 4.111500554687500496e-03
2.500000000000000000e+02 4.210332578124999919e-03
2.510000000000000000e+02 4.317376015625000799e-03
2.520000000000000000e+02 4.432740546874999396e-03
2.530000000000000000e+02 4.556507812500002613e-03
2.540000000000000000e+02 4.688678359375000188e-03
2.550000000000000000e+02 4.829259296875002688e-03
2.560000000000000000e+02 4.978199609375000972e-03
2.570000000000000000e+02 5.135418281250000820e-03
2.580000000000000000e+02 5.300782968750000768e-03
2.590000000000000000e+02 5.474148671875000809e-03
2.600000000000000000e+02 5.655288984375000418e-03
2.610000000000000000e+02 5.844011484374998962e-03
2.620000000000000000e+02 6.039997031249998323e-03
2.630000000000000000e+02 6.242943124999998997e-03
2.640000000000000000e+02 6.452498203125001282e-03
2.650000000000000000e+02 6.668250781250001022e-03
2.660000000000000000e+02 6.889834453125000258e-03
2.670000000000000000e+02 7.116752031250002213e-03
2.680000000000000000e+02 7.348502812500001119e-03
2.690000000000000000e+02 7.584611015624995872e-03
2.700000000000000000e+02 7.824498125000002580e-03
2.710000000000000000e+02 8.067587500000000800e-03
2.720000000000000000e+02 8.313272734375001805e-03
2.730000000000000000e+02 8.560887187499997830e-03
2.740000000000000000e+02 8.809899062499999475e-03
2.750000000000000000e+02 9.059532734374998661e-03
2.760000000000000000e+02 9.309164140625001208e-03
2.770000000000000000e+02 9.558059765625001591e-03
2.780000000000000000e+02 9.805562812500005082e-03
2.790000000000000000e+02 1.005085367187500030e-02
2.800000000000000000e+02 1.029333390624999865e-02
2.810000000000000000e+02 1.053218140625000743e-02
2.820000000000000000e+02 1.076670492187499668e-02
2.830000000000000000e+02 1.099622499999999489e-02
2.840000000000000000e+02 1.121990156249999884e-02
2.850000000000000000e+02 1.143711640624999609e-02
2.860000000000000000e+02 1.164718164062500394e-02
2.870000000000000000e+02 1.184931132812500759e-02
2.880000000000000000e+02 1.204288585937499795e-02
2.890000000000000000e+02 1.222725976562500511e-02
2.900000000000000000e+02 1.240182523437499337e-02
2.910000000000000000e+02 1.256590148437499409e-02
2.920000000000000000e+02 1.271894187500000398e-02
2.930000000000000000e+02 1.286040765625000304e-02
2.940000000000000000e+02 1.298976828125000468e-02
2.950000000000000000e+02 1.310654257812500847e-02
2.960000000000000000e+02 1.321025507812500534e-02
2.970000000000000000e+02 1.330052531249999517e-02
2.980000000000000000e+02 1.337698781249998907e-02
2.990000000000000000e+02 1.343933374999999736e-02
3.000000000000000000e+02 1.348717804687499244e-02
3.010000000000000000e+02 1.352036187500000111e-02
3.020000000000000000e+02 1.353872960937499773e-02
3.030000000000000000e+02 1.354210406249999749e-02
3.040000000000000000e+02 1.353032117187500175e-02
3.050000000000000000e+02 1.350345546874999816e-02
3.060000000000000000e+02 1.346139234375000153e-02
3.070000000000000000e+02 1.340423398437499795e-02
3.080000000000000000e+02 1.333211789062500527e-02
3.090000000000000000e+02 1.324512898437500003e-02
3.100000000000000000e+02 1.314352914062499531e-02
3.110000000000000000e+02 1.302748515625000089e-02
3.120000000000000000e+02 1.289731468750000137e-02
3.130000000000000000e+02 1.275338960937500571e-02
3.140000000000000000e+02 1.259600781249999718e-02
3.150000000000000000e+02 1.242561906249999536e-02
3.160000000000000000e+02 1.224272187499999068e-02
3.170000000000000000e+02 1.204772203125000288e-02
3.180000000000000000e+02 1.184117218749999693e-02
3.190000000000000000e+02 1.162370656249999898e-02
3.200000000000000000e+02 1.139584195312500110e-02
3.210000000000000000e+02 1.115822789062500403e-02
3.220000000000000000e+02 1.091143882812500333e-02
3.230000000000000000e+02 1.065625921874999507e-02
3.240000000000000000e+02 1.039327726562499707e-02
3.250000000000000000e+02 1.012336539062499811e-02
3.260000000000000000e+02 9.847119609374996307e-03
3.270000000000000000e+02 9.565361249999999524e-03
3.280000000000000000e+02 9.278849937499998243e-03
3.290000000000000000e+02 8.988368281250005976e-03
3.300000000000000000e+02 8.694751796874998842e-03
3.310000000000000000e+02 8.398719367187496357e-03
3.320000000000000000e+02 8.101181804687501362e-03
3.330000000000000000e+02 7.802883921874996520e-03
3.340000000000000000e+02 7.504653749999996154e-03
3.350000000000000000e+02 7.207293968750001258e-03
3.360000000000000000e+02 6.911619023437504464e-03
3.370000000000000000e+02 6.618339330468751315e-03
3.380000000000000000e+02 6.328336078125005107e-03
3.390000000000000000e+02 6.042258659374997315e-03
3.400000000000000000e+02 5.760843177343751530e-03
3.410000000000000000e+02 5.484822726562502311e-03
3.420000000000000000e+02 5.214757100781245748e-03
3.430000000000000000e+02 4.951337093750001785e-03
3.440000000000000000e+02 4.695133132812502087e-03
3.450000000000000000e+02 4.446702757812501412e-03
3.460000000000000000e+02 4.206504796874999813e-03
3.470000000000000000e+02 3.975006648437500421e-03
3.480000000000000000e+02 3.752682578125001236e-03
3.490000000000000000e+02 3.539828312499999474e-03
3.500000000000000000e+02 3.336814549999998249e-03
3.510000000000000000e+02 3.143939835937501186e-03
3.520000000000000000e+02 2.961446523437501633e-03
3.530000000000000000e+02 2.789560796875000404e-03
3.540000000000000000e+02 2.628456015624999059e-03
3.550000000000000000e+02 2.478290281250001333e-03
3.560000000000000000e+02 2.339177242968752332e-03
3.570000000000000000e+02 2.211191726562499772e-03
3.580000000000000000e+02 2.094395056648437441e-03
3.590000000000000000e+02 1.988793523437499492e-03
3.600000000000000000e+02 1.894376664062499349e-03
3.610000000000000000e+02 1.811109859374999964e-03
3.620000000000000000e+02 1.738902734375000333e-03
3.630000000000000000e+02 1.677663429687498934e-03
3.640000000000000000e+02 1.627256366406250928e-03
3.650000000000000000e+02 1.587525017968749539e-03
3.660000000000000000e+02 1.558282778906250506e-03
3.670000000000000000e+02 1.539338506250001459e-03
3.680000000000000000e+02 1.530457921874999773e-03
3.690000000000000000e+02 1.531416242187500594e-03
3.700000000000000000e+02 1.541951468750000576e-03
3.710000000000000000e+02 1.561801796875000479e-03
3.720000000000000000e+02 1.590688593749999945e-03
3.730000000000000000e+02 1.628347890625000223e-03
3.740000000000000000e+02 1.674463359375000411e-03
3.750000000000000000e+02 1.728734062499998883e-03
3.760000000000000000e+02 1.790828671874999814e-03
3.770000000000000000e+02 1.860422734374999644e-03
3.780000000000000000e+02 1.937138125000000292e-03
3.790000000000000000e+02 2.020610843750001231e-03
3.800000000000000000e+02 2.110422554687500611e-03
3.810000000000000000e+02 2.206157023437499594e-03
3.820000000000000000e+02 2.307363921874999724e-03
3.830000000000000000e+02 2.413594031249998925e-03
3.840000000000000000e+02 2.524371179687498468e-03
3.850000000000000000e+02 2.639234078124998942e-03
3.860000000000000000e+02 2.757723054687499873e-03
3.870000000000000000e+02 2.879417882812499753e-03
3.880000000000000000e+02 3.003914843750001180e-03
3.890000000000000000e+02 3.130864140625000489e-03
3.900000000000000000e+02 3.259969531250000736e-03
3.910000000000000000e+02 3.391018359375000228e-03
3.920000000000000000e+02 3.523893281250001317e-03
3.930000000000000000e+02 3.658446718750000149e-03
3.940000000000000000e+02 3.794745312500001112e-03
3.950000000000000000e+02 3.932840156250003334e-03
3.960000000000000000e+02 4.072907187499999644e-03
3.970000000000000000e+02 4.215171562499999032e-03
3.980000000000000000e+02 4.359834999999999405e-03
3.990000000000000000e+02 4.507251171875003258e-03
4.000000000000000000e+02 4.657742812499999878e-03
4.010000000000000000e+02 4.811621328124998827e-03
4.020000000000000000e+02 4.969215078125000309e-03
4.030000000000000000e+02 5.130814531250001490e-03
4.040000000000000000e+02 5.296727187500003577e-03
4.050000000000000000e+02 5.467181484374997354e-03
4.060000000000000000e+02 5.642361562499999088e-03
4.070000000000000000e+02 5.822469218750001008e-03
4.080000000000000000e+02 6.007587578124996656e-03
4.090000000000000000e+02 6.197770390624997641e-03
4.100000000000000000e+02 6.393079609375002144e-03
4.110000000000000000e+02 6.593469609375002954e-03
4.120000000000000000e+02 6.798896562499997555e-03
4.130000000000000000e+02 7.009345312499999127e-03
4.140000000000000000e+02 7.224581406249999671e-03
4.150000000000000000e+02 7.444484921875001160e-03
4.160000000000000000e+02 7.668861875000002049e-03
4.170000000000000000e+02 7.897354375000002064e-03
4.180000000000000000e+02 8.129667109375000519e-03
4.190000000000000000e+02 8.365321484375002128e-03
4.200000000000000000e+02 8.603702499999999267e-03
4.210000000000000000e+02 8.844120859375002169e-03
4.220000000000000000e+02 9.085806874999996161e-03
4.230000000000000000e+02 9.327802343749991634e-03
4.240000000000000000e+02 9.569053124999992235e-03
4.250000000000000000e+02 9.808301562500005080e-03
4.260000000000000000e+02 1.004433359375000480e-02
4.270000000000000000e+02 1.027580625000000004e-02
4.280000000000000000e+02 1.050135468749999711e-02
4.290000000000000000e+02 1.071963500000000513e-02
4.300000000000000000e+02 1.092936289062499886e-02
4.310000000000000000e+02 1.112929359374999899e-02
4.320000000000000000e+02 1.131835804687500446e-02
4.330000000000000000e+02 1.149561148437499083e-02
4.340000000000000000e+02 1.166029437500000314e-02
4.350000000000000000e+02 1.181174640624999862e-02
4.360000000000000000e+02 1.194962343750000620e-02
4.370000000000000000e+02 1.207360570312500207e-02
4.380000000000000000e+02 1.218362906249999267e-02
4.390000000000000000e+02 1.227968476562500168e-02
4.400000000000000000e+02 1.236199203125000305e-02
4.410000000000000000e+02 1.243078085937500063e-02
4.420000000000000000e+02 1.248636375000000166e-02
4.430000000000000000e+02 1.252907789062500388e-02
4.440000000000000000e+02 1.255938726562500114e-02
4.450000000000000000e+02 1.257767546875000406e-02
4.460000000000000000e+02 1.258444867187500163e-02
4.470000000000000000e+02 1.258005718749999856e-02
4.480000000000000000e+02 1.256505976562500258e-02
4.490000000000000000e+02 1.253998625000001151e-02
4.500000000000000000e+02 1.250540507812499327e-02
4.510000000000000000e+02 1.246203937500000615e-02
4.520000000000000000e+02 1.241068223437499785e-02
4.530000000000000000e+02 1.235216255468750413e-02
4.540000000000000000e+02 1.228776316406249465e-02
4.550000000000000000e+02 1.221861474218749986e-02
4.560000000000000000e+02 1.214628526562499568e-02
4.570000000000000000e+02 1.207238874218749362e-02
4.580000000000000000e+02 1.199872171093749676e-02
4.590000000000000000e+02 1.192741837109375334e-02
4.600000000000000000e+02 1.186048951093749380e-02
4.610000000000000000e+02 1.180012713281249938e-02
4.620000000000000000e+02 1.174852058593749658e-02
4.630000000000000000e+02 1.170773374218749517e-02
4.640000000000000000e+02 1.167972335937499280e-02
4.650000000000000000e+02 1.166616225000000583e-02
4.660000000000000000e+02 1.166845985937499733e-02
4.670000000000000000e+02 1.168760060937499776e-02
4.680000000000000000e+02 1.172412925000000140e-02
4.690000000000000000e+02 1.177806804687499959e-02
4.700000000000000000e+02 1.184907287500000170e-02
4.710000000000000000e+02 1.193620607031250364e-02
4.720000000000000000e+02 1.203807970312499760e-02
4.730000000000000000e+02 1.215278722656249442e-02
4.740000000000000000e+02 1.227809121874999694e-02
4.750000000000000000e+02 1.241123787500000332e-02
4.760000000000000000e+02 1.254895516406248981e-02
4.770000000000000000e+02 1.268773469999999459e-02
4.780000000000000000e+02 1.282354871796875101e-02
4.790000000000000000e+02 1.295170982031250070e-02
4.800000000000000000e+02 1.306717133593750073e-02
4.810000000000000000e+02 1.316451632578125031e-02
4.820000000000000000e+02 1.323753021171874752e-02
4.830000000000000000e+02 1.327981041406249389e-02
4.840000000000000000e+02 1.328460112500000172e-02
4.850000000000000000e+02 1.324502657812499234e-02
4.860000000000000000e+02 1.315431425781250253e-02
4.870000000000000000e+02 1.300599489062499378e-02
4.880000000000000000e+02 1.279465185156250344e-02
4.890000000000000000e+02 1.251579012500000053e-02
4.900000000000000000e+02 1.216657420312500758e-02
4.910000000000000000e+02 1.174632574140625253e-02
4.920000000000000000e+02 1.125660157812500076e-02
4.930000000000000000e+02 1.070183328195312839e-02
4.940000000000000000e+02 1.008935514843750311e-02
4.950000000000000000e+02 9.429839976562503362e-03
4.960000000000000000e+02 8.737196179687501882e-03
4.970000000000000000e+02 8.028643928125000703e-03
4.980000000000000000e+02 7.324984023437498999e-03
4.990000000000000000e+02 6.650127578124997996e-03
5.000000000000000000e+02 6.031419062499998769e-03
5.010000000000000000e+02 5.499501953125001188e-03
5.020000000000000000e+02 5.088811640624999605e-03
5.030000000000000000e+02 4.838345937499999479e-03
5.040000000000000000e+02 4.793459531250000502e-03
5.050000000000000000e+02 5.008618445312499820e-03
5.060000000000000000e+02 5.552328109374998245e-03
5.070000000000000000e+02 6.514463187499998018e-03
5.080000000000000000e+02 8.017395671875000157e-03
5.090000000000000000e+02 1.023186588046874797e-02
5.100000000000000000e+02 1.339989882031250232e-02
5.110000000000000000e+02 1.786624859374999486e-02
