0.000000000000000000e+00 2.469219843750000351e-03
1.000000000000000000e+00 2.465651796875001443e-03
2.000000000000000000e+00 2.458541562500000856e-03
3.000000000000000000e+00 2.447898046875001711e-03
4.000000000000000000e+00 2.433774609375001074e-03
5.000000000000000000e+00 2.416218984374999840e-03
6.000000000000000000e+00 2.395292562499999091e-03
7.000000000000000000e+00 2.371075406250000919e-03
8.000000000000000000e+00 2.343668562499998977e-03
9.000000000000000000e+00 2.313146453125000494e-03
1.000000000000000000e+01 2.279649109374999420e-03
1.100000000000000000e+01 2.243288164062498362e-03
1.200000000000000000e+01 2.204191796874999023e-03
1.300000000000000000e+01 2.162517101562499815e-03
1.400000000000000000e+01 2.118391804687498343e-03
1.500000000000000000e+01 2.072003507812499729e-03
1.600000000000000000e+01 2.023503789062500516e-03
1.700000000000000000e+01 1.973077210937500704e-03
1.800000000000000000e+01 1.920893390624999484e-03
1.900000000000000000e+01 1.867143851562499913e-03
2.000000000000000000e+01 1.812028296875000093e-03
2.100000000000000000e+01 1.755733273437499846e-03
2.200000000000000000e+01 1.698458484375001392e-03
2.300000000000000000e+01 1.640404007812500684e-03
2.400000000000000000e+01 1.581768046875000298e-03
2.500000000000000000e+01 1.522762507812500587e-03
2.600000000000000000e+01 1.463582828124999945e-03
2.700000000000000000e+01 1.404432476562499045e-03
2.800000000000000000e+01 1.345516984374999859e-03
2.900000000000000000e+01 1.287025320312500717e-03
3.000000000000000000e+01 1.229150890625000216e-03
3.100000000000000000e+01 1.172094828125000258e-03
3.200000000000000000e+01 1.116036156250000289e-03
3.300000000000000000e+01 1.061146906249999747e-03
3.400000000000000000e+01 1.007614148437499697e-03
3.500000000000000000e+01 9.556038664062500940e-04
3.600000000000000000e+01 9.052711593750002034e-04
3.700000000000000000e+01 8.567772632812499642e-04
3.800000000000000000e+01 8.102564421875001329e-04
3.900000000000000000e+01 7.658518531250002332e-04
4.000000000000000000e+01 7.236916999218748463e-04
4.100000000000000000e+01 6.838925921093748405e-04
4.200000000000000000e+01 6.465641421875004602e-04
4.300000000000000000e+01 6.118004046874998911e-04
4.400000000000000000e+01 5.796931382812501058e-04
4.500000000000000000e+01 5.503218984375004945e-04
4.600000000000000000e+01 5.237545937500000942e-04
4.700000000000000000e+01 5.000421328124999513e-04
4.800000000000000000e+01 4.792354765625000219e-04
4.900000000000000000e+01 4.613702265624999984e-04
5.000000000000000000e+01 4.464716171875002053e-04
5.100000000000000000e+01 4.345581171874999746e-04
5.200000000000000000e+01 4.256291578124998440e-04
5.300000000000000000e+01 4.196844085937502804e-04
5.400000000000000000e+01 4.167030195312496489e-04
5.500000000000000000e+01 4.166700870781247200e-04
5.600000000000000000e+01 4.195397523437499306e-04
5.700000000000000000e+01 4.252799554687501584e-04
5.800000000000000000e+01 4.338312164062502066e-04
5.900000000000000000e+01 4.451419535156250448e-04
6.000000000000000000e+01 4.591394174218749614e-04
6.100000000000000000e+01 4.757498124999999262e-04
6.200000000000000000e+01 4.948947281250002436e-04
6.300000000000000000e+01 5.164813046874998977e-04
6.400000000000000000e+01 5.404210468750001058e-04
6.500000000000000000e+01 5.666107890625000703e-04
6.600000000000000000e+01 5.949453984375000512e-04
6.700000000000000000e+01 6.253193671875001804e-04
6.800000000000000000e+01 6.576170156250003059e-04
6.900000000000000000e+01 6.917261562499999556e-04
7.000000000000000000e+01 7.275239062499998417e-04
7.100000000000000000e+01 7.648919218749998051e-04
7.200000000000000000e+01 8.037065625000001977e-04
7.300000000000000000e+01 8.438343124999999560e-04
7.400000000000000000e+01 8.851608828125009064e-04
7.500000000000000000e+01 9.275558750000002361e-04
7.600000000000000000e+01 9.708922812499995274e-04
7.700000000000000000e+01 1.015040664062500124e-03
7.800000000000000000e+01 1.059884203906250478e-03
7.900000000000000000e+01 1.105296624218749576e-03
8.000000000000000000e+01 1.151146226562500558e-03
8.100000000000000000e+01 1.197329293656250373e-03
8.200000000000000000e+01 1.243711677343749657e-03
8.300000000000000000e+01 1.290189484375000575e-03
8.400000000000000000e+01 1.336652023437500227e-03
8.500000000000000000e+01 1.382985648437499646e-03
8.600000000000000000e+01 1.429090945312500201e-03
8.700000000000000000e+01 1.474860523437500738e-03
8.800000000000000000e+01 1.520199359374999667e-03
8.900000000000000000e+01 1.565029945312500703e-03
9.000000000000000000e+01 1.609242656250000399e-03
9.100000000000000000e+01 1.652768593749999243e-03
9.200000000000000000e+01 1.695521640624999844e-03
9.300000000000000000e+01 1.737439531250000281e-03
9.400000000000000000e+01 1.778438359375000702e-03
9.500000000000000000e+01 1.818475703124999366e-03
9.600000000000000000e+01 1.857482031250000561e-03
9.700000000000000000e+01 1.895394609375000662e-03
9.800000000000000000e+01 1.932178515625000703e-03
9.900000000000000000e+01 1.967795703125000111e-03
1.000000000000000000e+02 2.002194531249998962e-03
1.010000000000000000e+02 2.035354140624998694e-03
1.020000000000000000e+02 2.067244375000000002e-03
1.030000000000000000e+02 2.097842578125000065e-03
1.040000000000000000e+02 2.127121406249999399e-03
1.050000000000000000e+02 2.155078515624999670e-03
1.060000000000000000e+02 2.181703828124999679e-03
1.070000000000000000e+02 2.206994921874999831e-03
1.080000000000000000e+02 2.230947343750001605e-03
1.090000000000000000e+02 2.253568281250000783e-03
1.100000000000000000e+02 2.274868984374998383e-03
1.110000000000000000e+02 2.294860234375000439e-03
1.120000000000000000e+02 2.313551640624999725e-03
1.130000000000000000e+02 2.330976718750000717e-03
1.140000000000000000e+02 2.347151171874999921e-03
1.150000000000000000e+02 2.362108437500001420e-03
1.160000000000000000e+02 2.375877421874999975e-03
1.170000000000000000e+02 2.388489296874999994e-03
1.180000000000000000e+02 2.399991562500000328e-03
1.190000000000000000e+02 2.410419531250000170e-03
1.200000000000000000e+02 2.419820078125000003e-03
1.210000000000000000e+02 2.428244609375000088e-03
1.220000000000000000e+02 2.435741015625002108e-03
1.230000000000000000e+02 2.442358593750001364e-03
1.240000000000000000e+02 2.448167187499998391e-03
1.250000000000000000e+02 2.453224609375000489e-03
1.260000000000000000e+02 2.457592109374998404e-03
1.270000000000000000e+02 2.461334375000000154e-03
1.280000000000000000e+02 2.464527890625000175e-03
1.290000000000000000e+02 2.467241953124998423e-03
1.300000000000000000e+02 2.469556093750001607e-03
1.310000000000000000e+02 2.471547109374999662e-03
1.320000000000000000e+02 2.473300546874998302e-03
1.330000000000000000e+02 2.474898437500002053e-03
1.340000000000000000e+02 2.476429687500000983e-03
1.350000000000000000e+02 2.477992812500000915e-03
1.360000000000000000e+02 2.479671328125002561e-03
1.370000000000000000e+02 2.481564414062499904e-03
1.380000000000000000e+02 2.483773890624999415e-03
1.390000000000000000e+02 2.486400960937498999e-03
1.400000000000000000e+02 2.489545851562500328e-03
1.410000000000000000e+02 2.493309257812500925e-03
1.420000000000000000e+02 2.497805718750001000e-03
1.430000000000000000e+02 2.503138187499998838e-03
1.440000000000000000e+02 2.509416117187500146e-03
1.450000000000000000e+02 2.516744460937499553e-03
1.460000000000000000e+02 2.525228778124999785e-03
1.470000000000000000e+02 2.534988909375000387e-03
1.480000000000000000e+02 2.546113188281251289e-03
1.490000000000000000e+02 2.558720998437501518e-03
1.500000000000000000e+02 2.572905795312499348e-03
1.510000000000000000e+02 2.588766818750001548e-03
1.520000000000000000e+02 2.606399757812501248e-03
1.530000000000000000e+02 2.625890897656251062e-03
1.540000000000000000e+02 2.647326754687501487e-03
1.550000000000000000e+02 2.670778703125000885e-03
1.560000000000000000e+02 2.696331132031251111e-03
1.570000000000000000e+02 2.724025299921874806e-03
1.580000000000000000e+02 2.753926532812500140e-03
1.590000000000000000e+02 2.786075653906251032e-03
1.600000000000000000e+02 2.820497900781249873e-03
1.610000000000000000e+02 2.857218853906251608e-03
1.620000000000000000e+02 2.896248196093750317e-03
1.630000000000000000e+02 2.937566333593751976e-03
1.640000000000000000e+02 2.981160657031250213e-03
1.650000000000000000e+02 3.026991983593749127e-03
1.660000000000000000e+02 3.075010428906250776e-03
1.670000000000000000e+02 3.125146867187500715e-03
1.680000000000000000e+02 3.177311937499998577e-03
1.690000000000000000e+02 3.231404070312500400e-03
1.700000000000000000e+02 3.287310179687500007e-03
1.710000000000000000e+02 3.344880890625000127e-03
1.720000000000000000e+02 3.403963640625002132e-03
1.730000000000000000e+02 3.464398445312498725e-03
1.740000000000000000e+02 3.525960054687500480e-03
1.750000000000000000e+02 3.588480156249999279e-03
1.760000000000000000e+02 3.651675234374999503e-03
1.770000000000000000e+02 3.715379140625000350e-03
1.780000000000000000e+02 3.779272031249998436e-03
1.790000000000000000e+02 3.843114921874999420e-03
1.800000000000000000e+02 3.906603828125000677e-03
1.810000000000000000e+02 3.969452265624998609e-03
1.820000000000000000e+02 4.031347031250000212e-03
1.830000000000000000e+02 4.091969531250003178e-03
1.840000000000000000e+02 4.151009531249999496e-03
1.850000000000000000e+02 4.208098203125000721e-03
1.860000000000000000e+02 4.262939921875001995e-03
1.870000000000000000e+02 4.315193593750000708e-03
1.880000000000000000e+02 4.364533132812499147e-03
1.890000000000000000e+02 4.410597179687498863e-03
1.900000000000000000e+02 4.453086671875002012e-03
1.910000000000000000e+02 4.491679718750003249e-03
1.920000000000000000e+02 4.526073203124999708e-03
1.930000000000000000e+02 4.555960062499999491e-03
1.940000000000000000e+02 4.581065804687503747e-03
1.950000000000000000e+02 4.601154468749998547e-03
1.960000000000000000e+02 4.615998419531253116e-03
1.970000000000000000e+02 4.625339695312500297e-03
1.980000000000000000e+02 4.629037484374999220e-03
1.990000000000000000e+02 4.626896312499998234e-03
2.000000000000000000e+02 4.618834078124999139e-03
2.010000000000000000e+02 4.604700390624999994e-03
2.020000000000000000e+02 4.584496820312498888e-03
2.030000000000000000e+02 4.558173406250001086e-03
2.040000000000000000e+02 4.525750695312500543e-03
2.050000000000000000e+02 4.487308999999998355e-03
2.060000000000000000e+02 4.442911117187498329e-03
2.070000000000000000e+02 4.392735609374997553e-03
2.080000000000000000e+02 4.336959156249997789e-03
2.090000000000000000e+02 4.275814351562494571e-03
2.100000000000000000e+02 4.209604359375004184e-03
2.110000000000000000e+02 4.138599578124999880e-03
2.120000000000000000e+02 4.063166624999999671e-03
2.130000000000000000e+02 3.983776750000000109e-03
2.140000000000000000e+02 3.900828136718749884e-03
2.150000000000000000e+02 3.814839719453123803e-03
2.160000000000000000e+02 3.726339410937500561e-03
2.170000000000000000e+02 3.635861703124998977e-03
2.180000000000000000e+02 3.544072734374999287e-03
2.190000000000000000e+02 3.451557398437501371e-03
2.200000000000000000e+02 3.358993218750000974e-03
2.210000000000000000e+02 3.267074695312499871e-03
2.220000000000000000e+02 3.176524859374999996e-03
2.230000000000000000e+02 3.088072234374998441e-03
2.240000000000000000e+02 3.002462515624999741e-03
2.250000000000000000e+02 2.920462812499999544e-03
2.260000000000000000e+02 2.842832453124998892e-03
2.270000000000000000e+02 2.770329757812498711e-03
2.280000000000000000e+02 2.703739867187499469e-03
2.290000000000000000e+02 2.643812218750001778e-03
2.300000000000000000e+02 2.591299679687499458e-03
2.310000000000000000e+02 2.546921578125000730e-03
2.320000000000000000e+02 2.511402070312499565e-03
2.330000000000000000e+02 2.485425148437499145e-03
2.340000000000000000e+02 2.469644507812498654e-03
2.350000000000000000e+02 2.464692062499999198e-03
2.360000000000000000e+02 2.471139429687498924e-03
2.370000000000000000e+02 2.489542629687501330e-03
2.380000000000000000e+02 2.520410497656249381e-03
2.390000000000000000e+02 2.564168257812499564e-03
2.400000000000000000e+02 2.621235343750000224e-03
2.410000000000000000e+02 2.691957898437499341e-03
2.420000000000000000e+02 2.776621593749998337e-03
2.430000000000000000e+02 2.875454945312500964e-03
2.440000000000000000e+02 2.988637429687500575e-03
2.450000000000000000e+02 3.116258203124998814e-03
2.460000000000000000e+02 3.258385937499999000e-03
2.470000000000000000e+02 3.414957656249998502e-03
2.480000000000000000e+02 3.585925937499998863e-03
2.490000000000000000e+02 3.771099374999999781e-03
2.500000000000000000e+02 3.970277500000000959e-03
2.510000000000000000e+02 4.183184609374999627e-03
2.520000000000000000e+02 4.409439218749999258e-03
2.530000000000000000e+02 4.648639921875000365e-03
2.540000000000000000e+02 4.900295078125001084e-03
2.550000000000000000e+02 5.163877968750001969e-03
2.560000000000000000e+02 5.438770781250000345e-03
2.570000000000000000e+02 5.724290937500002042e-03
2.580000000000000000e+02 6.019785078124995775e-03
2.590000000000000000e+02 6.324408046875001389e-03
2.600000000000000000e+02 6.637379687500000180e-03
2.610000000000000000e+02 6.957837578125000699e-03
2.620000000000000000e+02 7.284836875000001537e-03
2.630000000000000000e+02 7.617482968749997828e-03
2.640000000000000000e+02 7.954760859374994733e-03
2.650000000000000000e+02 8.295613281249995807e-03
2.660000000000000000e+02 8.639085937500000714e-03
2.670000000000000000e+02 8.984026562499997093e-03
2.680000000000000000e+02 9.329414843750001574e-03
2.690000000000000000e+02 9.674220312500000571e-03
2.700000000000000000e+02 1.001712343749999561e-02
2.710000000000000000e+02 1.035723593750000233e-02
2.720000000000000000e+02 1.069343671875000977e-02
2.730000000000000000e+02 1.102447499999999886e-02
2.740000000000000000e+02 1.134947265625000333e-02
2.750000000000000000e+02 1.166722343749999717e-02
2.760000000000000000e+02 1.197680312499999761e-02
2.770000000000000000e+02 1.227709453125000461e-02
2.780000000000000000e+02 1.256715312499999578e-02
2.790000000000000000e+02 1.284607656250000111e-02
2.800000000000000000e+02 1.311299999999999792e-02
2.810000000000000000e+02 1.336685703125000541e-02
2.820000000000000000e+02 1.360713749999999805e-02
2.830000000000000000e+02 1.383280937500000127e-02
2.840000000000000000e+02 1.404336953124999364e-02
2.850000000000000000e+02 1.423801093749999663e-02
2.860000000000000000e+02 1.441631328125000250e-02
2.870000000000000000e+02 1.457761796874999273e-02
2.880000000000000000e+02 1.472146953125000150e-02
2.890000000000000000e+02 1.484758515624999900e-02
2.900000000000000000e+02 1.495551484375000177e-02
2.910000000000000000e+02 1.504506953125000178e-02
2.920000000000000000e+02 1.511605234375000377e-02
2.930000000000000000e+02 1.516829375000000070e-02
2.940000000000000000e+02 1.520181562500000534e-02
2.950000000000000000e+02 1.521656093749999134e-02
2.960000000000000000e+02 1.521270234375000571e-02
2.970000000000000000e+02 1.519029765624999723e-02
2.980000000000000000e+02 1.514971484374999858e-02
2.990000000000000000e+02 1.509111953125000238e-02
3.000000000000000000e+02 1.501490468750000390e-02
3.010000000000000000e+02 1.492150156249999818e-02
3.020000000000000000e+02 1.481133437499999872e-02
3.030000000000000000e+02 1.468498281250000224e-02
3.040000000000000000e+02 1.454299843750000640e-02
3.050000000000000000e+02 1.438604453125000120e-02
3.060000000000000000e+02 1.421474531249999722e-02
3.070000000000000000e+02 1.402991484375000313e-02
3.080000000000000000e+02 1.383222187500000346e-02
3.090000000000000000e+02 1.362248906250000148e-02
3.100000000000000000e+02 1.340152734374999884e-02
3.110000000000000000e+02 1.317019375000000499e-02
3.120000000000000000e+02 1.292937890624999697e-02
3.130000000000000000e+02 1.267987812500000720e-02
3.140000000000000000e+02 1.242265546875000008e-02
3.150000000000000000e+02 1.215858593750000077e-02
3.160000000000000000e+02 1.188846484375000179e-02
3.170000000000000000e+02 1.161328906249999363e-02
3.180000000000000000e+02 1.133389999999999398e-02
3.190000000000000000e+02 1.105115703124999980e-02
3.200000000000000000e+02 1.076593437499999070e-02
3.210000000000000000e+02 1.047908046874999714e-02
3.220000000000000000e+02 1.019134843749999741e-02
3.230000000000000000e+02 9.903607812499996138e-03
3.240000000000000000e+02 9.616572656250002571e-03
3.250000000000000000e+02 9.331028124999991152e-03
3.260000000000000000e+02 9.047672656250003650e-03
3.270000000000000000e+02 8.767171796875002435e-03
3.280000000000000000e+02 8.490258359375000771e-03
3.290000000000000000e+02 8.217536796874997523e-03
3.300000000000000000e+02 7.949601875000001858e-03
3.310000000000000000e+02 7.687043828124997570e-03
3.320000000000000000e+02 7.430399765624996419e-03
3.330000000000000000e+02 7.180211640624999808e-03
3.340000000000000000e+02 6.936966328124997798e-03
3.350000000000000000e+02 6.701087734374999716e-03
3.360000000000000000e+02 6.473040156249997533e-03
3.370000000000000000e+02 6.253164375000002696e-03
3.380000000000000000e+02 6.041849687499996346e-03
3.390000000000000000e+02 5.839408281250000644e-03
3.400000000000000000e+02 5.646145546874997527e-03
3.410000000000000000e+02 5.462253046875001523e-03
3.420000000000000000e+02 5.287960781249999992e-03
3.430000000000000000e+02 5.123430156249996446e-03
3.440000000000000000e+02 4.968794140625000695e-03
3.450000000000000000e+02 4.824110468750000130e-03
3.460000000000000000e+02 4.689381562499997380e-03
3.470000000000000000e+02 4.564614687500001197e-03
3.480000000000000000e+02 4.449771171874999411e-03
3.490000000000000000e+02 4.344667023437498443e-03
3.500000000000000000e+02 4.249147281249999845e-03
3.510000000000000000e+02 4.163059562499998173e-03
3.520000000000000000e+02 4.086057234374998286e-03
3.530000000000000000e+02 4.017900734375000511e-03
3.540000000000000000e+02 3.958218109374998968e-03
3.550000000000000000e+02 3.906610488671875998e-03
3.560000000000000000e+02 3.862685769921875636e-03
3.570000000000000000e+02 3.826029671093751205e-03
3.580000000000000000e+02 3.796184656249999411e-03
3.590000000000000000e+02 3.772735273437501091e-03
3.600000000000000000e+02 3.755204820312500053e-03
3.610000000000000000e+02 3.743254945312500265e-03
3.620000000000000000e+02 3.736432367187500058e-03
3.630000000000000000e+02 3.734421484375000534e-03
3.640000000000000000e+02 3.736871875000001390e-03
3.650000000000000000e+02 3.743555234374998982e-03
3.660000000000000000e+02 3.754174843749999435e-03
3.670000000000000000e+02 3.768549765624999541e-03
3.680000000000000000e+02 3.786474687499999381e-03
3.690000000000000000e+02 3.807796484374999322e-03
3.700000000000000000e+02 3.832316796875000122e-03
3.710000000000000000e+02 3.859843203124999848e-03
3.720000000000000000e+02 3.890203906249998719e-03
3.730000000000000000e+02 3.923087890624998679e-03
3.740000000000000000e+02 3.958273124999999934e-03
3.750000000000000000e+02 3.995391640624999276e-03
3.760000000000000000e+02 4.034041718749997382e-03
3.770000000000000000e+02 4.073832421875001400e-03
3.780000000000000000e+02 4.114263828125001680e-03
3.790000000000000000e+02 4.154863828124999957e-03
3.800000000000000000e+02 4.195123359375003101e-03
3.810000000000000000e+02 4.234571484374999653e-03
3.820000000000000000e+02 4.272775468750001845e-03
3.830000000000000000e+02 4.309348671875000251e-03
3.840000000000000000e+02 4.343936874999999170e-03
3.850000000000000000e+02 4.376311484375000962e-03
3.860000000000000000e+02 4.406384765625000199e-03
3.870000000000000000e+02 4.434072031249999823e-03
3.880000000000000000e+02 4.459545000000003125e-03
3.890000000000000000e+02 4.482974921875003231e-03
3.900000000000000000e+02 4.504696328125000135e-03
3.910000000000000000e+02 4.525102187500002100e-03
3.920000000000000000e+02 4.544673203124998534e-03
3.930000000000000000e+02 4.563973593749998635e-03
3.940000000000000000e+02 4.583591250000000443e-03
3.950000000000000000e+02 4.604164453124994991e-03
3.960000000000000000e+02 4.626328125000000666e-03
3.970000000000000000e+02 4.650667421875000901e-03
3.980000000000000000e+02 4.677829296874999945e-03
3.990000000000000000e+02 4.708385312500000530e-03
4.000000000000000000e+02 4.742873437500001385e-03
4.010000000000000000e+02 4.781822500000001280e-03
4.020000000000000000e+02 4.825733750000000925e-03
4.030000000000000000e+02 4.875079843750003070e-03
4.040000000000000000e+02 4.930270546875000631e-03
4.050000000000000000e+02 4.991753515624999978e-03
4.060000000000000000e+02 5.059933359375004547e-03
4.070000000000000000e+02 5.135264296875000772e-03
4.080000000000000000e+02 5.218123515625001756e-03
4.090000000000000000e+02 5.308939765625000397e-03
4.100000000000000000e+02 5.408001093750005109e-03
4.110000000000000000e+02 5.515694375000002210e-03
4.120000000000000000e+02 5.632174843750002366e-03
4.130000000000000000e+02 5.757664609374999257e-03
4.140000000000000000e+02 5.892134062500003697e-03
4.150000000000000000e+02 6.035473281249999385e-03
4.160000000000000000e+02 6.187424453124995387e-03
4.170000000000000000e+02 6.347638593750001487e-03
4.180000000000000000e+02 6.515441796875001169e-03
4.190000000000000000e+02 6.690231484374999787e-03
4.200000000000000000e+02 6.871166718750001089e-03
4.210000000000000000e+02 7.057390546874997735e-03
4.220000000000000000e+02 7.247944687499999726e-03
4.230000000000000000e+02 7.441930554687495834e-03
4.240000000000000000e+02 7.638431921875000162e-03
4.250000000000000000e+02 7.836594953125001345e-03
4.260000000000000000e+02 8.035664109375001765e-03
4.270000000000000000e+02 8.235028421875002086e-03
4.280000000000000000e+02 8.434118726562502000e-03
4.290000000000000000e+02 8.632424320312494931e-03
4.300000000000000000e+02 8.829669843750002217e-03
4.310000000000000000e+02 9.025477359374995540e-03
4.320000000000000000e+02 9.219556867187500906e-03
4.330000000000000000e+02 9.411619554687502068e-03
4.340000000000000000e+02 9.601383096874988726e-03
4.350000000000000000e+02 9.788437026562499255e-03
4.360000000000000000e+02 9.972270687500004935e-03
4.370000000000000000e+02 1.015223478515625381e-02
4.380000000000000000e+02 1.032756084531249660e-02
4.390000000000000000e+02 1.049735869531250379e-02
4.400000000000000000e+02 1.066044180468750033e-02
4.410000000000000000e+02 1.081560397656249582e-02
4.420000000000000000e+02 1.096138416406249733e-02
4.430000000000000000e+02 1.109630189843750607e-02
4.440000000000000000e+02 1.121869867187499578e-02
4.450000000000000000e+02 1.132706741328124572e-02
4.460000000000000000e+02 1.141966534843749659e-02
4.470000000000000000e+02 1.149504435937499965e-02
4.480000000000000000e+02 1.155171584374999408e-02
4.490000000000000000e+02 1.158852454687500644e-02
4.500000000000000000e+02 1.160436660937500496e-02
4.510000000000000000e+02 1.159844616406250153e-02
4.520000000000000000e+02 1.157027357031250973e-02
4.530000000000000000e+02 1.151956781250000443e-02
4.540000000000000000e+02 1.144631742968748971e-02
4.550000000000000000e+02 1.135080830468750655e-02
4.560000000000000000e+02 1.123351817968750409e-02
4.570000000000000000e+02 1.109510282031249406e-02
4.580000000000000000e+02 1.093646468750000302e-02
4.590000000000000000e+02 1.075869804687499404e-02
4.600000000000000000e+02 1.056288539062499345e-02
4.610000000000000000e+02 1.035055374999999285e-02
4.620000000000000000e+02 1.012325429687499501e-02
4.630000000000000000e+02 9.882910156249999009e-03
4.640000000000000000e+02 9.631731406249999933e-03
4.650000000000000000e+02 9.372375468749999383e-03
4.660000000000000000e+02 9.107887265625008374e-03
4.670000000000000000e+02 8.841821171874996582e-03
4.680000000000000000e+02 8.578299921874995779e-03
4.690000000000000000e+02 8.321664687499997354e-03
4.700000000000000000e+02 8.076710156250003353e-03
4.710000000000000000e+02 7.848347265624996266e-03
4.720000000000000000e+02 7.641526328124996839e-03
4.730000000000000000e+02 7.460739843749997907e-03
4.740000000000000000e+02 7.310065078124996195e-03
4.750000000000000000e+02 7.192783828125002069e-03
4.760000000000000000e+02 7.111027734374995510e-03
4.770000000000000000e+02 7.065793359374997543e-03
4.780000000000000000e+02 7.056497968750003943e-03
4.790000000000000000e+02 7.081235859374998207e-03
4.800000000000000000e+02 7.136395937499999745e-03
4.810000000000000000e+02 7.217137343750000024e-03
4.820000000000000000e+02 7.317133906249997759e-03
4.830000000000000000e+02 7.429074375000000591e-03
4.840000000000000000e+02 7.544809531249997529e-03
4.850000000000000000e+02 7.655657734374999787e-03
4.860000000000000000e+02 7.752729062500002440e-03
4.870000000000000000e+02 7.827238437500000021e-03
4.880000000000000000e+02 7.870889921875000653e-03
4.890000000000000000e+02 7.876183359374998652e-03
4.900000000000000000e+02 7.836805703124997968e-03
4.910000000000000000e+02 7.747976406250002557e-03
4.920000000000000000e+02 7.606971171874998307e-03
4.930000000000000000e+02 7.413321015625000919e-03
4.940000000000000000e+02 7.169478984375000745e-03
4.950000000000000000e+02 6.880517187499999091e-03
4.960000000000000000e+02 6.554913984375000668e-03
4.970000000000000000e+02 6.204046054687503177e-03
4.980000000000000000e+02 5.842380596093750197e-03
4.990000000000000000e+02 5.486979039062499230e-03
5.000000000000000000e+02 5.157237343750000966e-03
5.010000000000000000e+02 4.874483749999997638e-03
5.020000000000000000e+02 4.661994921874999982e-03
5.030000000000000000e+02 4.545446875000002003e-03
5.040000000000000000e+02 4.554287500000000349e-03
5.050000000000000000e+02 4.724666765625000660e-03
5.060000000000000000e+02 5.104812999999999712e-03
5.070000000000000000e+02 5.763757444531248178e-03
5.080000000000000000e+02 6.805487436718748659e-03
5.090000000000000000e+02 8.390063539062499187e-03
5.100000000000000000e+02 1.076513164062500166e-02
5.110000000000000000e+02 1.431121070312499355e-02
