0.000000000000000000e+00 2.473848671875000793e-03
1.000000000000000000e+00 2.469006640624999815e-03
2.000000000000000000e+00 2.459342109374998853e-03
3.000000000000000000e+00 2.444908749999999582e-03
4.000000000000000000e+00 2.425762656250001099e-03
5.000000000000000000e+00 2.401999999999999188e-03
6.000000000000000000e+00 2.373722343749999804e-03
7.000000000000000000e+00 2.341066953125000519e-03
8.000000000000000000e+00 2.304169140624999935e-03
9.000000000000000000e+00 2.263220859374999797e-03
1.000000000000000000e+01 2.218387812499998755e-03
1.100000000000000000e+01 2.169890937500000214e-03
1.200000000000000000e+01 2.117941640625000017e-03
1.300000000000000000e+01 2.062779062500000662e-03
1.400000000000000000e+01 2.004649218749999292e-03
1.500000000000000000e+01 1.943827656249999406e-03
1.600000000000000000e+01 1.880583046874999449e-03
1.700000000000000000e+01 1.815202500000000305e-03
1.800000000000000000e+01 1.747980312499999725e-03
1.900000000000000000e+01 1.679219531249999961e-03
2.000000000000000000e+01 1.609229531250000152e-03
2.100000000000000000e+01 1.538315937499999892e-03
2.200000000000000000e+01 1.466816640625000440e-03
2.300000000000000000e+01 1.395034687499999496e-03
2.400000000000000000e+01 1.323288281249999573e-03
2.500000000000000000e+01 1.251905781250000011e-03
2.600000000000000000e+01 1.181189062499999774e-03
2.700000000000000000e+01 1.111461015624999561e-03
2.800000000000000000e+01 1.043028515624999609e-03
2.900000000000000000e+01 9.761853906249997595e-04
3.000000000000000000e+01 9.112196093750001176e-04
3.100000000000000000e+01 8.484203906250002399e-04
3.200000000000000000e+01 7.880553906250000818e-04
3.300000000000000000e+01 7.303877343750001406e-04
3.400000000000000000e+01 6.756593046875003852e-04
3.500000000000000000e+01 6.241098984375000394e-04
3.600000000000000000e+01 5.759542812499999012e-04
3.700000000000000000e+01 5.313953984374999431e-04
3.800000000000000000e+01 4.906223281249998472e-04
3.900000000000000000e+01 4.538054453124998702e-04
4.000000000000000000e+01 4.210948125000000641e-04
4.100000000000000000e+01 3.926265890624998736e-04
4.200000000000000000e+01 3.685168640625000372e-04
4.300000000000000000e+01 3.488614401328126347e-04
4.400000000000000000e+01 3.337389398437501701e-04
4.500000000000000000e+01 3.232112773437500228e-04
4.600000000000000000e+01 3.173168828906250253e-04
4.700000000000000000e+01 3.160748179687500889e-04
4.800000000000000000e+01 3.194896974218750831e-04
4.900000000000000000e+01 3.275427046875001411e-04
5.000000000000000000e+01 3.402018437499999804e-04
5.100000000000000000e+01 3.574107656249997681e-04
5.200000000000000000e+01 3.791006953125001210e-04
5.300000000000000000e+01 4.051817984375002068e-04
5.400000000000000000e+01 4.355505910156247753e-04
5.500000000000000000e+01 4.700848898437499620e-04
5.600000000000000000e+01 5.086502968749998747e-04
5.700000000000000000e+01 5.510953906249999382e-04
5.800000000000000000e+01 5.972583984375000408e-04
5.900000000000000000e+01 6.469592500000002043e-04
6.000000000000000000e+01 7.000107968749999477e-04
6.100000000000000000e+01 7.562103281250002595e-04
6.200000000000000000e+01 8.153538359374997747e-04
6.300000000000000000e+01 8.772172187500002242e-04
6.400000000000000000e+01 9.415734062500002392e-04
6.500000000000000000e+01 1.008190960937499882e-03
6.600000000000000000e+01 1.076831218750000201e-03
6.700000000000000000e+01 1.147241063281250265e-03
6.800000000000000000e+01 1.219174667187499861e-03
6.900000000000000000e+01 1.292384886718750230e-03
7.000000000000000000e+01 1.366622689843749244e-03
7.100000000000000000e+01 1.441617270312499453e-03
7.200000000000000000e+01 1.517124326562500035e-03
7.300000000000000000e+01 1.592890928906250114e-03
7.400000000000000000e+01 1.668664406250000044e-03
7.500000000000000000e+01 1.744196218750000043e-03
7.600000000000000000e+01 1.819246039062500254e-03
7.700000000000000000e+01 1.893576421875000108e-03
7.800000000000000000e+01 1.966949750000000427e-03
7.900000000000000000e+01 2.039146718750000416e-03
8.000000000000000000e+01 2.109948374999999748e-03
8.100000000000000000e+01 2.179140265624999843e-03
8.200000000000000000e+01 2.246521359375000700e-03
8.300000000000000000e+01 2.311894624999999773e-03
8.400000000000000000e+01 2.375092039062498984e-03
8.500000000000000000e+01 2.435927304687498379e-03
8.600000000000000000e+01 2.494248390625001654e-03
8.700000000000000000e+01 2.549897773437499564e-03
8.800000000000000000e+01 2.602748187500000549e-03
8.900000000000000000e+01 2.652661398437500175e-03
9.000000000000000000e+01 2.699524921874998235e-03
9.100000000000000000e+01 2.743233187499999771e-03
9.200000000000000000e+01 2.783712593749999506e-03
9.300000000000000000e+01 2.820862882812500121e-03
9.400000000000000000e+01 2.854627796875001088e-03
9.500000000000000000e+01 2.884947421874999897e-03
9.600000000000000000e+01 2.911783346093750700e-03
9.700000000000000000e+01 2.935106309687500730e-03
9.800000000000000000e+01 2.954895374218751824e-03
9.900000000000000000e+01 2.971135570312500099e-03
1.000000000000000000e+02 2.983843367187501670e-03
1.010000000000000000e+02 2.993020835937500092e-03
1.020000000000000000e+02 2.998703874999998804e-03
1.030000000000000000e+02 3.000914062499999025e-03
1.040000000000000000e+02 2.999709687499998913e-03
1.050000000000000000e+02 2.995135468749999218e-03
1.060000000000000000e+02 2.987267890625000880e-03
1.070000000000000000e+02 2.976166562499999845e-03
1.080000000000000000e+02 2.961924218750000646e-03
1.090000000000000000e+02 2.944620625000000762e-03
1.100000000000000000e+02 2.924363359374998646e-03
1.110000000000000000e+02 2.901258203124999768e-03
1.120000000000000000e+02 2.875410312499999087e-03
1.130000000000000000e+02 2.846950703125002667e-03
1.140000000000000000e+02 2.815997578124999901e-03
1.150000000000000000e+02 2.782696015625000727e-03
1.160000000000000000e+02 2.747182578125000919e-03
1.170000000000000000e+02 2.709601718749998604e-03
1.180000000000000000e+02 2.670118046875000813e-03
1.190000000000000000e+02 2.628892968750001086e-03
1.200000000000000000e+02 2.586079062499999776e-03
1.210000000000000000e+02 2.541863984375000458e-03
1.220000000000000000e+02 2.496420062499999596e-03
1.230000000000000000e+02 2.449934609374999645e-03
1.240000000000000000e+02 2.402605117187500521e-03
1.250000000000000000e+02 2.354617453125001317e-03
1.260000000000000000e+02 2.306188687500000320e-03
1.270000000000000000e+02 2.257520796874998553e-03
1.280000000000000000e+02 2.208833195312498703e-03
1.290000000000000000e+02 2.160354507812498395e-03
1.300000000000000000e+02 2.112305929687500246e-03
1.310000000000000000e+02 2.064915728125000464e-03
1.320000000000000000e+02 2.018433678906250694e-03
1.330000000000000000e+02 1.973098864843749953e-03
1.340000000000000000e+02 1.929165101718750223e-03
1.350000000000000000e+02 1.886886518171874494e-03
1.360000000000000000e+02 1.846517377500000653e-03
1.370000000000000000e+02 1.808322849218749586e-03
1.380000000000000000e+02 1.772569972656250561e-03
1.390000000000000000e+02 1.739520485156250285e-03
1.400000000000000000e+02 1.709450140625000522e-03
1.410000000000000000e+02 1.682624648437500061e-03
1.420000000000000000e+02 1.659310109375000154e-03
1.430000000000000000e+02 1.639776101562499420e-03
1.440000000000000000e+02 1.624286492187499483e-03
1.450000000000000000e+02 1.613103593750000184e-03
1.460000000000000000e+02 1.606466406249999973e-03
1.470000000000000000e+02 1.604631820312500028e-03
1.480000000000000000e+02 1.607831070312499850e-03
1.490000000000000000e+02 1.616290671875000992e-03
1.500000000000000000e+02 1.630217281249999846e-03
1.510000000000000000e+02 1.649805210937499520e-03
1.520000000000000000e+02 1.675243296874999281e-03
1.530000000000000000e+02 1.706674067968749807e-03
1.540000000000000000e+02 1.744245558593749985e-03
1.550000000000000000e+02 1.788070203906249201e-03
1.560000000000000000e+02 1.838240014562499310e-03
1.570000000000000000e+02 1.894804515624998794e-03
1.580000000000000000e+02 1.957804966406250218e-03
1.590000000000000000e+02 2.027237156250001528e-03
1.600000000000000000e+02 2.103067440625000593e-03
1.610000000000000000e+02 2.185235151656249406e-03
1.620000000000000000e+02 2.273626544531249898e-03
1.630000000000000000e+02 2.368104476562499314e-03
1.640000000000000000e+02 2.468487023437500750e-03
1.650000000000000000e+02 2.574563414062500197e-03
1.660000000000000000e+02 2.686058593750000403e-03
1.670000000000000000e+02 2.802687593750000442e-03
1.680000000000000000e+02 2.924107265624999001e-03
1.690000000000000000e+02 3.049937898437499705e-03
1.700000000000000000e+02 3.179762203124999933e-03
1.710000000000000000e+02 3.313133617187500549e-03
1.720000000000000000e+02 3.449547906250001548e-03
1.730000000000000000e+02 3.588470398437500729e-03
1.740000000000000000e+02 3.729366585937501227e-03
1.750000000000000000e+02 3.871640765624998273e-03
1.760000000000000000e+02 4.014657187499997767e-03
1.770000000000000000e+02 4.157808414062500249e-03
1.780000000000000000e+02 4.300393100781250109e-03
1.790000000000000000e+02 4.441750601562498117e-03
1.800000000000000000e+02 4.581205460937503096e-03
1.810000000000000000e+02 4.718048476562502862e-03
1.820000000000000000e+02 4.851564179687500172e-03
1.830000000000000000e+02 4.981060820312499179e-03
1.840000000000000000e+02 5.105882499999998825e-03
1.850000000000000000e+02 5.225277351562500859e-03
1.860000000000000000e+02 5.338605062499998839e-03
1.870000000000000000e+02 5.445241367187502596e-03
1.880000000000000000e+02 5.544566765625000802e-03
1.890000000000000000e+02 5.635937390624999078e-03
1.900000000000000000e+02 5.718907078125000897e-03
1.910000000000000000e+02 5.792868546874997172e-03
1.920000000000000000e+02 5.857431820312496498e-03
1.930000000000000000e+02 5.912196250000002241e-03
1.940000000000000000e+02 5.956763726562500604e-03
1.950000000000000000e+02 5.990878601562501030e-03
1.960000000000000000e+02 6.014291695312499152e-03
1.970000000000000000e+02 6.026852578125000207e-03
1.980000000000000000e+02 6.028488070312501730e-03
1.990000000000000000e+02 6.019179585937502013e-03
2.000000000000000000e+02 5.998930585937497714e-03
2.010000000000000000e+02 5.967906874999997190e-03
2.020000000000000000e+02 5.926277437500002132e-03
2.030000000000000000e+02 5.874355898437500119e-03
2.040000000000000000e+02 5.812480281250002531e-03
2.050000000000000000e+02 5.741069859375003137e-03
2.060000000000000000e+02 5.660623531250001499e-03
2.070000000000000000e+02 5.571690499999998672e-03
2.080000000000000000e+02 5.474903812500000154e-03
2.090000000000000000e+02 5.370976749999998266e-03
2.100000000000000000e+02 5.260649328125002050e-03
2.110000000000000000e+02 5.144669343750002573e-03
2.120000000000000000e+02 5.023997608593751447e-03
2.130000000000000000e+02 4.899516005468747444e-03
2.140000000000000000e+02 4.772118529843749277e-03
2.150000000000000000e+02 4.642839700000002574e-03
2.160000000000000000e+02 4.512675368749997397e-03
2.170000000000000000e+02 4.382684476562498203e-03
2.180000000000000000e+02 4.253928704687499028e-03
2.190000000000000000e+02 4.127449546875001062e-03
2.200000000000000000e+02 4.004340671875002144e-03
2.210000000000000000e+02 3.885653187500000098e-03
2.220000000000000000e+02 3.772490648437498446e-03
2.230000000000000000e+02 3.665888765624999122e-03
2.240000000000000000e+02 3.566877898437501460e-03
2.250000000000000000e+02 3.476462796875000056e-03
2.260000000000000000e+02 3.395604390624999344e-03
2.270000000000000000e+02 3.325249656249998527e-03
2.280000000000000000e+02 3.266256515625000530e-03
2.290000000000000000e+02 3.219461804687500511e-03
2.300000000000000000e+02 3.185627140624999829e-03
2.310000000000000000e+02 3.165483367187499775e-03
2.320000000000000000e+02 3.159632656249998246e-03
2.330000000000000000e+02 3.168650773437497493e-03
2.340000000000000000e+02 3.193014968750000886e-03
2.350000000000000000e+02 3.233109851562501139e-03
2.360000000000000000e+02 3.289290507812500652e-03
2.370000000000000000e+02 3.361755320312500173e-03
2.380000000000000000e+02 3.450654630468749737e-03
2.390000000000000000e+02 3.556021599999998825e-03
2.400000000000000000e+02 3.677829031250000064e-03
2.410000000000000000e+02 3.815944312499998901e-03
2.420000000000000000e+02 3.970129789062497826e-03
2.430000000000000000e+02 4.140065382812500513e-03
2.440000000000000000e+02 4.325369007812501429e-03
2.450000000000000000e+02 4.525545468750000362e-03
2.460000000000000000e+02 4.740025781250000597e-03
2.470000000000000000e+02 4.968141093750000521e-03
2.480000000000000000e+02 5.209183281250002497e-03
2.490000000000000000e+02 5.462354851562498462e-03
2.500000000000000000e+02 5.726827304687501230e-03
2.510000000000000000e+02 6.001631780468750718e-03
2.520000000000000000e+02 6.285825896874998840e-03
2.530000000000000000e+02 6.578355453125001202e-03
2.540000000000000000e+02 6.878171992187498592e-03
2.550000000000000000e+02 7.184219648437500244e-03
2.560000000000000000e+02 7.495307898437497673e-03
2.570000000000000000e+02 7.810309218750001274e-03
2.580000000000000000e+02 8.128022187500000273e-03
2.590000000000000000e+02 8.447349296874998373e-03
2.600000000000000000e+02 8.767043281250001124e-03
2.610000000000000000e+02 9.085881406250001166e-03
2.620000000000000000e+02 9.402824843750002756e-03
2.630000000000000000e+02 9.716647031249997513e-03
2.640000000000000000e+02 1.002624843750000300e-02
2.650000000000000000e+02 1.033049445312499842e-02
2.660000000000000000e+02 1.062838476562500203e-02
2.670000000000000000e+02 1.091886820312500984e-02
2.680000000000000000e+02 1.120104218749999776e-02
2.690000000000000000e+02 1.147389687500000206e-02
2.700000000000000000e+02 1.173666562499999996e-02
2.710000000000000000e+02 1.198848124999999688e-02
2.720000000000000000e+02 1.222874687499999995e-02
2.730000000000000000e+02 1.245668359375000193e-02
2.740000000000000000e+02 1.267171640625000713e-02
2.750000000000000000e+02 1.287341484374999491e-02
2.760000000000000000e+02 1.306126562500000039e-02
2.770000000000000000e+02 1.323500234375000334e-02
2.780000000000000000e+02 1.339435390625000333e-02
2.790000000000000000e+02 1.353906015625000285e-02
2.800000000000000000e+02 1.366904062499999309e-02
2.810000000000000000e+02 1.378429140625000125e-02
2.820000000000000000e+02 1.388490624999999361e-02
2.830000000000000000e+02 1.397089531250000558e-02
2.840000000000000000e+02 1.404261250000000613e-02
2.850000000000000000e+02 1.410013046874999953e-02
2.860000000000000000e+02 1.414400625000000224e-02
2.870000000000000000e+02 1.417447890625000463e-02
2.880000000000000000e+02 1.419207265625000228e-02
2.890000000000000000e+02 1.419725781249999048e-02
2.900000000000000000e+02 1.419063359374999819e-02
2.910000000000000000e+02 1.417287812500001021e-02
2.920000000000000000e+02 1.414447890624999718e-02
2.930000000000000000e+02 1.410628203125000382e-02
2.940000000000000000e+02 1.405889296875000374e-02
2.950000000000000000e+02 1.400309609375000909e-02
2.960000000000000000e+02 1.393959140624998969e-02
2.970000000000000000e+02 1.386919531250000066e-02
2.980000000000000000e+02 1.379267812500000259e-02
2.990000000000000000e+02 1.371074531250000145e-02
3.000000000000000000e+02 1.362425781249999510e-02
3.010000000000000000e+02 1.353390078125000021e-02
3.020000000000000000e+02 1.344055078124999775e-02
3.030000000000000000e+02 1.334470468750000548e-02
3.040000000000000000e+02 1.324718281249999581e-02
3.050000000000000000e+02 1.314871640624999671e-02
3.060000000000000000e+02 1.304983984375000274e-02
3.070000000000000000e+02 1.295115000000000328e-02
3.080000000000000000e+02 1.285327656250000693e-02
3.090000000000000000e+02 1.275651015624999426e-02
3.100000000000000000e+02 1.266147187499999660e-02
3.110000000000000000e+02 1.256848906250000383e-02
3.120000000000000000e+02 1.247784218749999584e-02
3.130000000000000000e+02 1.238980078124999988e-02
3.140000000000000000e+02 1.230449921875000074e-02
3.150000000000000000e+02 1.222206718749999609e-02
3.160000000000000000e+02 1.214250937500000078e-02
3.170000000000000000e+02 1.206579999999999459e-02
3.180000000000000000e+02 1.199178984374999618e-02
3.190000000000000000e+02 1.192037187500000206e-02
3.200000000000000000e+02 1.185123046875000488e-02
3.210000000000000000e+02 1.178407890625000030e-02
3.220000000000000000e+02 1.171862578125000207e-02
3.230000000000000000e+02 1.165448359375000596e-02
3.240000000000000000e+02 1.159124843750000515e-02
3.250000000000000000e+02 1.152848023437500445e-02
3.260000000000000000e+02 1.146575828124999502e-02
3.270000000000000000e+02 1.140269093749999782e-02
3.280000000000000000e+02 1.133884875000000340e-02
3.290000000000000000e+02 1.127391648437500553e-02
3.300000000000000000e+02 1.120744578124999863e-02
3.310000000000000000e+02 1.113913914062499705e-02
3.320000000000000000e+02 1.106882507812500041e-02
3.330000000000000000e+02 1.099616484374999620e-02
3.340000000000000000e+02 1.092100578125000318e-02
3.350000000000000000e+02 1.084318429687500251e-02
3.360000000000000000e+02 1.076249140624999621e-02
3.370000000000000000e+02 1.067894692968750399e-02
3.380000000000000000e+02 1.059238910937500971e-02
3.390000000000000000e+02 1.050269272656250384e-02
3.400000000000000000e+02 1.040986986718749410e-02
3.410000000000000000e+02 1.031378483671874756e-02
3.420000000000000000e+02 1.021439878203125699e-02
3.430000000000000000e+02 1.011156030625000660e-02
3.440000000000000000e+02 1.000517254687500156e-02
3.450000000000000000e+02 9.895189843750004308e-03
3.460000000000000000e+02 9.781387484375004410e-03
3.470000000000000000e+02 9.663710968750001060e-03
3.480000000000000000e+02 9.542117851562503805e-03
3.490000000000000000e+02 9.416454007812494892e-03
3.500000000000000000e+02 9.286737359375001749e-03
3.510000000000000000e+02 9.152976093750002720e-03
3.520000000000000000e+02 9.015299964843747488e-03
3.530000000000000000e+02 8.873773897734376151e-03
3.540000000000000000e+02 8.728709721093753579e-03
3.550000000000000000e+02 8.580382718750006674e-03
3.560000000000000000e+02 8.429243421875003139e-03
3.570000000000000000e+02 8.275749726562496578e-03
3.580000000000000000e+02 8.120380624999994426e-03
3.590000000000000000e+02 7.963757421874995135e-03
3.600000000000000000e+02 7.806536406249999123e-03
3.610000000000000000e+02 7.649319453124998371e-03
3.620000000000000000e+02 7.492826328124996965e-03
3.630000000000000000e+02 7.337613437499999544e-03
3.640000000000000000e+02 7.184239765625001148e-03
3.650000000000000000e+02 7.033361874999994462e-03
3.660000000000000000e+02 6.885337265624998614e-03
3.670000000000000000e+02 6.740654062500002139e-03
3.680000000000000000e+02 6.599590156249997980e-03
3.690000000000000000e+02 6.462432031249999709e-03
3.700000000000000000e+02 6.329397109374999136e-03
3.710000000000000000e+02 6.200592421874996304e-03
3.720000000000000000e+02 6.076170937500001770e-03
3.730000000000000000e+02 5.956159218749998950e-03
3.740000000000000000e+02 5.840661171875003409e-03
3.750000000000000000e+02 5.729719453125002235e-03
3.760000000000000000e+02 5.623383984374997341e-03
3.770000000000000000e+02 5.521709531249998498e-03
3.780000000000000000e+02 5.424785234374999987e-03
3.790000000000000000e+02 5.332694843750000226e-03
3.800000000000000000e+02 5.245467812500001492e-03
3.810000000000000000e+02 5.163262656250002317e-03
3.820000000000000000e+02 5.086076953125000938e-03
3.830000000000000000e+02 5.013948828125002442e-03
3.840000000000000000e+02 4.946863984374999176e-03
3.850000000000000000e+02 4.884793124999999188e-03
3.860000000000000000e+02 4.827582343750000220e-03
3.870000000000000000e+02 4.775105546874999253e-03
3.880000000000000000e+02 4.727110781250000969e-03
3.890000000000000000e+02 4.683290156250001328e-03
3.900000000000000000e+02 4.643310468750000940e-03
3.910000000000000000e+02 4.606767500000000931e-03
3.920000000000000000e+02 4.573243593750002563e-03
3.930000000000000000e+02 4.542312578125002470e-03
3.940000000000000000e+02 4.513524218750001281e-03
3.950000000000000000e+02 4.486460312499999242e-03
3.960000000000000000e+02 4.460805546874997522e-03
3.970000000000000000e+02 4.436238593749997419e-03
3.980000000000000000e+02 4.412575859374997557e-03
3.990000000000000000e+02 4.389711718749998888e-03
4.000000000000000000e+02 4.367664453124999596e-03
4.010000000000000000e+02 4.346542265624999540e-03
4.020000000000000000e+02 4.326552187500001638e-03
4.030000000000000000e+02 4.308011015624999170e-03
4.040000000000000000e+02 4.291256953124999302e-03
4.050000000000000000e+02 4.276697187499997610e-03
4.060000000000000000e+02 4.264720703124998819e-03
4.070000000000000000e+02 4.255714218749998869e-03
4.080000000000000000e+02 4.250013125000001203e-03
4.090000000000000000e+02 4.247895312499998764e-03
4.100000000000000000e+02 4.249576406249999487e-03
4.110000000000000000e+02 4.255191874999998854e-03
4.120000000000000000e+02 4.264837500000001093e-03
4.130000000000000000e+02 4.278567031249999597e-03
4.140000000000000000e+02 4.296418281249997882e-03
4.150000000000000000e+02 4.318459687500000692e-03
4.160000000000000000e+02 4.344764999999999565e-03
4.170000000000000000e+02 4.375515546874999238e-03
4.180000000000000000e+02 4.410970703125001099e-03
4.190000000000000000e+02 4.451400937499999828e-03
4.200000000000000000e+02 4.497237968749998038e-03
4.210000000000000000e+02 4.549019765624998796e-03
4.220000000000000000e+02 4.607321406249997343e-03
4.230000000000000000e+02 4.672814296874997636e-03
4.240000000000000000e+02 4.746111093749998122e-03
4.250000000000000000e+02 4.827962656249999533e-03
4.260000000000000000e+02 4.919060624999996474e-03
4.270000000000000000e+02 5.020096796875002550e-03
4.280000000000000000e+02 5.131615078125001221e-03
4.290000000000000000e+02 5.254152812500000221e-03
4.300000000000000000e+02 5.388062656249999541e-03
4.310000000000000000e+02 5.533571406250004272e-03
4.320000000000000000e+02 5.690695546875001835e-03
4.330000000000000000e+02 5.859226171875002442e-03
4.340000000000000000e+02 6.038709453125002541e-03
4.350000000000000000e+02 6.228478281250004155e-03
4.360000000000000000e+02 6.427561484374996748e-03
4.370000000000000000e+02 6.634732421875006239e-03
4.380000000000000000e+02 6.848587031250003183e-03
4.390000000000000000e+02 7.067537031249996986e-03
4.400000000000000000e+02 7.289724453125004562e-03
4.410000000000000000e+02 7.513245000000002595e-03
4.420000000000000000e+02 7.735967265625001005e-03
4.430000000000000000e+02 7.955747578125003591e-03
4.440000000000000000e+02 8.170244921875001801e-03
4.450000000000000000e+02 8.377023437500005776e-03
4.460000000000000000e+02 8.573522156250000872e-03
4.470000000000000000e+02 8.756930000000004780e-03
4.480000000000000000e+02 8.924371140624998144e-03
4.490000000000000000e+02 9.072655242187501606e-03
4.500000000000000000e+02 9.198399453125003997e-03
4.510000000000000000e+02 9.298185976562494542e-03
4.520000000000000000e+02 9.368442949999998201e-03
4.530000000000000000e+02 9.405602718749996038e-03
4.540000000000000000e+02 9.406401007031250580e-03
4.550000000000000000e+02 9.367865432031260986e-03
4.560000000000000000e+02 9.287605640624993150e-03
4.570000000000000000e+02 9.164133459742188417e-03
4.580000000000000000e+02 8.996801085937498887e-03
4.590000000000000000e+02 8.786086664062497942e-03
4.600000000000000000e+02 8.533822328124997594e-03
4.610000000000000000e+02 8.242897664062501933e-03
4.620000000000000000e+02 7.917580906249995637e-03
4.630000000000000000e+02 7.563323453125000463e-03
4.640000000000000000e+02 7.186403874999996999e-03
4.650000000000000000e+02 6.794131437499998163e-03
4.660000000000000000e+02 6.394441000000004177e-03
4.670000000000000000e+02 5.995425312500000242e-03
4.680000000000000000e+02 5.605598593750001253e-03
4.690000000000000000e+02 5.233246875000002567e-03
4.700000000000000000e+02 4.886473046875000094e-03
4.710000000000000000e+02 4.572962937500001102e-03
4.720000000000000000e+02 4.299858375000000822e-03
4.730000000000000000e+02 4.073779029929685928e-03
4.740000000000000000e+02 3.900640960937499634e-03
4.750000000000000000e+02 3.785651718749998874e-03
4.760000000000000000e+02 3.733256874999999440e-03
4.770000000000000000e+02 3.746897187500001104e-03
4.780000000000000000e+02 3.828974140624997503e-03
4.790000000000000000e+02 3.980380312499996742e-03
4.800000000000000000e+02 4.200406406250000932e-03
4.810000000000000000e+02 4.486242812500000968e-03
4.820000000000000000e+02 4.832785367187501790e-03
4.830000000000000000e+02 5.232380765625000048e-03
4.840000000000000000e+02 5.674652703125000579e-03
4.850000000000000000e+02 6.146685062499999790e-03
4.860000000000000000e+02 6.633086703124997305e-03
4.870000000000000000e+02 7.116710476562498715e-03
4.880000000000000000e+02 7.578931359374999066e-03
4.890000000000000000e+02 8.000784085937504009e-03
4.900000000000000000e+02 8.363559281249995092e-03
4.910000000000000000e+02 8.649891195312505582e-03
4.920000000000000000e+02 8.844989984374999198e-03
4.930000000000000000e+02 8.937338271093751146e-03
4.940000000000000000e+02 8.919900359375001683e-03
4.950000000000000000e+02 8.791117720312501688e-03
4.960000000000000000e+02 8.555679722578127602e-03
4.970000000000000000e+02 8.225040312499999270e-03
4.980000000000000000e+02 7.817657592187500851e-03
4.990000000000000000e+02 7.358730531250000546e-03
5.000000000000000000e+02 6.879366249999996873e-03
5.010000000000000000e+02 6.415380570312501259e-03
5.020000000000000000e+02 6.005704789062498231e-03
5.030000000000000000e+02 5.690955640625000242e-03
5.040000000000000000e+02 5.512503023437499532e-03
5.050000000000000000e+02 5.513161562500000501e-03
5.060000000000000000e+02 5.740674296875000575e-03
5.070000000000000000e+02 6.255843234375000825e-03
5.080000000000000000e+02 7.148058296874999946e-03
5.090000000000000000e+02 8.561746078125003281e-03
5.100000000000000000e+02 1.073886031249999748e-02
5.110000000000000000e+02 1.408443789062499736e-02
