0.000000000000000000e+00 2.777914843750000241e-03
1.000000000000000000e+00 2.772759351562500106e-03
2.000000000000000000e+00 2.762472210937498562e-03
3.000000000000000000e+00 2.747098734374999948e-03
4.000000000000000000e+00 2.726720406250001706e-03
5.000000000000000000e+00 2.701427960937501180e-03
6.000000000000000000e+00 2.671333351562499726e-03
7.000000000000000000e+00 2.636589968750000738e-03
8.000000000000000000e+00 2.597362437499999965e-03
9.000000000000000000e+00 2.553830539062501223e-03
1.000000000000000000e+01 2.506197570312499422e-03
1.100000000000000000e+01 2.454691804687500825e-03
1.200000000000000000e+01 2.399547874999999244e-03
1.300000000000000000e+01 2.341031171874999837e-03
1.400000000000000000e+01 2.279408335937499735e-03
1.500000000000000000e+01 2.214968874999999858e-03
1.600000000000000000e+01 2.148017484374999640e-03
1.700000000000000000e+01 2.078852265625000251e-03
1.800000000000000000e+01 2.007806007812500647e-03
1.900000000000000000e+01 1.935192828125000290e-03
2.000000000000000000e+01 1.861353867187500030e-03
2.100000000000000000e+01 1.786618742187501144e-03
2.200000000000000000e+01 1.711335953124999091e-03
2.300000000000000000e+01 1.635844476562499546e-03
2.400000000000000000e+01 1.560473695312499572e-03
2.500000000000000000e+01 1.485570593750000414e-03
2.600000000000000000e+01 1.411473054687499649e-03
2.700000000000000000e+01 1.338500187500000398e-03
2.800000000000000000e+01 1.266980671875000313e-03
2.900000000000000000e+01 1.197226367187500043e-03
3.000000000000000000e+01 1.129532242187500672e-03
3.100000000000000000e+01 1.064202085937499941e-03
3.200000000000000000e+01 1.001509531250000190e-03
3.300000000000000000e+01 9.417219921874999842e-04
3.400000000000000000e+01 8.850847421875005427e-04
3.500000000000000000e+01 8.318384765625000746e-04
3.600000000000000000e+01 7.822038914062503330e-04
3.700000000000000000e+01 7.363739867187501283e-04
3.800000000000000000e+01 6.945336234375005168e-04
3.900000000000000000e+01 6.568458984374999374e-04
4.000000000000000000e+01 6.234517539062500550e-04
4.100000000000000000e+01 5.944770921875001946e-04
4.200000000000000000e+01 5.700275007812499869e-04
4.300000000000000000e+01 5.501778831250003212e-04
4.400000000000000000e+01 5.349949398437499250e-04
4.500000000000000000e+01 5.245170312499999356e-04
4.600000000000000000e+01 5.187706374999997245e-04
4.700000000000000000e+01 5.177464578124999590e-04
4.800000000000000000e+01 5.214274914062499815e-04
4.900000000000000000e+01 5.297767468750000288e-04
5.000000000000000000e+01 5.427302812499995837e-04
5.100000000000000000e+01 5.602151953125003060e-04
5.200000000000000000e+01 5.821299609374997342e-04
5.300000000000000000e+01 6.083620156250000872e-04
5.400000000000000000e+01 6.387812437500000511e-04
5.500000000000000000e+01 6.732415132812497385e-04
5.600000000000000000e+01 7.115805203124997511e-04
5.700000000000000000e+01 7.536241679687501758e-04
5.800000000000000000e+01 7.991826864843749401e-04
5.900000000000000000e+01 8.480527156249998691e-04
6.000000000000000000e+01 9.000260367187500618e-04
6.100000000000000000e+01 9.548855109374994928e-04
6.200000000000000000e+01 1.012384735937500464e-03
6.300000000000000000e+01 1.072302310937499944e-03
6.400000000000000000e+01 1.134386003906249704e-03
6.500000000000000000e+01 1.198386204687500092e-03
6.600000000000000000e+01 1.264048435937499895e-03
6.700000000000000000e+01 1.331119080468749468e-03
6.800000000000000000e+01 1.399336691406249467e-03
6.900000000000000000e+01 1.468435148437499844e-03
7.000000000000000000e+01 1.538160289062499853e-03
7.100000000000000000e+01 1.608260875000000001e-03
7.200000000000000000e+01 1.678471187500000074e-03
7.300000000000000000e+01 1.748539578124999822e-03
7.400000000000000000e+01 1.818219750000000081e-03
7.500000000000000000e+01 1.887276421874999142e-03
7.600000000000000000e+01 1.955462539062500626e-03
7.700000000000000000e+01 2.022561468750000598e-03
7.800000000000000000e+01 2.088343031249999867e-03
7.900000000000000000e+01 2.152593890625000787e-03
8.000000000000000000e+01 2.215115742187500399e-03
8.100000000000000000e+01 2.275714726562499696e-03
8.200000000000000000e+01 2.334208484375000121e-03
8.300000000000000000e+01 2.390417031250000567e-03
8.400000000000000000e+01 2.444196171874998651e-03
8.500000000000000000e+01 2.495376250000000840e-03
8.600000000000000000e+01 2.543822734374998583e-03
8.700000000000000000e+01 2.589434140625000626e-03
8.800000000000000000e+01 2.632072656250001013e-03
8.900000000000000000e+01 2.671640546874997409e-03
9.000000000000000000e+01 2.708053359374999573e-03
9.100000000000000000e+01 2.741237031250000518e-03
9.200000000000000000e+01 2.771124531249997795e-03
9.300000000000000000e+01 2.797667421874999987e-03
9.400000000000000000e+01 2.820825078125000721e-03
9.500000000000000000e+01 2.840574140625001451e-03
9.600000000000000000e+01 2.856887968749999718e-03
9.700000000000000000e+01 2.869774921875000231e-03
9.800000000000000000e+01 2.879233617187500031e-03
9.900000000000000000e+01 2.885286515625000957e-03
1.000000000000000000e+02 2.887962578125000991e-03
1.010000000000000000e+02 2.887303484374998362e-03
1.020000000000000000e+02 2.883353853906250354e-03
1.030000000000000000e+02 2.876176507812499769e-03
1.040000000000000000e+02 2.865840851562500343e-03
1.050000000000000000e+02 2.852421148437497486e-03
1.060000000000000000e+02 2.836004601562500810e-03
1.070000000000000000e+02 2.816682929687499767e-03
1.080000000000000000e+02 2.794574882812500809e-03
1.090000000000000000e+02 2.769769984374999532e-03
1.100000000000000000e+02 2.742393734375001869e-03
1.110000000000000000e+02 2.712580234374999469e-03
1.120000000000000000e+02 2.680458359375001258e-03
1.130000000000000000e+02 2.646160781250000288e-03
1.140000000000000000e+02 2.609844375000000723e-03
1.150000000000000000e+02 2.571651328125000146e-03
1.160000000000000000e+02 2.531754687499998546e-03
1.170000000000000000e+02 2.490310156250000271e-03
1.180000000000000000e+02 2.447503593749999866e-03
1.190000000000000000e+02 2.403496406250000845e-03
1.200000000000000000e+02 2.358500625000000458e-03
1.210000000000000000e+02 2.312692578125001303e-03
1.220000000000000000e+02 2.266270804687499710e-03
1.230000000000000000e+02 2.219452468749999550e-03
1.240000000000000000e+02 2.172454820312501398e-03
1.250000000000000000e+02 2.125481546875000391e-03
1.260000000000000000e+02 2.078783203124999739e-03
1.270000000000000000e+02 2.032576242187500003e-03
1.280000000000000000e+02 1.987118575000000695e-03
1.290000000000000000e+02 1.942646997656249843e-03
1.300000000000000000e+02 1.899428619687500196e-03
1.310000000000000000e+02 1.857722204531250462e-03
1.320000000000000000e+02 1.817792421875000361e-03
1.330000000000000000e+02 1.779926899999999040e-03
1.340000000000000000e+02 1.744398827343749151e-03
1.350000000000000000e+02 1.711490823984375279e-03
1.360000000000000000e+02 1.681498714062500772e-03
1.370000000000000000e+02 1.654712692968749030e-03
1.380000000000000000e+02 1.631428617187500847e-03
1.390000000000000000e+02 1.611955530468750725e-03
1.400000000000000000e+02 1.596571343750000007e-03
1.410000000000000000e+02 1.585589257812498876e-03
1.420000000000000000e+02 1.579286088281249990e-03
1.430000000000000000e+02 1.577965763281250454e-03
1.440000000000000000e+02 1.581902916406251278e-03
1.450000000000000000e+02 1.591376407812499514e-03
1.460000000000000000e+02 1.606643100468749903e-03
1.470000000000000000e+02 1.627950479687499978e-03
1.480000000000000000e+02 1.655541755468750448e-03
1.490000000000000000e+02 1.689635492187500053e-03
1.500000000000000000e+02 1.730423296874999874e-03
1.510000000000000000e+02 1.778084489062500221e-03
1.520000000000000000e+02 1.832766212500000014e-03
1.530000000000000000e+02 1.894591030390624419e-03
1.540000000000000000e+02 1.963651139062500516e-03
1.550000000000000000e+02 2.040005554687501776e-03
1.560000000000000000e+02 2.123674945312500461e-03
1.570000000000000000e+02 2.214647109374999652e-03
1.580000000000000000e+02 2.312869646093752233e-03
1.590000000000000000e+02 2.418240678906247946e-03
1.600000000000000000e+02 2.530618460937498777e-03
1.610000000000000000e+02 2.649819320312501655e-03
1.620000000000000000e+02 2.775611296874998853e-03
1.630000000000000000e+02 2.907710710937499825e-03
1.640000000000000000e+02 3.045793171875001842e-03
1.650000000000000000e+02 3.189479843749998527e-03
1.660000000000000000e+02 3.338342273437500726e-03
1.670000000000000000e+02 3.491901914062499682e-03
1.680000000000000000e+02 3.649642210937501657e-03
1.690000000000000000e+02 3.810990703124998540e-03
1.700000000000000000e+02 3.975349039062497578e-03
1.710000000000000000e+02 4.142042640624998655e-03
1.720000000000000000e+02 4.310388023437499404e-03
1.730000000000000000e+02 4.479672304687500571e-03
1.740000000000000000e+02 4.649116648437500755e-03
1.750000000000000000e+02 4.817943046874997685e-03
1.760000000000000000e+02 4.985322343750000183e-03
1.770000000000000000e+02 5.150442617187497157e-03
1.780000000000000000e+02 5.312472124999999441e-03
1.790000000000000000e+02 5.470524843749996133e-03
1.800000000000000000e+02 5.623799900781247842e-03
1.810000000000000000e+02 5.771432671093749966e-03
1.820000000000000000e+02 5.912547956328129302e-03
1.830000000000000000e+02 6.046343258828125629e-03
1.840000000000000000e+02 6.172034778124998317e-03
1.850000000000000000e+02 6.288886391406249901e-03
1.860000000000000000e+02 6.396132675000000892e-03
1.870000000000000000e+02 6.493099890624999537e-03
1.880000000000000000e+02 6.579109265624998211e-03
1.890000000000000000e+02 6.653676851562502666e-03
1.900000000000000000e+02 6.716202499999998979e-03
1.910000000000000000e+02 6.766268070312496039e-03
1.920000000000000000e+02 6.803490960937500290e-03
1.930000000000000000e+02 6.827585531249999451e-03
1.940000000000000000e+02 6.838329468750000383e-03
1.950000000000000000e+02 6.835535265624997914e-03
1.960000000000000000e+02 6.819226375000002685e-03
1.970000000000000000e+02 6.789384164062502169e-03
1.980000000000000000e+02 6.746163101562501797e-03
1.990000000000000000e+02 6.689800278124999680e-03
2.000000000000000000e+02 6.620605057031247673e-03
2.010000000000000000e+02 6.538979753906249380e-03
2.020000000000000000e+02 6.445437093749998257e-03
2.030000000000000000e+02 6.340536695312503669e-03
2.040000000000000000e+02 6.225049999999995864e-03
2.050000000000000000e+02 6.099662383593744928e-03
2.060000000000000000e+02 5.965261024218751484e-03
2.070000000000000000e+02 5.822770616406251244e-03
2.080000000000000000e+02 5.673160381250002930e-03
2.090000000000000000e+02 5.517540664062499031e-03
2.100000000000000000e+02 5.357014312500000056e-03
2.110000000000000000e+02 5.192789273437500679e-03
2.120000000000000000e+02 5.026072046874999893e-03
2.130000000000000000e+02 4.858172093749998227e-03
2.140000000000000000e+02 4.690386526562503183e-03
2.150000000000000000e+02 4.524058624999999743e-03
2.160000000000000000e+02 4.360496182031249612e-03
2.170000000000000000e+02 4.201105616640624964e-03
2.180000000000000000e+02 4.047224710937497548e-03
2.190000000000000000e+02 3.900214926562501142e-03
2.200000000000000000e+02 3.761393593750000583e-03
2.210000000000000000e+02 3.632059210937499220e-03
2.220000000000000000e+02 3.513509765624999327e-03
2.230000000000000000e+02 3.406915781249999532e-03
2.240000000000000000e+02 3.313473289062500438e-03
2.250000000000000000e+02 3.234285390625000600e-03
2.260000000000000000e+02 3.170350078124999256e-03
2.270000000000000000e+02 3.122665859375002746e-03
2.280000000000000000e+02 3.092056015625000136e-03
2.290000000000000000e+02 3.079317812499998523e-03
2.300000000000000000e+02 3.085120390624999584e-03
2.310000000000000000e+02 3.110038203125000192e-03
2.320000000000000000e+02 3.154542656250000285e-03
2.330000000000000000e+02 3.218979453124999179e-03
2.340000000000000000e+02 3.303606953125000530e-03
2.350000000000000000e+02 3.408524765624999179e-03
2.360000000000000000e+02 3.533763171875001306e-03
2.370000000000000000e+02 3.679194929687499074e-03
2.380000000000000000e+02 3.844603500000000861e-03
2.390000000000000000e+02 4.029658953125003600e-03
2.400000000000000000e+02 4.233897781249998209e-03
2.410000000000000000e+02 4.456747515625001516e-03
2.420000000000000000e+02 4.697571179687497732e-03
2.430000000000000000e+02 4.955548039062502089e-03
2.440000000000000000e+02 5.229840851562499691e-03
2.450000000000000000e+02 5.519491398437499641e-03
2.460000000000000000e+02 5.823447320312500307e-03
2.470000000000000000e+02 6.140576739062501323e-03
2.480000000000000000e+02 6.469699070312502978e-03
2.490000000000000000e+02 6.809547656249999650e-03
2.500000000000000000e+02 7.158792265625000921e-03
2.510000000000000000e+02 7.516123359374998932e-03
2.520000000000000000e+02 7.880083593749996618e-03
2.530000000000000000e+02 8.249252421874998797e-03
2.540000000000000000e+02 8.622203125000000093e-03
2.550000000000000000e+02 8.997490546875000494e-03
2.560000000000000000e+02 9.373559453125004590e-03
2.570000000000000000e+02 9.748994999999999883e-03
2.580000000000000000e+02 1.012239687500000006e-02
2.590000000000000000e+02 1.049227671874999879e-02
2.600000000000000000e+02 1.085725945312499344e-02
2.610000000000000000e+02 1.121604812500000097e-02
2.620000000000000000e+02 1.156725046875000350e-02
2.630000000000000000e+02 1.190967937499999574e-02
2.640000000000000000e+02 1.224211484374999881e-02
2.650000000000000000e+02 1.256348382812499942e-02
2.660000000000000000e+02 1.287270304687500311e-02
2.670000000000000000e+02 1.316881093750000599e-02
2.680000000000000000e+02 1.345102109374999785e-02
2.690000000000000000e+02 1.371852578125000617e-02
2.700000000000000000e+02 1.397060546874999941e-02
2.710000000000000000e+02 1.420669765625000303e-02
2.720000000000000000e+02 1.442634843750000007e-02
2.730000000000000000e+02 1.462906484374999587e-02
2.740000000000000000e+02 1.481473906250000208e-02
2.750000000000000000e+02 1.498304218750000187e-02
2.760000000000000000e+02 1.513400859375000837e-02
2.770000000000000000e+02 1.526763437500000715e-02
2.780000000000000000e+02 1.538398593750000404e-02
2.790000000000000000e+02 1.548332968749999844e-02
2.800000000000000000e+02 1.556592812500000311e-02
2.810000000000000000e+02 1.563213828125000274e-02
2.820000000000000000e+02 1.568260312499999629e-02
2.830000000000000000e+02 1.571761718749999440e-02
2.840000000000000000e+02 1.573797656250001259e-02
2.850000000000000000e+02 1.574427187499999672e-02
2.860000000000000000e+02 1.573721953125000253e-02
2.870000000000000000e+02 1.571767265625000076e-02
2.880000000000000000e+02 1.568633984374999402e-02
2.890000000000000000e+02 1.564419296874999463e-02
2.900000000000000000e+02 1.559199999999999649e-02
2.910000000000000000e+02 1.553080234375000569e-02
2.920000000000000000e+02 1.546138046875000435e-02
2.930000000000000000e+02 1.538469609374999714e-02
2.940000000000000000e+02 1.530172187500000551e-02
2.950000000000000000e+02 1.521336718750000531e-02
2.960000000000000000e+02 1.512051171874999843e-02
2.970000000000000000e+02 1.502401328124999998e-02
2.980000000000000000e+02 1.492484062499999618e-02
2.990000000000000000e+02 1.482369453124999549e-02
3.000000000000000000e+02 1.472144687499999695e-02
3.010000000000000000e+02 1.461889453125000092e-02
3.020000000000000000e+02 1.451668593749999916e-02
3.030000000000000000e+02 1.441549296874999365e-02
3.040000000000000000e+02 1.431595781250000199e-02
3.050000000000000000e+02 1.421863125000001268e-02
3.060000000000000000e+02 1.412403593749999957e-02
3.070000000000000000e+02 1.403248671875000249e-02
3.080000000000000000e+02 1.394438671875000528e-02
3.090000000000000000e+02 1.386010937500001088e-02
3.100000000000000000e+02 1.377979296874999766e-02
3.110000000000000000e+02 1.370354921875001006e-02
3.120000000000000000e+02 1.363139296875000121e-02
3.130000000000000000e+02 1.356336406250000480e-02
3.140000000000000000e+02 1.349926171875000594e-02
3.150000000000000000e+02 1.343893906250000561e-02
3.160000000000000000e+02 1.338201328124999714e-02
3.170000000000000000e+02 1.332824609374999754e-02
3.180000000000000000e+02 1.327713359375000228e-02
3.190000000000000000e+02 1.322828515625000360e-02
3.200000000000000000e+02 1.318104765624999834e-02
3.210000000000000000e+02 1.313491874999999330e-02
3.220000000000000000e+02 1.308933281250000517e-02
3.230000000000000000e+02 1.304362734375000450e-02
3.240000000000000000e+02 1.299724375000000168e-02
3.250000000000000000e+02 1.294953437500000193e-02
3.260000000000000000e+02 1.289998359374999910e-02
3.270000000000000000e+02 1.284795695312500145e-02
3.280000000000000000e+02 1.279307140625000200e-02
3.290000000000000000e+02 1.273480296875000202e-02
3.300000000000000000e+02 1.267274632812499628e-02
3.310000000000000000e+02 1.260661195312499754e-02
3.320000000000000000e+02 1.253605257812499991e-02
3.330000000000000000e+02 1.246089179687499653e-02
3.340000000000000000e+02 1.238091257812499318e-02
3.350000000000000000e+02 1.229595390624999701e-02
3.360000000000000000e+02 1.220592343750000544e-02
3.370000000000000000e+02 1.211077453125000182e-02
3.380000000000000000e+02 1.201033929687500210e-02
3.390000000000000000e+02 1.190468559374999701e-02
3.400000000000000000e+02 1.179369520312499586e-02
3.410000000000000000e+02 1.167738149218750139e-02
3.420000000000000000e+02 1.155565953124998782e-02
3.430000000000000000e+02 1.142854922109375233e-02
3.440000000000000000e+02 1.129604560312499548e-02
3.450000000000000000e+02 1.115812649062498593e-02
3.460000000000000000e+02 1.101480221249999565e-02
3.470000000000000000e+02 1.086617335937499658e-02
3.480000000000000000e+02 1.071229064843750439e-02
3.490000000000000000e+02 1.055329686718750430e-02
3.500000000000000000e+02 1.038951832812499629e-02
3.510000000000000000e+02 1.022105072656250523e-02
3.520000000000000000e+02 1.004842240625000369e-02
3.530000000000000000e+02 9.871995125000003132e-03
3.540000000000000000e+02 9.692257838281250967e-03
3.550000000000000000e+02 9.509811554687505955e-03
3.560000000000000000e+02 9.325228015625000935e-03
3.570000000000000000e+02 9.139190609375005478e-03
3.580000000000000000e+02 8.952344648437495639e-03
3.590000000000000000e+02 8.765407148437497770e-03
3.600000000000000000e+02 8.579051093750003285e-03
3.610000000000000000e+02 8.393841328125000237e-03
3.620000000000000000e+02 8.210439531250000519e-03
3.630000000000000000e+02 8.029341718749997622e-03
3.640000000000000000e+02 7.851010156249995861e-03
3.650000000000000000e+02 7.675805781249996941e-03
3.660000000000000000e+02 7.504030937499998714e-03
3.670000000000000000e+02 7.336018515624997266e-03
3.680000000000000000e+02 7.171944375000004548e-03
3.690000000000000000e+02 7.011913984374998875e-03
3.700000000000000000e+02 6.856211562500000647e-03
3.710000000000000000e+02 6.704837421874998427e-03
3.720000000000000000e+02 6.558048281249999334e-03
3.730000000000000000e+02 6.415978203124999592e-03
3.740000000000000000e+02 6.278841406250001804e-03
3.750000000000000000e+02 6.146852812499998230e-03
3.760000000000000000e+02 6.020255234374994636e-03
3.770000000000000000e+02 5.899331718750000335e-03
3.780000000000000000e+02 5.784340859374999776e-03
3.790000000000000000e+02 5.675538984374999853e-03
3.800000000000000000e+02 5.573200078124998166e-03
3.810000000000000000e+02 5.477559296874997576e-03
3.820000000000000000e+02 5.388650156250003424e-03
3.830000000000000000e+02 5.306594726562498948e-03
3.840000000000000000e+02 5.231350492187500888e-03
3.850000000000000000e+02 5.162855796874998328e-03
3.860000000000000000e+02 5.100773781250001609e-03
3.870000000000000000e+02 5.044873062500000033e-03
3.880000000000000000e+02 4.994651078124997916e-03
3.890000000000000000e+02 4.949584117187500083e-03
3.900000000000000000e+02 4.909153132812500014e-03
3.910000000000000000e+02 4.872633234374999789e-03
3.920000000000000000e+02 4.839396874999999688e-03
3.930000000000000000e+02 4.808770000000002140e-03
3.940000000000000000e+02 4.780100703124999864e-03
3.950000000000000000e+02 4.752823671875001585e-03
3.960000000000000000e+02 4.726406015625001129e-03
3.970000000000000000e+02 4.700432968749999538e-03
3.980000000000000000e+02 4.674614843750000102e-03
3.990000000000000000e+02 4.648748125000001959e-03
4.000000000000000000e+02 4.622767734375001630e-03
4.010000000000000000e+02 4.596666718749999742e-03
4.020000000000000000e+02 4.570546093750003404e-03
4.030000000000000000e+02 4.544549218750000910e-03
4.040000000000000000e+02 4.518835781249999281e-03
4.050000000000000000e+02 4.493572890624998595e-03
4.060000000000000000e+02 4.468914687499998817e-03
4.070000000000000000e+02 4.444963281250001279e-03
4.080000000000000000e+02 4.421768359374998909e-03
4.090000000000000000e+02 4.399362656250000066e-03
4.100000000000000000e+02 4.377722421874999902e-03
4.110000000000000000e+02 4.356807421875002681e-03
4.120000000000000000e+02 4.336611875000000171e-03
4.130000000000000000e+02 4.317120156250000597e-03
4.140000000000000000e+02 4.298383593750000793e-03
4.150000000000000000e+02 4.280510625000000929e-03
4.160000000000000000e+02 4.263742187500000821e-03
4.170000000000000000e+02 4.248362500000001790e-03
4.180000000000000000e+02 4.234797656250001603e-03
4.190000000000000000e+02 4.223532031250002913e-03
4.200000000000000000e+02 4.215165625000000423e-03
4.210000000000000000e+02 4.210381250000000755e-03
4.220000000000000000e+02 4.209957031250001133e-03
4.230000000000000000e+02 4.214657031250002711e-03
4.240000000000000000e+02 4.225377343750001333e-03
4.250000000000000000e+02 4.242969531250000668e-03
4.260000000000000000e+02 4.268320312500001497e-03
4.270000000000000000e+02 4.302316406249999392e-03
4.280000000000000000e+02 4.345713281249998297e-03
4.290000000000000000e+02 4.399292187500000728e-03
4.300000000000000000e+02 4.463631953125000822e-03
4.310000000000000000e+02 4.539196953125000482e-03
4.320000000000000000e+02 4.626261874999997373e-03
4.330000000000000000e+02 4.724920156249999559e-03
4.340000000000000000e+02 4.835072187499996586e-03
4.350000000000000000e+02 4.956399531249999074e-03
4.360000000000000000e+02 5.088367500000001362e-03
4.370000000000000000e+02 5.230183750000003302e-03
4.380000000000000000e+02 5.381075156250000706e-03
4.390000000000000000e+02 5.539843906250003017e-03
4.400000000000000000e+02 5.705274140624996652e-03
4.410000000000000000e+02 5.875915078125000177e-03
4.420000000000000000e+02 6.050095390625002088e-03
4.430000000000000000e+02 6.225956585937502015e-03
4.440000000000000000e+02 6.401319882812497516e-03
4.450000000000000000e+02 6.573821992187502822e-03
4.460000000000000000e+02 6.740619617187499669e-03
4.470000000000000000e+02 6.898609789062495889e-03
4.480000000000000000e+02 7.044433891406249280e-03
4.490000000000000000e+02 7.174355578125000445e-03
4.500000000000000000e+02 7.284496596874997891e-03
4.510000000000000000e+02 7.371003562499996338e-03
4.520000000000000000e+02 7.429951609375005060e-03
4.530000000000000000e+02 7.457903039062501599e-03
4.540000000000000000e+02 7.451742157031251632e-03
4.550000000000000000e+02 7.409076695312499100e-03
4.560000000000000000e+02 7.328340484374999339e-03
4.570000000000000000e+02 7.208987160156247673e-03
4.580000000000000000e+02 7.051429280468751205e-03
4.590000000000000000e+02 6.857173742187504424e-03
4.600000000000000000e+02 6.628760796093754321e-03
4.610000000000000000e+02 6.369778992187498379e-03
4.620000000000000000e+02 6.084691336718750683e-03
4.630000000000000000e+02 5.778569460937499867e-03
4.640000000000000000e+02 5.457165304687499122e-03
4.650000000000000000e+02 5.126679546875001318e-03
4.660000000000000000e+02 4.793404375000000044e-03
4.670000000000000000e+02 4.463949765625000073e-03
4.680000000000000000e+02 4.144846718750000263e-03
4.690000000000000000e+02 3.842576874999999864e-03
4.700000000000000000e+02 3.563665390624999943e-03
4.710000000000000000e+02 3.314524492187500074e-03
4.720000000000000000e+02 3.101624820312501394e-03
4.730000000000000000e+02 2.931325843749999372e-03
4.740000000000000000e+02 2.809971450000001321e-03
4.750000000000000000e+02 2.743665546875000312e-03
4.760000000000000000e+02 2.738024000000001228e-03
4.770000000000000000e+02 2.797943359375000463e-03
4.780000000000000000e+02 2.927110078124999654e-03
4.790000000000000000e+02 3.127576562500000105e-03
4.800000000000000000e+02 3.399283828125000771e-03
4.810000000000000000e+02 3.739701171874997964e-03
4.820000000000000000e+02 4.143459843750000801e-03
4.830000000000000000e+02 4.602237890624999439e-03
4.840000000000000000e+02 5.104740703125000903e-03
4.850000000000000000e+02 5.636919765624998947e-03
4.860000000000000000e+02 6.182345468750000302e-03
4.870000000000000000e+02 6.722668046875002364e-03
4.880000000000000000e+02 7.238341406249997750e-03
4.890000000000000000e+02 7.709333437499999407e-03
4.900000000000000000e+02 8.116150468749999680e-03
4.910000000000000000e+02 8.440608515624996311e-03
4.920000000000000000e+02 8.667273515624995470e-03
4.930000000000000000e+02 8.784473492187498331e-03
4.940000000000000000e+02 8.785632210937496453e-03
4.950000000000000000e+02 8.670597640625003072e-03
4.960000000000000000e+02 8.446243593750003137e-03
4.970000000000000000e+02 8.127416562499999858e-03
4.980000000000000000e+02 7.736705281249999823e-03
4.990000000000000000e+02 7.304060390625000468e-03
5.000000000000000000e+02 6.865359312499999533e-03
5.010000000000000000e+02 6.460743898437501173e-03
5.020000000000000000e+02 6.132398109374999351e-03
5.030000000000000000e+02 5.922207664062502548e-03
5.040000000000000000e+02 5.870001992187498518e-03
5.050000000000000000e+02 6.013178549218748704e-03
5.060000000000000000e+02 6.389059391406250177e-03
5.070000000000000000e+02 7.042299781249999717e-03
5.080000000000000000e+02 8.039930937499998459e-03
5.090000000000000000e+02 9.499064398437498044e-03
5.100000000000000000e+02 1.163312625000000218e-02
5.110000000000000000e+02 1.482560593749999989e-02
