0.000000000000000000e+00 2.523600390625000203e-03
1.000000000000000000e+00 2.518794531250000569e-03
2.000000000000000000e+00 2.509207421875000489e-03
3.000000000000000000e+00 2.494874218750000542e-03
4.000000000000000000e+00 2.475860156250001085e-03
5.000000000000000000e+00 2.452256015624999005e-03
6.000000000000000000e+00 2.424160234375000601e-03
7.000000000000000000e+00 2.391695234374999549e-03
8.000000000000000000e+00 2.355007265624999534e-03
9.000000000000000000e+00 2.314260000000001143e-03
1.000000000000000000e+01 2.269621796875000760e-03
1.100000000000000000e+01 2.221301093750000129e-03
1.200000000000000000e+01 2.169500937500000361e-03
1.300000000000000000e+01 2.114454374999999355e-03
1.400000000000000000e+01 2.056388515624999434e-03
1.500000000000000000e+01 1.995574609374999638e-03
1.600000000000000000e+01 1.932268359375000685e-03
1.700000000000000000e+01 1.866739140625001082e-03
1.800000000000000000e+01 1.799277656249999389e-03
1.900000000000000000e+01 1.730169687500000006e-03
2.000000000000000000e+01 1.659724140625000151e-03
2.100000000000000000e+01 1.588229921875000195e-03
2.200000000000000000e+01 1.515999218749999747e-03
2.300000000000000000e+01 1.443344062500000451e-03
2.400000000000000000e+01 1.370568046875000152e-03
2.500000000000000000e+01 1.297981171874999611e-03
2.600000000000000000e+01 1.225890390625000541e-03
2.700000000000000000e+01 1.154602656249999453e-03
2.800000000000000000e+01 1.084408046875000222e-03
2.900000000000000000e+01 1.015608671874999522e-03
3.000000000000000000e+01 9.484903124999996939e-04
3.100000000000000000e+01 8.833278125000001632e-04
3.200000000000000000e+01 8.203912499999998272e-04
3.300000000000000000e+01 7.599354687500001811e-04
3.400000000000000000e+01 7.022096093750000842e-04
3.500000000000000000e+01 6.474458984374994921e-04
3.600000000000000000e+01 5.958691093750000068e-04
3.700000000000000000e+01 5.476795781249997217e-04
3.800000000000000000e+01 5.030705156250002636e-04
3.900000000000000000e+01 4.622220234375001304e-04
4.000000000000000000e+01 4.252842734375001841e-04
4.100000000000000000e+01 3.924084531249997761e-04
4.200000000000000000e+01 3.637160242187497663e-04
4.300000000000000000e+01 3.393136328125000959e-04
4.400000000000000000e+01 3.192935091406251752e-04
4.500000000000000000e+01 3.037274703125000461e-04
4.600000000000000000e+01 2.926648679687498134e-04
4.700000000000000000e+01 2.861470578124997925e-04
4.800000000000000000e+01 2.841866359374999452e-04
4.900000000000000000e+01 2.867912257031251340e-04
5.000000000000000000e+01 2.939321218749998423e-04
5.100000000000000000e+01 3.055798515625001441e-04
5.200000000000000000e+01 3.216809156249997802e-04
5.300000000000000000e+01 3.421654903124999800e-04
5.400000000000000000e+01 3.669497460937498103e-04
5.500000000000000000e+01 3.959303906250000236e-04
5.600000000000000000e+01 4.289926640624998691e-04
5.700000000000000000e+01 4.660076093749998408e-04
5.800000000000000000e+01 5.068310312499999968e-04
5.900000000000000000e+01 5.513060937500000556e-04
6.000000000000000000e+01 5.992602343749999904e-04
6.100000000000000000e+01 6.505189687499999185e-04
6.200000000000000000e+01 7.048872421874998340e-04
6.300000000000000000e+01 7.621682343750002270e-04
6.400000000000000000e+01 8.221522968750005333e-04
6.500000000000000000e+01 8.846240312500001793e-04
6.600000000000000000e+01 9.493564687499999113e-04
6.700000000000000000e+01 1.016128757812500725e-03
6.800000000000000000e+01 1.084702264843750118e-03
6.900000000000000000e+01 1.154841955468750110e-03
7.000000000000000000e+01 1.226296969531250622e-03
7.100000000000000000e+01 1.298844124218750040e-03
7.200000000000000000e+01 1.372232203046874809e-03
7.300000000000000000e+01 1.446213891484375048e-03
7.400000000000000000e+01 1.520559416406250513e-03
7.500000000000000000e+01 1.595014468749999820e-03
7.600000000000000000e+01 1.669356236718750166e-03
7.700000000000000000e+01 1.743345123437500550e-03
7.800000000000000000e+01 1.816744929687500723e-03
7.900000000000000000e+01 1.889351968749999758e-03
8.000000000000000000e+01 1.960931562500000096e-03
8.100000000000000000e+01 2.031287781249999265e-03
8.200000000000000000e+01 2.100202906250000189e-03
8.300000000000000000e+01 2.167493171874999847e-03
8.400000000000000000e+01 2.232967382812500214e-03
8.500000000000000000e+01 2.296456250000000841e-03
8.600000000000000000e+01 2.357788476562499951e-03
8.700000000000000000e+01 2.416799437499999627e-03
8.800000000000000000e+01 2.473346742187499357e-03
8.900000000000000000e+01 2.527301671874998806e-03
9.000000000000000000e+01 2.578530367187499908e-03
9.100000000000000000e+01 2.626919796875001011e-03
9.200000000000000000e+01 2.672369421874998870e-03
9.300000000000000000e+01 2.714788030468750883e-03
9.400000000000000000e+01 2.754091510156250321e-03
9.500000000000000000e+01 2.790216765625000775e-03
9.600000000000000000e+01 2.823100039062499591e-03
9.700000000000000000e+01 2.852697804687498884e-03
9.800000000000000000e+01 2.878978093750000737e-03
9.900000000000000000e+01 2.901913710937499297e-03
1.000000000000000000e+02 2.921489374999999573e-03
1.010000000000000000e+02 2.937702578124998763e-03
1.020000000000000000e+02 2.950562656249998677e-03
1.030000000000000000e+02 2.960085390624999247e-03
1.040000000000000000e+02 2.966303515625001459e-03
1.050000000000000000e+02 2.969246093750000856e-03
1.060000000000000000e+02 2.968961796874999576e-03
1.070000000000000000e+02 2.965501875000000134e-03
1.080000000000000000e+02 2.958935781250000233e-03
1.090000000000000000e+02 2.949322578124999577e-03
1.100000000000000000e+02 2.936755390624999889e-03
1.110000000000000000e+02 2.921317109374999606e-03
1.120000000000000000e+02 2.903098203125000984e-03
1.130000000000000000e+02 2.882204687499999394e-03
1.140000000000000000e+02 2.858741328124998239e-03
1.150000000000000000e+02 2.832822421874998942e-03
1.160000000000000000e+02 2.804572890624998198e-03
1.170000000000000000e+02 2.774116953125000881e-03
1.180000000000000000e+02 2.741589843750002163e-03
1.190000000000000000e+02 2.707131093750000158e-03
1.200000000000000000e+02 2.670889921875000024e-03
1.210000000000000000e+02 2.633016718749999364e-03
1.220000000000000000e+02 2.593664140624999358e-03
1.230000000000000000e+02 2.553002578124999224e-03
1.240000000000000000e+02 2.511187265625000956e-03
1.250000000000000000e+02 2.468415070312499158e-03
1.260000000000000000e+02 2.424844710937498326e-03
1.270000000000000000e+02 2.380674554687499649e-03
1.280000000000000000e+02 2.336089757812499779e-03
1.290000000000000000e+02 2.291287960937500069e-03
1.300000000000000000e+02 2.246477187499999230e-03
1.310000000000000000e+02 2.201860562500001367e-03
1.320000000000000000e+02 2.157646539062500410e-03
1.330000000000000000e+02 2.114059562500000301e-03
1.340000000000000000e+02 2.071314078125001141e-03
1.350000000000000000e+02 2.029654008593749503e-03
1.360000000000000000e+02 1.989285992968749684e-03
1.370000000000000000e+02 1.950464331249999930e-03
1.380000000000000000e+02 1.913418218359375133e-03
1.390000000000000000e+02 1.878389702109375687e-03
1.400000000000000000e+02 1.845614294921874444e-03
1.410000000000000000e+02 1.815357300000000401e-03
1.420000000000000000e+02 1.787833395312499705e-03
1.430000000000000000e+02 1.763304635156251639e-03
1.440000000000000000e+02 1.742005365859374943e-03
1.450000000000000000e+02 1.724178535937500147e-03
1.460000000000000000e+02 1.710055928125000504e-03
1.470000000000000000e+02 1.699862828125000115e-03
1.480000000000000000e+02 1.693828234374999530e-03
1.490000000000000000e+02 1.692155414062500741e-03
1.500000000000000000e+02 1.695052578124999106e-03
1.510000000000000000e+02 1.702714671874999133e-03
1.520000000000000000e+02 1.715313601562500111e-03
1.530000000000000000e+02 1.733014085937500557e-03
1.540000000000000000e+02 1.755959999999999769e-03
1.550000000000000000e+02 1.784279984375000292e-03
1.560000000000000000e+02 1.818077135937500163e-03
1.570000000000000000e+02 1.857433617187500456e-03
1.580000000000000000e+02 1.902410010390624771e-03
1.590000000000000000e+02 1.953040566406250098e-03
1.600000000000000000e+02 2.009327292968750376e-03
1.610000000000000000e+02 2.071243346093749535e-03
1.620000000000000000e+02 2.138743373515624921e-03
1.630000000000000000e+02 2.211733642187498940e-03
1.640000000000000000e+02 2.290089039062499689e-03
1.650000000000000000e+02 2.373678695312502179e-03
1.660000000000000000e+02 2.462290507812501042e-03
1.670000000000000000e+02 2.555717523437498959e-03
1.680000000000000000e+02 2.653693992187499632e-03
1.690000000000000000e+02 2.755931882812500712e-03
1.700000000000000000e+02 2.862101921874998355e-03
1.710000000000000000e+02 2.971849078124999023e-03
1.720000000000000000e+02 3.084771515624998035e-03
1.730000000000000000e+02 3.200441039062501547e-03
1.740000000000000000e+02 3.318407187499999248e-03
1.750000000000000000e+02 3.438182859374998811e-03
1.760000000000000000e+02 3.559257191406249490e-03
1.770000000000000000e+02 3.681092538281251561e-03
1.780000000000000000e+02 3.803138549218750952e-03
1.790000000000000000e+02 3.924815022656251776e-03
1.800000000000000000e+02 4.045526679687500536e-03
1.810000000000000000e+02 4.164672820312497956e-03
1.820000000000000000e+02 4.281663203124999248e-03
1.830000000000000000e+02 4.395886171875001101e-03
1.840000000000000000e+02 4.506704125000000200e-03
1.850000000000000000e+02 4.613543421875001410e-03
1.860000000000000000e+02 4.715793804687501770e-03
1.870000000000000000e+02 4.812870046874998149e-03
1.880000000000000000e+02 4.904226859374999359e-03
1.890000000000000000e+02 4.989324726562500978e-03
1.900000000000000000e+02 5.067659226562503533e-03
1.910000000000000000e+02 5.138780992187501340e-03
1.920000000000000000e+02 5.202180804687504823e-03
1.930000000000000000e+02 5.257515898437500543e-03
1.940000000000000000e+02 5.304437164062500085e-03
1.950000000000000000e+02 5.342652382812501134e-03
1.960000000000000000e+02 5.371867757812497438e-03
1.970000000000000000e+02 5.391937812499998997e-03
1.980000000000000000e+02 5.402732710937499343e-03
1.990000000000000000e+02 5.404148718749998866e-03
2.000000000000000000e+02 5.396201445312502794e-03
2.010000000000000000e+02 5.378940718749997477e-03
2.020000000000000000e+02 5.352511585937502411e-03
2.030000000000000000e+02 5.317065335937494128e-03
2.040000000000000000e+02 5.272907281250000140e-03
2.050000000000000000e+02 5.220297671874997956e-03
2.060000000000000000e+02 5.159648710937498294e-03
2.070000000000000000e+02 5.091405375000001773e-03
2.080000000000000000e+02 5.016066779687501642e-03
2.090000000000000000e+02 4.934261523437503960e-03
2.100000000000000000e+02 4.846531810937499719e-03
2.110000000000000000e+02 4.753575857031250990e-03
2.120000000000000000e+02 4.656169232031250049e-03
2.130000000000000000e+02 4.555026109375001457e-03
2.140000000000000000e+02 4.450958995390627213e-03
2.150000000000000000e+02 4.344821485937499887e-03
2.160000000000000000e+02 4.237523679687498109e-03
2.170000000000000000e+02 4.129920312499999434e-03
2.180000000000000000e+02 4.022949843750000046e-03
2.190000000000000000e+02 3.917546062500000884e-03
2.200000000000000000e+02 3.814652802343751741e-03
2.210000000000000000e+02 3.715259286718751875e-03
2.220000000000000000e+02 3.620241143332811936e-03
2.230000000000000000e+02 3.530589794531251765e-03
2.240000000000000000e+02 3.447221514843749543e-03
2.250000000000000000e+02 3.371029046874999754e-03
2.260000000000000000e+02 3.302886968750000894e-03
2.270000000000000000e+02 3.243655484374999547e-03
2.280000000000000000e+02 3.194149070312500040e-03
2.290000000000000000e+02 3.155124359375000281e-03
2.300000000000000000e+02 3.127294468750000701e-03
2.310000000000000000e+02 3.111356906249999974e-03
2.320000000000000000e+02 3.107888304687498379e-03
2.330000000000000000e+02 3.117461695312500908e-03
2.340000000000000000e+02 3.140573546874999948e-03
2.350000000000000000e+02 3.177595069531251488e-03
2.360000000000000000e+02 3.228915875000000144e-03
2.370000000000000000e+02 3.294777171874999511e-03
2.380000000000000000e+02 3.375385242187499933e-03
2.390000000000000000e+02 3.470855914062502025e-03
2.400000000000000000e+02 3.581182374999999831e-03
2.410000000000000000e+02 3.706365796874997939e-03
2.420000000000000000e+02 3.846248054687498048e-03
2.430000000000000000e+02 4.000643703124997369e-03
2.440000000000000000e+02 4.169211242187500013e-03
2.450000000000000000e+02 4.351616640625000955e-03
2.460000000000000000e+02 4.547406203124999824e-03
2.470000000000000000e+02 4.756047968749997981e-03
2.480000000000000000e+02 4.976952421874997375e-03
2.490000000000000000e+02 5.209460234374997667e-03
2.500000000000000000e+02 5.452846765624999939e-03
2.510000000000000000e+02 5.706318914062500323e-03
2.520000000000000000e+02 5.969037671874994830e-03
2.530000000000000000e+02 6.240092767187501062e-03
2.540000000000000000e+02 6.518578394531249383e-03
2.550000000000000000e+02 6.803494882812498659e-03
2.560000000000000000e+02 7.093872843750003224e-03
2.570000000000000000e+02 7.388626390625001664e-03
2.580000000000000000e+02 7.686686976562500870e-03
2.590000000000000000e+02 7.987022812500004648e-03
2.600000000000000000e+02 8.288535312499999488e-03
2.610000000000000000e+02 8.590128281250003148e-03
2.620000000000000000e+02 8.890740859374999389e-03
2.630000000000000000e+02 9.189240546875003177e-03
2.640000000000000000e+02 9.484594062500004141e-03
2.650000000000000000e+02 9.775762109374997247e-03
2.660000000000000000e+02 1.006176812500000385e-02
2.670000000000000000e+02 1.034154812499999722e-02
2.680000000000000000e+02 1.061417070312499662e-02
2.690000000000000000e+02 1.087881398437499925e-02
2.700000000000000000e+02 1.113447570312500225e-02
2.710000000000000000e+02 1.138041312499999715e-02
2.720000000000000000e+02 1.161601015624999685e-02
2.730000000000000000e+02 1.184029062500000472e-02
2.740000000000000000e+02 1.205281484374999372e-02
2.750000000000000000e+02 1.225296640624999947e-02
2.760000000000000000e+02 1.244030390624999670e-02
2.770000000000000000e+02 1.261427343749999853e-02
2.780000000000000000e+02 1.277465625000000042e-02
2.790000000000000000e+02 1.292101718749999982e-02
2.800000000000000000e+02 1.305327656249999531e-02
2.810000000000000000e+02 1.317122031250000068e-02
2.820000000000000000e+02 1.327487109375000661e-02
2.830000000000000000e+02 1.336407499999999610e-02
2.840000000000000000e+02 1.343910078125000462e-02
2.850000000000000000e+02 1.349998437500000113e-02
2.860000000000000000e+02 1.354698984374999235e-02
2.870000000000000000e+02 1.358039531249999668e-02
2.880000000000000000e+02 1.360054296875000401e-02
2.890000000000000000e+02 1.360782500000000221e-02
2.900000000000000000e+02 1.360276093750000144e-02
2.910000000000000000e+02 1.358578515625000205e-02
2.920000000000000000e+02 1.355754453125000009e-02
2.930000000000000000e+02 1.351855468750000171e-02
2.940000000000000000e+02 1.346955156250001333e-02
2.950000000000000000e+02 1.341114531250000436e-02
2.960000000000000000e+02 1.334408203124999928e-02
2.970000000000000000e+02 1.326908281249999932e-02
2.980000000000000000e+02 1.318682343750000180e-02
2.990000000000000000e+02 1.309814687500000102e-02
3.000000000000000000e+02 1.300380078124999464e-02
3.010000000000000000e+02 1.290456328125000850e-02
3.020000000000000000e+02 1.280109609374999700e-02
3.030000000000000000e+02 1.269431093750000156e-02
3.040000000000000000e+02 1.258485937500000360e-02
3.050000000000000000e+02 1.247341718749999176e-02
3.060000000000000000e+02 1.236073281250000579e-02
3.070000000000000000e+02 1.224749609374999569e-02
3.080000000000000000e+02 1.213429609374999663e-02
3.090000000000000000e+02 1.202169765625000358e-02
3.100000000000000000e+02 1.191030937499999720e-02
3.110000000000000000e+02 1.180053203125000678e-02
3.120000000000000000e+02 1.169289375000000589e-02
3.130000000000000000e+02 1.158768749999999730e-02
3.140000000000000000e+02 1.148523437499999501e-02
3.150000000000000000e+02 1.138583906250000520e-02
3.160000000000000000e+02 1.128959687499999677e-02
3.170000000000000000e+02 1.119666406249999850e-02
3.180000000000000000e+02 1.110706015625000619e-02
3.190000000000000000e+02 1.102076953124999682e-02
3.200000000000000000e+02 1.093770859374998926e-02
3.210000000000000000e+02 1.085773906250000163e-02
3.220000000000000000e+02 1.078066273437500167e-02
3.230000000000000000e+02 1.070618125000000545e-02
3.240000000000000000e+02 1.063403874999999804e-02
3.250000000000000000e+02 1.056397062499999338e-02
3.260000000000000000e+02 1.049562515624999359e-02
3.270000000000000000e+02 1.042860890625000800e-02
3.280000000000000000e+02 1.036259843749999694e-02
3.290000000000000000e+02 1.029732570312499700e-02
3.300000000000000000e+02 1.023238859374999733e-02
3.310000000000000000e+02 1.016748726562500919e-02
3.320000000000000000e+02 1.010234023437500163e-02
3.330000000000000000e+02 1.003672367187500095e-02
3.340000000000000000e+02 9.970401796875003747e-03
3.350000000000000000e+02 9.903168109374995559e-03
3.360000000000000000e+02 9.834865375000003199e-03
3.370000000000000000e+02 9.765330429687510416e-03
3.380000000000000000e+02 9.694411382812495245e-03
3.390000000000000000e+02 9.621982781250006805e-03
3.400000000000000000e+02 9.547983648437495877e-03
3.410000000000000000e+02 9.472177321093754043e-03
3.420000000000000000e+02 9.394470132812504301e-03
3.430000000000000000e+02 9.314697093750008011e-03
3.440000000000000000e+02 9.232675148437506293e-03
3.450000000000000000e+02 9.148217343750000841e-03
3.460000000000000000e+02 9.061093734374985401e-03
3.470000000000000000e+02 8.971127890624997978e-03
3.480000000000000000e+02 8.878101109374994526e-03
3.490000000000000000e+02 8.781769867187498926e-03
3.500000000000000000e+02 8.681959648437501120e-03
3.510000000000000000e+02 8.578581703906244110e-03
3.520000000000000000e+02 8.471474609296871308e-03
3.530000000000000000e+02 8.360624446093745804e-03
3.540000000000000000e+02 8.246045679687502919e-03
3.550000000000000000e+02 8.127898242187504146e-03
3.560000000000000000e+02 8.006335937499999347e-03
3.570000000000000000e+02 7.881686328124991314e-03
3.580000000000000000e+02 7.754324609375000919e-03
3.590000000000000000e+02 7.624659609374999890e-03
3.600000000000000000e+02 7.493239609375000609e-03
3.610000000000000000e+02 7.360618124999997527e-03
3.620000000000000000e+02 7.227363984374996116e-03
3.630000000000000000e+02 7.094060703125002788e-03
3.640000000000000000e+02 6.961317656249997772e-03
3.650000000000000000e+02 6.829669296875001162e-03
3.660000000000000000e+02 6.699632265625000797e-03
3.670000000000000000e+02 6.571712578124999649e-03
3.680000000000000000e+02 6.446208359374997789e-03
3.690000000000000000e+02 6.323477890625000056e-03
3.700000000000000000e+02 6.203757265624997540e-03
3.710000000000000000e+02 6.087237265625000844e-03
3.720000000000000000e+02 5.974044296874997211e-03
3.730000000000000000e+02 5.864228046874995180e-03
3.740000000000000000e+02 5.757920859374997084e-03
3.750000000000000000e+02 5.655121328125002796e-03
3.760000000000000000e+02 5.555817109374997127e-03
3.770000000000000000e+02 5.460128750000001197e-03
3.780000000000000000e+02 5.368015468749998305e-03
3.790000000000000000e+02 5.279639765625003534e-03
3.800000000000000000e+02 5.195001640625000403e-03
3.810000000000000000e+02 5.114158984375001375e-03
3.820000000000000000e+02 5.037238359374997948e-03
3.830000000000000000e+02 4.964316406249998787e-03
3.840000000000000000e+02 4.895449453124998095e-03
3.850000000000000000e+02 4.830674140624996102e-03
3.860000000000000000e+02 4.769918749999999333e-03
3.870000000000000000e+02 4.713212187500002114e-03
3.880000000000000000e+02 4.660389062500001726e-03
3.890000000000000000e+02 4.611346875000001816e-03
3.900000000000000000e+02 4.565872343749999285e-03
3.910000000000000000e+02 4.523707578125001072e-03
3.920000000000000000e+02 4.484594374999999536e-03
3.930000000000000000e+02 4.448220000000001860e-03
3.940000000000000000e+02 4.414269843750002337e-03
3.950000000000000000e+02 4.382470703124999485e-03
3.960000000000000000e+02 4.352535390625001353e-03
3.970000000000000000e+02 4.324266796875000235e-03
3.980000000000000000e+02 4.297522812500001975e-03
3.990000000000000000e+02 4.272245156249999086e-03
4.000000000000000000e+02 4.248473749999998744e-03
4.010000000000000000e+02 4.226355781249998937e-03
4.020000000000000000e+02 4.206139296874998774e-03
4.030000000000000000e+02 4.188161640624998502e-03
4.040000000000000000e+02 4.172822812500000950e-03
4.050000000000000000e+02 4.160597968750000611e-03
4.060000000000000000e+02 4.151971640625001791e-03
4.070000000000000000e+02 4.147416328124999517e-03
4.080000000000000000e+02 4.147394453125000623e-03
4.090000000000000000e+02 4.152300624999998198e-03
4.100000000000000000e+02 4.162458124999997289e-03
4.110000000000000000e+02 4.178120625000000116e-03
4.120000000000000000e+02 4.199444374999998161e-03
4.130000000000000000e+02 4.226526640625001378e-03
4.140000000000000000e+02 4.259424687499997406e-03
4.150000000000000000e+02 4.298155703125003217e-03
4.160000000000000000e+02 4.342748593750001863e-03
4.170000000000000000e+02 4.393260078125003389e-03
4.180000000000000000e+02 4.449798828125001333e-03
4.190000000000000000e+02 4.512522734374999761e-03
4.200000000000000000e+02 4.581704296874997487e-03
4.210000000000000000e+02 4.657701640625002033e-03
4.220000000000000000e+02 4.740917343749994489e-03
4.230000000000000000e+02 4.831847578124996018e-03
4.240000000000000000e+02 4.931077265625001017e-03
4.250000000000000000e+02 5.039123203125002448e-03
4.260000000000000000e+02 5.156597812499998448e-03
4.270000000000000000e+02 5.284063984375000217e-03
4.280000000000000000e+02 5.422019140625000504e-03
4.290000000000000000e+02 5.570842343749999280e-03
4.300000000000000000e+02 5.730887031249996127e-03
4.310000000000000000e+02 5.902237890625001114e-03
4.320000000000000000e+02 6.084938906250001063e-03
4.330000000000000000e+02 6.278639765624999952e-03
4.340000000000000000e+02 6.482965781249998109e-03
4.350000000000000000e+02 6.697182500000000913e-03
4.360000000000000000e+02 6.920211093750001582e-03
4.370000000000000000e+02 7.150913281249999046e-03
4.380000000000000000e+02 7.387710703124994449e-03
4.390000000000000000e+02 7.628895859375000102e-03
4.400000000000000000e+02 7.872569218750001888e-03
4.410000000000000000e+02 8.116638750000003746e-03
4.420000000000000000e+02 8.358863203124998822e-03
4.430000000000000000e+02 8.596990570312502619e-03
4.440000000000000000e+02 8.828563179687502066e-03
4.450000000000000000e+02 9.051172617187495245e-03
4.460000000000000000e+02 9.262305664062499624e-03
4.470000000000000000e+02 9.459315101562502590e-03
4.480000000000000000e+02 9.639591118749997120e-03
4.490000000000000000e+02 9.800190264687497904e-03
4.500000000000000000e+02 9.938191895312505422e-03
4.510000000000000000e+02 1.005059635156249631e-02
4.520000000000000000e+02 1.013417418750000958e-02
4.530000000000000000e+02 1.018568580781250600e-02
4.540000000000000000e+02 1.020203993125000548e-02
4.550000000000000000e+02 1.018033021796875721e-02
4.560000000000000000e+02 1.011792668828126115e-02
4.570000000000000000e+02 1.001294423750000162e-02
4.580000000000000000e+02 9.864132835937511334e-03
4.590000000000000000e+02 9.671312188281249583e-03
4.600000000000000000e+02 9.435288562499999712e-03
4.610000000000000000e+02 9.158258851562494848e-03
4.620000000000000000e+02 8.843586289453118227e-03
4.630000000000000000e+02 8.495880296874997600e-03
4.640000000000000000e+02 8.121028460937500595e-03
4.650000000000000000e+02 7.725933453125003597e-03
4.660000000000000000e+02 7.318363890625000437e-03
4.670000000000000000e+02 6.906648585937500383e-03
4.680000000000000000e+02 6.499421054687500206e-03
4.690000000000000000e+02 6.105528367187502449e-03
4.700000000000000000e+02 5.733562250000000075e-03
4.710000000000000000e+02 5.391753679687499856e-03
4.720000000000000000e+02 5.087677945312499804e-03
4.730000000000000000e+02 4.828283757812502040e-03
4.740000000000000000e+02 4.619536031250001326e-03
4.750000000000000000e+02 4.466621171875001690e-03
4.760000000000000000e+02 4.373664375000001735e-03
4.770000000000000000e+02 4.343691640625000315e-03
4.780000000000000000e+02 4.378677265624996914e-03
4.790000000000000000e+02 4.479094921874999385e-03
4.800000000000000000e+02 4.644079921874999690e-03
4.810000000000000000e+02 4.870930937500001119e-03
4.820000000000000000e+02 5.154933281249999416e-03
4.830000000000000000e+02 5.489265234374997825e-03
4.840000000000000000e+02 5.864712742187502652e-03
4.850000000000000000e+02 6.269748476562499000e-03
4.860000000000000000e+02 6.690818312499997519e-03
4.870000000000000000e+02 7.112405312499998564e-03
4.880000000000000000e+02 7.517740968749997074e-03
4.890000000000000000e+02 7.889432679687497299e-03
4.900000000000000000e+02 8.210312250781250792e-03
4.910000000000000000e+02 8.464246835937501434e-03
4.920000000000000000e+02 8.637342171875006525e-03
4.930000000000000000e+02 8.718558071875000259e-03
4.940000000000000000e+02 8.700875701718747621e-03
4.950000000000000000e+02 8.582112960937497356e-03
4.960000000000000000e+02 8.365538863281249057e-03
4.970000000000000000e+02 8.060500416250001438e-03
4.980000000000000000e+02 7.682318515625000642e-03
4.990000000000000000e+02 7.252467484375000467e-03
5.000000000000000000e+02 6.797991046875000165e-03
5.010000000000000000e+02 6.350093460937499337e-03
5.020000000000000000e+02 5.943716273437497401e-03
5.030000000000000000e+02 5.615843984374997884e-03
5.040000000000000000e+02 5.405600078124998646e-03
5.050000000000000000e+02 5.355326796875000545e-03
5.060000000000000000e+02 5.514516875000000096e-03
5.070000000000000000e+02 5.948473125000000063e-03
5.080000000000000000e+02 6.753995500000000221e-03
5.090000000000000000e+02 8.085447289062500445e-03
5.100000000000000000e+02 1.019593058125000361e-02
5.110000000000000000e+02 1.350034779687500110e-02
