0.000000000000000000e+00 2.482265781249999581e-03
1.000000000000000000e+00 2.477396953125000131e-03
2.000000000000000000e+00 2.467686328125000446e-03
3.000000000000000000e+00 2.453176406250000274e-03
4.000000000000000000e+00 2.433933906249999626e-03
5.000000000000000000e+00 2.410050546874999665e-03
6.000000000000000000e+00 2.381632031249999830e-03
7.000000000000000000e+00 2.348816640625000628e-03
8.000000000000000000e+00 2.311747421875000059e-03
9.000000000000000000e+00 2.270605624999999430e-03
1.000000000000000000e+01 2.225579062499999632e-03
1.100000000000000000e+01 2.176872890625001101e-03
1.200000000000000000e+01 2.124709375000000035e-03
1.300000000000000000e+01 2.069333593750000578e-03
1.400000000000000000e+01 2.010999609374999973e-03
1.500000000000000000e+01 1.949971718749999618e-03
1.600000000000000000e+01 1.886530937500001002e-03
1.700000000000000000e+01 1.820972187499999596e-03
1.800000000000000000e+01 1.753579453124999230e-03
1.900000000000000000e+01 1.684674687499999792e-03
2.000000000000000000e+01 1.614566718750000711e-03
2.100000000000000000e+01 1.543565625000000319e-03
2.200000000000000000e+01 1.472002812500000689e-03
2.300000000000000000e+01 1.400192421875000402e-03
2.400000000000000000e+01 1.328462187499999773e-03
2.500000000000000000e+01 1.257126953124999402e-03
2.600000000000000000e+01 1.186513046875000343e-03
2.700000000000000000e+01 1.116927421874999975e-03
2.800000000000000000e+01 1.048684921874999980e-03
2.900000000000000000e+01 9.820817968749998971e-04
3.000000000000000000e+01 9.174138281250001671e-04
3.100000000000000000e+01 8.549630468750002259e-04
3.200000000000000000e+01 7.950019531249999730e-04
3.300000000000000000e+01 7.377887500000002196e-04
3.400000000000000000e+01 6.835789296874998427e-04
3.500000000000000000e+01 6.325917265625002157e-04
3.600000000000000000e+01 5.850602656249997372e-04
3.700000000000000000e+01 5.411776640625000833e-04
3.800000000000000000e+01 5.011305156249998586e-04
3.900000000000000000e+01 4.650882812500000177e-04
4.000000000000000000e+01 4.332025070312500378e-04
4.100000000000000000e+01 4.056006429687503373e-04
4.200000000000000000e+01 3.824038767968747604e-04
4.300000000000000000e+01 3.636983437500000086e-04
4.400000000000000000e+01 3.495637929687499625e-04
4.500000000000000000e+01 3.400525596093749827e-04
4.600000000000000000e+01 3.352021679687497424e-04
4.700000000000000000e+01 3.350291546875001480e-04
4.800000000000000000e+01 3.395266250000002553e-04
4.900000000000000000e+01 3.486807507812499161e-04
5.000000000000000000e+01 3.624478593750000976e-04
5.100000000000000000e+01 3.807665078125001051e-04
5.200000000000000000e+01 4.035603828124999259e-04
5.300000000000000000e+01 4.307397921875000843e-04
5.400000000000000000e+01 4.621920710937501859e-04
5.500000000000000000e+01 4.977899775000001062e-04
5.600000000000000000e+01 5.373952179687497936e-04
5.700000000000000000e+01 5.808468906250000615e-04
5.800000000000000000e+01 6.279779062500002226e-04
5.900000000000000000e+01 6.786057499999999156e-04
6.000000000000000000e+01 7.325348203124994228e-04
6.100000000000000000e+01 7.895611328124996437e-04
6.200000000000000000e+01 8.494722812500001647e-04
6.300000000000000000e+01 9.120394843750003009e-04
6.400000000000000000e+01 9.770244843749999099e-04
6.500000000000000000e+01 1.044204252343750028e-03
6.600000000000000000e+01 1.113328514843750115e-03
6.700000000000000000e+01 1.184137618749999841e-03
6.800000000000000000e+01 1.256393895312499665e-03
6.900000000000000000e+01 1.329835171093750627e-03
7.000000000000000000e+01 1.404202183593749806e-03
7.100000000000000000e+01 1.479248433593750162e-03
7.200000000000000000e+01 1.554704160156249659e-03
7.300000000000000000e+01 1.630322088281250820e-03
7.400000000000000000e+01 1.705843306250000042e-03
7.500000000000000000e+01 1.781033851562498693e-03
7.600000000000000000e+01 1.855632835937499848e-03
7.700000000000000000e+01 1.929416398437500861e-03
7.800000000000000000e+01 2.002142109375000100e-03
7.900000000000000000e+01 2.073590656250000677e-03
8.000000000000000000e+01 2.143544281249999683e-03
8.100000000000000000e+01 2.211794140625000793e-03
8.200000000000000000e+01 2.278131945312500666e-03
8.300000000000000000e+01 2.342382757812498575e-03
8.400000000000000000e+01 2.404356750000000761e-03
8.500000000000000000e+01 2.463890179687500820e-03
8.600000000000000000e+01 2.520815585937499510e-03
8.700000000000000000e+01 2.575003156250000973e-03
8.800000000000000000e+01 2.626300203125000142e-03
8.900000000000000000e+01 2.674596765625001336e-03
9.000000000000000000e+01 2.719778046875000795e-03
9.100000000000000000e+01 2.761741250000000151e-03
9.200000000000000000e+01 2.800403539062498986e-03
9.300000000000000000e+01 2.835695523437500865e-03
9.400000000000000000e+01 2.867554929687500184e-03
9.500000000000000000e+01 2.895922507812499075e-03
9.600000000000000000e+01 2.920765329687498302e-03
9.700000000000000000e+01 2.942061239843750484e-03
9.800000000000000000e+01 2.959796341406249840e-03
9.900000000000000000e+01 2.973962289062500198e-03
1.000000000000000000e+02 2.984582062499999480e-03
1.010000000000000000e+02 2.991657148437500569e-03
1.020000000000000000e+02 2.995224539062500257e-03
1.030000000000000000e+02 2.995334882812501157e-03
1.040000000000000000e+02 2.992025781250001043e-03
1.050000000000000000e+02 2.985359453124999691e-03
1.060000000000000000e+02 2.975411640624999084e-03
1.070000000000000000e+02 2.962258671875000679e-03
1.080000000000000000e+02 2.945986796874999845e-03
1.090000000000000000e+02 2.926689609374999359e-03
1.100000000000000000e+02 2.904481562500000995e-03
1.110000000000000000e+02 2.879463125000000009e-03
1.120000000000000000e+02 2.851750312499999086e-03
1.130000000000000000e+02 2.821481249999997949e-03
1.140000000000000000e+02 2.788783203124998999e-03
1.150000000000000000e+02 2.753795624999999091e-03
1.160000000000000000e+02 2.716675703124999189e-03
1.170000000000000000e+02 2.677562968749999141e-03
1.180000000000000000e+02 2.636623437500000902e-03
1.190000000000000000e+02 2.594026796875001459e-03
1.200000000000000000e+02 2.549944218749998319e-03
1.210000000000000000e+02 2.504553281250000360e-03
1.220000000000000000e+02 2.458041101562499949e-03
1.230000000000000000e+02 2.410602718749998725e-03
1.240000000000000000e+02 2.362431476562500306e-03
1.250000000000000000e+02 2.313731921874998942e-03
1.260000000000000000e+02 2.264714476562498802e-03
1.270000000000000000e+02 2.215601328124999596e-03
1.280000000000000000e+02 2.166609304687498651e-03
1.290000000000000000e+02 2.117973281249999843e-03
1.300000000000000000e+02 2.069924210937499568e-03
1.310000000000000000e+02 2.022706749218749090e-03
1.320000000000000000e+02 1.976564546874998510e-03
1.330000000000000000e+02 1.931748469531249877e-03
1.340000000000000000e+02 1.888520575781250455e-03
1.350000000000000000e+02 1.847139771874999710e-03
1.360000000000000000e+02 1.807873927343750173e-03
1.370000000000000000e+02 1.770984964843750221e-03
1.380000000000000000e+02 1.736760283593749782e-03
1.390000000000000000e+02 1.705467828125000005e-03
1.400000000000000000e+02 1.677372945312500261e-03
1.410000000000000000e+02 1.652764374999999295e-03
1.420000000000000000e+02 1.631910414062498569e-03
1.430000000000000000e+02 1.615086328125000647e-03
1.440000000000000000e+02 1.602555984374999997e-03
1.450000000000000000e+02 1.594592382812499726e-03
1.460000000000000000e+02 1.591438703125001288e-03
1.470000000000000000e+02 1.593352578124999832e-03
1.480000000000000000e+02 1.600563320312500207e-03
1.490000000000000000e+02 1.613300039062500000e-03
1.500000000000000000e+02 1.631780015624999334e-03
1.510000000000000000e+02 1.656187562499999424e-03
1.520000000000000000e+02 1.686707218750000065e-03
1.530000000000000000e+02 1.723479790624999697e-03
1.540000000000000000e+02 1.766647653124999275e-03
1.550000000000000000e+02 1.816316752265625554e-03
1.560000000000000000e+02 1.872561152031249369e-03
1.570000000000000000e+02 1.935438958593749779e-03
1.580000000000000000e+02 2.004960093749999592e-03
1.590000000000000000e+02 2.081120187500000874e-03
1.600000000000000000e+02 2.163869796874999703e-03
1.610000000000000000e+02 2.253108250000000062e-03
1.620000000000000000e+02 2.348731296874998712e-03
1.630000000000000000e+02 2.450560070312498076e-03
1.640000000000000000e+02 2.558399460937500237e-03
1.650000000000000000e+02 2.672005515624999595e-03
1.660000000000000000e+02 2.791094312500000309e-03
1.670000000000000000e+02 2.915328281249999001e-03
1.680000000000000000e+02 3.044348773437499482e-03
1.690000000000000000e+02 3.177743945312499520e-03
1.700000000000000000e+02 3.315054187500002074e-03
1.710000000000000000e+02 3.455806750000000541e-03
1.720000000000000000e+02 3.599471867187498814e-03
1.730000000000000000e+02 3.745474070312501853e-03
1.740000000000000000e+02 3.893225007812500804e-03
1.750000000000000000e+02 4.042104890624999454e-03
1.760000000000000000e+02 4.191459546875000823e-03
1.770000000000000000e+02 4.340631984374998358e-03
1.780000000000000000e+02 4.488885812500003659e-03
1.790000000000000000e+02 4.635522204687500016e-03
1.800000000000000000e+02 4.779842090625002586e-03
1.810000000000000000e+02 4.921111156249997898e-03
1.820000000000000000e+02 5.058587320312502023e-03
1.830000000000000000e+02 5.191510812499997712e-03
1.840000000000000000e+02 5.319225367187500365e-03
1.850000000000000000e+02 5.440971796875001924e-03
1.860000000000000000e+02 5.556124703124997420e-03
1.870000000000000000e+02 5.663931539062504357e-03
1.880000000000000000e+02 5.763834593750000353e-03
1.890000000000000000e+02 5.855212359375001376e-03
1.900000000000000000e+02 5.937493718750000773e-03
1.910000000000000000e+02 6.010264265624997229e-03
1.920000000000000000e+02 6.072942249999995976e-03
1.930000000000000000e+02 6.125190218749998125e-03
1.940000000000000000e+02 6.166645382812501429e-03
1.950000000000000000e+02 6.197032523437502431e-03
1.960000000000000000e+02 6.216164859375000566e-03
1.970000000000000000e+02 6.223892976562500103e-03
1.980000000000000000e+02 6.220118976562500311e-03
1.990000000000000000e+02 6.204876648437501405e-03
2.000000000000000000e+02 6.178252742187502825e-03
2.010000000000000000e+02 6.140384507812502585e-03
2.020000000000000000e+02 6.091519398437500975e-03
2.030000000000000000e+02 6.031969562500001311e-03
2.040000000000000000e+02 5.962144210937500056e-03
2.050000000000000000e+02 5.882482515624999804e-03
2.060000000000000000e+02 5.793562484374996206e-03
2.070000000000000000e+02 5.695962765625004094e-03
2.080000000000000000e+02 5.590375582031249443e-03
2.090000000000000000e+02 5.477544437500003228e-03
2.100000000000000000e+02 5.358281398437502938e-03
2.110000000000000000e+02 5.233450421875000813e-03
2.120000000000000000e+02 5.103953925000002424e-03
2.130000000000000000e+02 4.970759177343747268e-03
2.140000000000000000e+02 4.834885185937500343e-03
2.150000000000000000e+02 4.697398435703122217e-03
2.160000000000000000e+02 4.559306382812496929e-03
2.170000000000000000e+02 4.421741475000001004e-03
2.180000000000000000e+02 4.285808200000001261e-03
2.190000000000000000e+02 4.152641789062497951e-03
2.200000000000000000e+02 4.023311726562501904e-03
2.210000000000000000e+02 3.899016695312499791e-03
2.220000000000000000e+02 3.780809609374999238e-03
2.230000000000000000e+02 3.669797062500001084e-03
2.240000000000000000e+02 3.567064937499999939e-03
2.250000000000000000e+02 3.473621796875000101e-03
2.260000000000000000e+02 3.390493281250001652e-03
2.270000000000000000e+02 3.318603515624999993e-03
2.280000000000000000e+02 3.258868281250000120e-03
2.290000000000000000e+02 3.212099765625000842e-03
2.300000000000000000e+02 3.179109218749998859e-03
2.310000000000000000e+02 3.160585781250002235e-03
2.320000000000000000e+02 3.157171804687501811e-03
2.330000000000000000e+02 3.169407484375000566e-03
2.340000000000000000e+02 3.197779203125002048e-03
2.350000000000000000e+02 3.242645960937497705e-03
2.360000000000000000e+02 3.304316695312500135e-03
2.370000000000000000e+02 3.382982960937501102e-03
2.380000000000000000e+02 3.478754617187500026e-03
2.390000000000000000e+02 3.591636182812499994e-03
2.400000000000000000e+02 3.721555631249998108e-03
2.410000000000000000e+02 3.868325601562500049e-03
2.420000000000000000e+02 4.031667945312501083e-03
2.430000000000000000e+02 4.211214242187499672e-03
2.440000000000000000e+02 4.406530718750001005e-03
2.450000000000000000e+02 4.617040390625002169e-03
2.460000000000000000e+02 4.842143203124998733e-03
2.470000000000000000e+02 5.081099648437501122e-03
2.480000000000000000e+02 5.333163429687501865e-03
2.490000000000000000e+02 5.597461718749998510e-03
2.500000000000000000e+02 5.873053015624999165e-03
2.510000000000000000e+02 6.158995065624998065e-03
2.520000000000000000e+02 6.454234357812502383e-03
2.530000000000000000e+02 6.757699476562501958e-03
2.540000000000000000e+02 7.068256554687500984e-03
2.550000000000000000e+02 7.384747359374999043e-03
2.560000000000000000e+02 7.705984218749999809e-03
2.570000000000000000e+02 8.030781640624999954e-03
2.580000000000000000e+02 8.357970703125001954e-03
2.590000000000000000e+02 8.686251093749998084e-03
2.600000000000000000e+02 9.014401171874993415e-03
2.610000000000000000e+02 9.341262265624998909e-03
2.620000000000000000e+02 9.665632265625001551e-03
2.630000000000000000e+02 9.986274609375008632e-03
2.640000000000000000e+02 1.030214039062500413e-02
2.650000000000000000e+02 1.061197593749999696e-02
2.660000000000000000e+02 1.091487421875000051e-02
2.670000000000000000e+02 1.120969765624999295e-02
2.680000000000000000e+02 1.149551718749999840e-02
2.690000000000000000e+02 1.177140468749999884e-02
2.700000000000000000e+02 1.203650312499999347e-02
2.710000000000000000e+02 1.229020000000000112e-02
2.720000000000000000e+02 1.253149453124999951e-02
2.730000000000000000e+02 1.275999531250000124e-02
2.740000000000000000e+02 1.297506328124999747e-02
2.750000000000000000e+02 1.317618046874999803e-02
2.760000000000000000e+02 1.336296093750000830e-02
2.770000000000000000e+02 1.353517734375000656e-02
2.780000000000000000e+02 1.369254921874999559e-02
2.790000000000000000e+02 1.383490937500000094e-02
2.800000000000000000e+02 1.396229296875000671e-02
2.810000000000000000e+02 1.407456718749999953e-02
2.820000000000000000e+02 1.417197968749999218e-02
2.830000000000000000e+02 1.425461250000000651e-02
2.840000000000000000e+02 1.432273984374999622e-02
2.850000000000000000e+02 1.437670156249998971e-02
2.860000000000000000e+02 1.441682265624999980e-02
2.870000000000000000e+02 1.444363750000000023e-02
2.880000000000000000e+02 1.445763046875000145e-02
2.890000000000000000e+02 1.445929921875000086e-02
2.900000000000000000e+02 1.444930546875000145e-02
2.910000000000000000e+02 1.442832421875000007e-02
2.920000000000000000e+02 1.439694765624999727e-02
2.930000000000000000e+02 1.435603203125000379e-02
2.940000000000000000e+02 1.430616562500000750e-02
2.950000000000000000e+02 1.424821328124999814e-02
2.960000000000000000e+02 1.418291328124999563e-02
2.970000000000000000e+02 1.411098593749999901e-02
2.980000000000000000e+02 1.403330703124999572e-02
2.990000000000000000e+02 1.395070156249998868e-02
3.000000000000000000e+02 1.386382421874999236e-02
3.010000000000000000e+02 1.377346640624999702e-02
3.020000000000000000e+02 1.368041718750000017e-02
3.030000000000000000e+02 1.358528515624999808e-02
3.040000000000000000e+02 1.348891562499999856e-02
3.050000000000000000e+02 1.339190234375001003e-02
3.060000000000000000e+02 1.329474296875000038e-02
3.070000000000000000e+02 1.319815546874999503e-02
3.080000000000000000e+02 1.310254687499999744e-02
3.090000000000000000e+02 1.300845781249999542e-02
3.100000000000000000e+02 1.291625078124999763e-02
3.110000000000000000e+02 1.282626640624999828e-02
3.120000000000000000e+02 1.273873671874999232e-02
3.130000000000000000e+02 1.265396015624999440e-02
3.140000000000000000e+02 1.257196015624999740e-02
3.150000000000000000e+02 1.249282578124998738e-02
3.160000000000000000e+02 1.241655000000000710e-02
3.170000000000000000e+02 1.234308906250000150e-02
3.180000000000000000e+02 1.227216640624999300e-02
3.190000000000000000e+02 1.220359765624999884e-02
3.200000000000000000e+02 1.213718437500000032e-02
3.210000000000000000e+02 1.207244999999999673e-02
3.220000000000000000e+02 1.200912656250000335e-02
3.230000000000000000e+02 1.194676328125000332e-02
3.240000000000000000e+02 1.188492265625000141e-02
3.250000000000000000e+02 1.182317578125000566e-02
3.260000000000000000e+02 1.176106148437499818e-02
3.270000000000000000e+02 1.169811812499999513e-02
3.280000000000000000e+02 1.163399468749999610e-02
3.290000000000000000e+02 1.156827664062499983e-02
3.300000000000000000e+02 1.150057437499999585e-02
3.310000000000000000e+02 1.143063093750000363e-02
3.320000000000000000e+02 1.135810210937500050e-02
3.330000000000000000e+02 1.128285140624999544e-02
3.340000000000000000e+02 1.120459726562499959e-02
3.350000000000000000e+02 1.112325648437499821e-02
3.360000000000000000e+02 1.103869585937500113e-02
3.370000000000000000e+02 1.095079466406250097e-02
3.380000000000000000e+02 1.085949860937500400e-02
3.390000000000000000e+02 1.076471974999999685e-02
3.400000000000000000e+02 1.066639557031249380e-02
3.410000000000000000e+02 1.056448739531250583e-02
3.420000000000000000e+02 1.045889126093750565e-02
3.430000000000000000e+02 1.034954414687499699e-02
3.440000000000000000e+02 1.023634145859374754e-02
3.450000000000000000e+02 1.011925660937500193e-02
3.460000000000000000e+02 9.998113234374999755e-03
3.470000000000000000e+02 9.872928320312494843e-03
3.480000000000000000e+02 9.743569195312499348e-03
3.490000000000000000e+02 9.610046765624999723e-03
3.500000000000000000e+02 9.472321921874991835e-03
3.510000000000000000e+02 9.330551539062498928e-03
3.520000000000000000e+02 9.184849118750006494e-03
3.530000000000000000e+02 9.035406882890626226e-03
3.540000000000000000e+02 8.882497960937499326e-03
3.550000000000000000e+02 8.726572492187500973e-03
3.560000000000000000e+02 8.567969554687497255e-03
3.570000000000000000e+02 8.407255820312499114e-03
3.580000000000000000e+02 8.245033984374998751e-03
3.590000000000000000e+02 8.081852500000001951e-03
3.600000000000000000e+02 7.918445312499992547e-03
3.610000000000000000e+02 7.755381328125000688e-03
3.620000000000000000e+02 7.593370624999998264e-03
3.630000000000000000e+02 7.433039765625005027e-03
3.640000000000000000e+02 7.274892031250001535e-03
3.650000000000000000e+02 7.119495156250003377e-03
3.660000000000000000e+02 6.967306953125001166e-03
3.670000000000000000e+02 6.818660859374998939e-03
3.680000000000000000e+02 6.673898515624999452e-03
3.690000000000000000e+02 6.533306249999996408e-03
3.700000000000000000e+02 6.396976640624997892e-03
3.710000000000000000e+02 6.265082343750000629e-03
3.720000000000000000e+02 6.137725234375000435e-03
3.730000000000000000e+02 6.015000390625002344e-03
3.740000000000000000e+02 5.896969140625000529e-03
3.750000000000000000e+02 5.783645546874998863e-03
3.760000000000000000e+02 5.675135546875004905e-03
3.770000000000000000e+02 5.571494999999998358e-03
3.780000000000000000e+02 5.472866640624999938e-03
3.790000000000000000e+02 5.379319375000002866e-03
3.800000000000000000e+02 5.290857968750000730e-03
3.810000000000000000e+02 5.207690624999995396e-03
3.820000000000000000e+02 5.129791953125001532e-03
3.830000000000000000e+02 5.057232343749998998e-03
3.840000000000000000e+02 4.989985781249999322e-03
3.850000000000000000e+02 4.927942187499998426e-03
3.860000000000000000e+02 4.870997421874999518e-03
3.870000000000000000e+02 4.818925937499999451e-03
3.880000000000000000e+02 4.771505390624998164e-03
3.890000000000000000e+02 4.728336328125002513e-03
3.900000000000000000e+02 4.689079218749999528e-03
3.910000000000000000e+02 4.653296171875000685e-03
3.920000000000000000e+02 4.620508437500002105e-03
3.930000000000000000e+02 4.590218906250000466e-03
3.940000000000000000e+02 4.561971796874999749e-03
3.950000000000000000e+02 4.535350156250000410e-03
3.960000000000000000e+02 4.509943359375000876e-03
3.970000000000000000e+02 4.485471718749999177e-03
3.980000000000000000e+02 4.461687421874999115e-03
3.990000000000000000e+02 4.438494218749999311e-03
4.000000000000000000e+02 4.415885625000000141e-03
4.010000000000000000e+02 4.393969687500002413e-03
4.020000000000000000e+02 4.372935624999999341e-03
4.030000000000000000e+02 4.353066640624998415e-03
4.040000000000000000e+02 4.334701171875001043e-03
4.050000000000000000e+02 4.318196562500000411e-03
4.060000000000000000e+02 4.303924218750000523e-03
4.070000000000000000e+02 4.292214375000000595e-03
4.080000000000000000e+02 4.283368750000001411e-03
4.090000000000000000e+02 4.277626718750000140e-03
4.100000000000000000e+02 4.275159218750000482e-03
4.110000000000000000e+02 4.276073046875000436e-03
4.120000000000000000e+02 4.280455312499998818e-03
4.130000000000000000e+02 4.288331250000000996e-03
4.140000000000000000e+02 4.299768671875000767e-03
4.150000000000000000e+02 4.314832499999997351e-03
4.160000000000000000e+02 4.333641953124997385e-03
4.170000000000000000e+02 4.356384374999997672e-03
4.180000000000000000e+02 4.383357265625001213e-03
4.190000000000000000e+02 4.414925703125001898e-03
4.200000000000000000e+02 4.451542187500003543e-03
4.210000000000000000e+02 4.493798281250000089e-03
4.220000000000000000e+02 4.542303828125001004e-03
4.230000000000000000e+02 4.597724531249998067e-03
4.240000000000000000e+02 4.660802812499999920e-03
4.250000000000000000e+02 4.732318046875000524e-03
4.260000000000000000e+02 4.812919765625001470e-03
4.270000000000000000e+02 4.903366250000000884e-03
4.280000000000000000e+02 5.004270234374999342e-03
4.290000000000000000e+02 5.116173671875002583e-03
4.300000000000000000e+02 5.239473906249999223e-03
4.310000000000000000e+02 5.374345703124999186e-03
4.320000000000000000e+02 5.520905703125001361e-03
4.330000000000000000e+02 5.678977500000002322e-03
4.340000000000000000e+02 5.848080859374999406e-03
4.350000000000000000e+02 6.027619687500002793e-03
4.360000000000000000e+02 6.216614218749996930e-03
4.370000000000000000e+02 6.413973437499997064e-03
4.380000000000000000e+02 6.618259999999997339e-03
4.390000000000000000e+02 6.827971953125002921e-03
4.400000000000000000e+02 7.041297734374998493e-03
4.410000000000000000e+02 7.256442109374998742e-03
4.420000000000000000e+02 7.471299062500002391e-03
4.430000000000000000e+02 7.683799609375000818e-03
4.440000000000000000e+02 7.891597343749997412e-03
4.450000000000000000e+02 8.092308046874998120e-03
4.460000000000000000e+02 8.283313390624998107e-03
4.470000000000000000e+02 8.461786484374997364e-03
4.480000000000000000e+02 8.624717156250008218e-03
4.490000000000000000e+02 8.768764703124999269e-03
4.500000000000000000e+02 8.890571351562499489e-03
4.510000000000000000e+02 8.986514585937499175e-03
4.520000000000000000e+02 9.052927353906248600e-03
4.530000000000000000e+02 9.086213627343754304e-03
4.540000000000000000e+02 9.083065553124996735e-03
4.550000000000000000e+02 9.040616833984379402e-03
4.560000000000000000e+02 8.956644613281253622e-03
4.570000000000000000e+02 8.829759190624996215e-03
4.580000000000000000e+02 8.659497706953123153e-03
4.590000000000000000e+02 8.446680858593747995e-03
4.600000000000000000e+02 8.193272028906253834e-03
4.610000000000000000e+02 7.902491226562502469e-03
4.620000000000000000e+02 7.578718749999999518e-03
4.630000000000000000e+02 7.227507515625002099e-03
4.640000000000000000e+02 6.855274765625002376e-03
4.650000000000000000e+02 6.469268640624999470e-03
4.660000000000000000e+02 6.077192968750000715e-03
4.670000000000000000e+02 5.687135859375000262e-03
4.680000000000000000e+02 5.307309062499999605e-03
4.690000000000000000e+02 4.945817265625000216e-03
4.700000000000000000e+02 4.610388671874998331e-03
4.710000000000000000e+02 4.308562664062499589e-03
4.720000000000000000e+02 4.047376898437498108e-03
4.730000000000000000e+02 3.833279075078124907e-03
4.740000000000000000e+02 3.672209343749999882e-03
4.750000000000000000e+02 3.569409609375000497e-03
4.760000000000000000e+02 3.529489609374998615e-03
4.770000000000000000e+02 3.556041640624999899e-03
4.780000000000000000e+02 3.651622031250000618e-03
4.790000000000000000e+02 3.817318203124999559e-03
4.800000000000000000e+02 4.052449687500000140e-03
4.810000000000000000e+02 4.354209296874999788e-03
4.820000000000000000e+02 4.717373124999998599e-03
4.830000000000000000e+02 5.134031835937500482e-03
4.840000000000000000e+02 5.593531249999996943e-03
4.850000000000000000e+02 6.082511187499999548e-03
4.860000000000000000e+02 6.585276578124997678e-03
4.870000000000000000e+02 7.084162515624999913e-03
4.880000000000000000e+02 7.560254648437497033e-03
4.890000000000000000e+02 7.994134007812498874e-03
4.900000000000000000e+02 8.366891281249996815e-03
4.910000000000000000e+02 8.661003275781248983e-03
4.920000000000000000e+02 8.861340726562498202e-03
4.930000000000000000e+02 8.956432023437502221e-03
4.940000000000000000e+02 8.939374445312496878e-03
4.950000000000000000e+02 8.808865749999995193e-03
4.960000000000000000e+02 8.570145590546871320e-03
4.970000000000000000e+02 8.235244925000001145e-03
4.980000000000000000e+02 7.823743003906251381e-03
4.990000000000000000e+02 7.361822154687502028e-03
5.000000000000000000e+02 6.881859507812500970e-03
5.010000000000000000e+02 6.420796238281250949e-03
5.020000000000000000e+02 6.018628421874999170e-03
5.030000000000000000e+02 5.716639156249998105e-03
5.040000000000000000e+02 5.556424124999999846e-03
5.050000000000000000e+02 5.580427195312498596e-03
5.060000000000000000e+02 5.835101015625001816e-03
5.070000000000000000e+02 6.378979312500000602e-03
5.080000000000000000e+02 7.298181445312497753e-03
5.090000000000000000e+02 8.732767789062498287e-03
5.100000000000000000e+02 1.091999382812499850e-02
5.110000000000000000e+02 1.426087460937499989e-02
