0.000000000000000000e+00 3.929906015625001664e-03
1.000000000000000000e+00 3.923717984375000960e-03
2.000000000000000000e+00 3.911362445312499374e-03
3.000000000000000000e+00 3.892903960937500220e-03
4.000000000000000000e+00 3.868425250000000724e-03
5.000000000000000000e+00 3.838034664062500451e-03
6.000000000000000000e+00 3.801873257812499098e-03
7.000000000000000000e+00 3.760110179687500224e-03
8.000000000000000000e+00 3.712918218750000700e-03
9.000000000000000000e+00 3.660528859374997945e-03
1.000000000000000000e+01 3.603163750000000411e-03
1.100000000000000000e+01 3.541087820312500273e-03
1.200000000000000000e+01 3.474579468750001263e-03
1.300000000000000000e+01 3.403930906249998979e-03
1.400000000000000000e+01 3.329453812500000019e-03
1.500000000000000000e+01 3.251486906250000003e-03
1.600000000000000000e+01 3.170361007812499358e-03
1.700000000000000000e+01 3.086430671875000330e-03
1.800000000000000000e+01 3.000065921874998758e-03
1.900000000000000000e+01 2.911635546874999803e-03
2.000000000000000000e+01 2.821516679687500334e-03
2.100000000000000000e+01 2.730094546874999896e-03
2.200000000000000000e+01 2.637748062500001791e-03
2.300000000000000000e+01 2.544863414062500072e-03
2.400000000000000000e+01 2.451824804687501112e-03
2.500000000000000000e+01 2.359012382812499323e-03
2.600000000000000000e+01 2.266790203125001058e-03
2.700000000000000000e+01 2.175537164062500955e-03
2.800000000000000000e+01 2.085604398437500024e-03
2.900000000000000000e+01 1.997337656250000159e-03
3.000000000000000000e+01 1.911076406250000271e-03
3.100000000000000000e+01 1.827130703124999140e-03
3.200000000000000000e+01 1.745821249999999700e-03
3.300000000000000000e+01 1.667428906250000486e-03
3.400000000000000000e+01 1.592225625000000602e-03
3.500000000000000000e+01 1.520473906249999573e-03
3.600000000000000000e+01 1.452389843749999233e-03
3.700000000000000000e+01 1.388198593750000548e-03
3.800000000000000000e+01 1.328095234374999933e-03
3.900000000000000000e+01 1.272243515625000321e-03
4.000000000000000000e+01 1.220792890624999372e-03
4.100000000000000000e+01 1.173880546875000772e-03
4.200000000000000000e+01 1.131590945312499746e-03
4.300000000000000000e+01 1.094026515624999625e-03
4.400000000000000000e+01 1.061226773437500426e-03
4.500000000000000000e+01 1.033241164062500411e-03
4.600000000000000000e+01 1.010079812500000104e-03
4.700000000000000000e+01 9.917361445312502556e-04
4.800000000000000000e+01 9.781769093750005209e-04
4.900000000000000000e+01 9.693569968749994256e-04
5.000000000000000000e+01 9.652087249999998734e-04
5.100000000000000000e+01 9.656426101562503488e-04
5.200000000000000000e+01 9.705514991406247183e-04
5.300000000000000000e+01 9.798092546874999278e-04
5.400000000000000000e+01 9.932763726562497935e-04
5.500000000000000000e+01 1.010797445312499893e-03
5.600000000000000000e+01 1.032204845312500443e-03
5.700000000000000000e+01 1.057312921093749372e-03
5.800000000000000000e+01 1.085926153906250236e-03
5.900000000000000000e+01 1.117844825000000606e-03
6.000000000000000000e+01 1.152850104687499740e-03
6.100000000000000000e+01 1.190715086718749545e-03
6.200000000000000000e+01 1.231213267968749936e-03
6.300000000000000000e+01 1.274107747656250513e-03
6.400000000000000000e+01 1.319158773437499772e-03
6.500000000000000000e+01 1.366124617187499703e-03
6.600000000000000000e+01 1.414756187500000421e-03
6.700000000000000000e+01 1.464803765625000229e-03
6.800000000000000000e+01 1.516025898437500016e-03
6.900000000000000000e+01 1.568176906250000292e-03
7.000000000000000000e+01 1.621006984375000489e-03
7.100000000000000000e+01 1.674284414062500058e-03
7.200000000000000000e+01 1.727765812499999169e-03
7.300000000000000000e+01 1.781227687499998798e-03
7.400000000000000000e+01 1.834438164062500865e-03
7.500000000000000000e+01 1.887180093749999538e-03
7.600000000000000000e+01 1.939250749999999607e-03
7.700000000000000000e+01 1.990432054687500067e-03
7.800000000000000000e+01 2.040540765624999572e-03
7.900000000000000000e+01 2.089395953124999466e-03
8.000000000000000000e+01 2.136803804687499846e-03
8.100000000000000000e+01 2.182613046875000323e-03
8.200000000000000000e+01 2.226666640625000072e-03
8.300000000000000000e+01 2.268812578124999955e-03
8.400000000000000000e+01 2.308916796874999847e-03
8.500000000000000000e+01 2.346858671875001225e-03
8.600000000000000000e+01 2.382521484374999603e-03
8.700000000000000000e+01 2.415815078124999935e-03
8.800000000000000000e+01 2.446633515624999436e-03
8.900000000000000000e+01 2.474904999999999466e-03
9.000000000000000000e+01 2.500564453125000020e-03
9.100000000000000000e+01 2.523532578125000335e-03
9.200000000000000000e+01 2.543787578124999307e-03
9.300000000000000000e+01 2.561282890624999326e-03
9.400000000000000000e+01 2.575996484374999847e-03
9.500000000000000000e+01 2.587894296874999715e-03
9.600000000000000000e+01 2.596993203124999591e-03
9.700000000000000000e+01 2.603278359374999480e-03
9.800000000000000000e+01 2.606773749999999334e-03
9.900000000000000000e+01 2.607498828124999325e-03
1.000000000000000000e+02 2.605470312500001058e-03
1.010000000000000000e+02 2.600738437500000211e-03
1.020000000000000000e+02 2.593349296875000279e-03
1.030000000000000000e+02 2.583346953125000619e-03
1.040000000000000000e+02 2.570802187499999537e-03
1.050000000000000000e+02 2.555774507812500623e-03
1.060000000000000000e+02 2.538341554687501174e-03
1.070000000000000000e+02 2.518588093749999073e-03
1.080000000000000000e+02 2.496595484374999202e-03
1.090000000000000000e+02 2.472466999999999460e-03
1.100000000000000000e+02 2.446301546875000264e-03
1.110000000000000000e+02 2.418196445312498742e-03
1.120000000000000000e+02 2.388282246874998561e-03
1.130000000000000000e+02 2.356663867187499053e-03
1.140000000000000000e+02 2.323472875000000444e-03
1.150000000000000000e+02 2.288854199218749025e-03
1.160000000000000000e+02 2.252926921874998795e-03
1.170000000000000000e+02 2.215854242187500264e-03
1.180000000000000000e+02 2.177786468750001619e-03
1.190000000000000000e+02 2.138886960937501011e-03
1.200000000000000000e+02 2.099321929687501375e-03
1.210000000000000000e+02 2.059279804687500891e-03
1.220000000000000000e+02 2.018939203124999870e-03
1.230000000000000000e+02 1.978505658593749609e-03
1.240000000000000000e+02 1.938169400781250421e-03
1.250000000000000000e+02 1.898165420312499701e-03
1.260000000000000000e+02 1.858710634374999976e-03
1.270000000000000000e+02 1.820039008593749919e-03
1.280000000000000000e+02 1.782400285156250565e-03
1.290000000000000000e+02 1.746041490000000253e-03
1.300000000000000000e+02 1.711233941406250202e-03
1.310000000000000000e+02 1.678253284375000754e-03
1.320000000000000000e+02 1.647382054687499290e-03
1.330000000000000000e+02 1.618904421874999781e-03
1.340000000000000000e+02 1.593131249999999669e-03
1.350000000000000000e+02 1.570370499999999272e-03
1.360000000000000000e+02 1.550922812500000157e-03
1.370000000000000000e+02 1.535120539062500861e-03
1.380000000000000000e+02 1.523266148437500038e-03
1.390000000000000000e+02 1.515696601562500087e-03
1.400000000000000000e+02 1.512725296874998897e-03
1.410000000000000000e+02 1.514674890625000107e-03
1.420000000000000000e+02 1.521850007812499935e-03
1.430000000000000000e+02 1.534562585937499207e-03
1.440000000000000000e+02 1.553101960937500452e-03
1.450000000000000000e+02 1.577765929687500015e-03
1.460000000000000000e+02 1.608799335937500640e-03
1.470000000000000000e+02 1.646459617187500616e-03
1.480000000000000000e+02 1.690980132812500061e-03
1.490000000000000000e+02 1.742543603906250571e-03
1.500000000000000000e+02 1.801326678906249807e-03
1.510000000000000000e+02 1.867471061171874528e-03
1.520000000000000000e+02 1.941074606343750047e-03
1.530000000000000000e+02 2.022206049375000533e-03
1.540000000000000000e+02 2.110879038281249665e-03
1.550000000000000000e+02 2.207081823437501405e-03
1.560000000000000000e+02 2.310744388281248726e-03
1.570000000000000000e+02 2.421740632812501102e-03
1.580000000000000000e+02 2.539910624999999495e-03
1.590000000000000000e+02 2.665022601562499430e-03
1.600000000000000000e+02 2.796804812499999963e-03
1.610000000000000000e+02 2.934926296875000739e-03
1.620000000000000000e+02 3.078996953124999575e-03
1.630000000000000000e+02 3.228568484375001282e-03
1.640000000000000000e+02 3.383144289062500320e-03
1.650000000000000000e+02 3.542166742187500498e-03
1.660000000000000000e+02 3.705030015625001075e-03
1.670000000000000000e+02 3.871079398437497765e-03
1.680000000000000000e+02 4.039610999999997641e-03
1.690000000000000000e+02 4.209862578125002711e-03
1.700000000000000000e+02 4.381050117187497601e-03
1.710000000000000000e+02 4.552351609375000600e-03
1.720000000000000000e+02 4.722893804687501237e-03
1.730000000000000000e+02 4.891818726562500302e-03
1.740000000000000000e+02 5.058202695312501510e-03
1.750000000000000000e+02 5.221101312500001264e-03
1.760000000000000000e+02 5.379648831250001886e-03
1.770000000000000000e+02 5.532893035156251707e-03
1.780000000000000000e+02 5.679876957812498087e-03
1.790000000000000000e+02 5.819770371093753968e-03
1.800000000000000000e+02 5.951653749999999063e-03
1.810000000000000000e+02 6.074672281250005634e-03
1.820000000000000000e+02 6.188034304687504636e-03
1.830000000000000000e+02 6.290995593750000302e-03
1.840000000000000000e+02 6.382822578125002533e-03
1.850000000000000000e+02 6.462836664062499015e-03
1.860000000000000000e+02 6.530475156250002515e-03
1.870000000000000000e+02 6.585249515624998912e-03
1.880000000000000000e+02 6.626763195312497870e-03
1.890000000000000000e+02 6.654599703124995484e-03
1.900000000000000000e+02 6.668558679687497902e-03
1.910000000000000000e+02 6.668489734375001449e-03
1.920000000000000000e+02 6.654319938281244920e-03
1.930000000000000000e+02 6.626169234374999772e-03
1.940000000000000000e+02 6.584117593750000129e-03
1.950000000000000000e+02 6.528464471093747661e-03
1.960000000000000000e+02 6.459588401562503350e-03
1.970000000000000000e+02 6.378005710156250604e-03
1.980000000000000000e+02 6.284239257812500139e-03
1.990000000000000000e+02 6.179037692968751029e-03
2.000000000000000000e+02 6.063182714062502997e-03
2.010000000000000000e+02 5.937589264062498491e-03
2.020000000000000000e+02 5.803233687640625520e-03
2.030000000000000000e+02 5.661220555468753253e-03
2.040000000000000000e+02 5.512707390625000599e-03
2.050000000000000000e+02 5.358937421874998726e-03
2.060000000000000000e+02 5.201245507812500557e-03
2.070000000000000000e+02 5.040994265624996855e-03
2.080000000000000000e+02 4.879565421875001717e-03
2.090000000000000000e+02 4.718509117187501961e-03
2.100000000000000000e+02 4.559253390625001186e-03
2.110000000000000000e+02 4.403355718750001646e-03
2.120000000000000000e+02 4.252311687500001311e-03
2.130000000000000000e+02 4.107709671875001134e-03
2.140000000000000000e+02 3.971017578124998691e-03
2.150000000000000000e+02 3.843710078125001442e-03
2.160000000000000000e+02 3.727280859375002066e-03
2.170000000000000000e+02 3.623090937499999324e-03
2.180000000000000000e+02 3.532526718750001165e-03
2.190000000000000000e+02 3.456836953125000389e-03
2.200000000000000000e+02 3.397236640624999755e-03
2.210000000000000000e+02 3.354808281250000208e-03
2.220000000000000000e+02 3.330579843750000602e-03
2.230000000000000000e+02 3.325417578125000346e-03
2.240000000000000000e+02 3.340138281250000160e-03
2.250000000000000000e+02 3.375381171874998823e-03
2.260000000000000000e+02 3.431693203124999009e-03
2.270000000000000000e+02 3.509485781250001445e-03
2.280000000000000000e+02 3.609005078124998857e-03
2.290000000000000000e+02 3.730393359374999628e-03
2.300000000000000000e+02 3.873638437500001933e-03
2.310000000000000000e+02 4.038575546874998388e-03
2.320000000000000000e+02 4.224928046874999732e-03
2.330000000000000000e+02 4.432276249999999619e-03
2.340000000000000000e+02 4.660051921875002674e-03
2.350000000000000000e+02 4.907551906250003440e-03
2.360000000000000000e+02 5.173964882812501567e-03
2.370000000000000000e+02 5.458341622656250579e-03
2.380000000000000000e+02 5.759654039843745826e-03
2.390000000000000000e+02 6.076713984375000863e-03
2.400000000000000000e+02 6.408285859374999657e-03
2.410000000000000000e+02 6.752956757812495978e-03
2.420000000000000000e+02 7.109378890625002098e-03
2.430000000000000000e+02 7.476019163281246577e-03
2.440000000000000000e+02 7.851296226562502062e-03
2.450000000000000000e+02 8.233625109375001735e-03
2.460000000000000000e+02 8.621297164062497950e-03
2.470000000000000000e+02 9.012689976562500080e-03
2.480000000000000000e+02 9.406103671875000807e-03
2.490000000000000000e+02 9.799802812499997656e-03
2.500000000000000000e+02 1.019208867187499680e-02
2.510000000000000000e+02 1.058134124999999572e-02
2.520000000000000000e+02 1.096584648437500149e-02
2.530000000000000000e+02 1.134409250000000154e-02
2.540000000000000000e+02 1.171440476562499687e-02
2.550000000000000000e+02 1.207536492187499637e-02
2.560000000000000000e+02 1.242555648437499924e-02
2.570000000000000000e+02 1.276359554687499405e-02
2.580000000000000000e+02 1.308831093750000008e-02
2.590000000000000000e+02 1.339852601562500044e-02
2.600000000000000000e+02 1.369308124999999918e-02
2.610000000000000000e+02 1.397110078125000064e-02
2.620000000000000000e+02 1.423190546875000191e-02
2.630000000000000000e+02 1.447466171875000374e-02
2.640000000000000000e+02 1.469878437499999926e-02
2.650000000000000000e+02 1.490391562499999642e-02
2.660000000000000000e+02 1.508957031249999817e-02
2.670000000000000000e+02 1.525578281250000723e-02
2.680000000000000000e+02 1.540238359374999748e-02
2.690000000000000000e+02 1.552935078124999604e-02
2.700000000000000000e+02 1.563693203124999834e-02
2.710000000000000000e+02 1.572541640624999792e-02
2.720000000000000000e+02 1.579517812499999993e-02
2.730000000000000000e+02 1.584691250000000093e-02
2.740000000000000000e+02 1.588098437499999710e-02
2.750000000000000000e+02 1.589838828125000186e-02
2.760000000000000000e+02 1.589968124999999871e-02
2.770000000000000000e+02 1.588590859375000469e-02
2.780000000000000000e+02 1.585802265625000512e-02
2.790000000000000000e+02 1.581702890624999899e-02
2.800000000000000000e+02 1.576403515625000168e-02
2.810000000000000000e+02 1.570016875000000700e-02
2.820000000000000000e+02 1.562654843750000550e-02
2.830000000000000000e+02 1.554446562499999657e-02
2.840000000000000000e+02 1.545508671875000725e-02
2.850000000000000000e+02 1.535958124999999182e-02
2.860000000000000000e+02 1.525924765624999714e-02
2.870000000000000000e+02 1.515518203125000053e-02
2.880000000000000000e+02 1.504870312499999307e-02
2.890000000000000000e+02 1.494078984374999988e-02
2.900000000000000000e+02 1.483268749999999518e-02
2.910000000000000000e+02 1.472542578124999384e-02
2.920000000000000000e+02 1.461998984374999686e-02
2.930000000000000000e+02 1.451730390625000262e-02
2.940000000000000000e+02 1.441831171875000185e-02
2.950000000000000000e+02 1.432380156249999682e-02
2.960000000000000000e+02 1.423451718750000372e-02
2.970000000000000000e+02 1.415110468749999732e-02
2.980000000000000000e+02 1.407418828124999861e-02
2.990000000000000000e+02 1.400425703125000691e-02
3.000000000000000000e+02 1.394172499999999856e-02
3.010000000000000000e+02 1.388694453124999541e-02
3.020000000000000000e+02 1.384008203124999919e-02
3.030000000000000000e+02 1.380148203124999945e-02
3.040000000000000000e+02 1.377110703124999683e-02
3.050000000000000000e+02 1.374888593750000880e-02
3.060000000000000000e+02 1.373488515624999955e-02
3.070000000000000000e+02 1.372876250000000693e-02
3.080000000000000000e+02 1.373035312499999543e-02
3.090000000000000000e+02 1.373919687499999820e-02
3.100000000000000000e+02 1.375494687500000007e-02
3.110000000000000000e+02 1.377697578125000079e-02
3.120000000000000000e+02 1.380460156249999938e-02
3.130000000000000000e+02 1.383729453125000057e-02
3.140000000000000000e+02 1.387412031249999657e-02
3.150000000000000000e+02 1.391426796874999962e-02
3.160000000000000000e+02 1.395682812500000092e-02
3.170000000000000000e+02 1.400091093750000480e-02
3.180000000000000000e+02 1.404541562499999133e-02
3.190000000000000000e+02 1.408938984375000293e-02
3.200000000000000000e+02 1.413173124999999794e-02
3.210000000000000000e+02 1.417151796875000362e-02
3.220000000000000000e+02 1.420760937499999932e-02
3.230000000000000000e+02 1.423915773437500060e-02
3.240000000000000000e+02 1.426517203125000043e-02
3.250000000000000000e+02 1.428477179687499821e-02
3.260000000000000000e+02 1.429716046875000382e-02
3.270000000000000000e+02 1.430162476562500500e-02
3.280000000000000000e+02 1.429750187500000193e-02
3.290000000000000000e+02 1.428429710937499306e-02
3.300000000000000000e+02 1.426146132812499030e-02
3.310000000000000000e+02 1.422861218749999629e-02
3.320000000000000000e+02 1.418544023437500086e-02
3.330000000000000000e+02 1.413172921875000682e-02
3.340000000000000000e+02 1.406726664062500111e-02
3.350000000000000000e+02 1.399197617968750418e-02
3.360000000000000000e+02 1.390583324218750208e-02
3.370000000000000000e+02 1.380862292968750016e-02
3.380000000000000000e+02 1.370055402343750908e-02
3.390000000000000000e+02 1.358159601015625564e-02
3.400000000000000000e+02 1.345188207734374780e-02
3.410000000000000000e+02 1.331150235390625262e-02
3.420000000000000000e+02 1.316058666718749985e-02
3.430000000000000000e+02 1.299939378125000017e-02
3.440000000000000000e+02 1.282820402343749951e-02
3.450000000000000000e+02 1.264725589062500044e-02
3.460000000000000000e+02 1.245703520312500465e-02
3.470000000000000000e+02 1.225793794531248627e-02
3.480000000000000000e+02 1.205050974140624634e-02
3.490000000000000000e+02 1.183538060156250418e-02
3.500000000000000000e+02 1.161329803437499870e-02
3.510000000000000000e+02 1.138500487656249512e-02
3.520000000000000000e+02 1.115136882421874712e-02
3.530000000000000000e+02 1.091328075781250115e-02
3.540000000000000000e+02 1.067163233593750038e-02
3.550000000000000000e+02 1.042736842968749848e-02
3.560000000000000000e+02 1.018145228906249498e-02
3.570000000000000000e+02 9.934691515624999997e-03
3.580000000000000000e+02 9.687960070312503016e-03
3.590000000000000000e+02 9.442048085937503402e-03
3.600000000000000000e+02 9.197539898437499112e-03
3.610000000000000000e+02 8.955192968749997595e-03
3.620000000000000000e+02 8.715431250000000782e-03
3.630000000000000000e+02 8.478741015625002736e-03
3.640000000000000000e+02 8.245559999999997267e-03
3.650000000000000000e+02 8.016288671875001701e-03
3.660000000000000000e+02 7.791240156249999542e-03
3.670000000000000000e+02 7.570839765624995908e-03
3.680000000000000000e+02 7.355533515625004536e-03
3.690000000000000000e+02 7.145731875000001926e-03
3.700000000000000000e+02 6.942013437500000120e-03
3.710000000000000000e+02 6.744935000000000513e-03
3.720000000000000000e+02 6.555201562499996318e-03
3.730000000000000000e+02 6.373489375000001948e-03
3.740000000000000000e+02 6.200532500000002258e-03
3.750000000000000000e+02 6.037067734375001042e-03
3.760000000000000000e+02 5.883872734375000108e-03
3.770000000000000000e+02 5.741617210937498446e-03
3.780000000000000000e+02 5.610962750000000193e-03
3.790000000000000000e+02 5.492384890625003763e-03
3.800000000000000000e+02 5.386316460937502076e-03
3.810000000000000000e+02 5.292951448437500407e-03
3.820000000000000000e+02 5.212424475000001362e-03
3.830000000000000000e+02 5.144577882812498455e-03
3.840000000000000000e+02 5.089190468750000133e-03
3.850000000000000000e+02 5.045827281249999977e-03
3.860000000000000000e+02 5.013846656250001144e-03
3.870000000000000000e+02 4.992534593750001283e-03
3.880000000000000000e+02 4.981053359374998553e-03
3.890000000000000000e+02 4.978455664062500854e-03
3.900000000000000000e+02 4.983759992187499627e-03
3.910000000000000000e+02 4.995977000000000404e-03
3.920000000000000000e+02 5.014049874999998262e-03
3.930000000000000000e+02 5.037029062499997524e-03
3.940000000000000000e+02 5.064059140625000455e-03
3.950000000000000000e+02 5.094252343750002923e-03
3.960000000000000000e+02 5.126938281250000007e-03
3.970000000000000000e+02 5.161377734375000026e-03
3.980000000000000000e+02 5.197095234374999977e-03
3.990000000000000000e+02 5.233545156249998220e-03
4.000000000000000000e+02 5.270299296875003738e-03
4.010000000000000000e+02 5.306892500000000290e-03
4.020000000000000000e+02 5.342927343750000606e-03
4.030000000000000000e+02 5.377936718749995113e-03
4.040000000000000000e+02 5.411421093749999543e-03
4.050000000000000000e+02 5.442810937500004893e-03
4.060000000000000000e+02 5.471571093749995340e-03
4.070000000000000000e+02 5.496992968750001249e-03
4.080000000000000000e+02 5.518443750000001820e-03
4.090000000000000000e+02 5.535271093749996943e-03
4.100000000000000000e+02 5.546819531250000296e-03
4.110000000000000000e+02 5.552496875000000054e-03
4.120000000000000000e+02 5.551775781250000569e-03
4.130000000000000000e+02 5.544207031249999765e-03
4.140000000000000000e+02 5.529509374999999963e-03
4.150000000000000000e+02 5.507435937500001003e-03
4.160000000000000000e+02 5.477905468749999680e-03
4.170000000000000000e+02 5.440987500000003634e-03
4.180000000000000000e+02 5.396940624999999048e-03
4.190000000000000000e+02 5.346053671875001731e-03
4.200000000000000000e+02 5.288965937499997411e-03
4.210000000000000000e+02 5.226393281250000036e-03
4.220000000000000000e+02 5.159207968749999346e-03
4.230000000000000000e+02 5.088545859375001590e-03
4.240000000000000000e+02 5.015723125000002246e-03
4.250000000000000000e+02 4.942109921875000901e-03
4.260000000000000000e+02 4.869328750000000497e-03
4.270000000000000000e+02 4.798945234375000084e-03
4.280000000000000000e+02 4.732617578124997254e-03
4.290000000000000000e+02 4.672058671875000714e-03
4.300000000000000000e+02 4.618796796875001415e-03
4.310000000000000000e+02 4.574314843749999020e-03
4.320000000000000000e+02 4.540014453125001265e-03
4.330000000000000000e+02 4.517068828124998214e-03
4.340000000000000000e+02 4.506523281249998243e-03
4.350000000000000000e+02 4.509307187499999627e-03
4.360000000000000000e+02 4.526086953124998542e-03
4.370000000000000000e+02 4.557351640625002982e-03
4.380000000000000000e+02 4.603402968749998984e-03
4.390000000000000000e+02 4.664208750000000889e-03
4.400000000000000000e+02 4.739456562500000102e-03
4.410000000000000000e+02 4.828431406250001737e-03
4.420000000000000000e+02 4.930042265625005429e-03
4.430000000000000000e+02 5.042669390625002454e-03
4.440000000000000000e+02 5.164157976562502687e-03
4.450000000000000000e+02 5.291900031249999539e-03
4.460000000000000000e+02 5.422751628124999890e-03
4.470000000000000000e+02 5.553104140624998304e-03
4.480000000000000000e+02 5.679098742187501173e-03
4.490000000000000000e+02 5.796676179687500728e-03
4.500000000000000000e+02 5.901680562500004334e-03
4.510000000000000000e+02 5.990220460937499200e-03
4.520000000000000000e+02 6.058728670312500154e-03
4.530000000000000000e+02 6.104020398437495602e-03
4.540000000000000000e+02 6.123605609375000827e-03
4.550000000000000000e+02 6.115654554687500674e-03
4.560000000000000000e+02 6.079079531249998239e-03
4.570000000000000000e+02 6.013541406250000505e-03
4.580000000000000000e+02 5.919378281250001900e-03
4.590000000000000000e+02 5.797491640624995862e-03
4.600000000000000000e+02 5.649462148437494995e-03
4.610000000000000000e+02 5.477210781249998439e-03
4.620000000000000000e+02 5.283039929687498651e-03
4.630000000000000000e+02 5.069520312500001673e-03
4.640000000000000000e+02 4.839475156250002720e-03
4.650000000000000000e+02 4.595931874999997953e-03
4.660000000000000000e+02 4.342233906249997819e-03
4.670000000000000000e+02 4.082136484374999409e-03
4.680000000000000000e+02 3.819962109375000039e-03
4.690000000000000000e+02 3.560717421874999046e-03
4.700000000000000000e+02 3.310230624999998313e-03
4.710000000000000000e+02 3.075226328124999742e-03
4.720000000000000000e+02 2.863300859375000895e-03
4.730000000000000000e+02 2.682783828124999780e-03
4.740000000000000000e+02 2.542470203125000994e-03
4.750000000000000000e+02 2.451246179687502098e-03
4.760000000000000000e+02 2.417602352343750129e-03
4.770000000000000000e+02 2.449110796093749952e-03
4.780000000000000000e+02 2.551857187500000158e-03
4.790000000000000000e+02 2.729922773437499020e-03
4.800000000000000000e+02 2.984930078125001048e-03
4.810000000000000000e+02 3.315697265624999255e-03
4.820000000000000000e+02 3.718026718750001066e-03
4.830000000000000000e+02 4.184598046874998117e-03
4.840000000000000000e+02 4.704951898437499495e-03
4.850000000000000000e+02 5.265618757812499072e-03
4.860000000000000000e+02 5.850435546875002064e-03
4.870000000000000000e+02 6.440575484374999778e-03
4.880000000000000000e+02 7.015523204687502262e-03
4.890000000000000000e+02 7.553391796875001327e-03
4.900000000000000000e+02 8.032264164062502196e-03
4.910000000000000000e+02 8.431200582093751478e-03
4.920000000000000000e+02 8.731713156250001107e-03
4.930000000000000000e+02 8.919502553124998220e-03
4.940000000000000000e+02 8.985666922656251540e-03
4.950000000000000000e+02 8.928209171875001529e-03
4.960000000000000000e+02 8.753184179687501648e-03
4.970000000000000000e+02 8.474915078125002527e-03
4.980000000000000000e+02 8.116474218750001010e-03
4.990000000000000000e+02 7.708787968750000288e-03
5.000000000000000000e+02 7.289574140625000413e-03
5.010000000000000000e+02 6.901322656249999320e-03
5.020000000000000000e+02 6.588552546874997667e-03
5.030000000000000000e+02 6.394675914062500008e-03
5.040000000000000000e+02 6.359205640625001550e-03
5.050000000000000000e+02 6.515617195312498403e-03
5.060000000000000000e+02 6.892584423437499684e-03
5.070000000000000000e+02 7.520102593750002153e-03
5.080000000000000000e+02 8.445577859375002702e-03
5.090000000000000000e+02 9.764266968749999234e-03
5.100000000000000000e+02 1.167265343749999962e-02
5.110000000000000000e+02 1.455483437500000241e-02
