0.000000000000000000e+00 3.501072460937499579e-03
1.000000000000000000e+00 3.495276742187500112e-03
2.000000000000000000e+00 3.483700679687499590e-03
3.000000000000000000e+00 3.466419171875000007e-03
4.000000000000000000e+00 3.443482796874999894e-03
5.000000000000000000e+00 3.415027570312499216e-03
6.000000000000000000e+00 3.381162218749999941e-03
7.000000000000000000e+00 3.342051992187500525e-03
8.000000000000000000e+00 3.297869570312500064e-03
9.000000000000000000e+00 3.248825156250000241e-03
1.000000000000000000e+01 3.195132015624999825e-03
1.100000000000000000e+01 3.137046007812500752e-03
1.200000000000000000e+01 3.074818296874999839e-03
1.300000000000000000e+01 3.008737101562500640e-03
1.400000000000000000e+01 2.939105249999999885e-03
1.500000000000000000e+01 2.866219703125000209e-03
1.600000000000000000e+01 2.790422187500001070e-03
1.700000000000000000e+01 2.712037421874999819e-03
1.800000000000000000e+01 2.631412648437499516e-03
1.900000000000000000e+01 2.548908406250000123e-03
2.000000000000000000e+01 2.464877671874999079e-03
2.100000000000000000e+01 2.379692093750000043e-03
2.200000000000000000e+01 2.293708203125000965e-03
2.300000000000000000e+01 2.207306093750001277e-03
2.400000000000000000e+01 2.120845164062499805e-03
2.500000000000000000e+01 2.034679710937500018e-03
2.600000000000000000e+01 1.949183226562499829e-03
2.700000000000000000e+01 1.864702023437499970e-03
2.800000000000000000e+01 1.781576812500000433e-03
2.900000000000000000e+01 1.700148515624998928e-03
3.000000000000000000e+01 1.620730539062500497e-03
3.100000000000000000e+01 1.543637953124999546e-03
3.200000000000000000e+01 1.469162140624999911e-03
3.300000000000000000e+01 1.397591421875000973e-03
3.400000000000000000e+01 1.329185132812499585e-03
3.500000000000000000e+01 1.264187382812500399e-03
3.600000000000000000e+01 1.202834367187499871e-03
3.700000000000000000e+01 1.145326421875000758e-03
3.800000000000000000e+01 1.091855578124999344e-03
3.900000000000000000e+01 1.042587812500000207e-03
4.000000000000000000e+01 9.976769218749995897e-04
4.100000000000000000e+01 9.572458828124998749e-04
4.200000000000000000e+01 9.213936015625000687e-04
4.300000000000000000e+01 8.902051171875004047e-04
4.400000000000000000e+01 8.637403476562494856e-04
4.500000000000000000e+01 8.420363570312499419e-04
4.600000000000000000e+01 8.251161838281253352e-04
4.700000000000000000e+01 8.129736117968750257e-04
4.800000000000000000e+01 8.055792383593749417e-04
4.900000000000000000e+01 8.028908409375005214e-04
5.000000000000000000e+01 8.048395859374995933e-04
5.100000000000000000e+01 8.113476071874999550e-04
5.200000000000000000e+01 8.223073497812495233e-04
5.300000000000000000e+01 8.375995077343749038e-04
5.400000000000000000e+01 8.570904124999998916e-04
5.500000000000000000e+01 8.806264218750001248e-04
5.600000000000000000e+01 9.080412023437497765e-04
5.700000000000000000e+01 9.391548531249999934e-04
5.800000000000000000e+01 9.737697687500002693e-04
5.900000000000000000e+01 1.011691724218749967e-03
6.000000000000000000e+01 1.052698418750000085e-03
6.100000000000000000e+01 1.096575960156249670e-03
6.200000000000000000e+01 1.143082728124999439e-03
6.300000000000000000e+01 1.191990070312501024e-03
6.400000000000000000e+01 1.243054187499999415e-03
6.500000000000000000e+01 1.296029546874999903e-03
6.600000000000000000e+01 1.350658109374999749e-03
6.700000000000000000e+01 1.406701218750000103e-03
6.800000000000000000e+01 1.463900187499999651e-03
6.900000000000000000e+01 1.522009289062500230e-03
7.000000000000000000e+01 1.580768992187500535e-03
7.100000000000000000e+01 1.639945281249999276e-03
7.200000000000000000e+01 1.699284312500000393e-03
7.300000000000000000e+01 1.758552710937500742e-03
7.400000000000000000e+01 1.817519335937499685e-03
7.500000000000000000e+01 1.875955570312499814e-03
7.600000000000000000e+01 1.933637203125000313e-03
7.700000000000000000e+01 1.990351117187500168e-03
7.800000000000000000e+01 2.045896695312499590e-03
7.900000000000000000e+01 2.100084140624999818e-03
8.000000000000000000e+01 2.152722734375000189e-03
8.100000000000000000e+01 2.203634687499999092e-03
8.200000000000000000e+01 2.252653906250000684e-03
8.300000000000000000e+01 2.299636015625000293e-03
8.400000000000000000e+01 2.344425234374999251e-03
8.500000000000000000e+01 2.386900234374998968e-03
8.600000000000000000e+01 2.426927656249999819e-03
8.700000000000000000e+01 2.464408515624998824e-03
8.800000000000000000e+01 2.499237187500001275e-03
8.900000000000000000e+01 2.531339218750000390e-03
9.000000000000000000e+01 2.560628359374999500e-03
9.100000000000000000e+01 2.587039921874999693e-03
9.200000000000000000e+01 2.610524921875000300e-03
9.300000000000000000e+01 2.631040390625000083e-03
9.400000000000000000e+01 2.648565624999999531e-03
9.500000000000000000e+01 2.663066874999999497e-03
9.600000000000000000e+01 2.674551171874999314e-03
9.700000000000000000e+01 2.683006015624999924e-03
9.800000000000000000e+01 2.688455781250000207e-03
9.900000000000000000e+01 2.690908125000000036e-03
1.000000000000000000e+02 2.690404687499998743e-03
1.010000000000000000e+02 2.686977187500000884e-03
1.020000000000000000e+02 2.680686171875000176e-03
1.030000000000000000e+02 2.671569874999999480e-03
1.040000000000000000e+02 2.659712187500001043e-03
1.050000000000000000e+02 2.645172953124999820e-03
1.060000000000000000e+02 2.628042335937499745e-03
1.070000000000000000e+02 2.608404667968750555e-03
1.080000000000000000e+02 2.586356828124999289e-03
1.090000000000000000e+02 2.561998749999999398e-03
1.100000000000000000e+02 2.535444266406251639e-03
1.110000000000000000e+02 2.506799025781249624e-03
1.120000000000000000e+02 2.476197328124998386e-03
1.130000000000000000e+02 2.443763203124999298e-03
1.140000000000000000e+02 2.409640562499998622e-03
1.150000000000000000e+02 2.373960750000000518e-03
1.160000000000000000e+02 2.336876523437500259e-03
1.170000000000000000e+02 2.298556679687499636e-03
1.180000000000000000e+02 2.259145031250002315e-03
1.190000000000000000e+02 2.218828609375000059e-03
1.200000000000000000e+02 2.177777937499999605e-03
1.210000000000000000e+02 2.136184273437499379e-03
1.220000000000000000e+02 2.094241007812500371e-03
1.230000000000000000e+02 2.052143726562500031e-03
1.240000000000000000e+02 2.010112633593749611e-03
1.250000000000000000e+02 1.968363979687501146e-03
1.260000000000000000e+02 1.927122815781250574e-03
1.270000000000000000e+02 1.886627849218750538e-03
1.280000000000000000e+02 1.847123624218750685e-03
1.290000000000000000e+02 1.808865733593749761e-03
1.300000000000000000e+02 1.772112202343749561e-03
1.310000000000000000e+02 1.737145765624999432e-03
1.320000000000000000e+02 1.704229126562500311e-03
1.330000000000000000e+02 1.673660529687499366e-03
1.340000000000000000e+02 1.645729859374999837e-03
1.350000000000000000e+02 1.620734898437499721e-03
1.360000000000000000e+02 1.598979953124999871e-03
1.370000000000000000e+02 1.580773046875001220e-03
1.380000000000000000e+02 1.566425703125000693e-03
1.390000000000000000e+02 1.556253476562500029e-03
1.400000000000000000e+02 1.550562617187500013e-03
1.410000000000000000e+02 1.549667874999999121e-03
1.420000000000000000e+02 1.553870460937499705e-03
1.430000000000000000e+02 1.563471726562500790e-03
1.440000000000000000e+02 1.578758070312500164e-03
1.450000000000000000e+02 1.600013796875000187e-03
1.460000000000000000e+02 1.627503976562499465e-03
1.470000000000000000e+02 1.661469929687498697e-03
1.480000000000000000e+02 1.702141523437499838e-03
1.490000000000000000e+02 1.749728365624998901e-03
1.500000000000000000e+02 1.804408750000000223e-03
1.510000000000000000e+02 1.866325866406250405e-03
1.520000000000000000e+02 1.935609380624999428e-03
1.530000000000000000e+02 2.012334568750000392e-03
1.540000000000000000e+02 2.096558597656249245e-03
1.550000000000000000e+02 2.188276022656249122e-03
1.560000000000000000e+02 2.287457656249999340e-03
1.570000000000000000e+02 2.394013408281249044e-03
1.580000000000000000e+02 2.507817257812499506e-03
1.590000000000000000e+02 2.628687874999998449e-03
1.600000000000000000e+02 2.756387906250001157e-03
1.610000000000000000e+02 2.890633039062498553e-03
1.620000000000000000e+02 3.031095937500000084e-03
1.630000000000000000e+02 3.177372117187499210e-03
1.640000000000000000e+02 3.329015296875001417e-03
1.650000000000000000e+02 3.485541609375000967e-03
1.660000000000000000e+02 3.646376312499999186e-03
1.670000000000000000e+02 3.810929210937500766e-03
1.680000000000000000e+02 3.978546625000000010e-03
1.690000000000000000e+02 4.148531117187500596e-03
1.700000000000000000e+02 4.320144093750001406e-03
1.710000000000000000e+02 4.492601320312500195e-03
1.720000000000000000e+02 4.665090523437501885e-03
1.730000000000000000e+02 4.836766453124999483e-03
1.740000000000000000e+02 5.006733031249999306e-03
1.750000000000000000e+02 5.174171039062499741e-03
1.760000000000000000e+02 5.338088886718746554e-03
1.770000000000000000e+02 5.497622344531253105e-03
1.780000000000000000e+02 5.651849814140627766e-03
1.790000000000000000e+02 5.799866342968749630e-03
1.800000000000000000e+02 5.940770626562501266e-03
1.810000000000000000e+02 6.073704656250003206e-03
1.820000000000000000e+02 6.197830257812502776e-03
1.830000000000000000e+02 6.312324781249996353e-03
1.840000000000000000e+02 6.416440796874999832e-03
1.850000000000000000e+02 6.509460601562495896e-03
1.860000000000000000e+02 6.590714007812499900e-03
1.870000000000000000e+02 6.659605195312501280e-03
1.880000000000000000e+02 6.715654249999996987e-03
1.890000000000000000e+02 6.758396429687498971e-03
1.900000000000000000e+02 6.787459882812499345e-03
1.910000000000000000e+02 6.802603195312498761e-03
1.920000000000000000e+02 6.803558945312501369e-03
1.930000000000000000e+02 6.790391468750000409e-03
1.940000000000000000e+02 6.762957835937501508e-03
1.950000000000000000e+02 6.721448625000001065e-03
1.960000000000000000e+02 6.666127531249997976e-03
1.970000000000000000e+02 6.597224906250000881e-03
1.980000000000000000e+02 6.515245379687501295e-03
1.990000000000000000e+02 6.420703251562502427e-03
2.000000000000000000e+02 6.314178310156247191e-03
2.010000000000000000e+02 6.196439031250000617e-03
2.020000000000000000e+02 6.068369648437497814e-03
2.030000000000000000e+02 5.930802804687497834e-03
2.040000000000000000e+02 5.784841264843754334e-03
2.050000000000000000e+02 5.631533531249996449e-03
2.060000000000000000e+02 5.472106210937501859e-03
2.070000000000000000e+02 5.307733972656250056e-03
2.080000000000000000e+02 5.139797553906249629e-03
2.090000000000000000e+02 4.969606960937501990e-03
2.100000000000000000e+02 4.798586921093749534e-03
2.110000000000000000e+02 4.628232447656249228e-03
2.120000000000000000e+02 4.459994835937500755e-03
2.130000000000000000e+02 4.295352314843753176e-03
2.140000000000000000e+02 4.135834718750001048e-03
2.150000000000000000e+02 3.982925023437499344e-03
2.160000000000000000e+02 3.838125164062500955e-03
2.170000000000000000e+02 3.702873242187501145e-03
2.180000000000000000e+02 3.578606226562499899e-03
2.190000000000000000e+02 3.466695078124999198e-03
2.200000000000000000e+02 3.368459765625000327e-03
2.210000000000000000e+02 3.285165156250001699e-03
2.220000000000000000e+02 3.217962343749999812e-03
2.230000000000000000e+02 3.167976796874999012e-03
2.240000000000000000e+02 3.136164609375000425e-03
2.250000000000000000e+02 3.123439374999997624e-03
2.260000000000000000e+02 3.130577734374998151e-03
2.270000000000000000e+02 3.158253984375000538e-03
2.280000000000000000e+02 3.206995078125001938e-03
2.290000000000000000e+02 3.277228828125000517e-03
2.300000000000000000e+02 3.369255781249998541e-03
2.310000000000000000e+02 3.483201640625000969e-03
2.320000000000000000e+02 3.619104843750001015e-03
2.330000000000000000e+02 3.776856406250000096e-03
2.340000000000000000e+02 3.956210781249998656e-03
2.350000000000000000e+02 4.156781874999999557e-03
2.360000000000000000e+02 4.378052421875001411e-03
2.370000000000000000e+02 4.619421710937500133e-03
2.380000000000000000e+02 4.880091890624998693e-03
2.390000000000000000e+02 5.159215601562498581e-03
2.400000000000000000e+02 5.455773835937497741e-03
2.410000000000000000e+02 5.768687234374999216e-03
2.420000000000000000e+02 6.096785703125001329e-03
2.430000000000000000e+02 6.438792484375000652e-03
2.440000000000000000e+02 6.793304040624999901e-03
2.450000000000000000e+02 7.158927960937502138e-03
2.460000000000000000e+02 7.534153070312501511e-03
2.470000000000000000e+02 7.917403359374998451e-03
2.480000000000000000e+02 8.307142812499999571e-03
2.490000000000000000e+02 8.701726015624995994e-03
2.500000000000000000e+02 9.099464999999992351e-03
2.510000000000000000e+02 9.498806484374996972e-03
2.520000000000000000e+02 9.897983124999997287e-03
2.530000000000000000e+02 1.029540445312500559e-02
2.540000000000000000e+02 1.068946874999999672e-02
2.550000000000000000e+02 1.107849515625000669e-02
2.560000000000000000e+02 1.146103203124999685e-02
2.570000000000000000e+02 1.183555445312499746e-02
2.580000000000000000e+02 1.220058390625000135e-02
2.590000000000000000e+02 1.255482960937500010e-02
2.600000000000000000e+02 1.289693054687499583e-02
2.610000000000000000e+02 1.322574921874999400e-02
2.620000000000000000e+02 1.354021640625000140e-02
2.630000000000000000e+02 1.383918203125000281e-02
2.640000000000000000e+02 1.412194765624999980e-02
2.650000000000000000e+02 1.438755624999999219e-02
2.660000000000000000e+02 1.463538515625000327e-02
2.670000000000000000e+02 1.486496093750000122e-02
2.680000000000000000e+02 1.507576484374999887e-02
2.690000000000000000e+02 1.526746796875000020e-02
2.700000000000000000e+02 1.543994531249999469e-02
2.710000000000000000e+02 1.559314843750000436e-02
2.720000000000000000e+02 1.572700703124999683e-02
2.730000000000000000e+02 1.584171093749998580e-02
2.740000000000000000e+02 1.593756562500000390e-02
2.750000000000000000e+02 1.601494609374999253e-02
2.760000000000000000e+02 1.607432187499999512e-02
2.770000000000000000e+02 1.611627421875000410e-02
2.780000000000000000e+02 1.614141875000001114e-02
2.790000000000000000e+02 1.615052656250000676e-02
2.800000000000000000e+02 1.614446953124999348e-02
2.810000000000000000e+02 1.612412578124999482e-02
2.820000000000000000e+02 1.609034765624999322e-02
2.830000000000000000e+02 1.604419453125000006e-02
2.840000000000000000e+02 1.598677734374999784e-02
2.850000000000000000e+02 1.591911484375000546e-02
2.860000000000000000e+02 1.584225078124999742e-02
2.870000000000000000e+02 1.575743515625000271e-02
2.880000000000000000e+02 1.566566796875000153e-02
2.890000000000000000e+02 1.556811562499999316e-02
2.900000000000000000e+02 1.546589921875000939e-02
2.910000000000000000e+02 1.536008046874999880e-02
2.920000000000000000e+02 1.525177656250000305e-02
2.930000000000000000e+02 1.514196249999999813e-02
2.940000000000000000e+02 1.503161562500000305e-02
2.950000000000000000e+02 1.492180156250000680e-02
2.960000000000000000e+02 1.481324453125000204e-02
2.970000000000000000e+02 1.470688984375000466e-02
2.980000000000000000e+02 1.460359765625000514e-02
2.990000000000000000e+02 1.450389140625000031e-02
3.000000000000000000e+02 1.440859765625000094e-02
3.010000000000000000e+02 1.431825937500001179e-02
3.020000000000000000e+02 1.423321640624999884e-02
3.030000000000000000e+02 1.415409453125000133e-02
3.040000000000000000e+02 1.408119765625000588e-02
3.050000000000000000e+02 1.401471484374999972e-02
3.060000000000000000e+02 1.395492109374999769e-02
3.070000000000000000e+02 1.390189218749999893e-02
3.080000000000000000e+02 1.385567578125000178e-02
3.090000000000000000e+02 1.381610624999999627e-02
3.100000000000000000e+02 1.378308281250000510e-02
3.110000000000000000e+02 1.375633359375000656e-02
3.120000000000000000e+02 1.373547500000000567e-02
3.130000000000000000e+02 1.372014531249999593e-02
3.140000000000000000e+02 1.370982421874998927e-02
3.150000000000000000e+02 1.370383984374999586e-02
3.160000000000000000e+02 1.370161406249999735e-02
3.170000000000000000e+02 1.370236562500000595e-02
3.180000000000000000e+02 1.370535390624999864e-02
3.190000000000000000e+02 1.370972968749999653e-02
3.200000000000000000e+02 1.371460546874999839e-02
3.210000000000000000e+02 1.371917187500000523e-02
3.220000000000000000e+02 1.372259921874999407e-02
3.230000000000000000e+02 1.372394374999999500e-02
3.240000000000000000e+02 1.372238906250000320e-02
3.250000000000000000e+02 1.371719218749998907e-02
3.260000000000000000e+02 1.370757375000001242e-02
3.270000000000000000e+02 1.369280929687499704e-02
3.280000000000000000e+02 1.367237312500000149e-02
3.290000000000000000e+02 1.364567140624999529e-02
3.300000000000000000e+02 1.361227000000000270e-02
3.310000000000000000e+02 1.357167210937499681e-02
3.320000000000000000e+02 1.352361101562498877e-02
3.330000000000000000e+02 1.346778062500000699e-02
3.340000000000000000e+02 1.340395296875000059e-02
3.350000000000000000e+02 1.333203234374999435e-02
3.360000000000000000e+02 1.325182906249999445e-02
3.370000000000000000e+02 1.316334822656249973e-02
3.380000000000000000e+02 1.306638965625000343e-02
3.390000000000000000e+02 1.296104902343749206e-02
3.400000000000000000e+02 1.284729154687499000e-02
3.410000000000000000e+02 1.272512132890625189e-02
3.420000000000000000e+02 1.259455882031250938e-02
3.430000000000000000e+02 1.245571978671875663e-02
3.440000000000000000e+02 1.230867374687498982e-02
3.450000000000000000e+02 1.215355165625000081e-02
3.460000000000000000e+02 1.199062141406249948e-02
3.470000000000000000e+02 1.182004167187500517e-02
3.480000000000000000e+02 1.164216821093748758e-02
3.490000000000000000e+02 1.145743207031250412e-02
3.500000000000000000e+02 1.126626535156249886e-02
3.510000000000000000e+02 1.106926844898437068e-02
3.520000000000000000e+02 1.086694955937499499e-02
3.530000000000000000e+02 1.066013698437499879e-02
3.540000000000000000e+02 1.044948848437500522e-02
3.550000000000000000e+02 1.023580414843749432e-02
3.560000000000000000e+02 1.001985593749999716e-02
3.570000000000000000e+02 9.802406734374999667e-03
3.580000000000000000e+02 9.584276039062500710e-03
3.590000000000000000e+02 9.366172554687499791e-03
3.600000000000000000e+02 9.148709140625002623e-03
3.610000000000000000e+02 8.932588749999997857e-03
3.620000000000000000e+02 8.718277812500001278e-03
3.630000000000000000e+02 8.506280078125001004e-03
3.640000000000000000e+02 8.296896875000002794e-03
3.650000000000000000e+02 8.090599453124997995e-03
3.660000000000000000e+02 7.887634296875003018e-03
3.670000000000000000e+02 7.688248281249996340e-03
3.680000000000000000e+02 7.492738203124999115e-03
3.690000000000000000e+02 7.301439843749998534e-03
3.700000000000000000e+02 7.114688046874997028e-03
3.710000000000000000e+02 6.932888906250001156e-03
3.720000000000000000e+02 6.756392031250002539e-03
3.730000000000000000e+02 6.585768281250001244e-03
3.740000000000000000e+02 6.421517421874997460e-03
3.750000000000000000e+02 6.264197500000002333e-03
3.760000000000000000e+02 6.114403125000000827e-03
3.770000000000000000e+02 5.972761250000000778e-03
3.780000000000000000e+02 5.839717281250000197e-03
3.790000000000000000e+02 5.715821648437497543e-03
3.800000000000000000e+02 5.601465695312501936e-03
3.810000000000000000e+02 5.496962210937500308e-03
3.820000000000000000e+02 5.402434921874998443e-03
3.830000000000000000e+02 5.317979610937498096e-03
3.840000000000000000e+02 5.243446590624997392e-03
3.850000000000000000e+02 5.178533730468749645e-03
3.860000000000000000e+02 5.122903619531247316e-03
3.870000000000000000e+02 5.075880207031251146e-03
3.880000000000000000e+02 5.036894771093746240e-03
3.890000000000000000e+02 5.005164856249997435e-03
3.900000000000000000e+02 4.979819760937496953e-03
3.910000000000000000e+02 4.959993109374997988e-03
3.920000000000000000e+02 4.944823171874999576e-03
3.930000000000000000e+02 4.933425382812502147e-03
3.940000000000000000e+02 4.925036328124999217e-03
3.950000000000000000e+02 4.918886953124998115e-03
3.960000000000000000e+02 4.914347187500001102e-03
3.970000000000000000e+02 4.910939687499998353e-03
3.980000000000000000e+02 4.908208984375000625e-03
3.990000000000000000e+02 4.905814921875002212e-03
4.000000000000000000e+02 4.903547421875002234e-03
4.010000000000000000e+02 4.901186953124999149e-03
4.020000000000000000e+02 4.898603124999998705e-03
4.030000000000000000e+02 4.895639531250000828e-03
4.040000000000000000e+02 4.892141640625002723e-03
4.050000000000000000e+02 4.887907734374999542e-03
4.060000000000000000e+02 4.882737187499999743e-03
4.070000000000000000e+02 4.876301249999996819e-03
4.080000000000000000e+02 4.868323437500001426e-03
4.090000000000000000e+02 4.858428906249999228e-03
4.100000000000000000e+02 4.846319531249998827e-03
4.110000000000000000e+02 4.831657031250000470e-03
4.120000000000000000e+02 4.814196874999999293e-03
4.130000000000000000e+02 4.793680468749998702e-03
4.140000000000000000e+02 4.770035156250002246e-03
4.150000000000000000e+02 4.743178906250001062e-03
4.160000000000000000e+02 4.713230468749999430e-03
4.170000000000000000e+02 4.680380468750004568e-03
4.180000000000000000e+02 4.644935156249999260e-03
4.190000000000000000e+02 4.607324218750001067e-03
4.200000000000000000e+02 4.568077343749999200e-03
4.210000000000000000e+02 4.527864062499998600e-03
4.220000000000000000e+02 4.487467968750002284e-03
4.230000000000000000e+02 4.447772656250003134e-03
4.240000000000000000e+02 4.409860156250000607e-03
4.250000000000000000e+02 4.374728906249999126e-03
4.260000000000000000e+02 4.343632031249999165e-03
4.270000000000000000e+02 4.317748437499997760e-03
4.280000000000000000e+02 4.298246093750000309e-03
4.290000000000000000e+02 4.286384609374998232e-03
4.300000000000000000e+02 4.283269609374999384e-03
4.310000000000000000e+02 4.289810781250000260e-03
4.320000000000000000e+02 4.306957343749999965e-03
4.330000000000000000e+02 4.335385390625001722e-03
4.340000000000000000e+02 4.375648203124993599e-03
4.350000000000000000e+02 4.428062031249998219e-03
4.360000000000000000e+02 4.492888671875000517e-03
4.370000000000000000e+02 4.570066406250000886e-03
4.380000000000000000e+02 4.659439062499998695e-03
4.390000000000000000e+02 4.760545468750000328e-03
4.400000000000000000e+02 4.872812656249999458e-03
4.410000000000000000e+02 4.995268515624998185e-03
4.420000000000000000e+02 5.126643054687499493e-03
4.430000000000000000e+02 5.265281054687498581e-03
4.440000000000000000e+02 5.409106406249999249e-03
4.450000000000000000e+02 5.555633500000000530e-03
4.460000000000000000e+02 5.701912171874999428e-03
4.470000000000000000e+02 5.844538578124999946e-03
4.480000000000000000e+02 5.979792874999998939e-03
4.490000000000000000e+02 6.103705955468753663e-03
4.500000000000000000e+02 6.212302609374996051e-03
4.510000000000000000e+02 6.301505656249997700e-03
4.520000000000000000e+02 6.367663218750001589e-03
4.530000000000000000e+02 6.407457210937495852e-03
4.540000000000000000e+02 6.418156164062499211e-03
4.550000000000000000e+02 6.397842312499995437e-03
4.560000000000000000e+02 6.345345007812498543e-03
4.570000000000000000e+02 6.260318843750001250e-03
4.580000000000000000e+02 6.143322164062499369e-03
4.590000000000000000e+02 5.995752468750001514e-03
4.600000000000000000e+02 5.819630812499996218e-03
4.610000000000000000e+02 5.617819687500000964e-03
4.620000000000000000e+02 5.393477554687498877e-03
4.630000000000000000e+02 5.150299265625004307e-03
4.640000000000000000e+02 4.892255023437499205e-03
4.650000000000000000e+02 4.623551867187496341e-03
4.660000000000000000e+02 4.348548757812500075e-03
4.670000000000000000e+02 4.071829296874999310e-03
4.680000000000000000e+02 3.798286250000000846e-03
4.690000000000000000e+02 3.533126484374998592e-03
4.700000000000000000e+02 3.282022421875000970e-03
4.710000000000000000e+02 3.051230000000001129e-03
4.720000000000000000e+02 2.847512421875000605e-03
4.730000000000000000e+02 2.678199296875001609e-03
4.740000000000000000e+02 2.550953515625000497e-03
4.750000000000000000e+02 2.473486541406251429e-03
4.760000000000000000e+02 2.453192468750001361e-03
4.770000000000000000e+02 2.496657929687499076e-03
4.780000000000000000e+02 2.609114382812499633e-03
4.790000000000000000e+02 2.793968390624999333e-03
4.800000000000000000e+02 3.052272968750000329e-03
4.810000000000000000e+02 3.382377968750000571e-03
4.820000000000000000e+02 3.779698359375000850e-03
4.830000000000000000e+02 4.236597734374999980e-03
4.840000000000000000e+02 4.742414218749999369e-03
4.850000000000000000e+02 5.283654375000000278e-03
4.860000000000000000e+02 5.844288515624999729e-03
4.870000000000000000e+02 6.406097656250002610e-03
4.880000000000000000e+02 6.949361828125000251e-03
4.890000000000000000e+02 7.453450703125001284e-03
4.900000000000000000e+02 7.897720664062499868e-03
4.910000000000000000e+02 8.262819093750001925e-03
4.920000000000000000e+02 8.531917367187504334e-03
4.930000000000000000e+02 8.691973242187504833e-03
4.940000000000000000e+02 8.735466304687499947e-03
4.950000000000000000e+02 8.661497812500000212e-03
4.960000000000000000e+02 8.476763359374996781e-03
4.970000000000000000e+02 8.196090156249998676e-03
4.980000000000000000e+02 7.842604453125002345e-03
4.990000000000000000e+02 7.446753671875002215e-03
5.000000000000000000e+02 7.045226640625000016e-03
5.010000000000000000e+02 6.678918515624999129e-03
5.020000000000000000e+02 6.390425312500000628e-03
5.030000000000000000e+02 6.221391406249996911e-03
5.040000000000000000e+02 6.209892781249998564e-03
5.050000000000000000e+02 6.389360656250000700e-03
5.060000000000000000e+02 6.789945875000001629e-03
5.070000000000000000e+02 7.445402359375001382e-03
5.080000000000000000e+02 8.408470171874999829e-03
5.090000000000000000e+02 9.780466171875000156e-03
5.100000000000000000e+02 1.176206460937500274e-02
5.110000000000000000e+02 1.473551578124999810e-02
