0.000000000000000000e+00 4.041133140624998329e-03
1.000000000000000000e+00 4.034836374999999781e-03
2.000000000000000000e+00 4.022269632812500509e-03
3.000000000000000000e+00 4.003493359374998839e-03
4.000000000000000000e+00 3.978594882812499546e-03
5.000000000000000000e+00 3.947685507812499772e-03
6.000000000000000000e+00 3.910900421875000352e-03
7.000000000000000000e+00 3.868413570312501885e-03
8.000000000000000000e+00 3.820410695312500930e-03
9.000000000000000000e+00 3.767120125000001339e-03
1.000000000000000000e+01 3.708772882812500990e-03
1.100000000000000000e+01 3.645623984375001396e-03
1.200000000000000000e+01 3.577970585937499670e-03
1.300000000000000000e+01 3.506112125000000398e-03
1.400000000000000000e+01 3.430354132812499322e-03
1.500000000000000000e+01 3.351041523437498990e-03
1.600000000000000000e+01 3.268517367187500754e-03
1.700000000000000000e+01 3.183143703124999887e-03
1.800000000000000000e+01 3.095283812499998594e-03
1.900000000000000000e+01 3.005322828124999939e-03
2.000000000000000000e+01 2.913634476562499982e-03
2.100000000000000000e+01 2.820617218750000842e-03
2.200000000000000000e+01 2.726652640624998777e-03
2.300000000000000000e+01 2.632135093750000241e-03
2.400000000000000000e+01 2.537450476562500088e-03
2.500000000000000000e+01 2.442979648437500814e-03
2.600000000000000000e+01 2.349103250000000257e-03
2.700000000000000000e+01 2.256193796874999234e-03
2.800000000000000000e+01 2.164605664062499435e-03
2.900000000000000000e+01 2.074696867187499766e-03
3.000000000000000000e+01 1.986794843750000917e-03
3.100000000000000000e+01 1.901242656250000775e-03
3.200000000000000000e+01 1.818331718750000126e-03
3.300000000000000000e+01 1.738353984374999689e-03
3.400000000000000000e+01 1.661590078124999858e-03
3.500000000000000000e+01 1.588289765624999921e-03
3.600000000000000000e+01 1.518693671875000293e-03
3.700000000000000000e+01 1.453015156249999043e-03
3.800000000000000000e+01 1.391439921874999255e-03
3.900000000000000000e+01 1.334142578124999879e-03
4.000000000000000000e+01 1.281270312499999987e-03
4.100000000000000000e+01 1.232955703125000052e-03
4.200000000000000000e+01 1.189293906249999861e-03
4.300000000000000000e+01 1.150361249999999353e-03
4.400000000000000000e+01 1.116223906249999911e-03
4.500000000000000000e+01 1.086914484375000635e-03
4.600000000000000000e+01 1.062442492187499988e-03
4.700000000000000000e+01 1.042799070312500249e-03
4.800000000000000000e+01 1.027953572656249096e-03
4.900000000000000000e+01 1.017852310937500003e-03
5.000000000000000000e+01 1.012431421093750415e-03
5.100000000000000000e+01 1.011585123437499980e-03
5.200000000000000000e+01 1.015220348437499828e-03
5.300000000000000000e+01 1.023198049062500276e-03
5.400000000000000000e+01 1.035387221093749454e-03
5.500000000000000000e+01 1.051620398437500296e-03
5.600000000000000000e+01 1.071731534374999141e-03
5.700000000000000000e+01 1.095529772656249996e-03
5.800000000000000000e+01 1.122828709374999690e-03
5.900000000000000000e+01 1.153410515625000058e-03
6.000000000000000000e+01 1.187064820312500480e-03
6.100000000000000000e+01 1.223565434375000404e-03
6.200000000000000000e+01 1.262681762578124868e-03
6.300000000000000000e+01 1.304179422656249988e-03
6.400000000000000000e+01 1.347817390625000297e-03
6.500000000000000000e+01 1.393345796874999190e-03
6.600000000000000000e+01 1.440532757812500696e-03
6.700000000000000000e+01 1.489117148437500444e-03
6.800000000000000000e+01 1.538864460937500222e-03
6.900000000000000000e+01 1.589519781250000197e-03
7.000000000000000000e+01 1.640848101562500036e-03
7.100000000000000000e+01 1.692616242187500609e-03
7.200000000000000000e+01 1.744585648437499328e-03
7.300000000000000000e+01 1.796524523437500022e-03
7.400000000000000000e+01 1.848213265625000537e-03
7.500000000000000000e+01 1.899433007812499630e-03
7.600000000000000000e+01 1.949976031250000384e-03
7.700000000000000000e+01 1.999653218749999992e-03
7.800000000000000000e+01 2.048262460937499019e-03
7.900000000000000000e+01 2.095616765625000263e-03
8.000000000000000000e+01 2.141550468750000064e-03
8.100000000000000000e+01 2.185909281250000488e-03
8.200000000000000000e+01 2.228526945312500791e-03
8.300000000000000000e+01 2.269265656250000433e-03
8.400000000000000000e+01 2.307991406250000342e-03
8.500000000000000000e+01 2.344588203125000207e-03
8.600000000000000000e+01 2.378939375000000724e-03
8.700000000000000000e+01 2.410962109374999076e-03
8.800000000000000000e+01 2.440547187500001144e-03
8.900000000000000000e+01 2.467629531249999550e-03
9.000000000000000000e+01 2.492140703124998656e-03
9.100000000000000000e+01 2.514028281250000468e-03
9.200000000000000000e+01 2.533244921875000416e-03
9.300000000000000000e+01 2.549749921875000408e-03
9.400000000000000000e+01 2.563519765624999811e-03
9.500000000000000000e+01 2.574552578125000046e-03
9.600000000000000000e+01 2.582833828124999655e-03
9.700000000000000000e+01 2.588369921875000468e-03
9.800000000000000000e+01 2.591163046874999168e-03
9.900000000000000000e+01 2.591252812500000058e-03
1.000000000000000000e+02 2.588647500000000514e-03
1.010000000000000000e+02 2.583406015625001190e-03
1.020000000000000000e+02 2.575561796874999230e-03
1.030000000000000000e+02 2.565170546874999576e-03
1.040000000000000000e+02 2.552286171875000741e-03
1.050000000000000000e+02 2.536990039062499147e-03
1.060000000000000000e+02 2.519343531250000431e-03
1.070000000000000000e+02 2.499428046875000562e-03
1.080000000000000000e+02 2.477330765624999407e-03
1.090000000000000000e+02 2.453147945312498992e-03
1.100000000000000000e+02 2.426972804687500124e-03
1.110000000000000000e+02 2.398909368750000871e-03
1.120000000000000000e+02 2.369069902343749756e-03
1.130000000000000000e+02 2.337577750000000010e-03
1.140000000000000000e+02 2.304548757812499831e-03
1.150000000000000000e+02 2.270123723437499769e-03
1.160000000000000000e+02 2.234424125000000413e-03
1.170000000000000000e+02 2.197605890625000009e-03
1.180000000000000000e+02 2.159816351562500198e-03
1.190000000000000000e+02 2.121214382812499754e-03
1.200000000000000000e+02 2.081976507812498788e-03
1.210000000000000000e+02 2.042268953125000227e-03
1.220000000000000000e+02 2.002282718749998948e-03
1.230000000000000000e+02 1.962213843749999968e-03
1.240000000000000000e+02 1.922258136718750510e-03
1.250000000000000000e+02 1.882639884531249431e-03
1.260000000000000000e+02 1.843578022656249937e-03
1.270000000000000000e+02 1.805309256250000336e-03
1.280000000000000000e+02 1.768083711484374175e-03
1.290000000000000000e+02 1.732142643203125410e-03
1.300000000000000000e+02 1.697770012499999655e-03
1.310000000000000000e+02 1.665224805468749946e-03
1.320000000000000000e+02 1.634800304687499895e-03
1.330000000000000000e+02 1.606791062499999959e-03
1.340000000000000000e+02 1.581499179687500655e-03
1.350000000000000000e+02 1.559229390625000529e-03
1.360000000000000000e+02 1.540304390625000597e-03
1.370000000000000000e+02 1.525032406249999519e-03
1.380000000000000000e+02 1.513748609374999986e-03
1.390000000000000000e+02 1.506774562499999274e-03
1.400000000000000000e+02 1.504429929687499563e-03
1.410000000000000000e+02 1.507038749999999429e-03
1.420000000000000000e+02 1.514909796875000278e-03
1.430000000000000000e+02 1.528365171875000839e-03
1.440000000000000000e+02 1.547688890624999937e-03
1.450000000000000000e+02 1.573166695312499825e-03
1.460000000000000000e+02 1.605073265624999907e-03
1.470000000000000000e+02 1.643649851562499833e-03
1.480000000000000000e+02 1.689118093749999820e-03
1.490000000000000000e+02 1.741678474999999379e-03
1.500000000000000000e+02 1.801501575781250643e-03
1.510000000000000000e+02 1.868713101249999849e-03
1.520000000000000000e+02 1.943423674531249545e-03
1.530000000000000000e+02 2.025684898437499562e-03
1.540000000000000000e+02 2.115514204687500652e-03
1.550000000000000000e+02 2.212878025781250986e-03
1.560000000000000000e+02 2.317708276562500686e-03
1.570000000000000000e+02 2.429871451015626002e-03
1.580000000000000000e+02 2.549185234375000997e-03
1.590000000000000000e+02 2.675421023437500080e-03
1.600000000000000000e+02 2.808287320312500505e-03
1.610000000000000000e+02 2.947442234375000948e-03
1.620000000000000000e+02 3.092472437499999526e-03
1.630000000000000000e+02 3.242929953124999362e-03
1.640000000000000000e+02 3.398295507812499044e-03
1.650000000000000000e+02 3.557987281250001022e-03
1.660000000000000000e+02 3.721414195312501560e-03
1.670000000000000000e+02 3.887880249999997942e-03
1.680000000000000000e+02 4.056662351562498672e-03
1.690000000000000000e+02 4.227012132812500191e-03
1.700000000000000000e+02 4.398126765625003098e-03
1.710000000000000000e+02 4.569142984374998176e-03
1.720000000000000000e+02 4.739226241406248319e-03
1.730000000000000000e+02 4.907451062500001009e-03
1.740000000000000000e+02 5.072939679687499259e-03
1.750000000000000000e+02 5.234709195312499397e-03
1.760000000000000000e+02 5.391896742187499147e-03
1.770000000000000000e+02 5.543532921875000269e-03
1.780000000000000000e+02 5.688713507812494068e-03
1.790000000000000000e+02 5.826559078124999777e-03
1.800000000000000000e+02 5.956181828125003096e-03
1.810000000000000000e+02 6.076750765624999717e-03
1.820000000000000000e+02 6.187468468749996071e-03
1.830000000000000000e+02 6.287550437499999159e-03
1.840000000000000000e+02 6.376366585937498672e-03
1.850000000000000000e+02 6.453226554687501067e-03
1.860000000000000000e+02 6.517619563281248571e-03
1.870000000000000000e+02 6.569037732812498843e-03
1.880000000000000000e+02 6.607125749999995419e-03
1.890000000000000000e+02 6.631467187499998431e-03
1.900000000000000000e+02 6.642045590624996027e-03
1.910000000000000000e+02 6.638577208593747850e-03
1.920000000000000000e+02 6.621118185156249329e-03
1.930000000000000000e+02 6.589762421875005292e-03
1.940000000000000000e+02 6.544726454687499299e-03
1.950000000000000000e+02 6.486274883671874596e-03
1.960000000000000000e+02 6.414875043749997119e-03
1.970000000000000000e+02 6.331038539062497535e-03
1.980000000000000000e+02 6.235459268750001907e-03
1.990000000000000000e+02 6.128794220234374049e-03
2.000000000000000000e+02 6.011929375000001595e-03
2.010000000000000000e+02 5.885818866406254159e-03
2.020000000000000000e+02 5.751546897656245952e-03
2.030000000000000000e+02 5.610157429687496686e-03
2.040000000000000000e+02 5.462892334374999485e-03
2.050000000000000000e+02 5.311060832812502380e-03
2.060000000000000000e+02 5.155950273437498628e-03
2.070000000000000000e+02 4.999035968749997519e-03
2.080000000000000000e+02 4.841695015624997850e-03
2.090000000000000000e+02 4.685484627343750909e-03
2.100000000000000000e+02 4.531895382812503245e-03
2.110000000000000000e+02 4.382471882812500816e-03
2.120000000000000000e+02 4.238683304687500958e-03
2.130000000000000000e+02 4.102083359374997067e-03
2.140000000000000000e+02 3.974196484375000331e-03
2.150000000000000000e+02 3.856479999999998069e-03
2.160000000000000000e+02 3.750356015624999820e-03
2.170000000000000000e+02 3.657201953125000481e-03
2.180000000000000000e+02 3.578321718750000248e-03
2.190000000000000000e+02 3.514939609374998723e-03
2.200000000000000000e+02 3.468218281250001495e-03
2.210000000000000000e+02 3.439173671874999009e-03
2.220000000000000000e+02 3.428765078125001111e-03
2.230000000000000000e+02 3.437804765625000064e-03
2.240000000000000000e+02 3.467004609374999338e-03
2.250000000000000000e+02 3.516952500000000009e-03
2.260000000000000000e+02 3.588083125000000526e-03
2.270000000000000000e+02 3.680692578125001162e-03
2.280000000000000000e+02 3.795010078125000529e-03
2.290000000000000000e+02 3.931021484375000867e-03
2.300000000000000000e+02 4.088630312499999184e-03
2.310000000000000000e+02 4.267581328124998852e-03
2.320000000000000000e+02 4.467501249999998592e-03
2.330000000000000000e+02 4.687867265625000369e-03
2.340000000000000000e+02 4.927998765625000305e-03
2.350000000000000000e+02 5.187140875000001081e-03
2.360000000000000000e+02 5.464346484375000312e-03
2.370000000000000000e+02 5.758619445312501695e-03
2.380000000000000000e+02 6.068829515625000573e-03
2.390000000000000000e+02 6.393684640624998534e-03
2.400000000000000000e+02 6.731904531250000948e-03
2.410000000000000000e+02 7.082054546875000099e-03
2.420000000000000000e+02 7.442645953125000269e-03
2.430000000000000000e+02 7.812123077343748404e-03
2.440000000000000000e+02 8.188895976562500859e-03
2.450000000000000000e+02 8.571253328125002027e-03
2.460000000000000000e+02 8.957581843749999606e-03
2.470000000000000000e+02 9.346151531250001046e-03
2.480000000000000000e+02 9.735246718750003442e-03
2.490000000000000000e+02 1.012320812500000153e-02
2.500000000000000000e+02 1.050836789062499846e-02
2.510000000000000000e+02 1.088899031249999406e-02
2.520000000000000000e+02 1.126350835937499871e-02
2.530000000000000000e+02 1.163033367187500319e-02
2.540000000000000000e+02 1.198796085937499888e-02
2.550000000000000000e+02 1.233496796874999912e-02
2.560000000000000000e+02 1.266998632812499880e-02
2.570000000000000000e+02 1.299184367187499953e-02
2.580000000000000000e+02 1.329928007812499965e-02
2.590000000000000000e+02 1.359126546874999189e-02
2.600000000000000000e+02 1.386683125000000467e-02
2.610000000000000000e+02 1.412515078124999476e-02
2.620000000000000000e+02 1.436558515624999054e-02
2.630000000000000000e+02 1.458747265625000115e-02
2.640000000000000000e+02 1.479037109375000436e-02
2.650000000000000000e+02 1.497398203124999591e-02
2.660000000000000000e+02 1.513805000000000012e-02
2.670000000000000000e+02 1.528258593749999734e-02
2.680000000000000000e+02 1.540758437499999481e-02
2.690000000000000000e+02 1.551316328125000241e-02
2.700000000000000000e+02 1.559981250000000430e-02
2.710000000000000000e+02 1.566783437499999487e-02
2.720000000000000000e+02 1.571773046874999982e-02
2.730000000000000000e+02 1.575025781249999798e-02
2.740000000000000000e+02 1.576603593750000240e-02
2.750000000000000000e+02 1.576589140625000995e-02
2.760000000000000000e+02 1.575079140624999902e-02
2.770000000000000000e+02 1.572176718749999230e-02
2.780000000000000000e+02 1.567973359374999834e-02
2.790000000000000000e+02 1.562596406250000083e-02
2.800000000000000000e+02 1.556146328124999659e-02
2.810000000000000000e+02 1.548747343749999443e-02
2.820000000000000000e+02 1.540517500000000359e-02
2.830000000000000000e+02 1.531590234374999998e-02
2.840000000000000000e+02 1.522085078125000497e-02
2.850000000000000000e+02 1.512123749999998851e-02
2.860000000000000000e+02 1.501830546875000151e-02
2.870000000000000000e+02 1.491330703125000323e-02
2.880000000000000000e+02 1.480725468750000023e-02
2.890000000000000000e+02 1.470146484375000479e-02
2.900000000000000000e+02 1.459688125000000586e-02
2.910000000000000000e+02 1.449457031249999639e-02
2.920000000000000000e+02 1.439554609375000120e-02
2.930000000000000000e+02 1.430064687500000493e-02
2.940000000000000000e+02 1.421074843750000025e-02
2.950000000000000000e+02 1.412654296874999924e-02
2.960000000000000000e+02 1.404869531249999456e-02
2.970000000000000000e+02 1.397778515624999683e-02
2.980000000000000000e+02 1.391440781250000321e-02
2.990000000000000000e+02 1.385886249999999410e-02
3.000000000000000000e+02 1.381155781249999472e-02
3.010000000000000000e+02 1.377266874999999620e-02
3.020000000000000000e+02 1.374240781249999599e-02
3.030000000000000000e+02 1.372076015625000277e-02
3.040000000000000000e+02 1.370784843749999968e-02
3.050000000000000000e+02 1.370336953125000055e-02
3.060000000000000000e+02 1.370719374999999213e-02
3.070000000000000000e+02 1.371911796874999805e-02
3.080000000000000000e+02 1.373872812500000380e-02
3.090000000000000000e+02 1.376548359375000773e-02
3.100000000000000000e+02 1.379888046875000183e-02
3.110000000000000000e+02 1.383826093750000451e-02
3.120000000000000000e+02 1.388292968749999662e-02
3.130000000000000000e+02 1.393206718750000274e-02
3.140000000000000000e+02 1.398482265625000318e-02
3.150000000000000000e+02 1.404027968750000063e-02
3.160000000000000000e+02 1.409732968750000703e-02
3.170000000000000000e+02 1.415513984374999756e-02
3.180000000000000000e+02 1.421249531250000191e-02
3.190000000000000000e+02 1.426839453124999560e-02
3.200000000000000000e+02 1.432174218749999832e-02
3.210000000000000000e+02 1.437149765625001137e-02
3.220000000000000000e+02 1.441651992187499565e-02
3.230000000000000000e+02 1.445589140624999741e-02
3.240000000000000000e+02 1.448868031249999667e-02
3.250000000000000000e+02 1.451392859374999594e-02
3.260000000000000000e+02 1.453081070312500431e-02
3.270000000000000000e+02 1.453875234375000443e-02
3.280000000000000000e+02 1.453693148437500138e-02
3.290000000000000000e+02 1.452494273437500080e-02
3.300000000000000000e+02 1.450225210937500751e-02
3.310000000000000000e+02 1.446842695312500204e-02
3.320000000000000000e+02 1.442329664062499787e-02
3.330000000000000000e+02 1.436660132812499560e-02
3.340000000000000000e+02 1.429817820312499939e-02
3.350000000000000000e+02 1.421791781249999963e-02
3.360000000000000000e+02 1.412579421874999436e-02
3.370000000000000000e+02 1.402187896093749428e-02
3.380000000000000000e+02 1.390614571875000219e-02
3.390000000000000000e+02 1.377876810078125340e-02
3.400000000000000000e+02 1.363979815000001053e-02
3.410000000000000000e+02 1.348944911718749119e-02
3.420000000000000000e+02 1.332797793828124910e-02
3.430000000000000000e+02 1.315561474999999911e-02
3.440000000000000000e+02 1.297265147656251685e-02
3.450000000000000000e+02 1.277956836718750593e-02
3.460000000000000000e+02 1.257677008593749597e-02
3.470000000000000000e+02 1.236483385234374982e-02
3.480000000000000000e+02 1.214435934374999415e-02
3.490000000000000000e+02 1.191612782609374754e-02
3.500000000000000000e+02 1.168091255312499535e-02
3.510000000000000000e+02 1.143960751171875165e-02
3.520000000000000000e+02 1.119307001562500591e-02
3.530000000000000000e+02 1.094228112499999461e-02
3.540000000000000000e+02 1.068829443750000073e-02
3.550000000000000000e+02 1.043205050781250039e-02
3.560000000000000000e+02 1.017448057812499543e-02
3.570000000000000000e+02 9.916565062499998681e-03
3.580000000000000000e+02 9.659123031250004682e-03
3.590000000000000000e+02 9.402885125000001384e-03
3.600000000000000000e+02 9.148634437499995539e-03
3.610000000000000000e+02 8.896920625000005745e-03
3.620000000000000000e+02 8.648305781249997215e-03
3.630000000000000000e+02 8.403261484375000590e-03
3.640000000000000000e+02 8.162203906249998475e-03
3.650000000000000000e+02 7.925583671875006953e-03
3.660000000000000000e+02 7.693769609374997986e-03
3.670000000000000000e+02 7.467184765625000005e-03
3.680000000000000000e+02 7.246351250000001437e-03
3.690000000000000000e+02 7.031749453125002262e-03
3.700000000000000000e+02 6.823966718749999508e-03
3.710000000000000000e+02 6.623734531250002368e-03
3.720000000000000000e+02 6.431703828124997815e-03
3.730000000000000000e+02 6.248685000000002952e-03
3.740000000000000000e+02 6.075445937500002606e-03
3.750000000000000000e+02 5.912792250000002518e-03
3.760000000000000000e+02 5.761496078124997422e-03
3.770000000000000000e+02 5.622262949218749008e-03
3.780000000000000000e+02 5.495727468906246894e-03
3.790000000000000000e+02 5.382417653906253381e-03
3.800000000000000000e+02 5.282628179687498537e-03
3.810000000000000000e+02 5.196609554687502130e-03
3.820000000000000000e+02 5.124373828125000641e-03
3.830000000000000000e+02 5.065800205468751032e-03
3.840000000000000000e+02 5.020545957812498107e-03
3.850000000000000000e+02 4.988051653125002288e-03
3.860000000000000000e+02 4.967719385156249556e-03
3.870000000000000000e+02 4.958720710937497035e-03
3.880000000000000000e+02 4.960138710937501798e-03
3.890000000000000000e+02 4.971013400781252624e-03
3.900000000000000000e+02 4.990305497890624997e-03
3.910000000000000000e+02 5.016926749999995813e-03
3.920000000000000000e+02 5.049833664062499533e-03
3.930000000000000000e+02 5.088096718749999040e-03
3.940000000000000000e+02 5.130683359374996373e-03
3.950000000000000000e+02 5.176797734374996920e-03
3.960000000000000000e+02 5.225600625000000922e-03
3.970000000000000000e+02 5.276445781249998121e-03
3.980000000000000000e+02 5.328623906250002339e-03
3.990000000000000000e+02 5.381638046875002364e-03
4.000000000000000000e+02 5.434912812500002251e-03
4.010000000000000000e+02 5.487898593750001157e-03
4.020000000000000000e+02 5.540046093749999810e-03
4.030000000000000000e+02 5.590812499999996826e-03
4.040000000000000000e+02 5.639496093750000737e-03
4.050000000000000000e+02 5.685425781250002218e-03
4.060000000000000000e+02 5.727896874999994885e-03
4.070000000000000000e+02 5.766114843749999691e-03
4.080000000000000000e+02 5.799253124999998073e-03
4.090000000000000000e+02 5.826587499999996526e-03
4.100000000000000000e+02 5.847319531250000715e-03
4.110000000000000000e+02 5.860782812500001451e-03
4.120000000000000000e+02 5.866330468749998348e-03
4.130000000000000000e+02 5.863475781249998658e-03
4.140000000000000000e+02 5.851789062499999569e-03
4.150000000000000000e+02 5.831032812499997720e-03
4.160000000000000000e+02 5.801051562499999481e-03
4.170000000000000000e+02 5.761889531249997191e-03
4.180000000000000000e+02 5.713775234374998506e-03
4.190000000000000000e+02 5.657058203125002460e-03
4.200000000000000000e+02 5.592348046874997397e-03
4.210000000000000000e+02 5.520429453125002238e-03
4.220000000000000000e+02 5.442303203125002826e-03
4.230000000000000000e+02 5.359221171874997691e-03
4.240000000000000000e+02 5.272551093750000271e-03
4.250000000000000000e+02 5.183920156250000633e-03
4.260000000000000000e+02 5.095017656249999950e-03
4.270000000000000000e+02 5.007653515624998358e-03
4.280000000000000000e+02 4.923647734375000661e-03
4.290000000000000000e+02 4.844861249999997919e-03
4.300000000000000000e+02 4.772998124999998718e-03
4.310000000000000000e+02 4.709720781249996692e-03
4.320000000000000000e+02 4.656607656249999762e-03
4.330000000000000000e+02 4.615027734375003361e-03
4.340000000000000000e+02 4.586188671874999803e-03
4.350000000000000000e+02 4.571171562499998578e-03
4.360000000000000000e+02 4.570791640625000360e-03
4.370000000000000000e+02 4.585755390625001482e-03
4.380000000000000000e+02 4.616474765625003251e-03
4.390000000000000000e+02 4.663018671874999757e-03
4.400000000000000000e+02 4.725160546875001831e-03
4.410000000000000000e+02 4.802314062499998468e-03
4.420000000000000000e+02 4.893284999999998955e-03
4.430000000000000000e+02 4.996490734374996710e-03
4.440000000000000000e+02 5.109769156249998300e-03
4.450000000000000000e+02 5.230355289062503868e-03
4.460000000000000000e+02 5.355071648437500186e-03
4.470000000000000000e+02 5.480280250000001303e-03
4.480000000000000000e+02 5.602032367187499869e-03
4.490000000000000000e+02 5.716211781250003614e-03
4.500000000000000000e+02 5.818754703125004167e-03
4.510000000000000000e+02 5.905733015625000241e-03
4.520000000000000000e+02 5.973613345312499961e-03
4.530000000000000000e+02 6.019385734374997805e-03
4.540000000000000000e+02 6.040520234374999187e-03
4.550000000000000000e+02 6.035300179687497039e-03
4.560000000000000000e+02 6.002598601562500816e-03
4.570000000000000000e+02 5.942072984375000415e-03
4.580000000000000000e+02 5.853906859374997246e-03
4.590000000000000000e+02 5.738952500000000026e-03
4.600000000000000000e+02 5.598489531249997882e-03
4.610000000000000000e+02 5.434184062499998989e-03
4.620000000000000000e+02 5.247979218750001458e-03
4.630000000000000000e+02 5.042198671875001287e-03
4.640000000000000000e+02 4.819196874999999089e-03
4.650000000000000000e+02 4.581736796874999462e-03
4.660000000000000000e+02 4.332911484375001968e-03
4.670000000000000000e+02 4.076298906250000291e-03
4.680000000000000000e+02 3.816136875000000761e-03
4.690000000000000000e+02 3.557469531250000757e-03
4.700000000000000000e+02 3.306326718749997076e-03
4.710000000000000000e+02 3.069669140624998321e-03
4.720000000000000000e+02 2.855420390625001970e-03
4.730000000000000000e+02 2.672271953125000734e-03
4.740000000000000000e+02 2.529408750000000823e-03
4.750000000000000000e+02 2.436059156249999885e-03
4.760000000000000000e+02 2.401037453125000592e-03
4.770000000000000000e+02 2.432168399218749381e-03
4.780000000000000000e+02 2.535726648437500175e-03
4.790000000000000000e+02 2.715926992187500146e-03
4.800000000000000000e+02 2.974479390625000587e-03
4.810000000000000000e+02 3.310274921875001886e-03
4.820000000000000000e+02 3.719130773437500422e-03
4.830000000000000000e+02 4.193731101562500618e-03
4.840000000000000000e+02 4.723577718750000126e-03
4.850000000000000000e+02 5.295075117187499070e-03
4.860000000000000000e+02 5.891832804687501153e-03
4.870000000000000000e+02 6.494806359375000782e-03
4.880000000000000000e+02 7.082930145312501917e-03
4.890000000000000000e+02 7.633965718749999990e-03
4.900000000000000000e+02 8.125338335937499351e-03
4.910000000000000000e+02 8.535590354687500741e-03
4.920000000000000000e+02 8.845778476562499854e-03
4.930000000000000000e+02 9.040916024999996400e-03
4.940000000000000000e+02 9.111912293749996339e-03
4.950000000000000000e+02 9.056380968749997915e-03
4.960000000000000000e+02 8.880197710937499239e-03
4.970000000000000000e+02 8.597640156249999194e-03
4.980000000000000000e+02 8.231928671874999548e-03
4.990000000000000000e+02 7.814451718750000525e-03
5.000000000000000000e+02 7.383522500000000606e-03
5.010000000000000000e+02 6.982533968750001194e-03
5.020000000000000000e+02 6.656815898437500566e-03
5.030000000000000000e+02 6.450922875000001701e-03
5.040000000000000000e+02 6.404855132812499810e-03
5.050000000000000000e+02 6.552432148437503136e-03
5.060000000000000000e+02 6.921795057031249199e-03
5.070000000000000000e+02 7.541790375000001143e-03
5.080000000000000000e+02 8.457843281250000331e-03
5.090000000000000000e+02 9.762879117187499636e-03
5.100000000000000000e+02 1.165128389843749987e-02
5.110000000000000000e+02 1.450656632812499791e-02
