0.000000000000000000e+00 4.125550914062498832e-03
1.000000000000000000e+00 4.119162867187499757e-03
2.000000000000000000e+00 4.106435296874998836e-03
3.000000000000000000e+00 4.087403562499997839e-03
4.000000000000000000e+00 4.062165718750001750e-03
5.000000000000000000e+00 4.030836039062500945e-03
6.000000000000000000e+00 3.993563929687502650e-03
7.000000000000000000e+00 3.950503031250000158e-03
8.000000000000000000e+00 3.901862164062499996e-03
9.000000000000000000e+00 3.847853804687500264e-03
1.000000000000000000e+01 3.788736453124999341e-03
1.100000000000000000e+01 3.724762890624999483e-03
1.200000000000000000e+01 3.656216593749997412e-03
1.300000000000000000e+01 3.583404437499999873e-03
1.400000000000000000e+01 3.506661601562498926e-03
1.500000000000000000e+01 3.426321031250000818e-03
1.600000000000000000e+01 3.342727531250000352e-03
1.700000000000000000e+01 3.256253093749999269e-03
1.800000000000000000e+01 3.167271414062499714e-03
1.900000000000000000e+01 3.076162421875000118e-03
2.000000000000000000e+01 2.983323570312500748e-03
2.100000000000000000e+01 2.889129070312500876e-03
2.200000000000000000e+01 2.793993585937499732e-03
2.300000000000000000e+01 2.698295578125000423e-03
2.400000000000000000e+01 2.602432539062499942e-03
2.500000000000000000e+01 2.506793343750002203e-03
2.600000000000000000e+01 2.411765796875000190e-03
2.700000000000000000e+01 2.317714132812500379e-03
2.800000000000000000e+01 2.225001960937500467e-03
2.900000000000000000e+01 2.133990164062500236e-03
3.000000000000000000e+01 2.045021875000001006e-03
3.100000000000000000e+01 1.958412656250001042e-03
3.200000000000000000e+01 1.874473671875000278e-03
3.300000000000000000e+01 1.793511406249999806e-03
3.400000000000000000e+01 1.715776093750000404e-03
3.500000000000000000e+01 1.641542421874999953e-03
3.600000000000000000e+01 1.571037890625000570e-03
3.700000000000000000e+01 1.504483281250000104e-03
3.800000000000000000e+01 1.442069453124999361e-03
3.900000000000000000e+01 1.383956171875000115e-03
4.000000000000000000e+01 1.330299609375000611e-03
4.100000000000000000e+01 1.281216406250000172e-03
4.200000000000000000e+01 1.236813437500000222e-03
4.300000000000000000e+01 1.197165468749999788e-03
4.400000000000000000e+01 1.162327187499999793e-03
4.500000000000000000e+01 1.132332328124999610e-03
4.600000000000000000e+01 1.107186710937500080e-03
4.700000000000000000e+01 1.086880640625000668e-03
4.800000000000000000e+01 1.071379460937500316e-03
4.900000000000000000e+01 1.060623131249999922e-03
5.000000000000000000e+01 1.054547917187500291e-03
5.100000000000000000e+01 1.053047466093749631e-03
5.200000000000000000e+01 1.056016796093749849e-03
5.300000000000000000e+01 1.063322468749999979e-03
5.400000000000000000e+01 1.074821103046874312e-03
5.500000000000000000e+01 1.090351542656250701e-03
5.600000000000000000e+01 1.109740857812500188e-03
5.700000000000000000e+01 1.132796134374999776e-03
5.800000000000000000e+01 1.159323271875000892e-03
5.900000000000000000e+01 1.189109042968750779e-03
6.000000000000000000e+01 1.221941428906249752e-03
6.100000000000000000e+01 1.257592599999999639e-03
6.200000000000000000e+01 1.295822470468749755e-03
6.300000000000000000e+01 1.336409604687499066e-03
6.400000000000000000e+01 1.379097602343750967e-03
6.500000000000000000e+01 1.423650390625000274e-03
6.600000000000000000e+01 1.469822750781249205e-03
6.700000000000000000e+01 1.517364023437499983e-03
6.800000000000000000e+01 1.566037281250000661e-03
6.900000000000000000e+01 1.615594726562499762e-03
7.000000000000000000e+01 1.665790843749999231e-03
7.100000000000000000e+01 1.716398789062500074e-03
7.200000000000000000e+01 1.767182070312499700e-03
7.300000000000000000e+01 1.817908195312500138e-03
7.400000000000000000e+01 1.868372281249999723e-03
7.500000000000000000e+01 1.918347109374999443e-03
7.600000000000000000e+01 1.967634421874999567e-03
7.700000000000000000e+01 2.016033617187499433e-03
7.800000000000000000e+01 2.063364335937499863e-03
7.900000000000000000e+01 2.109439101562500009e-03
8.000000000000000000e+01 2.154089601562499991e-03
8.100000000000000000e+01 2.197154773437500885e-03
8.200000000000000000e+01 2.238489734374999804e-03
8.300000000000000000e+01 2.277956234374999694e-03
8.400000000000000000e+01 2.315424210937500060e-03
8.500000000000000000e+01 2.350776828124999732e-03
8.600000000000000000e+01 2.383907140625000573e-03
8.700000000000000000e+01 2.414722812499999795e-03
8.800000000000000000e+01 2.443130859374999936e-03
8.900000000000000000e+01 2.469069609375000064e-03
9.000000000000000000e+01 2.492472499999999220e-03
9.100000000000000000e+01 2.513278984375000216e-03
9.200000000000000000e+01 2.531454140624998881e-03
9.300000000000000000e+01 2.546966796875001649e-03
9.400000000000000000e+01 2.559786718750001015e-03
9.500000000000000000e+01 2.569918593749999716e-03
9.600000000000000000e+01 2.577340859375001295e-03
9.700000000000000000e+01 2.582067890624999921e-03
9.800000000000000000e+01 2.584115078125000502e-03
9.900000000000000000e+01 2.583494609375000094e-03
1.000000000000000000e+02 2.580253203125000994e-03
1.010000000000000000e+02 2.574422578124999084e-03
1.020000000000000000e+02 2.566047187500000454e-03
1.030000000000000000e+02 2.555177656249999710e-03
1.040000000000000000e+02 2.541881171874999217e-03
1.050000000000000000e+02 2.526210289062502754e-03
1.060000000000000000e+02 2.508254210937499364e-03
1.070000000000000000e+02 2.488083976562500878e-03
1.080000000000000000e+02 2.465779984375000757e-03
1.090000000000000000e+02 2.441437984375001077e-03
1.100000000000000000e+02 2.415154335937500993e-03
1.110000000000000000e+02 2.387029676562498880e-03
1.120000000000000000e+02 2.357174997187499749e-03
1.130000000000000000e+02 2.325701804687498823e-03
1.140000000000000000e+02 2.292728617187500279e-03
1.150000000000000000e+02 2.258388442968748116e-03
1.160000000000000000e+02 2.222817203124999221e-03
1.170000000000000000e+02 2.186151359374999704e-03
1.180000000000000000e+02 2.148539023437500729e-03
1.190000000000000000e+02 2.110139984375001242e-03
1.200000000000000000e+02 2.071117476562500323e-03
1.210000000000000000e+02 2.031651828125001502e-03
1.220000000000000000e+02 1.991922101562498999e-03
1.230000000000000000e+02 1.952115229687500283e-03
1.240000000000000000e+02 1.912435141406249864e-03
1.250000000000000000e+02 1.873107664843749656e-03
1.260000000000000000e+02 1.834340542187499383e-03
1.270000000000000000e+02 1.796377721093749208e-03
1.280000000000000000e+02 1.759458365625000097e-03
1.290000000000000000e+02 1.723841756250000601e-03
1.300000000000000000e+02 1.689790923437499903e-03
1.310000000000000000e+02 1.657581650000000207e-03
1.320000000000000000e+02 1.627509593749999111e-03
1.330000000000000000e+02 1.599853445312500455e-03
1.340000000000000000e+02 1.574932593750000363e-03
1.350000000000000000e+02 1.553051796874998884e-03
1.360000000000000000e+02 1.534528914062499583e-03
1.370000000000000000e+02 1.519691867187499641e-03
1.380000000000000000e+02 1.508864851562499720e-03
1.390000000000000000e+02 1.502365593749999768e-03
1.400000000000000000e+02 1.500530265625001081e-03
1.410000000000000000e+02 1.503681437499999538e-03
1.420000000000000000e+02 1.512140867187499902e-03
1.430000000000000000e+02 1.526211867187499517e-03
1.440000000000000000e+02 1.546195054687500179e-03
1.450000000000000000e+02 1.572380492187499916e-03
1.460000000000000000e+02 1.605029484374999316e-03
1.470000000000000000e+02 1.644396101562499522e-03
1.480000000000000000e+02 1.690705864062499965e-03
1.490000000000000000e+02 1.744148499218750809e-03
1.500000000000000000e+02 1.804892533593750129e-03
1.510000000000000000e+02 1.873072871578124274e-03
1.520000000000000000e+02 1.948782094687498542e-03
1.530000000000000000e+02 2.032071287500000246e-03
1.540000000000000000e+02 2.122957612499999907e-03
1.550000000000000000e+02 2.221403317187500490e-03
1.560000000000000000e+02 2.327332124999999165e-03
1.570000000000000000e+02 2.440590042187501182e-03
1.580000000000000000e+02 2.561005718750001235e-03
1.590000000000000000e+02 2.688319679687500505e-03
1.600000000000000000e+02 2.822244570312499277e-03
1.610000000000000000e+02 2.962419171875000333e-03
1.620000000000000000e+02 3.108425687499998934e-03
1.630000000000000000e+02 3.259790812500001998e-03
1.640000000000000000e+02 3.415995132812503412e-03
1.650000000000000000e+02 3.576452843749998185e-03
1.660000000000000000e+02 3.740526273437498432e-03
1.670000000000000000e+02 3.907529539062501098e-03
1.680000000000000000e+02 4.076739054687500419e-03
1.690000000000000000e+02 4.247366007812500462e-03
1.700000000000000000e+02 4.418605631250000117e-03
1.710000000000000000e+02 4.589588310937500922e-03
1.720000000000000000e+02 4.759467600781250134e-03
1.730000000000000000e+02 4.927321628906250993e-03
1.740000000000000000e+02 5.092220593750003757e-03
1.750000000000000000e+02 5.253246125000003014e-03
1.760000000000000000e+02 5.409512437499998036e-03
1.770000000000000000e+02 5.560008187500000733e-03
1.780000000000000000e+02 5.703873375000004936e-03
1.790000000000000000e+02 5.840207023437500242e-03
1.800000000000000000e+02 5.968124039062502363e-03
1.810000000000000000e+02 6.086828078125001984e-03
1.820000000000000000e+02 6.195457656249996753e-03
1.830000000000000000e+02 6.293369976562499316e-03
1.840000000000000000e+02 6.379871820312498984e-03
1.850000000000000000e+02 6.454296242968753615e-03
1.860000000000000000e+02 6.516186674218753944e-03
1.870000000000000000e+02 6.565005382812496605e-03
1.880000000000000000e+02 6.600463226562500521e-03
1.890000000000000000e+02 6.622250321093747609e-03
1.900000000000000000e+02 6.630163727343750014e-03
1.910000000000000000e+02 6.624203971093750067e-03
1.920000000000000000e+02 6.604302375000001800e-03
1.930000000000000000e+02 6.570638609374999418e-03
1.940000000000000000e+02 6.523480089062497732e-03
1.950000000000000000e+02 6.463148859374999271e-03
1.960000000000000000e+02 6.390124421874998108e-03
1.970000000000000000e+02 6.304969117187502435e-03
1.980000000000000000e+02 6.208419104687498864e-03
1.990000000000000000e+02 6.101167601562501423e-03
2.000000000000000000e+02 5.984173164843746909e-03
2.010000000000000000e+02 5.858422214843747242e-03
2.020000000000000000e+02 5.724965389062499493e-03
2.030000000000000000e+02 5.584990265624999173e-03
2.040000000000000000e+02 5.439756221093747061e-03
2.050000000000000000e+02 5.290527359374997372e-03
2.060000000000000000e+02 5.138698140625000063e-03
2.070000000000000000e+02 4.985729195312500056e-03
2.080000000000000000e+02 4.833048820312497995e-03
2.090000000000000000e+02 4.682195907031252297e-03
2.100000000000000000e+02 4.534669457812498701e-03
2.110000000000000000e+02 4.392006031250002100e-03
2.120000000000000000e+02 4.255745929687502344e-03
2.130000000000000000e+02 4.127367390624998335e-03
2.140000000000000000e+02 4.008385156249998776e-03
2.150000000000000000e+02 3.900238359374998826e-03
2.160000000000000000e+02 3.804326640624999031e-03
2.170000000000000000e+02 3.721999218750000893e-03
2.180000000000000000e+02 3.654508046875001599e-03
2.190000000000000000e+02 3.602990156249999409e-03
2.200000000000000000e+02 3.568604765624999123e-03
2.210000000000000000e+02 3.552282265624998915e-03
2.220000000000000000e+02 3.554918984375000576e-03
2.230000000000000000e+02 3.577256640624999241e-03
2.240000000000000000e+02 3.619927031249998896e-03
2.250000000000000000e+02 3.683423281250001492e-03
2.260000000000000000e+02 3.768096718750002082e-03
2.270000000000000000e+02 3.874190859374999126e-03
2.280000000000000000e+02 4.001769296874999049e-03
2.290000000000000000e+02 4.150801406249998021e-03
2.300000000000000000e+02 4.321066250000000879e-03
2.310000000000000000e+02 4.512216562500000021e-03
2.320000000000000000e+02 4.723782187500002658e-03
2.330000000000000000e+02 4.955147265625001185e-03
2.340000000000000000e+02 5.205566750000000485e-03
2.350000000000000000e+02 5.474166437500003167e-03
2.360000000000000000e+02 5.759955648437499638e-03
2.370000000000000000e+02 6.061825164062500416e-03
2.380000000000000000e+02 6.378555867187499055e-03
2.390000000000000000e+02 6.708854546874998617e-03
2.400000000000000000e+02 7.051345859374997908e-03
2.410000000000000000e+02 7.404473476562501225e-03
2.420000000000000000e+02 7.766823320312503040e-03
2.430000000000000000e+02 8.136717070312500522e-03
2.440000000000000000e+02 8.512536039062504334e-03
2.450000000000000000e+02 8.892581601562503033e-03
2.460000000000000000e+02 9.275226343749999949e-03
2.470000000000000000e+02 9.658695117187499415e-03
2.480000000000000000e+02 1.004130718750000442e-02
2.490000000000000000e+02 1.042140539062500273e-02
2.500000000000000000e+02 1.079724101562499691e-02
2.510000000000000000e+02 1.116739757812500698e-02
2.520000000000000000e+02 1.152992828124999904e-02
2.530000000000000000e+02 1.188372296874999449e-02
2.540000000000000000e+02 1.222710273437499495e-02
2.550000000000000000e+02 1.255876960937499578e-02
2.560000000000000000e+02 1.287739679687500277e-02
2.570000000000000000e+02 1.318187203124999984e-02
2.580000000000000000e+02 1.347110828124999972e-02
2.590000000000000000e+02 1.374417265624999947e-02
2.600000000000000000e+02 1.400019296874999326e-02
2.610000000000000000e+02 1.423828593750000107e-02
2.620000000000000000e+02 1.445817968749999773e-02
2.630000000000000000e+02 1.465914999999999406e-02
2.640000000000000000e+02 1.484097578124999803e-02
2.650000000000000000e+02 1.500348515625000469e-02
2.660000000000000000e+02 1.514649296875000134e-02
2.670000000000000000e+02 1.527009687499999296e-02
2.680000000000000000e+02 1.537449140625000120e-02
2.690000000000000000e+02 1.545999062500000298e-02
2.700000000000000000e+02 1.552696718749999732e-02
2.710000000000000000e+02 1.557591875000000764e-02
2.720000000000000000e+02 1.560766249999999411e-02
2.730000000000000000e+02 1.562275859375000103e-02
2.740000000000000000e+02 1.562217968749999783e-02
2.750000000000000000e+02 1.560672812500000367e-02
2.760000000000000000e+02 1.557745859375000291e-02
2.770000000000000000e+02 1.553545781250000035e-02
2.780000000000000000e+02 1.548178515624999696e-02
2.790000000000000000e+02 1.541767421875000002e-02
2.800000000000000000e+02 1.534433281249999483e-02
2.810000000000000000e+02 1.526292265625000047e-02
2.820000000000000000e+02 1.517480156249999615e-02
2.830000000000000000e+02 1.508117734375000185e-02
2.840000000000000000e+02 1.498329218750001079e-02
2.850000000000000000e+02 1.488239843750000478e-02
2.860000000000000000e+02 1.477972812499999886e-02
2.870000000000000000e+02 1.467653593750000568e-02
2.880000000000000000e+02 1.457379062500000454e-02
2.890000000000000000e+02 1.447285312499999727e-02
2.900000000000000000e+02 1.437450546875000332e-02
2.910000000000000000e+02 1.427987656249999834e-02
2.920000000000000000e+02 1.418979531250000141e-02
2.930000000000000000e+02 1.410520312500000012e-02
2.940000000000000000e+02 1.402672578125000076e-02
2.950000000000000000e+02 1.395508671874999725e-02
2.960000000000000000e+02 1.389081484374999828e-02
2.970000000000000000e+02 1.383449140624999803e-02
2.980000000000000000e+02 1.378644218749999241e-02
2.990000000000000000e+02 1.374706953125000297e-02
3.000000000000000000e+02 1.371654453124999257e-02
3.010000000000000000e+02 1.369495703125000498e-02
3.020000000000000000e+02 1.368239062499999534e-02
3.030000000000000000e+02 1.367893046875000122e-02
3.040000000000000000e+02 1.368431640624999737e-02
3.050000000000000000e+02 1.369829531250000600e-02
3.060000000000000000e+02 1.372060234375000083e-02
3.070000000000000000e+02 1.375095624999999634e-02
3.080000000000000000e+02 1.378872499999998953e-02
3.090000000000000000e+02 1.383341875000000491e-02
3.100000000000000000e+02 1.388440000000000507e-02
3.110000000000000000e+02 1.394090312500000962e-02
3.120000000000000000e+02 1.400203281249999543e-02
3.130000000000000000e+02 1.406706796874999423e-02
3.140000000000000000e+02 1.413496093750000147e-02
3.150000000000000000e+02 1.420471171874999883e-02
3.160000000000000000e+02 1.427529062499999744e-02
3.170000000000000000e+02 1.434560546875000842e-02
3.180000000000000000e+02 1.441450703124999046e-02
3.190000000000000000e+02 1.448089687500000132e-02
3.200000000000000000e+02 1.454360234375000685e-02
3.210000000000000000e+02 1.460157523437500236e-02
3.220000000000000000e+02 1.465377492187500130e-02
3.230000000000000000e+02 1.469910765624999824e-02
3.240000000000000000e+02 1.473662546874999688e-02
3.250000000000000000e+02 1.476548898437499840e-02
3.260000000000000000e+02 1.478483226562499891e-02
3.270000000000000000e+02 1.479397296875001148e-02
3.280000000000000000e+02 1.479225648437500033e-02
3.290000000000000000e+02 1.477920210937500728e-02
3.300000000000000000e+02 1.475428609374999749e-02
3.310000000000000000e+02 1.471721406249999406e-02
3.320000000000000000e+02 1.466777351562499436e-02
3.330000000000000000e+02 1.460566578125000077e-02
3.340000000000000000e+02 1.453088638281250546e-02
3.350000000000000000e+02 1.444331686718750181e-02
3.360000000000000000e+02 1.434296600781249931e-02
3.370000000000000000e+02 1.422994274218749959e-02
3.380000000000000000e+02 1.410427824218749883e-02
3.390000000000000000e+02 1.396616521484374436e-02
3.400000000000000000e+02 1.381577755851562568e-02
3.410000000000000000e+02 1.365333633203124827e-02
3.420000000000000000e+02 1.347918708593750722e-02
3.430000000000000000e+02 1.329357542968749063e-02
3.440000000000000000e+02 1.309698577343750177e-02
3.450000000000000000e+02 1.288984354687500167e-02
3.460000000000000000e+02 1.267274801406249873e-02
3.470000000000000000e+02 1.244631592656249286e-02
3.480000000000000000e+02 1.221133800859374764e-02
3.490000000000000000e+02 1.196858148812500466e-02
3.500000000000000000e+02 1.171891001484374334e-02
3.510000000000000000e+02 1.146336100000000351e-02
3.520000000000000000e+02 1.120290417187499304e-02
3.530000000000000000e+02 1.093858540625000132e-02
3.540000000000000000e+02 1.067145457812500309e-02
3.550000000000000000e+02 1.040253782031249838e-02
3.560000000000000000e+02 1.013288382812500311e-02
3.570000000000000000e+02 9.863408156250004846e-03
3.580000000000000000e+02 9.594926921874998363e-03
3.590000000000000000e+02 9.328328929687499174e-03
3.600000000000000000e+02 9.064230265625011079e-03
3.610000000000000000e+02 8.803309523437503892e-03
3.620000000000000000e+02 8.546085078124994461e-03
3.630000000000000000e+02 8.293022656250002844e-03
3.640000000000000000e+02 8.044627578125001371e-03
3.650000000000000000e+02 7.801249453125000746e-03
3.660000000000000000e+02 7.563409687499999742e-03
3.670000000000000000e+02 7.331563984374997456e-03
3.680000000000000000e+02 7.106212265625000066e-03
3.690000000000000000e+02 6.887951484374999975e-03
3.700000000000000000e+02 6.677453984375004113e-03
3.710000000000000000e+02 6.475410859375001736e-03
3.720000000000000000e+02 6.282629140624998269e-03
3.730000000000000000e+02 6.099961562500003272e-03
3.740000000000000000e+02 5.928156929687500125e-03
3.750000000000000000e+02 5.768103382812501435e-03
3.760000000000000000e+02 5.620599921875001244e-03
3.770000000000000000e+02 5.486321935460940213e-03
3.780000000000000000e+02 5.365876210937498697e-03
3.790000000000000000e+02 5.259764204687500562e-03
3.800000000000000000e+02 5.168300392968748491e-03
3.810000000000000000e+02 5.091618776148433730e-03
3.820000000000000000e+02 5.029697551562501909e-03
3.830000000000000000e+02 4.982311766406250647e-03
3.840000000000000000e+02 4.949082533593748660e-03
3.850000000000000000e+02 4.929439156249998920e-03
3.860000000000000000e+02 4.922640476562499361e-03
3.870000000000000000e+02 4.927778132812500426e-03
3.880000000000000000e+02 4.943961749999999794e-03
3.890000000000000000e+02 4.970105960937498679e-03
3.900000000000000000e+02 5.005168343750000630e-03
3.910000000000000000e+02 5.047987039062496600e-03
3.920000000000000000e+02 5.097559132812497749e-03
3.930000000000000000e+02 5.152771562499998403e-03
3.940000000000000000e+02 5.212651640624999666e-03
3.950000000000000000e+02 5.276348281250000001e-03
3.960000000000000000e+02 5.342941640625003055e-03
3.970000000000000000e+02 5.411750546874999172e-03
3.980000000000000000e+02 5.481978749999996334e-03
3.990000000000000000e+02 5.553010078125001844e-03
4.000000000000000000e+02 5.624190078124998056e-03
4.010000000000000000e+02 5.694883593749998363e-03
4.020000000000000000e+02 5.764342968749996444e-03
4.030000000000000000e+02 5.831879687499996918e-03
4.040000000000000000e+02 5.896726562500000275e-03
4.050000000000000000e+02 5.957997656249999253e-03
4.060000000000000000e+02 6.014855468749996659e-03
4.070000000000000000e+02 6.066342187500002245e-03
4.080000000000000000e+02 6.111542187500002693e-03
4.090000000000000000e+02 6.149568749999999827e-03
4.100000000000000000e+02 6.179544531249999209e-03
4.110000000000000000e+02 6.200697656250000328e-03
4.120000000000000000e+02 6.212240624999997886e-03
4.130000000000000000e+02 6.213667968749997730e-03
4.140000000000000000e+02 6.204473437499999182e-03
4.150000000000000000e+02 6.184304687500003818e-03
4.160000000000000000e+02 6.153033828124997856e-03
4.170000000000000000e+02 6.110693125000001176e-03
4.180000000000000000e+02 6.057413515624995165e-03
4.190000000000000000e+02 5.993715312499996520e-03
4.200000000000000000e+02 5.920146171875000606e-03
4.210000000000000000e+02 5.837664843749998042e-03
4.220000000000000000e+02 5.747337578124999194e-03
4.230000000000000000e+02 5.650513437500000007e-03
4.240000000000000000e+02 5.548787421875000549e-03
4.250000000000000000e+02 5.443915546874999838e-03
4.260000000000000000e+02 5.337782656249996302e-03
4.270000000000000000e+02 5.232339531249997032e-03
4.280000000000000000e+02 5.129639296875002953e-03
4.290000000000000000e+02 5.031650156250000276e-03
4.300000000000000000e+02 4.940343124999999752e-03
4.310000000000000000e+02 4.857513984374999851e-03
4.320000000000000000e+02 4.784848671875000480e-03
4.330000000000000000e+02 4.723981250000001096e-03
4.340000000000000000e+02 4.676239062500001271e-03
4.350000000000000000e+02 4.642896093749997871e-03
4.360000000000000000e+02 4.624944765625002389e-03
4.370000000000000000e+02 4.623162499999998974e-03
4.380000000000000000e+02 4.638147187499998617e-03
4.390000000000000000e+02 4.670093828124997556e-03
4.400000000000000000e+02 4.718801640625001730e-03
4.410000000000000000e+02 4.783739921874999475e-03
4.420000000000000000e+02 4.863698281249998617e-03
4.430000000000000000e+02 4.957033437500001083e-03
4.440000000000000000e+02 5.061561867187498037e-03
4.450000000000000000e+02 5.174434937499998097e-03
4.460000000000000000e+02 5.292392531249999650e-03
4.470000000000000000e+02 5.411707367187498265e-03
4.480000000000000000e+02 5.528403226562501709e-03
4.490000000000000000e+02 5.638364562500003049e-03
4.500000000000000000e+02 5.737567382812499422e-03
4.510000000000000000e+02 5.822055890625000424e-03
4.520000000000000000e+02 5.888457390625000815e-03
4.530000000000000000e+02 5.933745494531246500e-03
4.540000000000000000e+02 5.955553468750002070e-03
4.550000000000000000e+02 5.952141065624998693e-03
4.560000000000000000e+02 5.922426320312499347e-03
4.570000000000000000e+02 5.865970695312503619e-03
4.580000000000000000e+02 5.782963406249998391e-03
4.590000000000000000e+02 5.673973828125001423e-03
4.600000000000000000e+02 5.540126093749998468e-03
4.610000000000000000e+02 5.382785859374999288e-03
4.620000000000000000e+02 5.203607578124996511e-03
4.630000000000000000e+02 5.004547109375001059e-03
4.640000000000000000e+02 4.787681874999997166e-03
4.650000000000000000e+02 4.555472656249999301e-03
4.660000000000000000e+02 4.310780468749998186e-03
4.670000000000000000e+02 4.057111796875001279e-03
4.680000000000000000e+02 3.798696171875000187e-03
4.690000000000000000e+02 3.540666328125000300e-03
4.700000000000000000e+02 3.289238828125000749e-03
4.710000000000000000e+02 3.051664531250000527e-03
4.720000000000000000e+02 2.836224375000000707e-03
4.730000000000000000e+02 2.651961562500000126e-03
4.740000000000000000e+02 2.508410023437500184e-03
4.750000000000000000e+02 2.415112273437498847e-03
4.760000000000000000e+02 2.381140000000000773e-03
4.770000000000000000e+02 2.414510685937499429e-03
4.780000000000000000e+02 2.521629710937500334e-03
4.790000000000000000e+02 2.706768593749999275e-03
4.800000000000000000e+02 2.971673867187500824e-03
4.810000000000000000e+02 3.315204445312498228e-03
4.820000000000000000e+02 3.733184617187501695e-03
4.830000000000000000e+02 4.218199710937500443e-03
4.840000000000000000e+02 4.759668101562501349e-03
4.850000000000000000e+02 5.343826854687496429e-03
4.860000000000000000e+02 5.954022031249999770e-03
4.870000000000000000e+02 6.570803015624997884e-03
4.880000000000000000e+02 7.172747507812498799e-03
4.890000000000000000e+02 7.737040421874999928e-03
4.900000000000000000e+02 8.240623406250003127e-03
4.910000000000000000e+02 8.661417349218748785e-03
4.920000000000000000e+02 8.980007546874998331e-03
4.930000000000000000e+02 9.181091254687504324e-03
4.940000000000000000e+02 9.255064008984376089e-03
4.950000000000000000e+02 9.199453132031248578e-03
4.960000000000000000e+02 9.019933281249999796e-03
4.970000000000000000e+02 8.730962187499999999e-03
4.980000000000000000e+02 8.355991890624999210e-03
4.990000000000000000e+02 7.926895156249997090e-03
5.000000000000000000e+02 7.482856039062501900e-03
5.010000000000000000e+02 7.068064835937499547e-03
5.020000000000000000e+02 6.729120437499999663e-03
5.030000000000000000e+02 6.511399828125001045e-03
5.040000000000000000e+02 6.455599046874999775e-03
5.050000000000000000e+02 6.595680773437500276e-03
5.060000000000000000e+02 6.959168749999998689e-03
5.070000000000000000e+02 7.573496304687500798e-03
5.080000000000000000e+02 8.481900003906250873e-03
5.090000000000000000e+02 9.774381612499999025e-03
5.100000000000000000e+02 1.164266726562500007e-02
5.110000000000000000e+02 1.446863312500000498e-02
