0.000000000000000000e+00 3.041829636718751308e-03
1.000000000000000000e+00 3.036444675781250959e-03
2.000000000000000000e+00 3.025691583593749772e-03
3.000000000000000000e+00 3.009622834375001374e-03
4.000000000000000000e+00 2.988322089062500284e-03
5.000000000000000000e+00 2.961883346874999868e-03
6.000000000000000000e+00 2.930427491406250098e-03
7.000000000000000000e+00 2.894102257031249976e-03
8.000000000000000000e+00 2.853082367187499430e-03
9.000000000000000000e+00 2.807555468749999526e-03
1.000000000000000000e+01 2.757735812499999446e-03
1.100000000000000000e+01 2.703850031249999380e-03
1.200000000000000000e+01 2.646147562500000307e-03
1.300000000000000000e+01 2.584907624999999241e-03
1.400000000000000000e+01 2.520395835937500138e-03
1.500000000000000000e+01 2.452912617187500994e-03
1.600000000000000000e+01 2.382769718749999481e-03
1.700000000000000000e+01 2.310290546874999712e-03
1.800000000000000000e+01 2.235796335937499570e-03
1.900000000000000000e+01 2.159629835937499492e-03
2.000000000000000000e+01 2.082127953125000389e-03
2.100000000000000000e+01 2.003642671875000437e-03
2.200000000000000000e+01 1.924523527343750080e-03
2.300000000000000000e+01 1.845120123437500462e-03
2.400000000000000000e+01 1.765783932812499922e-03
2.500000000000000000e+01 1.686858605468749203e-03
2.600000000000000000e+01 1.608689803906250548e-03
2.700000000000000000e+01 1.531613910156249441e-03
2.800000000000000000e+01 1.455952130468750544e-03
2.900000000000000000e+01 1.382042442968749564e-03
3.000000000000000000e+01 1.310181503906249299e-03
3.100000000000000000e+01 1.240673115625000322e-03
3.200000000000000000e+01 1.173800150781249916e-03
3.300000000000000000e+01 1.109831386796875487e-03
3.400000000000000000e+01 1.049027262187499478e-03
3.500000000000000000e+01 9.916242648437499901e-04
3.600000000000000000e+01 9.378427578125001808e-04
3.700000000000000000e+01 8.878830296875002978e-04
3.800000000000000000e+01 8.419353031249997461e-04
3.900000000000000000e+01 8.001636015625001198e-04
4.000000000000000000e+01 7.627005624999996488e-04
4.100000000000000000e+01 7.296843984374997653e-04
4.200000000000000000e+01 7.012085085937497285e-04
4.300000000000000000e+01 6.773604257812505412e-04
4.400000000000000000e+01 6.581922621093746128e-04
4.500000000000000000e+01 6.437494718750002209e-04
4.600000000000000000e+01 6.340476874999998510e-04
4.700000000000000000e+01 6.290861437499996973e-04
4.800000000000000000e+01 6.288407906250002323e-04
4.900000000000000000e+01 6.332694523437496946e-04
5.000000000000000000e+01 6.423066218749996694e-04
5.100000000000000000e+01 6.558753523437499790e-04
5.200000000000000000e+01 6.738710046875001029e-04
5.300000000000000000e+01 6.961815554687499161e-04
5.400000000000000000e+01 7.226685718750002494e-04
5.500000000000000000e+01 7.531853398437497868e-04
5.600000000000000000e+01 7.875667460937502183e-04
5.700000000000000000e+01 8.256364218749999212e-04
5.800000000000000000e+01 8.671969828125002024e-04
5.900000000000000000e+01 9.120545523437500893e-04
6.000000000000000000e+01 9.599878054687507618e-04
6.100000000000000000e+01 1.010779296874999254e-03
6.200000000000000000e+01 1.064193239062500001e-03
6.300000000000000000e+01 1.119994312500000077e-03
6.400000000000000000e+01 1.177935812500000403e-03
6.500000000000000000e+01 1.237771171875000267e-03
6.600000000000000000e+01 1.299249117187500305e-03
6.700000000000000000e+01 1.362109499999999539e-03
6.800000000000000000e+01 1.426097515625000247e-03
6.900000000000000000e+01 1.490956656249999533e-03
7.000000000000000000e+01 1.556425593749999857e-03
7.100000000000000000e+01 1.622257750000000252e-03
7.200000000000000000e+01 1.688205781249999720e-03
7.300000000000000000e+01 1.754009671874999596e-03
7.400000000000000000e+01 1.819434187499999233e-03
7.500000000000000000e+01 1.884241304687499013e-03
7.600000000000000000e+01 1.948210703125001280e-03
7.700000000000000000e+01 2.011107070312500005e-03
7.800000000000000000e+01 2.072723148437501280e-03
7.900000000000000000e+01 2.132861531249999939e-03
8.000000000000000000e+01 2.191304750000000294e-03
8.100000000000000000e+01 2.247887031249999612e-03
8.200000000000000000e+01 2.302421796874999822e-03
8.300000000000000000e+01 2.354757812500000297e-03
8.400000000000000000e+01 2.404722343750000015e-03
8.500000000000000000e+01 2.452192265624999600e-03
8.600000000000000000e+01 2.497031171875001895e-03
8.700000000000000000e+01 2.539120234375000489e-03
8.800000000000000000e+01 2.578344453124999970e-03
8.900000000000000000e+01 2.614625703125000259e-03
9.000000000000000000e+01 2.647873203125001001e-03
9.100000000000000000e+01 2.678024999999998809e-03
9.200000000000000000e+01 2.705011015625000213e-03
9.300000000000000000e+01 2.728799687499999706e-03
9.400000000000000000e+01 2.749342031250001390e-03
9.500000000000000000e+01 2.766630781250000847e-03
9.600000000000000000e+01 2.780645234375000736e-03
9.700000000000000000e+01 2.791387578124999470e-03
9.800000000000000000e+01 2.798871640624998880e-03
9.900000000000000000e+01 2.803110703124999780e-03
1.000000000000000000e+02 2.804146218750000735e-03
1.010000000000000000e+02 2.802014046874999782e-03
1.020000000000000000e+02 2.796762867187501441e-03
1.030000000000000000e+02 2.788457070312499574e-03
1.040000000000000000e+02 2.777173789062499770e-03
1.050000000000000000e+02 2.762971516406250144e-03
1.060000000000000000e+02 2.745947324062500243e-03
1.070000000000000000e+02 2.726206101562500279e-03
1.080000000000000000e+02 2.703823554687500089e-03
1.090000000000000000e+02 2.678929976562500603e-03
1.100000000000000000e+02 2.651637500000000695e-03
1.110000000000000000e+02 2.622062320312500139e-03
1.120000000000000000e+02 2.590347187500000557e-03
1.130000000000000000e+02 2.556622859375000129e-03
1.140000000000000000e+02 2.521029421875000363e-03
1.150000000000000000e+02 2.483727257812497289e-03
1.160000000000000000e+02 2.444863539062498443e-03
1.170000000000000000e+02 2.404616890625000444e-03
1.180000000000000000e+02 2.363146031249999546e-03
1.190000000000000000e+02 2.320626156250001331e-03
1.200000000000000000e+02 2.277260859374999249e-03
1.210000000000000000e+02 2.233224093749999750e-03
1.220000000000000000e+02 2.188722156249999634e-03
1.230000000000000000e+02 2.143968257812499650e-03
1.240000000000000000e+02 2.099162562500000908e-03
1.250000000000000000e+02 2.054534421874999565e-03
1.260000000000000000e+02 2.010313987500001592e-03
1.270000000000000000e+02 1.966737235937499658e-03
1.280000000000000000e+02 1.924046413281250371e-03
1.290000000000000000e+02 1.882491380468748763e-03
1.300000000000000000e+02 1.842336620390624046e-03
1.310000000000000000e+02 1.803851444531249897e-03
1.320000000000000000e+02 1.767301184375000495e-03
1.330000000000000000e+02 1.732970750000000166e-03
1.340000000000000000e+02 1.701151074999999839e-03
1.350000000000000000e+02 1.672121557031250056e-03
1.360000000000000000e+02 1.646184914062499708e-03
1.370000000000000000e+02 1.623645132812500313e-03
1.380000000000000000e+02 1.604793695312500259e-03
1.390000000000000000e+02 1.589942765624999602e-03
1.400000000000000000e+02 1.579388710937499555e-03
1.410000000000000000e+02 1.573442742187499375e-03
1.420000000000000000e+02 1.572387218750000062e-03
1.430000000000000000e+02 1.576530312499999000e-03
1.440000000000000000e+02 1.586152218750000280e-03
1.450000000000000000e+02 1.601520031249999707e-03
1.460000000000000000e+02 1.622903554687499250e-03
1.470000000000000000e+02 1.650559741406250639e-03
1.480000000000000000e+02 1.684712311875000102e-03
1.490000000000000000e+02 1.725576602343750331e-03
1.500000000000000000e+02 1.773334671874999104e-03
1.510000000000000000e+02 1.828162026562499525e-03
1.520000000000000000e+02 1.890198149843749439e-03
1.530000000000000000e+02 1.959539424218749697e-03
1.540000000000000000e+02 2.036266604687500276e-03
1.550000000000000000e+02 2.120420554687499088e-03
1.560000000000000000e+02 2.211990374999998985e-03
1.570000000000000000e+02 2.310933838281249795e-03
1.580000000000000000e+02 2.417170192187499591e-03
1.590000000000000000e+02 2.530565656250000333e-03
1.600000000000000000e+02 2.650940109374999142e-03
1.610000000000000000e+02 2.778071515625000175e-03
1.620000000000000000e+02 2.911678460937498682e-03
1.630000000000000000e+02 3.051433726562499497e-03
1.640000000000000000e+02 3.196957343750001825e-03
1.650000000000000000e+02 3.347824562500000250e-03
1.660000000000000000e+02 3.503548312499999394e-03
1.670000000000000000e+02 3.663596937500001108e-03
1.680000000000000000e+02 3.827407070312500298e-03
1.690000000000000000e+02 3.994329124999997788e-03
1.700000000000000000e+02 4.163717539062501173e-03
1.710000000000000000e+02 4.334842023437502148e-03
1.720000000000000000e+02 4.506966539062499770e-03
1.730000000000000000e+02 4.679312109375000084e-03
1.740000000000000000e+02 4.851041445312497327e-03
1.750000000000000000e+02 5.021348257812500646e-03
1.760000000000000000e+02 5.189339343749997495e-03
1.770000000000000000e+02 5.354182492187501557e-03
1.780000000000000000e+02 5.514953632812498972e-03
1.790000000000000000e+02 5.670789718749995149e-03
1.800000000000000000e+02 5.820805296875000354e-03
1.810000000000000000e+02 5.964153476562497613e-03
1.820000000000000000e+02 6.099921350000000672e-03
1.830000000000000000e+02 6.227400246875002335e-03
1.840000000000000000e+02 6.345673719531250145e-03
1.850000000000000000e+02 6.454056294531248031e-03
1.860000000000000000e+02 6.551797792187495986e-03
1.870000000000000000e+02 6.638239239062499603e-03
1.880000000000000000e+02 6.712805273437500581e-03
1.890000000000000000e+02 6.774915421875003091e-03
1.900000000000000000e+02 6.824191664062497983e-03
1.910000000000000000e+02 6.860131656249998135e-03
1.920000000000000000e+02 6.882533054687502497e-03
1.930000000000000000e+02 6.891059773437499536e-03
1.940000000000000000e+02 6.885626171875004406e-03
1.950000000000000000e+02 6.866251187500001067e-03
1.960000000000000000e+02 6.832926882812498902e-03
1.970000000000000000e+02 6.785762929687499598e-03
1.980000000000000000e+02 6.725094898437503250e-03
1.990000000000000000e+02 6.651185330468748283e-03
2.000000000000000000e+02 6.564509853125000821e-03
2.010000000000000000e+02 6.465642838281250582e-03
2.020000000000000000e+02 6.355159851562501051e-03
2.030000000000000000e+02 6.233862273437498942e-03
2.040000000000000000e+02 6.102485764843749473e-03
2.050000000000000000e+02 5.962003952343754645e-03
2.060000000000000000e+02 5.813348231250002954e-03
2.070000000000000000e+02 5.657693374999999900e-03
2.080000000000000000e+02 5.496056663984377061e-03
2.090000000000000000e+02 5.329709421875002996e-03
2.100000000000000000e+02 5.159826351562501502e-03
2.110000000000000000e+02 4.987842914062502915e-03
2.120000000000000000e+02 4.815066398437499798e-03
2.130000000000000000e+02 4.642852413281248897e-03
2.140000000000000000e+02 4.472620945312501956e-03
2.150000000000000000e+02 4.305828667578127586e-03
2.160000000000000000e+02 4.143874523437500457e-03
2.170000000000000000e+02 3.988198453125001153e-03
2.180000000000000000e+02 3.840229101562498987e-03
2.190000000000000000e+02 3.701367398437500986e-03
2.200000000000000000e+02 3.572938179687499584e-03
2.210000000000000000e+02 3.456305000000001529e-03
2.220000000000000000e+02 3.352679343750000155e-03
2.230000000000000000e+02 3.263307734375000060e-03
2.240000000000000000e+02 3.189301093750000673e-03
2.250000000000000000e+02 3.131732890625001185e-03
2.260000000000000000e+02 3.091538593750000133e-03
2.270000000000000000e+02 3.069600781250000476e-03
2.280000000000000000e+02 3.066705859375001147e-03
2.290000000000000000e+02 3.083526249999999497e-03
2.300000000000000000e+02 3.120563281249999227e-03
2.310000000000000000e+02 3.178311406249999856e-03
2.320000000000000000e+02 3.257035859374999252e-03
2.330000000000000000e+02 3.356952812500002461e-03
2.340000000000000000e+02 3.478150000000001033e-03
2.350000000000000000e+02 3.620523882812500677e-03
2.360000000000000000e+02 3.783927148437499569e-03
2.370000000000000000e+02 3.968043718749999713e-03
2.380000000000000000e+02 4.172442820312499516e-03
2.390000000000000000e+02 4.396579117968749638e-03
2.400000000000000000e+02 4.639788374999999528e-03
2.410000000000000000e+02 4.901295554687501617e-03
2.420000000000000000e+02 5.180229687500001109e-03
2.430000000000000000e+02 5.475605015624998399e-03
2.440000000000000000e+02 5.786329054687499099e-03
2.450000000000000000e+02 6.111274382812500322e-03
2.460000000000000000e+02 6.449187343750001009e-03
2.470000000000000000e+02 6.798729351562501216e-03
2.480000000000000000e+02 7.158561328124998444e-03
2.490000000000000000e+02 7.527189374999999037e-03
2.500000000000000000e+02 7.903225781250002024e-03
2.510000000000000000e+02 8.285138671875002733e-03
2.520000000000000000e+02 8.671396718750001842e-03
2.530000000000000000e+02 9.060340000000005264e-03
2.540000000000000000e+02 9.450539374999991984e-03
2.550000000000000000e+02 9.840384609375000743e-03
2.560000000000000000e+02 1.022837437499999995e-02
2.570000000000000000e+02 1.061294429687499943e-02
2.580000000000000000e+02 1.099260296874999925e-02
2.590000000000000000e+02 1.136592593750000019e-02
2.600000000000000000e+02 1.173156156249999423e-02
2.610000000000000000e+02 1.208801585937500749e-02
2.620000000000000000e+02 1.243423226562499588e-02
2.630000000000000000e+02 1.276885156249999743e-02
2.640000000000000000e+02 1.309082132812500882e-02
2.650000000000000000e+02 1.339912593749999041e-02
2.660000000000000000e+02 1.369281406249999757e-02
2.670000000000000000e+02 1.397094296875000564e-02
2.680000000000000000e+02 1.423301249999999948e-02
2.690000000000000000e+02 1.447817031250000011e-02
2.700000000000000000e+02 1.470600312500000388e-02
2.710000000000000000e+02 1.491612343750000139e-02
2.720000000000000000e+02 1.510812265625000039e-02
2.730000000000000000e+02 1.528186640625000398e-02
2.740000000000000000e+02 1.543734999999999725e-02
2.750000000000000000e+02 1.557441640624999089e-02
2.760000000000000000e+02 1.569334374999999809e-02
2.770000000000000000e+02 1.579424218750000164e-02
2.780000000000000000e+02 1.587760312500000048e-02
2.790000000000000000e+02 1.594364843750000274e-02
2.800000000000000000e+02 1.599306718749999787e-02
2.810000000000000000e+02 1.602634609374999769e-02
2.820000000000000000e+02 1.604407109374999391e-02
2.830000000000000000e+02 1.604713671874999359e-02
2.840000000000000000e+02 1.603625781249999951e-02
2.850000000000000000e+02 1.601222656250000237e-02
2.860000000000000000e+02 1.597596640625000008e-02
2.870000000000000000e+02 1.592846874999999732e-02
2.880000000000000000e+02 1.587067890625000130e-02
2.890000000000000000e+02 1.580349296874999573e-02
2.900000000000000000e+02 1.572796093749999694e-02
2.910000000000000000e+02 1.564510234375000516e-02
2.920000000000000000e+02 1.555590312499999586e-02
2.930000000000000000e+02 1.546133359374999433e-02
2.940000000000000000e+02 1.536245000000000145e-02
2.950000000000000000e+02 1.526013671874999755e-02
2.960000000000000000e+02 1.515541093749999714e-02
2.970000000000000000e+02 1.504912656249999918e-02
2.980000000000000000e+02 1.494209062500000476e-02
2.990000000000000000e+02 1.483521093750000963e-02
3.000000000000000000e+02 1.472923593749999281e-02
3.010000000000000000e+02 1.462490390624999852e-02
3.020000000000000000e+02 1.452280781250000000e-02
3.030000000000000000e+02 1.442367187500000550e-02
3.040000000000000000e+02 1.432793671875000167e-02
3.050000000000000000e+02 1.423609531250000226e-02
3.060000000000000000e+02 1.414859140625000095e-02
3.070000000000000000e+02 1.406575078124998671e-02
3.080000000000000000e+02 1.398775390624999726e-02
3.090000000000000000e+02 1.391473125000000297e-02
3.100000000000000000e+02 1.384694453124999530e-02
3.110000000000000000e+02 1.378423906250001232e-02
3.120000000000000000e+02 1.372653984374999463e-02
3.130000000000000000e+02 1.367366874999999607e-02
3.140000000000000000e+02 1.362542578124999355e-02
3.150000000000000000e+02 1.358141406249999475e-02
3.160000000000000000e+02 1.354125078124999992e-02
3.170000000000000000e+02 1.350438046875000742e-02
3.180000000000000000e+02 1.347023281249999649e-02
3.190000000000000000e+02 1.343831718749999814e-02
3.200000000000000000e+02 1.340788906249999572e-02
3.210000000000000000e+02 1.337828046874999996e-02
3.220000000000000000e+02 1.334880546875000067e-02
3.230000000000000000e+02 1.331873515625000247e-02
3.240000000000000000e+02 1.328737890624999592e-02
3.250000000000000000e+02 1.325412187499999152e-02
3.260000000000000000e+02 1.321824921874999691e-02
3.270000000000000000e+02 1.317920195312500403e-02
3.280000000000000000e+02 1.313637617187499683e-02
3.290000000000000000e+02 1.308931625000000001e-02
3.300000000000000000e+02 1.303758335937499173e-02
3.310000000000000000e+02 1.298087757812499930e-02
3.320000000000000000e+02 1.291875953124999726e-02
3.330000000000000000e+02 1.285108093750000902e-02
3.340000000000000000e+02 1.277756046874999572e-02
3.350000000000000000e+02 1.269805867187499306e-02
3.360000000000000000e+02 1.261252203125000186e-02
3.370000000000000000e+02 1.252079718750000008e-02
3.380000000000000000e+02 1.242275476562500203e-02
3.390000000000000000e+02 1.231844231250000046e-02
3.400000000000000000e+02 1.220778714062499548e-02
3.410000000000000000e+02 1.209076697656249165e-02
3.420000000000000000e+02 1.196735964843749847e-02
3.430000000000000000e+02 1.183756126015624542e-02
3.440000000000000000e+02 1.170142353359374804e-02
3.450000000000000000e+02 1.155888145156250615e-02
3.460000000000000000e+02 1.141011459062500101e-02
3.470000000000000000e+02 1.125527349218750049e-02
3.480000000000000000e+02 1.109437550781249698e-02
3.490000000000000000e+02 1.092776658593750359e-02
3.500000000000000000e+02 1.075571254687500249e-02
3.510000000000000000e+02 1.057860796875000065e-02
3.520000000000000000e+02 1.039687714531249869e-02
3.530000000000000000e+02 1.021107298828124316e-02
3.540000000000000000e+02 1.002167914687500036e-02
3.550000000000000000e+02 9.829465218750003258e-03
3.560000000000000000e+02 9.635029195312502098e-03
3.570000000000000000e+02 9.439108070312502222e-03
3.580000000000000000e+02 9.242399640624994125e-03
3.590000000000000000e+02 9.045598062500000147e-03
3.600000000000000000e+02 8.849348828125000802e-03
3.610000000000000000e+02 8.654300703125002853e-03
3.620000000000000000e+02 8.460970937500002925e-03
3.630000000000000000e+02 8.269864765625004402e-03
3.640000000000000000e+02 8.081387812500000212e-03
3.650000000000000000e+02 7.895931171875002208e-03
3.660000000000000000e+02 7.713730234375002284e-03
3.670000000000000000e+02 7.535110859375002829e-03
3.680000000000000000e+02 7.360187656250000328e-03
3.690000000000000000e+02 7.189230703125003112e-03
3.700000000000000000e+02 7.022360624999997997e-03
3.710000000000000000e+02 6.859910390624999674e-03
3.720000000000000000e+02 6.702000859375000473e-03
3.730000000000000000e+02 6.548945546875001474e-03
3.740000000000000000e+02 6.401097734375004941e-03
3.750000000000000000e+02 6.258755390624998888e-03
3.760000000000000000e+02 6.122347578124998600e-03
3.770000000000000000e+02 5.992223984375001297e-03
3.780000000000000000e+02 5.868794921874995706e-03
3.790000000000000000e+02 5.752411484374999988e-03
3.800000000000000000e+02 5.643408828125000797e-03
3.810000000000000000e+02 5.542037546874998936e-03
3.820000000000000000e+02 5.448458804687499567e-03
3.830000000000000000e+02 5.362733687499999374e-03
3.840000000000000000e+02 5.284838164062501467e-03
3.850000000000000000e+02 5.214604867187501783e-03
3.860000000000000000e+02 5.151765898437500601e-03
3.870000000000000000e+02 5.095886398437496530e-03
3.880000000000000000e+02 5.046458757812498711e-03
3.890000000000000000e+02 5.002859226562499789e-03
3.900000000000000000e+02 4.964432468749998412e-03
3.910000000000000000e+02 4.930441242187502508e-03
3.920000000000000000e+02 4.900092578124998384e-03
3.930000000000000000e+02 4.872678500000000683e-03
3.940000000000000000e+02 4.847455132812501961e-03
3.950000000000000000e+02 4.823804531250000700e-03
3.960000000000000000e+02 4.801167812499999854e-03
3.970000000000000000e+02 4.779110468750000229e-03
3.980000000000000000e+02 4.757245859374998470e-03
3.990000000000000000e+02 4.735372265625001874e-03
4.000000000000000000e+02 4.713355156249997117e-03
4.010000000000000000e+02 4.691150937499998473e-03
4.020000000000000000e+02 4.668778515624999459e-03
4.030000000000000000e+02 4.646297343750002175e-03
4.040000000000000000e+02 4.623758515625000544e-03
4.050000000000000000e+02 4.601222890624998528e-03
4.060000000000000000e+02 4.578711796874998345e-03
4.070000000000000000e+02 4.556212890624999554e-03
4.080000000000000000e+02 4.533667109374999414e-03
4.090000000000000000e+02 4.510962734374998617e-03
4.100000000000000000e+02 4.488002734375002266e-03
4.110000000000000000e+02 4.464648750000001221e-03
4.120000000000000000e+02 4.440807734374997186e-03
4.130000000000000000e+02 4.416436718749999768e-03
4.140000000000000000e+02 4.391530468750000013e-03
4.150000000000000000e+02 4.366204687500001638e-03
4.160000000000000000e+02 4.340644531249999993e-03
4.170000000000000000e+02 4.315139062500002523e-03
4.180000000000000000e+02 4.290064843750000974e-03
4.190000000000000000e+02 4.265949999999999256e-03
4.200000000000000000e+02 4.243352343749997799e-03
4.210000000000000000e+02 4.222972656249999839e-03
4.220000000000000000e+02 4.205564062499998410e-03
4.230000000000000000e+02 4.192000000000002148e-03
4.240000000000000000e+02 4.183101562499999537e-03
4.250000000000000000e+02 4.179854687499998979e-03
4.260000000000000000e+02 4.183192187500000409e-03
4.270000000000000000e+02 4.194125000000000804e-03
4.280000000000000000e+02 4.213532031249999851e-03
4.290000000000000000e+02 4.242277343749998979e-03
4.300000000000000000e+02 4.281133203125000661e-03
4.310000000000000000e+02 4.330758125000000458e-03
4.320000000000000000e+02 4.391557890625001626e-03
4.330000000000000000e+02 4.463882500000001217e-03
4.340000000000000000e+02 4.547798750000000070e-03
4.350000000000000000e+02 4.643251874999998821e-03
4.360000000000000000e+02 4.749928124999999550e-03
4.370000000000000000e+02 4.867394296875000859e-03
4.380000000000000000e+02 4.994999687499999605e-03
4.390000000000000000e+02 5.131911171874998893e-03
4.400000000000000000e+02 5.277078828125001016e-03
4.410000000000000000e+02 5.429278359374995096e-03
4.420000000000000000e+02 5.587048593749998661e-03
4.430000000000000000e+02 5.748563148437502678e-03
4.440000000000000000e+02 5.911753421874995501e-03
4.450000000000000000e+02 6.074134125000000065e-03
4.460000000000000000e+02 6.232885968749997396e-03
4.470000000000000000e+02 6.384812492968754485e-03
4.480000000000000000e+02 6.526345796875002853e-03
4.490000000000000000e+02 6.653687353125004207e-03
4.500000000000000000e+02 6.762831601562498997e-03
4.510000000000000000e+02 6.849877296875000153e-03
4.520000000000000000e+02 6.910980570312500945e-03
4.530000000000000000e+02 6.942697515624996971e-03
4.540000000000000000e+02 6.942178320312499852e-03
4.550000000000000000e+02 6.907137257812502075e-03
4.560000000000000000e+02 6.836298735937492571e-03
4.570000000000000000e+02 6.729185741406247534e-03
4.580000000000000000e+02 6.586383328124999735e-03
4.590000000000000000e+02 6.409492224218750478e-03
4.600000000000000000e+02 6.200957035156245967e-03
4.610000000000000000e+02 5.964114234374996368e-03
4.620000000000000000e+02 5.703015795312504736e-03
4.630000000000000000e+02 5.422359609374999972e-03
4.640000000000000000e+02 5.127250710937500573e-03
4.650000000000000000e+02 4.823065046875002655e-03
4.660000000000000000e+02 4.515415046874998728e-03
4.670000000000000000e+02 4.210055390624999234e-03
4.680000000000000000e+02 3.912765546875000486e-03
4.690000000000000000e+02 3.629505000000000751e-03
4.700000000000000000e+02 3.366293203124999262e-03
4.710000000000000000e+02 3.129320703124998000e-03
4.720000000000000000e+02 2.925057367187500895e-03
4.730000000000000000e+02 2.760106554687499509e-03
4.740000000000000000e+02 2.641254921875000813e-03
4.750000000000000000e+02 2.575109406250000125e-03
4.760000000000000000e+02 2.567985427343751157e-03
4.770000000000000000e+02 2.625400242187500913e-03
4.780000000000000000e+02 2.751621484374998979e-03
4.790000000000000000e+02 2.949217421874999415e-03
4.800000000000000000e+02 3.218541171874999152e-03
4.810000000000000000e+02 3.557342343749999615e-03
4.820000000000000000e+02 3.960508359374999982e-03
4.830000000000000000e+02 4.419900234375001222e-03
4.840000000000000000e+02 4.924410859374999706e-03
4.850000000000000000e+02 5.460168750000001826e-03
4.860000000000000000e+02 6.010890156250001289e-03
4.870000000000000000e+02 6.558333125000001193e-03
4.880000000000000000e+02 7.082983515625002058e-03
4.890000000000000000e+02 7.564686796875000167e-03
4.900000000000000000e+02 7.983679843750000893e-03
4.910000000000000000e+02 8.321496875000000681e-03
4.920000000000000000e+02 8.562339062499998640e-03
4.930000000000000000e+02 8.694222929687496840e-03
4.940000000000000000e+02 8.710413370363280158e-03
4.950000000000000000e+02 8.610657687500005569e-03
4.960000000000000000e+02 8.402072421874998490e-03
4.970000000000000000e+02 8.099793671875001044e-03
4.980000000000000000e+02 7.726889687499998577e-03
4.990000000000000000e+02 7.313762656250000216e-03
5.000000000000000000e+02 6.896735859375001040e-03
5.010000000000000000e+02 6.516269843750000304e-03
5.020000000000000000e+02 6.214593281250000746e-03
5.030000000000000000e+02 6.033197765624997988e-03
5.040000000000000000e+02 6.010810218749999129e-03
5.050000000000000000e+02 6.182576249999999392e-03
5.060000000000000000e+02 6.582384360156249593e-03
5.070000000000000000e+02 7.249559896093751322e-03
5.080000000000000000e+02 8.244431703125000913e-03
5.090000000000000000e+02 9.676442328124999770e-03
5.100000000000000000e+02 1.175219718749999885e-02
5.110000000000000000e+02 1.485259953124999990e-02
