0.000000000000000000e+00 4.219954935937499964e-03
1.000000000000000000e+00 4.213434141406249833e-03
2.000000000000000000e+00 4.200447734374999562e-03
3.000000000000000000e+00 4.181032264062500489e-03
4.000000000000000000e+00 4.155282545312498875e-03
5.000000000000000000e+00 4.123350507812499968e-03
6.000000000000000000e+00 4.085338267187498679e-03
7.000000000000000000e+00 4.041445831250001404e-03
8.000000000000000000e+00 3.991869279687500043e-03
9.000000000000000000e+00 3.936861961718749608e-03
1.000000000000000000e+01 3.876655998437499463e-03
1.100000000000000000e+01 3.811527878906249313e-03
1.200000000000000000e+01 3.741790391406249038e-03
1.300000000000000000e+01 3.667748939062500692e-03
1.400000000000000000e+01 3.589749512499999188e-03
1.500000000000000000e+01 3.508134375781250727e-03
1.600000000000000000e+01 3.423275945312498347e-03
1.700000000000000000e+01 3.335546226562499661e-03
1.800000000000000000e+01 3.245343375000002330e-03
1.900000000000000000e+01 3.153055250000000830e-03
2.000000000000000000e+01 3.059086007812499702e-03
2.100000000000000000e+01 2.963835062500001002e-03
2.200000000000000000e+01 2.867713164062500163e-03
2.300000000000000000e+01 2.771127882812499717e-03
2.400000000000000000e+01 2.674479453125001068e-03
2.500000000000000000e+01 2.578157554687499683e-03
2.600000000000000000e+01 2.482556039062500108e-03
2.700000000000000000e+01 2.388058265624998754e-03
2.800000000000000000e+01 2.295041515624999997e-03
2.900000000000000000e+01 2.203840304687500803e-03
3.000000000000000000e+01 2.114827812500001420e-03
3.100000000000000000e+01 2.028310710937500459e-03
3.200000000000000000e+01 1.944608749999999619e-03
3.300000000000000000e+01 1.864006406250000303e-03
3.400000000000000000e+01 1.786788281249999943e-03
3.500000000000000000e+01 1.713192109375000043e-03
3.600000000000000000e+01 1.643452890624998771e-03
3.700000000000000000e+01 1.577780156249999465e-03
3.800000000000000000e+01 1.516361015624999482e-03
3.900000000000000000e+01 1.459351406249999143e-03
4.000000000000000000e+01 1.406884921874999687e-03
4.100000000000000000e+01 1.359092031250000530e-03
4.200000000000000000e+01 1.316038984375000193e-03
4.300000000000000000e+01 1.277800312500001079e-03
4.400000000000000000e+01 1.244416250000000227e-03
4.500000000000000000e+01 1.215911406249999861e-03
4.600000000000000000e+01 1.192268820312500453e-03
4.700000000000000000e+01 1.173466187500000080e-03
4.800000000000000000e+01 1.159456687499999536e-03
4.900000000000000000e+01 1.150165516406249878e-03
5.000000000000000000e+01 1.145503456718750031e-03
5.100000000000000000e+01 1.145362497265625190e-03
5.200000000000000000e+01 1.149615235156249606e-03
5.300000000000000000e+01 1.158119374218750377e-03
5.400000000000000000e+01 1.170705431249999869e-03
5.500000000000000000e+01 1.187213045312500177e-03
5.600000000000000000e+01 1.207441796875000735e-03
5.700000000000000000e+01 1.231203146093749453e-03
5.800000000000000000e+01 1.258282501562500624e-03
5.900000000000000000e+01 1.288458468749999674e-03
6.000000000000000000e+01 1.321503117968750567e-03
6.100000000000000000e+01 1.357190012343749809e-03
6.200000000000000000e+01 1.395273842187500120e-03
6.300000000000000000e+01 1.435520901562499811e-03
6.400000000000000000e+01 1.477673706250000199e-03
6.500000000000000000e+01 1.521491153906250190e-03
6.600000000000000000e+01 1.566730134921874573e-03
6.700000000000000000e+01 1.613146337656250380e-03
6.800000000000000000e+01 1.660485538828125303e-03
6.900000000000000000e+01 1.708513026015625030e-03
7.000000000000000000e+01 1.756989467421874460e-03
7.100000000000000000e+01 1.805689337500000031e-03
7.200000000000000000e+01 1.854381434375000377e-03
7.300000000000000000e+01 1.902844678906249684e-03
7.400000000000000000e+01 1.950876636718749599e-03
7.500000000000000000e+01 1.998265636718750144e-03
7.600000000000000000e+01 2.044818291406250588e-03
7.700000000000000000e+01 2.090341725781249670e-03
7.800000000000000000e+01 2.134672411718749590e-03
7.900000000000000000e+01 2.177635384375000392e-03
8.000000000000000000e+01 2.219072854687499478e-03
8.100000000000000000e+01 2.258849140625000199e-03
8.200000000000000000e+01 2.296813617187500305e-03
8.300000000000000000e+01 2.332855007812499777e-03
8.400000000000000000e+01 2.366857710937499831e-03
8.500000000000000000e+01 2.398711695312500270e-03
8.600000000000000000e+01 2.428339804687499204e-03
8.700000000000000000e+01 2.455646960937499408e-03
8.800000000000000000e+01 2.480581414062500798e-03
8.900000000000000000e+01 2.503068687500000725e-03
9.000000000000000000e+01 2.523075250000001227e-03
9.100000000000000000e+01 2.540553117187499370e-03
9.200000000000000000e+01 2.555469726562501018e-03
9.300000000000000000e+01 2.567825015624999700e-03
9.400000000000000000e+01 2.577601015624999669e-03
9.500000000000000000e+01 2.584795757812499359e-03
9.600000000000000000e+01 2.589425664062499667e-03
9.700000000000000000e+01 2.591499546874999858e-03
9.800000000000000000e+01 2.591039609374999088e-03
9.900000000000000000e+01 2.588087421874999544e-03
1.000000000000000000e+02 2.582679374999999854e-03
1.010000000000000000e+02 2.574857421874999185e-03
1.020000000000000000e+02 2.564673437500000590e-03
1.030000000000000000e+02 2.552182890625000894e-03
1.040000000000000000e+02 2.537458281249999233e-03
1.050000000000000000e+02 2.520550781250000330e-03
1.060000000000000000e+02 2.501547023437499569e-03
1.070000000000000000e+02 2.480515687500000916e-03
1.080000000000000000e+02 2.457544312500000144e-03
1.090000000000000000e+02 2.432716648437500441e-03
1.100000000000000000e+02 2.406125976562500414e-03
1.110000000000000000e+02 2.377867492187499612e-03
1.120000000000000000e+02 2.348040638359373197e-03
1.130000000000000000e+02 2.316753904687497614e-03
1.140000000000000000e+02 2.284126515625001935e-03
1.150000000000000000e+02 2.250261031250000345e-03
1.160000000000000000e+02 2.215296156250000197e-03
1.170000000000000000e+02 2.179357531250000410e-03
1.180000000000000000e+02 2.142582296874999924e-03
1.190000000000000000e+02 2.105119867187500542e-03
1.200000000000000000e+02 2.067117171875000603e-03
1.210000000000000000e+02 2.028749289062499028e-03
1.220000000000000000e+02 1.990188937499999880e-03
1.230000000000000000e+02 1.951615187499999545e-03
1.240000000000000000e+02 1.913221971093749790e-03
1.250000000000000000e+02 1.875214848437499558e-03
1.260000000000000000e+02 1.837823330468750386e-03
1.270000000000000000e+02 1.801256214062499708e-03
1.280000000000000000e+02 1.765765353906249011e-03
1.290000000000000000e+02 1.731608289843749844e-03
1.300000000000000000e+02 1.699044684375000279e-03
1.310000000000000000e+02 1.668346781249999177e-03
1.320000000000000000e+02 1.639808585937500536e-03
1.330000000000000000e+02 1.613730382812499651e-03
1.340000000000000000e+02 1.590418679687500636e-03
1.350000000000000000e+02 1.570188921875000955e-03
1.360000000000000000e+02 1.553365109374999636e-03
1.370000000000000000e+02 1.540281031250000099e-03
1.380000000000000000e+02 1.531274929687499731e-03
1.390000000000000000e+02 1.526672773437500212e-03
1.400000000000000000e+02 1.526819851562499991e-03
1.410000000000000000e+02 1.532048078124999789e-03
1.420000000000000000e+02 1.542683828124999986e-03
1.430000000000000000e+02 1.559049492187499809e-03
1.440000000000000000e+02 1.581447406250000151e-03
1.450000000000000000e+02 1.610187312499999739e-03
1.460000000000000000e+02 1.645520273437500866e-03
1.470000000000000000e+02 1.687724953906249385e-03
1.480000000000000000e+02 1.737021094531250717e-03
1.490000000000000000e+02 1.793602474296874822e-03
1.500000000000000000e+02 1.857643148125000514e-03
1.510000000000000000e+02 1.929277292187500398e-03
1.520000000000000000e+02 2.008589784374999708e-03
1.530000000000000000e+02 2.095630210156250711e-03
1.540000000000000000e+02 2.190404233593750208e-03
1.550000000000000000e+02 2.292867913281249753e-03
1.560000000000000000e+02 2.402919098437498926e-03
1.570000000000000000e+02 2.520402242187500669e-03
1.580000000000000000e+02 2.645116835937500084e-03
1.590000000000000000e+02 2.776789320312499608e-03
1.600000000000000000e+02 2.915095664062500661e-03
1.610000000000000000e+02 3.059660687500000576e-03
1.620000000000000000e+02 3.210021289062500033e-03
1.630000000000000000e+02 3.365691867187498975e-03
1.640000000000000000e+02 3.526098203125000406e-03
1.650000000000000000e+02 3.690640953125001473e-03
1.660000000000000000e+02 3.858636328125001486e-03
1.670000000000000000e+02 4.029367156250001497e-03
1.680000000000000000e+02 4.202057260156251937e-03
1.690000000000000000e+02 4.375910541406250777e-03
1.700000000000000000e+02 4.550071025781248814e-03
1.710000000000000000e+02 4.723646693749999903e-03
1.720000000000000000e+02 4.895744234374997325e-03
1.730000000000000000e+02 5.065448101562500770e-03
1.740000000000000000e+02 5.231753023437498915e-03
1.750000000000000000e+02 5.393790492187498960e-03
1.760000000000000000e+02 5.550555492187500377e-03
1.770000000000000000e+02 5.701144015625001296e-03
1.780000000000000000e+02 5.844601218750001236e-03
1.790000000000000000e+02 5.980111953124999692e-03
1.800000000000000000e+02 6.106726429687499812e-03
1.810000000000000000e+02 6.223710110156250794e-03
1.820000000000000000e+02 6.330206986718750657e-03
1.830000000000000000e+02 6.425582797890626828e-03
1.840000000000000000e+02 6.509199500000001706e-03
1.850000000000000000e+02 6.580475265624999119e-03
1.860000000000000000e+02 6.638912367187496839e-03
1.870000000000000000e+02 6.684159385156245720e-03
1.880000000000000000e+02 6.715860068750001063e-03
1.890000000000000000e+02 6.733874637500002376e-03
1.900000000000000000e+02 6.738049117187496113e-03
1.910000000000000000e+02 6.728479390625000979e-03
1.920000000000000000e+02 6.705177820312498149e-03
1.930000000000000000e+02 6.668455421875000427e-03
1.940000000000000000e+02 6.618628429687502257e-03
1.950000000000000000e+02 6.556158781250000754e-03
1.960000000000000000e+02 6.481634718750001363e-03
1.970000000000000000e+02 6.395762031250001867e-03
1.980000000000000000e+02 6.299280078125002111e-03
1.990000000000000000e+02 6.193147054687498862e-03
2.000000000000000000e+02 6.078303267187498866e-03
2.010000000000000000e+02 5.955898945312503023e-03
2.020000000000000000e+02 5.827025463281248867e-03
2.030000000000000000e+02 5.693044507031249854e-03
2.040000000000000000e+02 5.555196845312502379e-03
2.050000000000000000e+02 5.414948524218748428e-03
2.060000000000000000e+02 5.273697701562499868e-03
2.070000000000000000e+02 5.132888571093750796e-03
2.080000000000000000e+02 4.994088625000002966e-03
2.090000000000000000e+02 4.858820343750001360e-03
2.100000000000000000e+02 4.728564300781249070e-03
2.110000000000000000e+02 4.604867664062498901e-03
2.120000000000000000e+02 4.489262601562497672e-03
2.130000000000000000e+02 4.383154468750000837e-03
2.140000000000000000e+02 4.288014085937500754e-03
2.150000000000000000e+02 4.205177812500004823e-03
2.160000000000000000e+02 4.135960859374998404e-03
2.170000000000000000e+02 4.081564296874999609e-03
2.180000000000000000e+02 4.043125859375001560e-03
2.190000000000000000e+02 4.021667734375001385e-03
2.200000000000000000e+02 4.018083437499999321e-03
2.210000000000000000e+02 4.033195546875000849e-03
2.220000000000000000e+02 4.067667109374999146e-03
2.230000000000000000e+02 4.122032343749999252e-03
2.240000000000000000e+02 4.196728515625000426e-03
2.250000000000000000e+02 4.291987890624999677e-03
2.260000000000000000e+02 4.407960703124999026e-03
2.270000000000000000e+02 4.544624374999999515e-03
2.280000000000000000e+02 4.701819375000000113e-03
2.290000000000000000e+02 4.879227578125000866e-03
2.300000000000000000e+02 5.076435312500002239e-03
2.310000000000000000e+02 5.292844398437500548e-03
2.320000000000000000e+02 5.527747789062496288e-03
2.330000000000000000e+02 5.780288765625002378e-03
2.340000000000000000e+02 6.049505429687500151e-03
2.350000000000000000e+02 6.334337632812498363e-03
2.360000000000000000e+02 6.633586625000000882e-03
2.370000000000000000e+02 6.945974375000001262e-03
2.380000000000000000e+02 7.270119296875000511e-03
2.390000000000000000e+02 7.604566875000000510e-03
2.400000000000000000e+02 7.947782265625001619e-03
2.410000000000000000e+02 8.298246242187504867e-03
2.420000000000000000e+02 8.654277398437505361e-03
2.430000000000000000e+02 9.014238898437504019e-03
2.440000000000000000e+02 9.376454531249996463e-03
2.450000000000000000e+02 9.739300531249994730e-03
2.460000000000000000e+02 1.010100189062499917e-02
2.470000000000000000e+02 1.045991182031249730e-02
2.480000000000000000e+02 1.081446450000000253e-02
2.490000000000000000e+02 1.116301726562500540e-02
2.500000000000000000e+02 1.150400046875000443e-02
2.510000000000000000e+02 1.183600249999999972e-02
2.520000000000000000e+02 1.215752617187499350e-02
2.530000000000000000e+02 1.246738093750000310e-02
2.540000000000000000e+02 1.276422749999999579e-02
2.550000000000000000e+02 1.304698070312499888e-02
2.560000000000000000e+02 1.331468617187499953e-02
2.570000000000000000e+02 1.356632546875000123e-02
2.580000000000000000e+02 1.380117289062499780e-02
2.590000000000000000e+02 1.401856328125000023e-02
2.600000000000000000e+02 1.421809140624999759e-02
2.610000000000000000e+02 1.439925312500000068e-02
2.620000000000000000e+02 1.456173203124999822e-02
2.630000000000000000e+02 1.470546953125000805e-02
2.640000000000000000e+02 1.483050312500000349e-02
2.650000000000000000e+02 1.493694453124999946e-02
2.660000000000000000e+02 1.502506328125000588e-02
2.670000000000000000e+02 1.509520624999999977e-02
2.680000000000000000e+02 1.514790781249999996e-02
2.690000000000000000e+02 1.518380781249999839e-02
2.700000000000000000e+02 1.520355390625000372e-02
2.710000000000000000e+02 1.520807421875000100e-02
2.720000000000000000e+02 1.519824843749999384e-02
2.730000000000000000e+02 1.517507421874999575e-02
2.740000000000000000e+02 1.513958828124999795e-02
2.750000000000000000e+02 1.509296562499999779e-02
2.760000000000000000e+02 1.503639062500000505e-02
2.770000000000000000e+02 1.497105937500000511e-02
2.780000000000000000e+02 1.489828359375000057e-02
2.790000000000000000e+02 1.481932187500000289e-02
2.800000000000000000e+02 1.473545937500000264e-02
2.810000000000000000e+02 1.464802265625000238e-02
2.820000000000000000e+02 1.455836406249999548e-02
2.830000000000000000e+02 1.446756562500000308e-02
2.840000000000000000e+02 1.437698593749999962e-02
2.850000000000000000e+02 1.428786249999999640e-02
2.860000000000000000e+02 1.420119687500000574e-02
2.870000000000000000e+02 1.411813515624999252e-02
2.880000000000000000e+02 1.403971875000000445e-02
2.890000000000000000e+02 1.396679843750000052e-02
2.900000000000000000e+02 1.390026015624999493e-02
2.910000000000000000e+02 1.384089999999999800e-02
2.920000000000000000e+02 1.378939609374999799e-02
2.930000000000000000e+02 1.374624765624999495e-02
2.940000000000000000e+02 1.371197656250000042e-02
2.950000000000000000e+02 1.368705312499999237e-02
2.960000000000000000e+02 1.367164218749999764e-02
2.970000000000000000e+02 1.366600078125000499e-02
2.980000000000000000e+02 1.367016796874999905e-02
2.990000000000000000e+02 1.368422499999999778e-02
3.000000000000000000e+02 1.370806250000000323e-02
3.010000000000000000e+02 1.374151953124999083e-02
3.020000000000000000e+02 1.378420000000000513e-02
3.030000000000000000e+02 1.383589999999999993e-02
3.040000000000000000e+02 1.389613281250000158e-02
3.050000000000000000e+02 1.396431015624999446e-02
3.060000000000000000e+02 1.403992890625000226e-02
3.070000000000000000e+02 1.412223671874999337e-02
3.080000000000000000e+02 1.421046093749999024e-02
3.090000000000000000e+02 1.430382734374999187e-02
3.100000000000000000e+02 1.440137343750000007e-02
3.110000000000000000e+02 1.450211171874999337e-02
3.120000000000000000e+02 1.460502578125000457e-02
3.130000000000000000e+02 1.470898984375000086e-02
3.140000000000000000e+02 1.481284921874999674e-02
3.150000000000000000e+02 1.491546562499999895e-02
3.160000000000000000e+02 1.501553984374999831e-02
3.170000000000000000e+02 1.511192554687499495e-02
3.180000000000000000e+02 1.520331546875000085e-02
3.190000000000000000e+02 1.528854765624999661e-02
3.200000000000000000e+02 1.536639750000001053e-02
3.210000000000000000e+02 1.543561953124999650e-02
3.220000000000000000e+02 1.549525007812499640e-02
3.230000000000000000e+02 1.554427250000000107e-02
3.240000000000000000e+02 1.558166351562499663e-02
3.250000000000000000e+02 1.560661921874999074e-02
3.260000000000000000e+02 1.561839039062500045e-02
3.270000000000000000e+02 1.561632835937499901e-02
3.280000000000000000e+02 1.559994906250000875e-02
3.290000000000000000e+02 1.556873445312499660e-02
3.300000000000000000e+02 1.552242774218749559e-02
3.310000000000000000e+02 1.546083964843748999e-02
3.320000000000000000e+02 1.538378825000000401e-02
3.330000000000000000e+02 1.529127343749999042e-02
3.340000000000000000e+02 1.518329046093750204e-02
3.350000000000000000e+02 1.505998461718749924e-02
3.360000000000000000e+02 1.492147882031250213e-02
3.370000000000000000e+02 1.476804854687499211e-02
3.380000000000000000e+02 1.459994812812499300e-02
3.390000000000000000e+02 1.441757758593749557e-02
3.400000000000000000e+02 1.422126254804687538e-02
3.410000000000000000e+02 1.401147168437499868e-02
3.420000000000000000e+02 1.378881833593749266e-02
3.430000000000000000e+02 1.355375260156249130e-02
3.440000000000000000e+02 1.330709708828125767e-02
3.450000000000000000e+02 1.304958053359375758e-02
3.460000000000000000e+02 1.278202075078124604e-02
3.470000000000000000e+02 1.250549809218750100e-02
3.480000000000000000e+02 1.222091932109375598e-02
3.490000000000000000e+02 1.192956688984375332e-02
3.500000000000000000e+02 1.163255080937499950e-02
3.510000000000000000e+02 1.133110646093750569e-02
3.520000000000000000e+02 1.102643657031250092e-02
3.530000000000000000e+02 1.071991241406249767e-02
3.540000000000000000e+02 1.041272599218749130e-02
3.550000000000000000e+02 1.010603686718750463e-02
3.560000000000000000e+02 9.800911554687504953e-03
3.570000000000000000e+02 9.498388093749997318e-03
3.580000000000000000e+02 9.199407039062497751e-03
3.590000000000000000e+02 8.904723625000001211e-03
3.600000000000000000e+02 8.615082703125004002e-03
3.610000000000000000e+02 8.331106499999999318e-03
3.620000000000000000e+02 8.053340007812498022e-03
3.630000000000000000e+02 7.782251609374996222e-03
3.640000000000000000e+02 7.518442906249999703e-03
3.650000000000000000e+02 7.262333328124997815e-03
3.660000000000000000e+02 7.014497835937500390e-03
3.670000000000000000e+02 6.775521140624995650e-03
3.680000000000000000e+02 6.546059296875001050e-03
3.690000000000000000e+02 6.326816015624999422e-03
3.700000000000000000e+02 6.118634687500002639e-03
3.710000000000000000e+02 5.922300781249992783e-03
3.720000000000000000e+02 5.738706796875002285e-03
3.730000000000000000e+02 5.568769406249996640e-03
3.740000000000000000e+02 5.413299182812500270e-03
3.750000000000000000e+02 5.273202906250002396e-03
3.760000000000000000e+02 5.149137828124997207e-03
3.770000000000000000e+02 5.041801851562500471e-03
3.780000000000000000e+02 4.951589328906248755e-03
3.790000000000000000e+02 4.878853742968750594e-03
3.800000000000000000e+02 4.823764444531251569e-03
3.810000000000000000e+02 4.786185390625000320e-03
3.820000000000000000e+02 4.765976093749999844e-03
3.830000000000000000e+02 4.762636351562500245e-03
3.840000000000000000e+02 4.775563085937501069e-03
3.850000000000000000e+02 4.803976585937500508e-03
3.860000000000000000e+02 4.846967210937499874e-03
3.870000000000000000e+02 4.903512257812498408e-03
3.880000000000000000e+02 4.972432593750000275e-03
3.890000000000000000e+02 5.052656523437500796e-03
3.900000000000000000e+02 5.142868335937501000e-03
3.910000000000000000e+02 5.241866562500000111e-03
3.920000000000000000e+02 5.348522812500001826e-03
3.930000000000000000e+02 5.461554453124998001e-03
3.940000000000000000e+02 5.579920937500000740e-03
3.950000000000000000e+02 5.702460624999999145e-03
3.960000000000000000e+02 5.828195312500002861e-03
3.970000000000000000e+02 5.956089999999997220e-03
3.980000000000000000e+02 6.085146874999998283e-03
3.990000000000000000e+02 6.214348437500000384e-03
4.000000000000000000e+02 6.342725781249997433e-03
4.010000000000000000e+02 6.469168750000002174e-03
4.020000000000000000e+02 6.592537499999999613e-03
4.030000000000000000e+02 6.711685156249998403e-03
4.040000000000000000e+02 6.825300781249999012e-03
4.050000000000000000e+02 6.932097656250002168e-03
4.060000000000000000e+02 7.030760937499998253e-03
4.070000000000000000e+02 7.119942187500001400e-03
4.080000000000000000e+02 7.198314453124996654e-03
4.090000000000000000e+02 7.264580546875004131e-03
4.100000000000000000e+02 7.317608906249999275e-03
4.110000000000000000e+02 7.356346093750000537e-03
4.120000000000000000e+02 7.379792187500000371e-03
4.130000000000000000e+02 7.387195937500001287e-03
4.140000000000000000e+02 7.377950624999996508e-03
4.150000000000000000e+02 7.351641249999995437e-03
4.160000000000000000e+02 7.308101718750001363e-03
4.170000000000000000e+02 7.247379296875001986e-03
4.180000000000000000e+02 7.169782109375004257e-03
4.190000000000000000e+02 7.075959296875003468e-03
4.200000000000000000e+02 6.966874609374998882e-03
4.210000000000000000e+02 6.843811640625003558e-03
4.220000000000000000e+02 6.708272343750004522e-03
4.230000000000000000e+02 6.562194296874997168e-03
4.240000000000000000e+02 6.407665390625004453e-03
4.250000000000000000e+02 6.247001874999998094e-03
4.260000000000000000e+02 6.082653828124996893e-03
4.270000000000000000e+02 5.917118359375005306e-03
4.280000000000000000e+02 5.753013593749998350e-03
4.290000000000000000e+02 5.592787968749994391e-03
4.300000000000000000e+02 5.438888359375000474e-03
4.310000000000000000e+02 5.293645937499997373e-03
4.320000000000000000e+02 5.159194609375002474e-03
4.330000000000000000e+02 5.037662578124996703e-03
4.340000000000000000e+02 4.930891249999995278e-03
4.350000000000000000e+02 4.840538984375000915e-03
4.360000000000000000e+02 4.768085703125000095e-03
4.370000000000000000e+02 4.714698984374997119e-03
4.380000000000000000e+02 4.681158046874997307e-03
4.390000000000000000e+02 4.667901249999999343e-03
4.400000000000000000e+02 4.674834062499999207e-03
4.410000000000000000e+02 4.701315937499999688e-03
4.420000000000000000e+02 4.746123437500002033e-03
4.430000000000000000e+02 4.807338203125000736e-03
4.440000000000000000e+02 4.882564765624997256e-03
4.450000000000000000e+02 4.968736023437501578e-03
4.460000000000000000e+02 5.062299851562500341e-03
4.470000000000000000e+02 5.159483992968750057e-03
4.480000000000000000e+02 5.256231429687499221e-03
4.490000000000000000e+02 5.348521260156248285e-03
4.500000000000000000e+02 5.432463304687502881e-03
4.510000000000000000e+02 5.504481398437504648e-03
4.520000000000000000e+02 5.561331406249997271e-03
4.530000000000000000e+02 5.600380804687497480e-03
4.540000000000000000e+02 5.619407414062502909e-03
4.550000000000000000e+02 5.616902726562502876e-03
4.560000000000000000e+02 5.591743534374997091e-03
4.570000000000000000e+02 5.543354757812500588e-03
4.580000000000000000e+02 5.471528242187499030e-03
4.590000000000000000e+02 5.376452531250001769e-03
4.600000000000000000e+02 5.258462890625000170e-03
4.610000000000000000e+02 5.118287968749996898e-03
4.620000000000000000e+02 4.956641562499998314e-03
4.630000000000000000e+02 4.774655468749998931e-03
4.640000000000000000e+02 4.573715859374999880e-03
4.650000000000000000e+02 4.355737578125002882e-03
4.660000000000000000e+02 4.123246640624999779e-03
4.670000000000000000e+02 3.879698906250000391e-03
4.680000000000000000e+02 3.629543593749999519e-03
4.690000000000000000e+02 3.378489453124999039e-03
4.700000000000000000e+02 3.133457031250001367e-03
4.710000000000000000e+02 2.902574218750000531e-03
4.720000000000000000e+02 2.695027187499999047e-03
4.730000000000000000e+02 2.520766617187497963e-03
4.740000000000000000e+02 2.390063549921874093e-03
4.750000000000000000e+02 2.313028093749999042e-03
4.760000000000000000e+02 2.299061842968751473e-03
4.770000000000000000e+02 2.356278414062501145e-03
4.780000000000000000e+02 2.490954789062499886e-03
4.790000000000000000e+02 2.707117312500001340e-03
4.800000000000000000e+02 3.006157289062498517e-03
4.810000000000000000e+02 3.386548585937501719e-03
4.820000000000000000e+02 3.843695390624999198e-03
4.830000000000000000e+02 4.369744179687500181e-03
4.840000000000000000e+02 4.953569234374998256e-03
4.850000000000000000e+02 5.580651587499999879e-03
4.860000000000000000e+02 6.233478476562501897e-03
4.870000000000000000e+02 6.891497156250001553e-03
4.880000000000000000e+02 7.532044875000000299e-03
4.890000000000000000e+02 8.130891421875001412e-03
4.900000000000000000e+02 8.663719671875002096e-03
4.910000000000000000e+02 9.107370429687499172e-03
4.920000000000000000e+02 9.441333890624997033e-03
4.930000000000000000e+02 9.649694468749997478e-03
4.940000000000000000e+02 9.722436260937501740e-03
4.950000000000000000e+02 9.656951419531246972e-03
4.960000000000000000e+02 9.459258960937501348e-03
4.970000000000000000e+02 9.144596499999995895e-03
4.980000000000000000e+02 8.737951539062498510e-03
4.990000000000000000e+02 8.273325171875000120e-03
5.000000000000000000e+02 7.792485296874999447e-03
5.010000000000000000e+02 7.342707109374996439e-03
5.020000000000000000e+02 6.973379117187500191e-03
5.030000000000000000e+02 6.732161976562497929e-03
5.040000000000000000e+02 6.660738156249999299e-03
5.050000000000000000e+02 6.792042812500000311e-03
5.060000000000000000e+02 7.149998464843750588e-03
5.070000000000000000e+02 7.755679029687501287e-03
5.080000000000000000e+02 8.642888164062502779e-03
5.090000000000000000e+02 9.889932148437495518e-03
5.100000000000000000e+02 1.167568902343750666e-02
5.110000000000000000e+02 1.437156484375000202e-02
