0.000000000000000000e+00 4.181780003124999784e-03
1.000000000000000000e+00 4.175331417187498964e-03
2.000000000000000000e+00 4.162473813281252107e-03
3.000000000000000000e+00 4.143249459375002337e-03
4.000000000000000000e+00 4.117773682031250840e-03
5.000000000000000000e+00 4.086150110156248905e-03
6.000000000000000000e+00 4.048519941406250253e-03
7.000000000000000000e+00 4.005040028906248564e-03
8.000000000000000000e+00 3.955942240625000446e-03
9.000000000000000000e+00 3.901429950781248532e-03
1.000000000000000000e+01 3.841749851562501275e-03
1.100000000000000000e+01 3.777186265625000813e-03
1.200000000000000000e+01 3.708019976562500469e-03
1.300000000000000000e+01 3.634553828124999567e-03
1.400000000000000000e+01 3.557127609375000752e-03
1.500000000000000000e+01 3.476084195312500926e-03
1.600000000000000000e+01 3.391772687500000001e-03
1.700000000000000000e+01 3.304571289062499702e-03
1.800000000000000000e+01 3.214857609375001198e-03
1.900000000000000000e+01 3.123007796874999707e-03
2.000000000000000000e+01 3.029425609375000633e-03
2.100000000000000000e+01 2.934509804687500303e-03
2.200000000000000000e+01 2.838648085937500211e-03
2.300000000000000000e+01 2.742254429687499516e-03
2.400000000000000000e+01 2.645709796875000443e-03
2.500000000000000000e+01 2.549419507812500200e-03
2.600000000000000000e+01 2.453753367187501248e-03
2.700000000000000000e+01 2.359094484374999693e-03
2.800000000000000000e+01 2.265819117187500235e-03
2.900000000000000000e+01 2.174273734375000051e-03
3.000000000000000000e+01 2.084802898437500360e-03
3.100000000000000000e+01 1.997724531250000789e-03
3.200000000000000000e+01 1.913366249999999113e-03
3.300000000000000000e+01 1.832010078124999110e-03
3.400000000000000000e+01 1.753936171875000770e-03
3.500000000000000000e+01 1.679389687499999520e-03
3.600000000000000000e+01 1.608622578125000219e-03
3.700000000000000000e+01 1.541829765624999800e-03
3.800000000000000000e+01 1.479212656249999369e-03
3.900000000000000000e+01 1.420931718749999031e-03
4.000000000000000000e+01 1.367129687499999769e-03
4.100000000000000000e+01 1.317941874999999747e-03
4.200000000000000000e+01 1.273448046875000350e-03
4.300000000000000000e+01 1.233737968750000299e-03
4.400000000000000000e+01 1.198852734375000732e-03
4.500000000000000000e+01 1.168823937499999114e-03
4.600000000000000000e+01 1.143657023437500385e-03
4.700000000000000000e+01 1.123332554687500682e-03
4.800000000000000000e+01 1.107815179687500397e-03
4.900000000000000000e+01 1.097043899999999893e-03
5.000000000000000000e+01 1.090936149999999867e-03
5.100000000000000000e+01 1.089402123281249307e-03
5.200000000000000000e+01 1.092313129531249363e-03
5.300000000000000000e+01 1.099550270312499734e-03
5.400000000000000000e+01 1.110950480937499549e-03
5.500000000000000000e+01 1.126359040187499549e-03
5.600000000000000000e+01 1.145588741328124440e-03
5.700000000000000000e+01 1.168455650000000106e-03
5.800000000000000000e+01 1.194757195312500181e-03
5.900000000000000000e+01 1.224276530468750143e-03
6.000000000000000000e+01 1.256797516406249612e-03
6.100000000000000000e+01 1.292093095312499664e-03
6.200000000000000000e+01 1.329930652343749983e-03
6.300000000000000000e+01 1.370060414843750265e-03
6.400000000000000000e+01 1.412252233593750588e-03
6.500000000000000000e+01 1.456258976562499908e-03
6.600000000000000000e+01 1.501829551562499981e-03
6.700000000000000000e+01 1.548731025781249987e-03
6.800000000000000000e+01 1.596702050781249839e-03
6.900000000000000000e+01 1.645510601562499668e-03
7.000000000000000000e+01 1.694916687499999509e-03
7.100000000000000000e+01 1.744680570312500323e-03
7.200000000000000000e+01 1.794578031250000432e-03
7.300000000000000000e+01 1.844382992187500224e-03
7.400000000000000000e+01 1.893879375000000241e-03
7.500000000000000000e+01 1.942858250000000517e-03
7.600000000000000000e+01 1.991105843750000815e-03
7.700000000000000000e+01 2.038442609375000231e-03
7.800000000000000000e+01 2.084675554687499734e-03
7.900000000000000000e+01 2.129630414062500410e-03
8.000000000000000000e+01 2.173141984374999877e-03
8.100000000000000000e+01 2.215058250000000086e-03
8.200000000000000000e+01 2.255229757812501207e-03
8.300000000000000000e+01 2.293524031250000761e-03
8.400000000000000000e+01 2.329813914062500626e-03
8.500000000000000000e+01 2.363990250000001011e-03
8.600000000000000000e+01 2.395947484375000013e-03
8.700000000000000000e+01 2.425598304687500654e-03
8.800000000000000000e+01 2.452863250000000307e-03
8.900000000000000000e+01 2.477669570312499969e-03
9.000000000000000000e+01 2.499948906249999624e-03
9.100000000000000000e+01 2.519678046875001298e-03
9.200000000000000000e+01 2.536793046874999402e-03
9.300000000000000000e+01 2.551288437499998982e-03
9.400000000000000000e+01 2.563120156249999813e-03
9.500000000000000000e+01 2.572303125000000544e-03
9.600000000000000000e+01 2.578818046875000491e-03
9.700000000000000000e+01 2.582687421874998220e-03
9.800000000000000000e+01 2.583923359375000367e-03
9.900000000000000000e+01 2.582547187500000476e-03
1.000000000000000000e+02 2.578592968750000568e-03
1.010000000000000000e+02 2.572104140625002498e-03
1.020000000000000000e+02 2.563129374999999731e-03
1.030000000000000000e+02 2.551712421875000462e-03
1.040000000000000000e+02 2.537924843749999985e-03
1.050000000000000000e+02 2.521821406249999831e-03
1.060000000000000000e+02 2.503481054687501164e-03
1.070000000000000000e+02 2.482988304687499832e-03
1.080000000000000000e+02 2.460416414062498690e-03
1.090000000000000000e+02 2.435860187500000530e-03
1.100000000000000000e+02 2.409400585937499818e-03
1.110000000000000000e+02 2.381159493750001268e-03
1.120000000000000000e+02 2.351231905851564399e-03
1.130000000000000000e+02 2.319724739062500006e-03
1.140000000000000000e+02 2.286768609374999900e-03
1.150000000000000000e+02 2.252479658593751089e-03
1.160000000000000000e+02 2.216990265625000574e-03
1.170000000000000000e+02 2.180436796875000888e-03
1.180000000000000000e+02 2.142973492187499798e-03
1.190000000000000000e+02 2.104749453125001005e-03
1.200000000000000000e+02 2.065920765625000200e-03
1.210000000000000000e+02 2.026673492187499193e-03
1.220000000000000000e+02 1.987169781250000457e-03
1.230000000000000000e+02 1.947612216406250599e-03
1.240000000000000000e+02 1.908198526562500039e-03
1.250000000000000000e+02 1.869144360156250410e-03
1.260000000000000000e+02 1.830662489062499527e-03
1.270000000000000000e+02 1.792992521875000226e-03
1.280000000000000000e+02 1.756374258828124514e-03
1.290000000000000000e+02 1.721066725390624783e-03
1.300000000000000000e+02 1.687330746875001205e-03
1.310000000000000000e+02 1.655450857812499135e-03
1.320000000000000000e+02 1.625706117187500138e-03
1.330000000000000000e+02 1.598406085937499870e-03
1.340000000000000000e+02 1.573845609375000044e-03
1.350000000000000000e+02 1.552339624999999257e-03
1.360000000000000000e+02 1.534214109375000050e-03
1.370000000000000000e+02 1.519788273437500071e-03
1.380000000000000000e+02 1.509398109375000062e-03
1.390000000000000000e+02 1.503362289062499689e-03
1.400000000000000000e+02 1.502024460937499565e-03
1.410000000000000000e+02 1.505703921875000328e-03
1.420000000000000000e+02 1.514721585937499814e-03
1.430000000000000000e+02 1.529393414062500201e-03
1.440000000000000000e+02 1.550020945312500413e-03
1.450000000000000000e+02 1.576888312500000083e-03
1.460000000000000000e+02 1.610273718750000011e-03
1.470000000000000000e+02 1.650413320312501013e-03
1.480000000000000000e+02 1.697541661718750218e-03
1.490000000000000000e+02 1.751857744531249697e-03
1.500000000000000000e+02 1.813519062812500192e-03
1.510000000000000000e+02 1.882657527499999881e-03
1.520000000000000000e+02 1.959374499531249536e-03
1.530000000000000000e+02 2.043708760937500493e-03
1.540000000000000000e+02 2.135682204687499881e-03
1.550000000000000000e+02 2.235241725781249994e-03
1.560000000000000000e+02 2.342304185156248754e-03
1.570000000000000000e+02 2.456722707812500611e-03
1.580000000000000000e+02 2.578304070312500192e-03
1.590000000000000000e+02 2.706792921874999914e-03
1.600000000000000000e+02 2.841880656249997673e-03
1.610000000000000000e+02 2.983197023437499703e-03
1.620000000000000000e+02 3.130324726562499701e-03
1.630000000000000000e+02 3.282770179687499647e-03
1.640000000000000000e+02 3.440009062499999482e-03
1.650000000000000000e+02 3.601428523437498908e-03
1.660000000000000000e+02 3.766400679687497300e-03
1.670000000000000000e+02 3.934210062500000452e-03
1.680000000000000000e+02 4.104125718749998888e-03
1.690000000000000000e+02 4.275354944531249528e-03
1.700000000000000000e+02 4.447067664062499294e-03
1.710000000000000000e+02 4.618403289687496305e-03
1.720000000000000000e+02 4.788476886718749485e-03
1.730000000000000000e+02 4.956394298437499790e-03
1.740000000000000000e+02 5.121197578125001072e-03
1.750000000000000000e+02 5.281981390625000924e-03
1.760000000000000000e+02 5.437822062500000109e-03
1.770000000000000000e+02 5.587746679687500932e-03
1.780000000000000000e+02 5.730852914062495654e-03
1.790000000000000000e+02 5.866269351562500810e-03
1.800000000000000000e+02 5.993122296874999443e-03
1.810000000000000000e+02 6.110577765625001614e-03
1.820000000000000000e+02 6.217890054687497808e-03
1.830000000000000000e+02 6.314348257812498789e-03
1.840000000000000000e+02 6.399196896093753244e-03
1.850000000000000000e+02 6.471967411718745379e-03
1.860000000000000000e+02 6.532068703125002915e-03
1.870000000000000000e+02 6.579098257812500752e-03
1.880000000000000000e+02 6.612702153125000343e-03
1.890000000000000000e+02 6.632617342968754465e-03
1.900000000000000000e+02 6.638759539062498785e-03
1.910000000000000000e+02 6.631005367187497133e-03
1.920000000000000000e+02 6.609472406250002305e-03
1.930000000000000000e+02 6.574322646093749313e-03
1.940000000000000000e+02 6.525796996874996987e-03
1.950000000000000000e+02 6.464327046874998421e-03
1.960000000000000000e+02 6.390417718749996819e-03
1.970000000000000000e+02 6.304664515625000784e-03
1.980000000000000000e+02 6.207793687499999283e-03
1.990000000000000000e+02 6.100639999999999188e-03
2.000000000000000000e+02 5.984157208593748542e-03
2.010000000000000000e+02 5.859349724999999946e-03
2.020000000000000000e+02 5.727293117187500643e-03
2.030000000000000000e+02 5.589239671874997664e-03
2.040000000000000000e+02 5.446473834375001669e-03
2.050000000000000000e+02 5.300268820312498824e-03
2.060000000000000000e+02 5.152089367187501212e-03
2.070000000000000000e+02 5.003368898437499102e-03
2.080000000000000000e+02 4.855559882812501664e-03
2.090000000000000000e+02 4.710193424999999275e-03
2.100000000000000000e+02 4.568831686718749334e-03
2.110000000000000000e+02 4.432959937499997977e-03
2.120000000000000000e+02 4.304120890625000653e-03
2.130000000000000000e+02 4.183782078124998263e-03
2.140000000000000000e+02 4.073457656249999601e-03
2.150000000000000000e+02 3.974541484375001751e-03
2.160000000000000000e+02 3.888399609374998227e-03
2.170000000000000000e+02 3.816334531249998205e-03
2.180000000000000000e+02 3.759546249999999763e-03
2.190000000000000000e+02 3.719186718749998514e-03
2.200000000000000000e+02 3.696257968749998724e-03
2.210000000000000000e+02 3.691701249999998057e-03
2.220000000000000000e+02 3.706318593749998499e-03
2.230000000000000000e+02 3.740742656250000114e-03
2.240000000000000000e+02 3.795606171875001190e-03
2.250000000000000000e+02 3.871254218749998772e-03
2.260000000000000000e+02 3.968014140625000970e-03
2.270000000000000000e+02 4.085997421875001145e-03
2.280000000000000000e+02 4.225200937499999643e-03
2.290000000000000000e+02 4.385477890625000437e-03
2.300000000000000000e+02 4.566546093750000271e-03
2.310000000000000000e+02 4.768000625000001942e-03
2.320000000000000000e+02 4.989234187500000278e-03
2.330000000000000000e+02 5.229568828125002143e-03
2.340000000000000000e+02 5.488182570312498919e-03
2.350000000000000000e+02 5.764104145312502411e-03
2.360000000000000000e+02 6.056288609374998327e-03
2.370000000000000000e+02 6.363556796874999394e-03
2.380000000000000000e+02 6.684654320312500425e-03
2.390000000000000000e+02 7.018155703124999943e-03
2.400000000000000000e+02 7.362675078125002076e-03
2.410000000000000000e+02 7.716677273437500852e-03
2.420000000000000000e+02 8.078582539062498583e-03
2.430000000000000000e+02 8.446763218750003716e-03
2.440000000000000000e+02 8.819551343749997344e-03
2.450000000000000000e+02 9.195270960937501625e-03
2.460000000000000000e+02 9.572301851562501143e-03
2.470000000000000000e+02 9.948814523437498475e-03
2.480000000000000000e+02 1.032312140625000346e-02
2.490000000000000000e+02 1.069368218750000460e-02
2.500000000000000000e+02 1.105877171875000071e-02
2.510000000000000000e+02 1.141685210937500028e-02
2.520000000000000000e+02 1.176635968749999324e-02
2.530000000000000000e+02 1.210588632812500259e-02
2.540000000000000000e+02 1.243402218749999934e-02
2.550000000000000000e+02 1.274943265624999683e-02
2.560000000000000000e+02 1.305101695312500115e-02
2.570000000000000000e+02 1.333771382812499844e-02
2.580000000000000000e+02 1.360845507812500320e-02
2.590000000000000000e+02 1.386231953125000547e-02
2.600000000000000000e+02 1.409878124999999933e-02
2.610000000000000000e+02 1.431708125000000220e-02
2.620000000000000000e+02 1.451678359375000241e-02
2.630000000000000000e+02 1.469748281249999913e-02
2.640000000000000000e+02 1.485901874999999775e-02
2.650000000000000000e+02 1.500124453125000097e-02
2.660000000000000000e+02 1.512436875000000396e-02
2.670000000000000000e+02 1.522836796875000169e-02
2.680000000000000000e+02 1.531364140624999828e-02
2.690000000000000000e+02 1.538057031250000123e-02
2.700000000000000000e+02 1.542967031249999413e-02
2.710000000000000000e+02 1.546158437499999851e-02
2.720000000000000000e+02 1.547711562500000450e-02
2.730000000000000000e+02 1.547710390624999245e-02
2.740000000000000000e+02 1.546238125000000581e-02
2.750000000000000000e+02 1.543402890624999760e-02
2.760000000000000000e+02 1.539304531249999219e-02
2.770000000000000000e+02 1.534069843750000307e-02
2.780000000000000000e+02 1.527801640625000429e-02
2.790000000000000000e+02 1.520633749999999486e-02
2.800000000000000000e+02 1.512686640625000162e-02
2.810000000000000000e+02 1.504083593749999670e-02
2.820000000000000000e+02 1.494960156250000650e-02
2.830000000000000000e+02 1.485435234374999844e-02
2.840000000000000000e+02 1.475648203125000564e-02
2.850000000000000000e+02 1.465712187499999992e-02
2.860000000000000000e+02 1.455748515625000100e-02
2.870000000000000000e+02 1.445873281249999975e-02
2.880000000000000000e+02 1.436199687500000315e-02
2.890000000000000000e+02 1.426831093750000230e-02
2.900000000000000000e+02 1.417874531249999764e-02
2.910000000000000000e+02 1.409407109374999703e-02
2.920000000000000000e+02 1.401524765625000377e-02
2.930000000000000000e+02 1.394299140625000072e-02
2.940000000000000000e+02 1.387791328125000112e-02
2.950000000000000000e+02 1.382066328124999938e-02
2.960000000000000000e+02 1.377169062499999756e-02
2.970000000000000000e+02 1.373138203125000290e-02
2.980000000000000000e+02 1.370012578125000963e-02
2.990000000000000000e+02 1.367804062500000382e-02
3.000000000000000000e+02 1.366527109375000049e-02
3.010000000000000000e+02 1.366195937499999936e-02
3.020000000000000000e+02 1.366783437500000177e-02
3.030000000000000000e+02 1.368293984375000202e-02
3.040000000000000000e+02 1.370693906249999781e-02
3.050000000000000000e+02 1.373954999999999795e-02
3.060000000000000000e+02 1.378040390625000049e-02
3.070000000000000000e+02 1.382889921874998901e-02
3.080000000000000000e+02 1.388452812499999835e-02
3.090000000000000000e+02 1.394659843749999732e-02
3.100000000000000000e+02 1.401434921875000482e-02
3.110000000000000000e+02 1.408704375000000876e-02
3.120000000000000000e+02 1.416373046875001041e-02
3.130000000000000000e+02 1.424338203125000320e-02
3.140000000000000000e+02 1.432512656249999329e-02
3.150000000000000000e+02 1.440770546874999350e-02
3.160000000000000000e+02 1.449017734375000060e-02
3.170000000000000000e+02 1.457130546875000376e-02
3.180000000000000000e+02 1.464988437499999303e-02
3.190000000000000000e+02 1.472477890624999605e-02
3.200000000000000000e+02 1.479487921874999244e-02
3.210000000000000000e+02 1.485902273437500996e-02
3.220000000000000000e+02 1.491614218749999152e-02
3.230000000000000000e+02 1.496513554687500108e-02
3.240000000000000000e+02 1.500511531249999926e-02
3.250000000000000000e+02 1.503520437499999973e-02
3.260000000000000000e+02 1.505451468749999765e-02
3.270000000000000000e+02 1.506239249999999537e-02
3.280000000000000000e+02 1.505827289062500879e-02
3.290000000000000000e+02 1.504168132812500058e-02
3.300000000000000000e+02 1.501205093750000025e-02
3.310000000000000000e+02 1.496926968749999476e-02
3.320000000000000000e+02 1.491293312500000141e-02
3.330000000000000000e+02 1.484299992187499903e-02
3.340000000000000000e+02 1.475946734374999902e-02
3.350000000000000000e+02 1.466212156249999815e-02
3.360000000000000000e+02 1.455118739062499778e-02
3.370000000000000000e+02 1.442670378906249322e-02
3.380000000000000000e+02 1.428885597109374843e-02
3.390000000000000000e+02 1.413789552578125289e-02
3.400000000000000000e+02 1.397389948593750000e-02
3.410000000000000000e+02 1.379733452968750530e-02
3.420000000000000000e+02 1.360849442187500591e-02
3.430000000000000000e+02 1.340782384374999622e-02
3.440000000000000000e+02 1.319577603906250431e-02
3.450000000000000000e+02 1.297301477343750127e-02
3.460000000000000000e+02 1.274011712109374486e-02
3.470000000000000000e+02 1.249783470421875209e-02
3.480000000000000000e+02 1.224705376640624482e-02
3.490000000000000000e+02 1.198864538359374968e-02
3.500000000000000000e+02 1.172362196249999641e-02
3.510000000000000000e+02 1.145301045312500411e-02
3.520000000000000000e+02 1.117797771874999568e-02
3.530000000000000000e+02 1.089957924218749874e-02
3.540000000000000000e+02 1.061894153124999692e-02
3.550000000000000000e+02 1.033715400781251050e-02
3.560000000000000000e+02 1.005523286718750138e-02
3.570000000000000000e+02 9.774209140624996739e-03
3.580000000000000000e+02 9.494914945312510693e-03
3.590000000000000000e+02 9.218169593750007509e-03
3.600000000000000000e+02 8.944686710937500146e-03
3.610000000000000000e+02 8.675087507812498377e-03
3.620000000000000000e+02 8.409880921875001469e-03
3.630000000000000000e+02 8.149611554687494902e-03
3.640000000000000000e+02 7.894743515625001970e-03
3.650000000000000000e+02 7.645719218750004695e-03
3.660000000000000000e+02 7.403026093749999134e-03
3.670000000000000000e+02 7.167163281249993613e-03
3.680000000000000000e+02 6.938734296875001366e-03
3.690000000000000000e+02 6.718392734375001028e-03
3.700000000000000000e+02 6.506805156250000839e-03
3.710000000000000000e+02 6.304736406249999807e-03
3.720000000000000000e+02 6.113069921874999570e-03
3.730000000000000000e+02 5.932672578125000075e-03
3.740000000000000000e+02 5.764325554687501491e-03
3.750000000000000000e+02 5.608915398437496445e-03
3.760000000000000000e+02 5.467253065312503713e-03
3.770000000000000000e+02 5.339989046875001991e-03
3.780000000000000000e+02 5.227710288281248695e-03
3.790000000000000000e+02 5.130929323437501827e-03
3.800000000000000000e+02 5.049793843750002495e-03
3.810000000000000000e+02 4.984473312499999517e-03
3.820000000000000000e+02 4.934821898437497835e-03
3.830000000000000000e+02 4.900604742187500938e-03
3.840000000000000000e+02 4.881309843749998163e-03
3.850000000000000000e+02 4.876340874999998513e-03
3.860000000000000000e+02 4.884826546875001979e-03
3.870000000000000000e+02 4.905908742187500317e-03
3.880000000000000000e+02 4.938540726562495875e-03
3.890000000000000000e+02 4.981607031249998992e-03
3.900000000000000000e+02 5.034042921875000673e-03
3.910000000000000000e+02 5.094666171874998907e-03
3.920000000000000000e+02 5.162363828124998805e-03
3.930000000000000000e+02 5.236026562499999232e-03
3.940000000000000000e+02 5.314682968750001485e-03
3.950000000000000000e+02 5.397312812500000036e-03
3.960000000000000000e+02 5.483055234374998275e-03
3.970000000000000000e+02 5.571052031249999932e-03
3.980000000000000000e+02 5.660491406249999920e-03
3.990000000000000000e+02 5.750649218750000791e-03
4.000000000000000000e+02 5.840707031249997051e-03
4.010000000000000000e+02 5.929932031249999722e-03
4.020000000000000000e+02 6.017417968750002691e-03
4.030000000000000000e+02 6.102361718749998477e-03
4.040000000000000000e+02 6.183800781250000170e-03
4.050000000000000000e+02 6.260748437500003247e-03
4.060000000000000000e+02 6.332158593750005816e-03
4.070000000000000000e+02 6.396934374999998021e-03
4.080000000000000000e+02 6.454085937499997802e-03
4.090000000000000000e+02 6.502528906249999130e-03
4.100000000000000000e+02 6.541346875000002108e-03
4.110000000000000000e+02 6.569539843749997929e-03
4.120000000000000000e+02 6.586373437500001038e-03
4.130000000000000000e+02 6.591204687499999451e-03
4.140000000000000000e+02 6.583461015625003548e-03
4.150000000000000000e+02 6.562818046875001053e-03
4.160000000000000000e+02 6.529040234375001021e-03
4.170000000000000000e+02 6.482196562499998801e-03
4.180000000000000000e+02 6.422451718749997915e-03
4.190000000000000000e+02 6.350341640625001630e-03
4.200000000000000000e+02 6.266509531249998821e-03
4.210000000000000000e+02 6.172010624999999147e-03
4.220000000000000000e+02 6.068010859374999531e-03
4.230000000000000000e+02 5.956126093750001640e-03
4.240000000000000000e+02 5.838036640624998802e-03
4.250000000000000000e+02 5.715682109374999216e-03
4.260000000000000000e+02 5.591131718749997939e-03
4.270000000000000000e+02 5.466582031250001063e-03
4.280000000000000000e+02 5.344186953124998099e-03
4.290000000000000000e+02 5.226123593750001475e-03
4.300000000000000000e+02 5.114539453125002341e-03
4.310000000000000000e+02 5.011391953125001256e-03
4.320000000000000000e+02 4.918583437499997844e-03
4.330000000000000000e+02 4.837837734375001128e-03
4.340000000000000000e+02 4.770689140624998457e-03
4.350000000000000000e+02 4.718560234374997824e-03
4.360000000000000000e+02 4.682615546875002963e-03
4.370000000000000000e+02 4.663775390624998705e-03
4.380000000000000000e+02 4.662748125000002082e-03
4.390000000000000000e+02 4.679758359375001987e-03
4.400000000000000000e+02 4.714727109375001397e-03
4.410000000000000000e+02 4.767047343750003240e-03
4.420000000000000000e+02 4.835566406250000129e-03
4.430000000000000000e+02 4.918608828124999659e-03
4.440000000000000000e+02 5.013805124999999585e-03
4.450000000000000000e+02 5.118343226562498821e-03
4.460000000000000000e+02 5.228806367187498194e-03
4.470000000000000000e+02 5.341457242187500065e-03
4.480000000000000000e+02 5.452261439062499812e-03
4.490000000000000000e+02 5.557112421874996211e-03
4.500000000000000000e+02 5.652004359375001515e-03
4.510000000000000000e+02 5.733109437500002493e-03
4.520000000000000000e+02 5.797067703124998694e-03
4.530000000000000000e+02 5.841021299218752266e-03
4.540000000000000000e+02 5.862578625000000772e-03
4.550000000000000000e+02 5.860111481250001100e-03
4.560000000000000000e+02 5.832508328124998663e-03
4.570000000000000000e+02 5.779305929687497331e-03
4.580000000000000000e+02 5.700558867187499427e-03
4.590000000000000000e+02 5.596713054687500744e-03
4.600000000000000000e+02 5.468656562500000262e-03
4.610000000000000000e+02 5.317447109375001563e-03
4.620000000000000000e+02 5.144529843750000539e-03
4.630000000000000000e+02 4.951423593750003960e-03
4.640000000000000000e+02 4.740037499999997898e-03
4.650000000000000000e+02 4.512534296874998879e-03
4.660000000000000000e+02 4.271676796875002041e-03
4.670000000000000000e+02 4.020856953124997066e-03
4.680000000000000000e+02 3.764365546875000131e-03
4.690000000000000000e+02 3.507496718749999760e-03
4.700000000000000000e+02 3.256673593749999981e-03
4.710000000000000000e+02 3.019473984375000298e-03
4.720000000000000000e+02 2.804486640625000228e-03
4.730000000000000000e+02 2.621094804687498954e-03
4.740000000000000000e+02 2.479151565625000581e-03
4.750000000000000000e+02 2.388460976562499071e-03
4.760000000000000000e+02 2.358278804687501205e-03
4.770000000000000000e+02 2.396738437499999156e-03
4.780000000000000000e+02 2.510291929687500593e-03
4.790000000000000000e+02 2.703209867187501315e-03
4.800000000000000000e+02 2.977175507812500257e-03
4.810000000000000000e+02 3.330994726562500584e-03
4.820000000000000000e+02 3.760382640625000578e-03
4.830000000000000000e+02 4.257812859375000557e-03
4.840000000000000000e+02 4.812548476562501093e-03
4.850000000000000000e+02 5.410626948671874541e-03
4.860000000000000000e+02 6.035047132812500562e-03
4.870000000000000000e+02 6.666040390624999173e-03
4.880000000000000000e+02 7.281742326562500034e-03
4.890000000000000000e+02 7.858759578125000880e-03
4.900000000000000000e+02 8.373553031250001444e-03
4.910000000000000000e+02 8.803602531249999502e-03
4.920000000000000000e+02 9.129050687500002773e-03
4.930000000000000000e+02 9.334237968750000794e-03
4.940000000000000000e+02 9.409364131250000374e-03
4.950000000000000000e+02 9.351754366406249408e-03
4.960000000000000000e+02 9.167115664062497685e-03
4.970000000000000000e+02 8.870069796875004742e-03
4.980000000000000000e+02 8.484508710937499823e-03
4.990000000000000000e+02 8.042959499999996834e-03
5.000000000000000000e+02 7.585412101562501175e-03
5.010000000000000000e+02 7.157158734374998582e-03
5.020000000000000000e+02 6.805809437499999240e-03
5.030000000000000000e+02 6.577645414062497850e-03
5.040000000000000000e+02 6.513948609375000420e-03
5.050000000000000000e+02 6.648651476562500613e-03
5.060000000000000000e+02 7.008376707812498906e-03
5.070000000000000000e+02 7.618843421874998620e-03
5.080000000000000000e+02 8.520557019531251400e-03
5.090000000000000000e+02 9.800339520546869423e-03
5.100000000000000000e+02 1.164619858593749641e-02
5.110000000000000000e+02 1.443749453125000269e-02
