0.000000000000000000e+00 1.896078890625000225e-03
1.000000000000000000e+00 1.889547015625000310e-03
2.000000000000000000e+00 1.876542625000000462e-03
3.000000000000000000e+00 1.857204382812500769e-03
4.000000000000000000e+00 1.831701296874999442e-03
5.000000000000000000e+00 1.800290632812500281e-03
6.000000000000000000e+00 1.763267882812500189e-03
7.000000000000000000e+00 1.720988078125000294e-03
8.000000000000000000e+00 1.673861117187499734e-03
9.000000000000000000e+00 1.622342125000000293e-03
1.000000000000000000e+01 1.566917272656250795e-03
1.100000000000000000e+01 1.508130054687499642e-03
1.200000000000000000e+01 1.446543972656249601e-03
1.300000000000000000e+01 1.382752935937499924e-03
1.400000000000000000e+01 1.317374419531249646e-03
1.500000000000000000e+01 1.251037085937500371e-03
1.600000000000000000e+01 1.184383554687499715e-03
1.700000000000000000e+01 1.118073546874999739e-03
1.800000000000000000e+01 1.052741484374999578e-03
1.900000000000000000e+01 9.890410312500001657e-04
2.000000000000000000e+01 9.275870546874999791e-04
2.100000000000000000e+01 8.689990234375000611e-04
2.200000000000000000e+01 8.138637109374999073e-04
2.300000000000000000e+01 7.627373593750001214e-04
2.400000000000000000e+01 7.161476679687500679e-04
2.500000000000000000e+01 6.745796592187500293e-04
2.600000000000000000e+01 6.384841554687499966e-04
2.700000000000000000e+01 6.082593609375001485e-04
2.800000000000000000e+01 5.842465281249999663e-04
2.900000000000000000e+01 5.667530976562498669e-04
3.000000000000000000e+01 5.560192811718752152e-04
3.100000000000000000e+01 5.522325742187498545e-04
3.200000000000000000e+01 5.555176664062500078e-04
3.300000000000000000e+01 5.659464398437499691e-04
3.400000000000000000e+01 5.835272386718752579e-04
3.500000000000000000e+01 6.082096351562494988e-04
3.600000000000000000e+01 6.398869843749999077e-04
3.700000000000000000e+01 6.783854531249996437e-04
3.800000000000000000e+01 7.234868125000001871e-04
3.900000000000000000e+01 7.749139359374996065e-04
4.000000000000000000e+01 8.323315859375004068e-04
4.100000000000000000e+01 8.953629765624999438e-04
4.200000000000000000e+01 9.635871282812492455e-04
4.300000000000000000e+01 1.036538021328124639e-03
4.400000000000000000e+01 1.113711907812500171e-03
4.500000000000000000e+01 1.194571079687500479e-03
4.600000000000000000e+01 1.278553749999999370e-03
4.700000000000000000e+01 1.365066195312499963e-03
4.800000000000000000e+01 1.453497960937500137e-03
4.900000000000000000e+01 1.543239906249998508e-03
5.000000000000000000e+01 1.633647109375001251e-03
5.100000000000000000e+01 1.724092578125000115e-03
5.200000000000000000e+01 1.813943515624999881e-03
5.300000000000000000e+01 1.902574921874999924e-03
5.400000000000000000e+01 1.989371734374999375e-03
5.500000000000000000e+01 2.073738539062500250e-03
5.600000000000000000e+01 2.155102492187499844e-03
5.700000000000000000e+01 2.232921742187501252e-03
5.800000000000000000e+01 2.306671773437500832e-03
5.900000000000000000e+01 2.375884500000000153e-03
6.000000000000000000e+01 2.440110773437499918e-03
6.100000000000000000e+01 2.498956382812500109e-03
6.200000000000000000e+01 2.552069124999998759e-03
6.300000000000000000e+01 2.599157289062499140e-03
6.400000000000000000e+01 2.639963140625000738e-03
6.500000000000000000e+01 2.674307253125000894e-03
6.600000000000000000e+01 2.702031852343749971e-03
6.700000000000000000e+01 2.723071461718750991e-03
6.800000000000000000e+01 2.737401988281248488e-03
6.900000000000000000e+01 2.745063804687499203e-03
7.000000000000000000e+01 2.746143492187501194e-03
7.100000000000000000e+01 2.740809781249999889e-03
7.200000000000000000e+01 2.729277390625000233e-03
7.300000000000000000e+01 2.711801718750000284e-03
7.400000000000000000e+01 2.688711914062501349e-03
7.500000000000000000e+01 2.660385031249999904e-03
7.600000000000000000e+01 2.627241125000000579e-03
7.700000000000000000e+01 2.589764992187500170e-03
7.800000000000000000e+01 2.548452725781250299e-03
7.900000000000000000e+01 2.503858103906250656e-03
8.000000000000000000e+01 2.456564991406250120e-03
8.100000000000000000e+01 2.407192750000000311e-03
8.200000000000000000e+01 2.356366101562500093e-03
8.300000000000000000e+01 2.304746359375000123e-03
8.400000000000000000e+01 2.252993562500001015e-03
8.500000000000000000e+01 2.201778593749999843e-03
8.600000000000000000e+01 2.151780156249999323e-03
8.700000000000000000e+01 2.103643359375000337e-03
8.800000000000000000e+01 2.058035429687501017e-03
8.900000000000000000e+01 2.015577265625000027e-03
9.000000000000000000e+01 1.976870890624999894e-03
9.100000000000000000e+01 1.942491835937500176e-03
9.200000000000000000e+01 1.912964094531249652e-03
9.300000000000000000e+01 1.888788574999999406e-03
9.400000000000000000e+01 1.870387894531250770e-03
9.500000000000000000e+01 1.858144660937500635e-03
9.600000000000000000e+01 1.852387610156250438e-03
9.700000000000000000e+01 1.853365773437500507e-03
9.800000000000000000e+01 1.861275273437501283e-03
9.900000000000000000e+01 1.876224554687500479e-03
1.000000000000000000e+02 1.898267889843750040e-03
1.010000000000000000e+02 1.927378836718749832e-03
1.020000000000000000e+02 1.963449414062500790e-03
1.030000000000000000e+02 2.006309507812499907e-03
1.040000000000000000e+02 2.055716445312499082e-03
1.050000000000000000e+02 2.111351773437499836e-03
1.060000000000000000e+02 2.172833710937499725e-03
1.070000000000000000e+02 2.239725802031251010e-03
1.080000000000000000e+02 2.311518585937499728e-03
1.090000000000000000e+02 2.387671386718749969e-03
1.100000000000000000e+02 2.467594875000000878e-03
1.110000000000000000e+02 2.550644617187498072e-03
1.120000000000000000e+02 2.636173570312500686e-03
1.130000000000000000e+02 2.723506898437499414e-03
1.140000000000000000e+02 2.811953104687502005e-03
1.150000000000000000e+02 2.900818246093751600e-03
1.160000000000000000e+02 2.989436075781252197e-03
1.170000000000000000e+02 3.077133851562499026e-03
1.180000000000000000e+02 3.163283624999999044e-03
1.190000000000000000e+02 3.247286960937500848e-03
1.200000000000000000e+02 3.328625484375000599e-03
1.210000000000000000e+02 3.406759218749999540e-03
1.220000000000000000e+02 3.481282656250001863e-03
1.230000000000000000e+02 3.551851304687500457e-03
1.240000000000000000e+02 3.618154624999998965e-03
1.250000000000000000e+02 3.679981937499999644e-03
1.260000000000000000e+02 3.737298898437500187e-03
1.270000000000000000e+02 3.790038320312501263e-03
1.280000000000000000e+02 3.838249193749998858e-03
1.290000000000000000e+02 3.882129671874999435e-03
1.300000000000000000e+02 3.921908916406250355e-03
1.310000000000000000e+02 3.957935891484374268e-03
1.320000000000000000e+02 3.990679242187499670e-03
1.330000000000000000e+02 4.020618414062501408e-03
1.340000000000000000e+02 4.048346218750000294e-03
1.350000000000000000e+02 4.074496093749998583e-03
1.360000000000000000e+02 4.099795531249999549e-03
1.370000000000000000e+02 4.124952359375001418e-03
1.380000000000000000e+02 4.150816029687498868e-03
1.390000000000000000e+02 4.178195517187500291e-03
1.400000000000000000e+02 4.207877486718750865e-03
1.410000000000000000e+02 4.240712867187499541e-03
1.420000000000000000e+02 4.277470226562500762e-03
1.430000000000000000e+02 4.318973281249999241e-03
1.440000000000000000e+02 4.365909984375002800e-03
1.450000000000000000e+02 4.419010312500000828e-03
1.460000000000000000e+02 4.478832421875000511e-03
1.470000000000000000e+02 4.545935703125001878e-03
1.480000000000000000e+02 4.620733749999999737e-03
1.490000000000000000e+02 4.703594531250000765e-03
1.500000000000000000e+02 4.794718437500001401e-03
1.510000000000000000e+02 4.894241484374999007e-03
1.520000000000000000e+02 5.002127031249998558e-03
1.530000000000000000e+02 5.118219453124998701e-03
1.540000000000000000e+02 5.242307343749999689e-03
1.550000000000000000e+02 5.373944921875001973e-03
1.560000000000000000e+02 5.512616171874995703e-03
1.570000000000000000e+02 5.657680078125001261e-03
1.580000000000000000e+02 5.808385703125000174e-03
1.590000000000000000e+02 5.963819999999998150e-03
1.600000000000000000e+02 6.122993828124999316e-03
1.610000000000000000e+02 6.284866640624998425e-03
1.620000000000000000e+02 6.448298906249997665e-03
1.630000000000000000e+02 6.611998749999999613e-03
1.640000000000000000e+02 6.774759375000005863e-03
1.650000000000000000e+02 6.935246093749999029e-03
1.660000000000000000e+02 7.092206249999998338e-03
1.670000000000000000e+02 7.244199296874998320e-03
1.680000000000000000e+02 7.390013828124999094e-03
1.690000000000000000e+02 7.528322109375000862e-03
1.700000000000000000e+02 7.657932890625004409e-03
1.710000000000000000e+02 7.777746015625002472e-03
1.720000000000000000e+02 7.886661171874998280e-03
1.730000000000000000e+02 7.983764921875004250e-03
1.740000000000000000e+02 8.068229843749998367e-03
1.750000000000000000e+02 8.139398359374997588e-03
1.760000000000000000e+02 8.196680781250005252e-03
1.770000000000000000e+02 8.239755312500002954e-03
1.780000000000000000e+02 8.268421562500001196e-03
1.790000000000000000e+02 8.282603281249995009e-03
1.800000000000000000e+02 8.282566796875003370e-03
1.810000000000000000e+02 8.268516484374995035e-03
1.820000000000000000e+02 8.241101875000003685e-03
1.830000000000000000e+02 8.200989015625000100e-03
1.840000000000000000e+02 8.149079999999999518e-03
1.850000000000000000e+02 8.086407773437501861e-03
1.860000000000000000e+02 8.014245757812498219e-03
1.870000000000000000e+02 7.933929883593753007e-03
1.880000000000000000e+02 7.847001146874999292e-03
1.890000000000000000e+02 7.755074023437503496e-03
1.900000000000000000e+02 7.659908898437501473e-03
1.910000000000000000e+02 7.563293359374996354e-03
1.920000000000000000e+02 7.467100234374996794e-03
1.930000000000000000e+02 7.373262445312495431e-03
1.940000000000000000e+02 7.283712507812502464e-03
1.950000000000000000e+02 7.200330604687499303e-03
1.960000000000000000e+02 7.125038967968747895e-03
1.970000000000000000e+02 7.059629906249998213e-03
1.980000000000000000e+02 7.005834749999998584e-03
1.990000000000000000e+02 6.965283926562499534e-03
2.000000000000000000e+02 6.939518789843745518e-03
2.010000000000000000e+02 6.929883398437498669e-03
2.020000000000000000e+02 6.937477273437500126e-03
2.030000000000000000e+02 6.963391640625002030e-03
2.040000000000000000e+02 7.008384609375003030e-03
2.050000000000000000e+02 7.072983593749999388e-03
2.060000000000000000e+02 7.157621328124998822e-03
2.070000000000000000e+02 7.262389531250000758e-03
2.080000000000000000e+02 7.387206656249999115e-03
2.090000000000000000e+02 7.531710945312499773e-03
2.100000000000000000e+02 7.695342406249999767e-03
2.110000000000000000e+02 7.877268382812496750e-03
2.120000000000000000e+02 8.076512914062495066e-03
2.130000000000000000e+02 8.291877515625002346e-03
2.140000000000000000e+02 8.521872210937503356e-03
2.150000000000000000e+02 8.765017656250003938e-03
2.160000000000000000e+02 9.019435531249994642e-03
2.170000000000000000e+02 9.283374976562503225e-03
2.180000000000000000e+02 9.554700960937500751e-03
2.190000000000000000e+02 9.831426054687508742e-03
2.200000000000000000e+02 1.011130365312499189e-02
2.210000000000000000e+02 1.039217564843749990e-02
2.220000000000000000e+02 1.067175648437500290e-02
2.230000000000000000e+02 1.094789062499999972e-02
2.240000000000000000e+02 1.121830070312500489e-02
2.250000000000000000e+02 1.148087789062499781e-02
2.260000000000000000e+02 1.173351898437500693e-02
2.270000000000000000e+02 1.197427304687499576e-02
2.280000000000000000e+02 1.220132859374999448e-02
2.290000000000000000e+02 1.241284718750000453e-02
2.300000000000000000e+02 1.260737609374999908e-02
2.310000000000000000e+02 1.278346015625000075e-02
2.320000000000000000e+02 1.293994312500000403e-02
2.330000000000000000e+02 1.307580398437500034e-02
2.340000000000000000e+02 1.319024304687499947e-02
2.350000000000000000e+02 1.328273914062499776e-02
2.360000000000000000e+02 1.335279937499999139e-02
2.370000000000000000e+02 1.340045328125000212e-02
2.380000000000000000e+02 1.342560749999999886e-02
2.390000000000000000e+02 1.342870656250000003e-02
2.400000000000000000e+02 1.341021249999999401e-02
2.410000000000000000e+02 1.337079374999999501e-02
2.420000000000000000e+02 1.331142890624999880e-02
2.430000000000000000e+02 1.323317968750000427e-02
2.440000000000000000e+02 1.313735156250000514e-02
2.450000000000000000e+02 1.302534609374999749e-02
2.460000000000000000e+02 1.289867421874999961e-02
2.470000000000000000e+02 1.275908515624999892e-02
2.480000000000000000e+02 1.260834921875000382e-02
2.490000000000000000e+02 1.244832265625000177e-02
2.500000000000000000e+02 1.228086406249999894e-02
2.510000000000000000e+02 1.210809609375000130e-02
2.520000000000000000e+02 1.193184062499999011e-02
2.530000000000000000e+02 1.175418437499999719e-02
2.540000000000000000e+02 1.157702968750000221e-02
2.550000000000000000e+02 1.140232031250000555e-02
2.560000000000000000e+02 1.123202734375000102e-02
2.570000000000000000e+02 1.106780703124999460e-02
2.580000000000000000e+02 1.091149218750000170e-02
2.590000000000000000e+02 1.076463124999999660e-02
2.600000000000000000e+02 1.062878359374999117e-02
2.610000000000000000e+02 1.050533437499999966e-02
2.620000000000000000e+02 1.039553906250000222e-02
2.630000000000000000e+02 1.030054296874999796e-02
2.640000000000000000e+02 1.022129843749999302e-02
2.650000000000000000e+02 1.015865937499999677e-02
2.660000000000000000e+02 1.011339453124999663e-02
2.670000000000000000e+02 1.008590703124999551e-02
2.680000000000000000e+02 1.007663359375000380e-02
2.690000000000000000e+02 1.008584921875000165e-02
2.700000000000000000e+02 1.011358593749999910e-02
2.710000000000000000e+02 1.015977500000000457e-02
2.720000000000000000e+02 1.022417812500000384e-02
2.730000000000000000e+02 1.030640781249999791e-02
2.740000000000000000e+02 1.040604453124999509e-02
2.750000000000000000e+02 1.052229453124999513e-02
2.760000000000000000e+02 1.065447578124999878e-02
2.770000000000000000e+02 1.080164609375000584e-02
2.780000000000000000e+02 1.096277500000000099e-02
2.790000000000000000e+02 1.113679609374999997e-02
2.800000000000000000e+02 1.132259296874999800e-02
2.810000000000000000e+02 1.151882890624999871e-02
2.820000000000000000e+02 1.172421015625000132e-02
2.830000000000000000e+02 1.193743437500000004e-02
2.840000000000000000e+02 1.215709374999999516e-02
2.850000000000000000e+02 1.238190468750000571e-02
2.860000000000000000e+02 1.261048515624999325e-02
2.870000000000000000e+02 1.284154921875000147e-02
2.880000000000000000e+02 1.307371249999999749e-02
2.890000000000000000e+02 1.330577421874999840e-02
2.900000000000000000e+02 1.353660000000000627e-02
2.910000000000000000e+02 1.376496093750000441e-02
2.920000000000000000e+02 1.398986562500000204e-02
2.930000000000000000e+02 1.421028749999999480e-02
2.940000000000000000e+02 1.442523828124999893e-02
2.950000000000000000e+02 1.463398125000000063e-02
2.960000000000000000e+02 1.483552031249999598e-02
2.970000000000000000e+02 1.502922812499999684e-02
2.980000000000000000e+02 1.521449765624999576e-02
2.990000000000000000e+02 1.539049687499999784e-02
3.000000000000000000e+02 1.555671640625000060e-02
3.010000000000000000e+02 1.571259140624999689e-02
3.020000000000000000e+02 1.585757578124999401e-02
3.030000000000000000e+02 1.599111406250000242e-02
3.040000000000000000e+02 1.611270546874999862e-02
3.050000000000000000e+02 1.622190078125000309e-02
3.060000000000000000e+02 1.631820078124998630e-02
3.070000000000000000e+02 1.640108984375001147e-02
3.080000000000000000e+02 1.647018046874999808e-02
3.090000000000000000e+02 1.652507343749999927e-02
3.100000000000000000e+02 1.656536953124998837e-02
3.110000000000000000e+02 1.659076562500001392e-02
3.120000000000000000e+02 1.660102500000000536e-02
3.130000000000000000e+02 1.659602031250001497e-02
3.140000000000000000e+02 1.657555703124999336e-02
3.150000000000000000e+02 1.653966562500000168e-02
3.160000000000000000e+02 1.648837812500000832e-02
3.170000000000000000e+02 1.642167187500000528e-02
3.180000000000000000e+02 1.633975625000000723e-02
3.190000000000000000e+02 1.624255859375000471e-02
3.200000000000000000e+02 1.613016718749999551e-02
3.210000000000000000e+02 1.600248281249999974e-02
3.220000000000000000e+02 1.585940859374999207e-02
3.230000000000000000e+02 1.570066640625000787e-02
3.240000000000000000e+02 1.552596484374999843e-02
3.250000000000000000e+02 1.533485234375000714e-02
3.260000000000000000e+02 1.512688453124999555e-02
3.270000000000000000e+02 1.490157632812500084e-02
3.280000000000000000e+02 1.465851359375000551e-02
3.290000000000000000e+02 1.439727203125000174e-02
3.300000000000000000e+02 1.411783015625000387e-02
3.310000000000000000e+02 1.382005382812500661e-02
3.320000000000000000e+02 1.350429867187500493e-02
3.330000000000000000e+02 1.317109585937500590e-02
3.340000000000000000e+02 1.282124546874999910e-02
3.350000000000000000e+02 1.245600859374999640e-02
3.360000000000000000e+02 1.207673867187500014e-02
3.370000000000000000e+02 1.168511070312499428e-02
3.380000000000000000e+02 1.128306578124999363e-02
3.390000000000000000e+02 1.087271177343749652e-02
3.400000000000000000e+02 1.045625059374999909e-02
3.410000000000000000e+02 1.003604997499999568e-02
3.420000000000000000e+02 9.614481773437497450e-03
3.430000000000000000e+02 9.194068192968750039e-03
3.440000000000000000e+02 8.777268618750003887e-03
3.450000000000000000e+02 8.366554210937500111e-03
3.460000000000000000e+02 7.964524773437502148e-03
3.470000000000000000e+02 7.573516015624999313e-03
3.480000000000000000e+02 7.196108749999999277e-03
3.490000000000000000e+02 6.834637578125006378e-03
3.500000000000000000e+02 6.491440937499998870e-03
3.510000000000000000e+02 6.168673828124997781e-03
3.520000000000000000e+02 5.868474335937497698e-03
3.530000000000000000e+02 5.592624570312502118e-03
3.540000000000000000e+02 5.342840544218750536e-03
3.550000000000000000e+02 5.120436750000000384e-03
3.560000000000000000e+02 4.926579640624998736e-03
3.570000000000000000e+02 4.762021562499999666e-03
3.580000000000000000e+02 4.627250468749998305e-03
3.590000000000000000e+02 4.522403515624999655e-03
3.600000000000000000e+02 4.447243984375000812e-03
3.610000000000000000e+02 4.401375781250001229e-03
3.620000000000000000e+02 4.383984609375001472e-03
3.630000000000000000e+02 4.394027265624996827e-03
3.640000000000000000e+02 4.430417898437500474e-03
3.650000000000000000e+02 4.491768976562497684e-03
3.660000000000000000e+02 4.576630718750000423e-03
3.670000000000000000e+02 4.683519351562497567e-03
3.680000000000000000e+02 4.810959406249997253e-03
3.690000000000000000e+02 4.957486788281248100e-03
3.700000000000000000e+02 5.121702984374997859e-03
3.710000000000000000e+02 5.302268174453126162e-03
3.720000000000000000e+02 5.497976646875001386e-03
3.730000000000000000e+02 5.707612443750001950e-03
3.740000000000000000e+02 5.930063523437499248e-03
3.750000000000000000e+02 6.164275195312498255e-03
3.760000000000000000e+02 6.409273578125000183e-03
3.770000000000000000e+02 6.664016171875002115e-03
3.780000000000000000e+02 6.927546851562497304e-03
3.790000000000000000e+02 7.198956328125006611e-03
3.800000000000000000e+02 7.477328124999999166e-03
3.810000000000000000e+02 7.761778828124996955e-03
3.820000000000000000e+02 8.051471874999998821e-03
3.830000000000000000e+02 8.345564687499995929e-03
3.840000000000000000e+02 8.643245859374999035e-03
3.850000000000000000e+02 8.943620546874999494e-03
3.860000000000000000e+02 9.245848359374994260e-03
3.870000000000000000e+02 9.548969140625000393e-03
3.880000000000000000e+02 9.851735312499994984e-03
3.890000000000000000e+02 1.015303359375000804e-02
3.900000000000000000e+02 1.045135531250000055e-02
3.910000000000000000e+02 1.074522757812499535e-02
3.920000000000000000e+02 1.103288882812499677e-02
3.930000000000000000e+02 1.131252515624999594e-02
3.940000000000000000e+02 1.158221437499998979e-02
3.950000000000000000e+02 1.183996453125000202e-02
3.960000000000000000e+02 1.208373078125000652e-02
3.970000000000000000e+02 1.231147226562500675e-02
3.980000000000000000e+02 1.252118953124999566e-02
3.990000000000000000e+02 1.271089343749999025e-02
4.000000000000000000e+02 1.287857476562499770e-02
4.010000000000000000e+02 1.302247757812500725e-02
4.020000000000000000e+02 1.314083609374999857e-02
4.030000000000000000e+02 1.323210960937500416e-02
4.040000000000000000e+02 1.329503203125000088e-02
4.050000000000000000e+02 1.332843289062499680e-02
4.060000000000000000e+02 1.333148531249999866e-02
4.070000000000000000e+02 1.330359312500000064e-02
4.080000000000000000e+02 1.324440679687499678e-02
4.090000000000000000e+02 1.315391304687500186e-02
4.100000000000000000e+02 1.303211273437499852e-02
4.110000000000000000e+02 1.287941765625000810e-02
4.120000000000000000e+02 1.269640587499999695e-02
4.130000000000000000e+02 1.248371253125000503e-02
4.140000000000000000e+02 1.224251274218749949e-02
4.150000000000000000e+02 1.197394989062499845e-02
4.160000000000000000e+02 1.167953591796874920e-02
4.170000000000000000e+02 1.136104879695312708e-02
4.180000000000000000e+02 1.102065238984375160e-02
4.190000000000000000e+02 1.066075764843749628e-02
4.200000000000000000e+02 1.028401680468750065e-02
4.210000000000000000e+02 9.893531851562501617e-03
4.220000000000000000e+02 9.492557890624999523e-03
4.230000000000000000e+02 9.084575796875007936e-03
4.240000000000000000e+02 8.673124978125007142e-03
4.250000000000000000e+02 8.261932320312507030e-03
4.260000000000000000e+02 7.854551121320316187e-03
4.270000000000000000e+02 7.454227507031248486e-03
4.280000000000000000e+02 7.064120578125002853e-03
4.290000000000000000e+02 6.686772210937501522e-03
4.300000000000000000e+02 6.324355257812496432e-03
4.310000000000000000e+02 5.978385217968749075e-03
4.320000000000000000e+02 5.649942803281251223e-03
4.330000000000000000e+02 5.339429142187501927e-03
4.340000000000000000e+02 5.046941085937499405e-03
4.350000000000000000e+02 4.771981283593749838e-03
4.360000000000000000e+02 4.513885528125000796e-03
4.370000000000000000e+02 4.271800312499998177e-03
4.380000000000000000e+02 4.044692296875001918e-03
4.390000000000000000e+02 3.831716610937501311e-03
4.400000000000000000e+02 3.632108257812501594e-03
4.410000000000000000e+02 3.445333474218749414e-03
4.420000000000000000e+02 3.271203088437499816e-03
4.430000000000000000e+02 3.109724381249999794e-03
4.440000000000000000e+02 2.961219929687502507e-03
4.450000000000000000e+02 2.826118062500000694e-03
4.460000000000000000e+02 2.704914453125000732e-03
4.470000000000000000e+02 2.598070140624999125e-03
4.480000000000000000e+02 2.505806523437498386e-03
4.490000000000000000e+02 2.428116398437500569e-03
4.500000000000000000e+02 2.364743398437499020e-03
4.510000000000000000e+02 2.315165749999999710e-03
4.520000000000000000e+02 2.278731367187500877e-03
4.530000000000000000e+02 2.254733304687499707e-03
4.540000000000000000e+02 2.242566671875000171e-03
4.550000000000000000e+02 2.241864625000000635e-03
4.560000000000000000e+02 2.252537049218750372e-03
4.570000000000000000e+02 2.274743600000000282e-03
4.580000000000000000e+02 2.308758093749997079e-03
4.590000000000000000e+02 2.354767023437500002e-03
4.600000000000000000e+02 2.412633515625001428e-03
4.610000000000000000e+02 2.481576562500000232e-03
4.620000000000000000e+02 2.559989765624999958e-03
4.630000000000000000e+02 2.645312187499999391e-03
4.640000000000000000e+02 2.734073906250000015e-03
4.650000000000000000e+02 2.822058023437499889e-03
4.660000000000000000e+02 2.904580468750001844e-03
4.670000000000000000e+02 2.976887898437499420e-03
4.680000000000000000e+02 3.034568769531250428e-03
4.690000000000000000e+02 3.073881085937496798e-03
4.700000000000000000e+02 3.092110343750001031e-03
4.710000000000000000e+02 3.087707492187499823e-03
4.720000000000000000e+02 3.060357453125001157e-03
4.730000000000000000e+02 3.011040445312500400e-03
4.740000000000000000e+02 2.941952960937500861e-03
4.750000000000000000e+02 2.856592335937498985e-03
4.760000000000000000e+02 2.759861750000000211e-03
4.770000000000000000e+02 2.658217605468748967e-03
4.780000000000000000e+02 2.559932976562500143e-03
4.790000000000000000e+02 2.475193218750001284e-03
4.800000000000000000e+02 2.416112000000002376e-03
4.810000000000000000e+02 2.396328203124999980e-03
4.820000000000000000e+02 2.430417398437499828e-03
4.830000000000000000e+02 2.532864781249999711e-03
4.840000000000000000e+02 2.716855703125000722e-03
4.850000000000000000e+02 2.992895713281250227e-03
4.860000000000000000e+02 3.367409843750000450e-03
4.870000000000000000e+02 3.841468875000000633e-03
4.880000000000000000e+02 4.409584703124999443e-03
4.890000000000000000e+02 5.058916124218752579e-03
4.900000000000000000e+02 5.768609195312501478e-03
4.910000000000000000e+02 6.510293789062501432e-03
4.920000000000000000e+02 7.248607226562501192e-03
4.930000000000000000e+02 7.943649757812497325e-03
4.940000000000000000e+02 8.553751914062497630e-03
4.950000000000000000e+02 9.039476749999997285e-03
4.960000000000000000e+02 9.368114828125006371e-03
4.970000000000000000e+02 9.517895968749997063e-03
4.980000000000000000e+02 9.482019398437499524e-03
4.990000000000000000e+02 9.271551007812501785e-03
5.000000000000000000e+02 8.916827484374995408e-03
5.010000000000000000e+02 8.467049609374997440e-03
5.020000000000000000e+02 7.987457101562501355e-03
5.030000000000000000e+02 7.554007468749998622e-03
5.040000000000000000e+02 7.244799617187501310e-03
5.050000000000000000e+02 7.129357242187500318e-03
5.060000000000000000e+02 7.257027249999998229e-03
5.070000000000000000e+02 7.650004218750002666e-03
5.080000000000000000e+02 8.308022187499999878e-03
5.090000000000000000e+02 9.237240312500000564e-03
5.100000000000000000e+02 1.052141226562500198e-02
5.110000000000000000e+02 1.246323578906250243e-02
