0.000000000000000000e+00 2.072794734374999812e-03
1.000000000000000000e+00 2.066802707031250783e-03
2.000000000000000000e+00 2.054868596093749940e-03
3.000000000000000000e+00 2.037110874999999936e-03
4.000000000000000000e+00 2.013691696875000159e-03
5.000000000000000000e+00 1.984841906250000600e-03
6.000000000000000000e+00 1.950817671875000603e-03
7.000000000000000000e+00 1.911955665625000335e-03
8.000000000000000000e+00 1.868604687500000344e-03
9.000000000000000000e+00 1.821185921874999636e-03
1.000000000000000000e+01 1.770140632812500009e-03
1.100000000000000000e+01 1.715949164062499513e-03
1.200000000000000000e+01 1.659125671874999656e-03
1.300000000000000000e+01 1.600200906249999930e-03
1.400000000000000000e+01 1.539726914062500111e-03
1.500000000000000000e+01 1.478285703124999602e-03
1.600000000000000000e+01 1.416443515625000465e-03
1.700000000000000000e+01 1.354800390624999983e-03
1.800000000000000000e+01 1.293929843749999642e-03
1.900000000000000000e+01 1.234414062500000051e-03
2.000000000000000000e+01 1.176821875000000177e-03
2.100000000000000000e+01 1.121705234374999844e-03
2.200000000000000000e+01 1.069595187500000343e-03
2.300000000000000000e+01 1.020992710937500140e-03
2.400000000000000000e+01 9.763855625000001075e-04
2.500000000000000000e+01 9.362034609374999010e-04
2.600000000000000000e+01 9.008547499999997998e-04
2.700000000000000000e+01 8.707067499999999929e-04
2.800000000000000000e+01 8.460798296875003590e-04
2.900000000000000000e+01 8.272340156249998171e-04
3.000000000000000000e+01 8.144075067968749304e-04
3.100000000000000000e+01 8.077592764062497925e-04
3.200000000000000000e+01 8.074188507812502056e-04
3.300000000000000000e+01 8.134450546874998512e-04
3.400000000000000000e+01 8.258529999999998737e-04
3.500000000000000000e+01 8.446065234375000740e-04
3.600000000000000000e+01 8.696015234375000609e-04
3.700000000000000000e+01 9.007033124999997125e-04
3.800000000000000000e+01 9.377078281249999698e-04
3.900000000000000000e+01 9.803702265624998202e-04
4.000000000000000000e+01 1.028403046874999758e-03
4.100000000000000000e+01 1.081469874999999373e-03
4.200000000000000000e+01 1.139188422656249589e-03
4.300000000000000000e+01 1.201149639843749695e-03
4.400000000000000000e+01 1.266908657031250119e-03
4.500000000000000000e+01 1.335985024999999720e-03
4.600000000000000000e+01 1.407877210937500409e-03
4.700000000000000000e+01 1.482057825703125614e-03
4.800000000000000000e+01 1.557987820312500046e-03
4.900000000000000000e+01 1.635113484374999416e-03
5.000000000000000000e+01 1.712879265624999477e-03
5.100000000000000000e+01 1.790709585937499395e-03
5.200000000000000000e+01 1.868053375000000398e-03
5.300000000000000000e+01 1.944350015625001147e-03
5.400000000000000000e+01 2.019065195312500990e-03
5.500000000000000000e+01 2.091654382812500965e-03
5.600000000000000000e+01 2.161614671875000584e-03
5.700000000000000000e+01 2.228468134374998483e-03
5.800000000000000000e+01 2.291751760156251171e-03
5.900000000000000000e+01 2.351049534687499592e-03
6.000000000000000000e+01 2.405961666406249491e-03
6.100000000000000000e+01 2.456141687499998130e-03
6.200000000000000000e+01 2.501285359375000905e-03
6.300000000000000000e+01 2.541126039062499217e-03
6.400000000000000000e+01 2.575450429687499952e-03
6.500000000000000000e+01 2.604084367187499156e-03
6.600000000000000000e+01 2.626907968749999430e-03
6.700000000000000000e+01 2.643854421874999947e-03
6.800000000000000000e+01 2.654908992187501090e-03
6.900000000000000000e+01 2.660111218750000478e-03
7.000000000000000000e+01 2.659544687499999869e-03
7.100000000000000000e+01 2.653341562500000170e-03
7.200000000000000000e+01 2.641707890625000048e-03
7.300000000000000000e+01 2.624873203124998815e-03
7.400000000000000000e+01 2.603124609374999308e-03
7.500000000000000000e+01 2.576798242187500459e-03
7.600000000000000000e+01 2.546256859375000629e-03
7.700000000000000000e+01 2.511926976562499966e-03
7.800000000000000000e+01 2.474249823437500891e-03
7.900000000000000000e+01 2.433710322187499289e-03
8.000000000000000000e+01 2.390822689843751046e-03
8.100000000000000000e+01 2.346112429687500448e-03
8.200000000000000000e+01 2.300141632812498921e-03
8.300000000000000000e+01 2.253470804687499399e-03
8.400000000000000000e+01 2.206693367187499612e-03
8.500000000000000000e+01 2.160374460937500903e-03
8.600000000000000000e+01 2.115099015624999617e-03
8.700000000000000000e+01 2.071448046875000015e-03
8.800000000000000000e+01 2.029979218750000217e-03
8.900000000000000000e+01 1.991236374999999330e-03
9.000000000000000000e+01 1.955742328125000592e-03
9.100000000000000000e+01 1.923996226562500397e-03
9.200000000000000000e+01 1.896451890625000134e-03
9.300000000000000000e+01 1.873534687499999905e-03
9.400000000000000000e+01 1.855618327343750047e-03
9.500000000000000000e+01 1.843042472656250541e-03
9.600000000000000000e+01 1.836086023437500650e-03
9.700000000000000000e+01 1.834971562499999615e-03
9.800000000000000000e+01 1.839870781249999766e-03
9.900000000000000000e+01 1.850891492187500082e-03
1.000000000000000000e+02 1.868084273437500180e-03
1.010000000000000000e+02 1.891432710937500242e-03
1.020000000000000000e+02 1.920865945312499401e-03
1.030000000000000000e+02 1.956237945312500580e-03
1.040000000000000000e+02 1.997360445312499656e-03
1.050000000000000000e+02 2.043963601562499236e-03
1.060000000000000000e+02 2.095738944531251157e-03
1.070000000000000000e+02 2.152316207812500753e-03
1.080000000000000000e+02 2.213294375000001302e-03
1.090000000000000000e+02 2.278185646875000893e-03
1.100000000000000000e+02 2.346518749999998866e-03
1.110000000000000000e+02 2.417755764843750564e-03
1.120000000000000000e+02 2.491327872656249991e-03
1.130000000000000000e+02 2.566689392539062056e-03
1.140000000000000000e+02 2.643231012499997791e-03
1.150000000000000000e+02 2.720390870312500934e-03
1.160000000000000000e+02 2.797570796874999238e-03
1.170000000000000000e+02 2.874203039062501151e-03
1.180000000000000000e+02 2.949757515624999195e-03
1.190000000000000000e+02 3.023715132812499883e-03
1.200000000000000000e+02 3.095587687500000844e-03
1.210000000000000000e+02 3.164967187500000636e-03
1.220000000000000000e+02 3.231467187499999054e-03
1.230000000000000000e+02 3.294764890625000772e-03
1.240000000000000000e+02 3.354602539062499864e-03
1.250000000000000000e+02 3.410819882812500016e-03
1.260000000000000000e+02 3.463276765624999972e-03
1.270000000000000000e+02 3.511973218749998848e-03
1.280000000000000000e+02 3.556953125000000219e-03
1.290000000000000000e+02 3.598321732812500163e-03
1.300000000000000000e+02 3.636301296874998746e-03
1.310000000000000000e+02 3.671193906249999202e-03
1.320000000000000000e+02 3.703361820312499417e-03
1.330000000000000000e+02 3.733251939843750498e-03
1.340000000000000000e+02 3.761332405468750199e-03
1.350000000000000000e+02 3.788191554687499706e-03
1.360000000000000000e+02 3.814455187499999917e-03
1.370000000000000000e+02 3.840783846093751442e-03
1.380000000000000000e+02 3.867854447656248005e-03
1.390000000000000000e+02 3.896451966406249724e-03
1.400000000000000000e+02 3.927235717968751566e-03
1.410000000000000000e+02 3.961030703124999997e-03
1.420000000000000000e+02 3.998523164843747514e-03
1.430000000000000000e+02 4.040444500000000411e-03
1.440000000000000000e+02 4.087466507812498318e-03
1.450000000000000000e+02 4.140248281249999003e-03
1.460000000000000000e+02 4.199370937499999519e-03
1.470000000000000000e+02 4.265311015624999487e-03
1.480000000000000000e+02 4.338575937499997669e-03
1.490000000000000000e+02 4.419451718749999210e-03
1.500000000000000000e+02 4.508218437500000238e-03
1.510000000000000000e+02 4.605017890625000276e-03
1.520000000000000000e+02 4.709883828124996306e-03
1.530000000000000000e+02 4.822762421875001482e-03
1.540000000000000000e+02 4.943470390624997782e-03
1.550000000000000000e+02 5.071735156249999009e-03
1.560000000000000000e+02 5.207014609374996036e-03
1.570000000000000000e+02 5.348871796875000716e-03
1.580000000000000000e+02 5.496664687499999702e-03
1.590000000000000000e+02 5.649569374999999054e-03
1.600000000000000000e+02 5.806768281250001065e-03
1.610000000000000000e+02 5.967292265625000203e-03
1.620000000000000000e+02 6.130170078124999415e-03
1.630000000000000000e+02 6.294252890625002747e-03
1.640000000000000000e+02 6.458434765624995570e-03
1.650000000000000000e+02 6.621497187499999527e-03
1.660000000000000000e+02 6.782282343749996938e-03
1.670000000000000000e+02 6.939491093749996370e-03
1.680000000000000000e+02 7.091947343750000174e-03
1.690000000000000000e+02 7.238502656250003081e-03
1.700000000000000000e+02 7.377926015624996885e-03
1.710000000000000000e+02 7.509198593749999602e-03
1.720000000000000000e+02 7.631246874999999923e-03
1.730000000000000000e+02 7.743172656250000944e-03
1.740000000000000000e+02 7.844118046874999292e-03
1.750000000000000000e+02 7.933373359374999018e-03
1.760000000000000000e+02 8.010397109375001073e-03
1.770000000000000000e+02 8.074721406249998901e-03
1.780000000000000000e+02 8.126113046874997720e-03
1.790000000000000000e+02 8.164330234375004672e-03
1.800000000000000000e+02 8.189483437500002377e-03
1.810000000000000000e+02 8.201740937500000272e-03
1.820000000000000000e+02 8.201506249999998902e-03
1.830000000000000000e+02 8.189330468749998759e-03
1.840000000000000000e+02 8.165867265624997956e-03
1.850000000000000000e+02 8.131956914062500250e-03
1.860000000000000000e+02 8.088699976562502281e-03
1.870000000000000000e+02 8.037204514843748412e-03
1.880000000000000000e+02 7.978761460156254259e-03
1.890000000000000000e+02 7.914812515625001266e-03
1.900000000000000000e+02 7.846864179687501259e-03
1.910000000000000000e+02 7.776540781250000645e-03
1.920000000000000000e+02 7.705454375000002874e-03
1.930000000000000000e+02 7.635385546874999020e-03
1.940000000000000000e+02 7.568108960937497583e-03
1.950000000000000000e+02 7.505341937500001684e-03
1.960000000000000000e+02 7.448835671875000085e-03
1.970000000000000000e+02 7.400333757812499642e-03
1.980000000000000000e+02 7.361452139843751262e-03
1.990000000000000000e+02 7.333791078124999620e-03
2.000000000000000000e+02 7.318723195312502351e-03
2.010000000000000000e+02 7.317763437499999468e-03
2.020000000000000000e+02 7.331966718749999279e-03
2.030000000000000000e+02 7.362471093749999723e-03
2.040000000000000000e+02 7.410080624999995647e-03
2.050000000000000000e+02 7.475500156250001159e-03
2.060000000000000000e+02 7.559209843749999450e-03
2.070000000000000000e+02 7.661473124999999308e-03
2.080000000000000000e+02 7.782401484374997999e-03
2.090000000000000000e+02 7.921747656250000338e-03
2.100000000000000000e+02 8.079147460937501773e-03
2.110000000000000000e+02 8.254075304687500531e-03
2.120000000000000000e+02 8.445632261718750630e-03
2.130000000000000000e+02 8.652822573749999885e-03
2.140000000000000000e+02 8.874451459374998324e-03
2.150000000000000000e+02 9.109141804687503549e-03
2.160000000000000000e+02 9.355297460937500240e-03
2.170000000000000000e+02 9.611200531250006091e-03
2.180000000000000000e+02 9.875035757812492335e-03
2.190000000000000000e+02 1.014487917187499588e-02
2.200000000000000000e+02 1.041861963281249907e-02
2.210000000000000000e+02 1.069427035937499555e-02
2.220000000000000000e+02 1.096959379687499798e-02
2.230000000000000000e+02 1.124242101562500026e-02
2.240000000000000000e+02 1.151067976562500025e-02
2.250000000000000000e+02 1.177221201953124706e-02
2.260000000000000000e+02 1.202493703096874783e-02
2.270000000000000000e+02 1.226679508828125605e-02
2.280000000000000000e+02 1.249605261718749610e-02
2.290000000000000000e+02 1.271080404687499436e-02
2.300000000000000000e+02 1.290939585937500404e-02
2.310000000000000000e+02 1.309039968749999873e-02
2.320000000000000000e+02 1.325243296875000185e-02
2.330000000000000000e+02 1.339450679687499701e-02
2.340000000000000000e+02 1.351547101562500935e-02
2.350000000000000000e+02 1.361465484375000597e-02
2.360000000000000000e+02 1.369157999999999660e-02
2.370000000000000000e+02 1.374584054687499717e-02
2.380000000000000000e+02 1.377740679687500247e-02
2.390000000000000000e+02 1.378633921875000411e-02
2.400000000000000000e+02 1.377294992187499609e-02
2.410000000000000000e+02 1.373780289062499771e-02
2.420000000000000000e+02 1.368163632812500509e-02
2.430000000000000000e+02 1.360537140625000217e-02
2.440000000000000000e+02 1.351018437500001168e-02
2.450000000000000000e+02 1.339726718749999559e-02
2.460000000000000000e+02 1.326819531249999982e-02
2.470000000000000000e+02 1.312447734374999966e-02
2.480000000000000000e+02 1.296784609374999724e-02
2.490000000000000000e+02 1.280018281250000327e-02
2.500000000000000000e+02 1.262336406250001014e-02
2.510000000000000000e+02 1.243939296875000086e-02
2.520000000000000000e+02 1.225033125000000132e-02
2.530000000000000000e+02 1.205824765624999642e-02
2.540000000000000000e+02 1.186516875000000019e-02
2.550000000000000000e+02 1.167328593750000150e-02
2.560000000000000000e+02 1.148449296874999408e-02
2.570000000000000000e+02 1.130092734375000470e-02
2.580000000000000000e+02 1.112451796874999732e-02
2.590000000000000000e+02 1.095699921874999754e-02
2.600000000000000000e+02 1.080028359374999442e-02
2.610000000000000000e+02 1.065591484375000807e-02
2.620000000000000000e+02 1.052548203125000352e-02
2.630000000000000000e+02 1.041038828124999684e-02
2.640000000000000000e+02 1.031189453125000086e-02
2.650000000000000000e+02 1.023112031249999790e-02
2.660000000000000000e+02 1.016902265625000204e-02
2.670000000000000000e+02 1.012644999999999518e-02
2.680000000000000000e+02 1.010399843750000096e-02
2.690000000000000000e+02 1.010217265624999659e-02
2.700000000000000000e+02 1.012128750000000112e-02
2.710000000000000000e+02 1.016147890625000196e-02
2.720000000000000000e+02 1.022272812500000204e-02
2.730000000000000000e+02 1.030483984374999835e-02
2.740000000000000000e+02 1.040745859375001060e-02
2.750000000000000000e+02 1.053010624999999208e-02
2.760000000000000000e+02 1.067203437500000018e-02
2.770000000000000000e+02 1.083246874999999922e-02
2.780000000000000000e+02 1.101046718749999591e-02
2.790000000000000000e+02 1.120487734375000093e-02
2.800000000000000000e+02 1.141459375000000720e-02
2.810000000000000000e+02 1.163816874999999869e-02
2.820000000000000000e+02 1.187428750000000741e-02
2.830000000000000000e+02 1.212143593749999762e-02
2.840000000000000000e+02 1.237810078124999998e-02
2.850000000000000000e+02 1.264268984374999731e-02
2.860000000000000000e+02 1.291357421875000480e-02
2.870000000000000000e+02 1.318914609375000310e-02
2.880000000000000000e+02 1.346780937500000053e-02
2.890000000000000000e+02 1.374796015624999736e-02
2.900000000000000000e+02 1.402803437500000326e-02
2.910000000000000000e+02 1.430649843749999366e-02
2.920000000000000000e+02 1.458183593750000603e-02
2.930000000000000000e+02 1.485268906250000395e-02
2.940000000000000000e+02 1.511770468749999707e-02
2.950000000000000000e+02 1.537559140624999987e-02
2.960000000000000000e+02 1.562514140624999756e-02
2.970000000000000000e+02 1.586519765624999981e-02
2.980000000000000000e+02 1.609469374999999980e-02
2.990000000000000000e+02 1.631260781249999764e-02
3.000000000000000000e+02 1.651804687500000451e-02
3.010000000000000000e+02 1.671009999999999857e-02
3.020000000000000000e+02 1.688792578124998986e-02
3.030000000000000000e+02 1.705083437499999369e-02
3.040000000000000000e+02 1.719798046874999181e-02
3.050000000000000000e+02 1.732873906250000789e-02
3.060000000000000000e+02 1.744251250000000003e-02
3.070000000000000000e+02 1.753861718750000451e-02
3.080000000000000000e+02 1.761663437499998847e-02
3.090000000000000000e+02 1.767599218749999618e-02
3.100000000000000000e+02 1.771625156250000374e-02
3.110000000000000000e+02 1.773715468749999247e-02
3.120000000000000000e+02 1.773836718750001346e-02
3.130000000000000000e+02 1.771969453124999996e-02
3.140000000000000000e+02 1.768110546874998579e-02
3.150000000000000000e+02 1.762264921875000487e-02
3.160000000000000000e+02 1.754434453124999529e-02
3.170000000000000000e+02 1.744641250000000809e-02
3.180000000000000000e+02 1.732906953125000829e-02
3.190000000000000000e+02 1.719270937499999680e-02
3.200000000000000000e+02 1.703752109374998686e-02
3.210000000000000000e+02 1.686397265625000016e-02
3.220000000000000000e+02 1.667212578124999817e-02
3.230000000000000000e+02 1.646227734375000848e-02
3.240000000000000000e+02 1.623460078124999012e-02
3.250000000000000000e+02 1.598907109375000135e-02
3.260000000000000000e+02 1.572577656249999484e-02
3.270000000000000000e+02 1.544463593750000467e-02
3.280000000000000000e+02 1.514563125000000302e-02
3.290000000000000000e+02 1.482878749999999753e-02
3.300000000000000000e+02 1.449425078124999544e-02
3.310000000000000000e+02 1.414218515625001102e-02
3.320000000000000000e+02 1.377313671874999708e-02
3.330000000000000000e+02 1.338776015624999760e-02
3.340000000000000000e+02 1.298709695312500086e-02
3.350000000000000000e+02 1.257227617187500410e-02
3.360000000000000000e+02 1.214494773437499800e-02
3.370000000000000000e+02 1.170689078124999803e-02
3.380000000000000000e+02 1.126011601562500707e-02
3.390000000000000000e+02 1.080680984375000098e-02
3.400000000000000000e+02 1.034942140625000340e-02
3.410000000000000000e+02 9.890426171875002850e-03
3.420000000000000000e+02 9.432314218749992749e-03
3.430000000000000000e+02 8.977680625000006645e-03
3.440000000000000000e+02 8.529034992187498401e-03
3.450000000000000000e+02 8.088890933593748805e-03
3.460000000000000000e+02 7.659670035937499871e-03
3.470000000000000000e+02 7.243729640625001798e-03
3.480000000000000000e+02 6.843301039062501048e-03
3.490000000000000000e+02 6.460544458593749269e-03
3.500000000000000000e+02 6.097535772421875874e-03
3.510000000000000000e+02 5.756209249999998979e-03
3.520000000000000000e+02 5.438286796874997921e-03
3.530000000000000000e+02 5.145453406250001874e-03
3.540000000000000000e+02 4.879106867187502604e-03
3.550000000000000000e+02 4.640442499999995231e-03
3.560000000000000000e+02 4.430529781250000347e-03
3.570000000000000000e+02 4.250024147968749048e-03
3.580000000000000000e+02 4.099409078125000432e-03
3.590000000000000000e+02 3.978900703125001423e-03
3.600000000000000000e+02 3.888432031250001111e-03
3.610000000000000000e+02 3.827578671875000397e-03
3.620000000000000000e+02 3.795769921874999134e-03
3.630000000000000000e+02 3.792226718749999725e-03
3.640000000000000000e+02 3.815903281249999248e-03
3.650000000000000000e+02 3.865662890624998842e-03
3.660000000000000000e+02 3.940231249999997035e-03
3.670000000000000000e+02 4.038311562500000729e-03
3.680000000000000000e+02 4.158635625000000474e-03
3.690000000000000000e+02 4.299856914062498772e-03
3.700000000000000000e+02 4.460831687500002411e-03
3.710000000000000000e+02 4.640394742187497167e-03
3.720000000000000000e+02 4.837540507812503401e-03
3.730000000000000000e+02 5.051363070312496831e-03
3.740000000000000000e+02 5.281042335937497986e-03
3.750000000000000000e+02 5.525825353125000429e-03
3.760000000000000000e+02 5.784991584374998656e-03
3.770000000000000000e+02 6.057894223593750585e-03
3.780000000000000000e+02 6.343855376562501473e-03
3.790000000000000000e+02 6.642193201562497824e-03
3.800000000000000000e+02 6.952167359374996324e-03
3.810000000000000000e+02 7.272996960937502635e-03
3.820000000000000000e+02 7.603860789062503317e-03
3.830000000000000000e+02 7.943931718750001786e-03
3.840000000000000000e+02 8.292222585937496573e-03
3.850000000000000000e+02 8.647657585937496005e-03
3.860000000000000000e+02 9.009070593750003256e-03
3.870000000000000000e+02 9.375258015625000454e-03
3.880000000000000000e+02 9.744703632812498975e-03
3.890000000000000000e+02 1.011581466406250192e-02
3.900000000000000000e+02 1.048676140625000135e-02
3.910000000000000000e+02 1.085546539062499927e-02
3.920000000000000000e+02 1.121969531249999465e-02
3.930000000000000000e+02 1.157707039062500463e-02
3.940000000000000000e+02 1.192499804687499956e-02
3.950000000000000000e+02 1.226078695312499828e-02
3.960000000000000000e+02 1.258175359375000163e-02
3.970000000000000000e+02 1.288501343750000916e-02
3.980000000000000000e+02 1.316780078124999732e-02
3.990000000000000000e+02 1.342739484375000784e-02
4.000000000000000000e+02 1.366108320312500735e-02
4.010000000000000000e+02 1.386626171875000521e-02
4.020000000000000000e+02 1.404056445312499950e-02
4.030000000000000000e+02 1.418177585937501449e-02
4.040000000000000000e+02 1.428801898437500467e-02
4.050000000000000000e+02 1.435758039062499415e-02
4.060000000000000000e+02 1.438925343749999745e-02
4.070000000000000000e+02 1.438206484374999865e-02
4.080000000000000000e+02 1.433567226562500532e-02
4.090000000000000000e+02 1.424976203125000174e-02
4.100000000000000000e+02 1.412466734374999942e-02
4.110000000000000000e+02 1.396090335937499351e-02
4.120000000000000000e+02 1.375943115625000157e-02
4.130000000000000000e+02 1.352141696875000521e-02
4.140000000000000000e+02 1.324823542968749795e-02
4.150000000000000000e+02 1.294157728906249541e-02
4.160000000000000000e+02 1.260351584375000306e-02
4.170000000000000000e+02 1.223625393124999107e-02
4.180000000000000000e+02 1.184235628671875644e-02
4.190000000000000000e+02 1.142463018750000323e-02
4.200000000000000000e+02 1.098635381484374188e-02
4.210000000000000000e+02 1.053094135234374992e-02
4.220000000000000000e+02 1.006211173828124722e-02
4.230000000000000000e+02 9.583871734375000798e-03
4.240000000000000000e+02 9.100298648437503066e-03
4.250000000000000000e+02 8.615678281250004067e-03
4.260000000000000000e+02 8.134206187499992691e-03
4.270000000000000000e+02 7.660026126562498663e-03
4.280000000000000000e+02 7.197003138281249726e-03
4.290000000000000000e+02 6.748603693750002477e-03
4.300000000000000000e+02 6.317922898437500732e-03
4.310000000000000000e+02 5.907457976562503245e-03
4.320000000000000000e+02 5.519122778125000635e-03
4.330000000000000000e+02 5.154189408828123257e-03
4.340000000000000000e+02 4.813374398437499611e-03
4.350000000000000000e+02 4.496856890625002164e-03
4.360000000000000000e+02 4.204274469531250717e-03
4.370000000000000000e+02 3.934934443750000461e-03
4.380000000000000000e+02 3.687860446874999514e-03
4.390000000000000000e+02 3.461846070312498205e-03
4.400000000000000000e+02 3.255563781249997801e-03
4.410000000000000000e+02 3.067731570312498806e-03
4.420000000000000000e+02 2.897186726562500213e-03
4.430000000000000000e+02 2.742843355468750372e-03
4.440000000000000000e+02 2.603822649218748633e-03
4.450000000000000000e+02 2.479461058593750589e-03
4.460000000000000000e+02 2.369264757031249585e-03
4.470000000000000000e+02 2.272798046093748095e-03
4.480000000000000000e+02 2.189712643750000264e-03
4.490000000000000000e+02 2.119556471562500724e-03
4.500000000000000000e+02 2.061755146093750130e-03
4.510000000000000000e+02 2.015579969531249103e-03
4.520000000000000000e+02 1.980165427343750107e-03
4.530000000000000000e+02 1.954553891406249095e-03
4.540000000000000000e+02 1.937805371953124677e-03
4.550000000000000000e+02 1.929141203124999778e-03
4.560000000000000000e+02 1.928042069531250369e-03
4.570000000000000000e+02 1.934360054687499957e-03
4.580000000000000000e+02 1.948300006249999465e-03
4.590000000000000000e+02 1.970339635156251150e-03
4.600000000000000000e+02 2.001018492187500632e-03
4.610000000000000000e+02 2.040715764062500139e-03
4.620000000000000000e+02 2.089335625000000429e-03
4.630000000000000000e+02 2.146062304687499853e-03
4.640000000000000000e+02 2.209225437500000628e-03
4.650000000000000000e+02 2.276250468749999381e-03
4.660000000000000000e+02 2.343806210937499166e-03
4.670000000000000000e+02 2.408072546875000396e-03
4.680000000000000000e+02 2.465109921875000866e-03
4.690000000000000000e+02 2.511267646093750736e-03
4.700000000000000000e+02 2.543567258593750196e-03
4.710000000000000000e+02 2.560016148437500600e-03
4.720000000000000000e+02 2.559802687500000416e-03
4.730000000000000000e+02 2.543428242187500011e-03
4.740000000000000000e+02 2.512712812499999851e-03
4.750000000000000000e+02 2.470781584375001533e-03
4.760000000000000000e+02 2.422112437499999906e-03
4.770000000000000000e+02 2.372539210937497835e-03
4.780000000000000000e+02 2.329355812500001274e-03
4.790000000000000000e+02 2.301408359375000257e-03
4.800000000000000000e+02 2.299025973437501293e-03
4.810000000000000000e+02 2.333848984374999828e-03
4.820000000000000000e+02 2.418293515625001208e-03
4.830000000000000000e+02 2.564764218750000511e-03
4.840000000000000000e+02 2.784589296874999918e-03
4.850000000000000000e+02 3.086760312499998559e-03
4.860000000000000000e+02 3.476635390625001151e-03
4.870000000000000000e+02 3.954758203124999517e-03
4.880000000000000000e+02 4.515822453125001128e-03
4.890000000000000000e+02 5.148021882812499339e-03
4.900000000000000000e+02 5.832514945312499734e-03
4.910000000000000000e+02 6.543899117187501613e-03
4.920000000000000000e+02 7.250848640625000806e-03
4.930000000000000000e+02 7.917568659375000609e-03
4.940000000000000000e+02 8.506416179687502008e-03
4.950000000000000000e+02 8.981267789062502213e-03
4.960000000000000000e+02 9.311301765625001892e-03
4.970000000000000000e+02 9.475277445312497646e-03
4.980000000000000000e+02 9.465191531250001858e-03
4.990000000000000000e+02 9.289193234375003189e-03
5.000000000000000000e+02 8.972765609374998980e-03
5.010000000000000000e+02 8.558488664062498946e-03
5.020000000000000000e+02 8.103069210937499309e-03
5.030000000000000000e+02 7.672626195312496310e-03
5.040000000000000000e+02 7.335691284374999330e-03
5.050000000000000000e+02 7.154812960937500556e-03
5.060000000000000000e+02 7.178433180468749876e-03
5.070000000000000000e+02 7.436288078124997890e-03
5.080000000000000000e+02 7.946166327343750363e-03
5.090000000000000000e+02 8.743351156250004155e-03
5.100000000000000000e+02 9.951514257812502096e-03
5.110000000000000000e+02 1.192194868749999956e-02
