0.000000000000000000e+00 1.935371953125000983e-03
1.000000000000000000e+00 1.929175265624999414e-03
2.000000000000000000e+00 1.916844718750000285e-03
3.000000000000000000e+00 1.898500296874999858e-03
4.000000000000000000e+00 1.874310279687500065e-03
5.000000000000000000e+00 1.844512888281250613e-03
6.000000000000000000e+00 1.809386342968749822e-03
7.000000000000000000e+00 1.769277491406249765e-03
8.000000000000000000e+00 1.724563804687500364e-03
9.000000000000000000e+00 1.675679611718750104e-03
1.000000000000000000e+01 1.623084711718750022e-03
1.100000000000000000e+01 1.567296745312500225e-03
1.200000000000000000e+01 1.508839156250000452e-03
1.300000000000000000e+01 1.448285875000000084e-03
1.400000000000000000e+01 1.386210234375000010e-03
1.500000000000000000e+01 1.323219210937500150e-03
1.600000000000000000e+01 1.259920367187499684e-03
1.700000000000000000e+01 1.196917296875000094e-03
1.800000000000000000e+01 1.134839843749999673e-03
1.900000000000000000e+01 1.074288359374999877e-03
2.000000000000000000e+01 1.015852046875000006e-03
2.100000000000000000e+01 9.601142890624999324e-04
2.200000000000000000e+01 9.076367109374998106e-04
2.300000000000000000e+01 8.589332343750001857e-04
2.400000000000000000e+01 8.145180312500002783e-04
2.500000000000000000e+01 7.748430312500001948e-04
2.600000000000000000e+01 7.403328429687501544e-04
2.700000000000000000e+01 7.113642945312498951e-04
2.800000000000000000e+01 6.882753750000004727e-04
2.900000000000000000e+01 6.713369218749998648e-04
3.000000000000000000e+01 6.607880937499999944e-04
3.100000000000000000e+01 6.567990578124998074e-04
3.200000000000000000e+01 6.594939143750001235e-04
3.300000000000000000e+01 6.689386265624994729e-04
3.400000000000000000e+01 6.851387414062502616e-04
3.500000000000000000e+01 7.080455234374998614e-04
3.600000000000000000e+01 7.375617421874996853e-04
3.700000000000000000e+01 7.735164843749996622e-04
3.800000000000000000e+01 8.157087656250000887e-04
3.900000000000000000e+01 8.638688593750000391e-04
4.000000000000000000e+01 9.176891671874998083e-04
4.100000000000000000e+01 9.768008703124999095e-04
4.200000000000000000e+01 1.040809227343750124e-03
4.300000000000000000e+01 1.109283413281249905e-03
4.400000000000000000e+01 1.181732340625000436e-03
4.500000000000000000e+01 1.257651084140624194e-03
4.600000000000000000e+01 1.336506254687500582e-03
4.700000000000000000e+01 1.417742773437500508e-03
4.800000000000000000e+01 1.500788687499999283e-03
4.900000000000000000e+01 1.585047500000000189e-03
5.000000000000000000e+01 1.669931976562500286e-03
5.100000000000000000e+01 1.754835242187500468e-03
5.200000000000000000e+01 1.839170976562498833e-03
5.300000000000000000e+01 1.922336070312501664e-03
5.400000000000000000e+01 2.003765289062499864e-03
5.500000000000000000e+01 2.082893812500000164e-03
5.600000000000000000e+01 2.159177484374998849e-03
5.700000000000000000e+01 2.232103640624999701e-03
5.800000000000000000e+01 2.301192109375000457e-03
5.900000000000000000e+01 2.365988710937498400e-03
6.000000000000000000e+01 2.426076981249999757e-03
6.100000000000000000e+01 2.481088028906250874e-03
6.200000000000000000e+01 2.530699347421874659e-03
6.300000000000000000e+01 2.574618464062500105e-03
6.400000000000000000e+01 2.612630968750000258e-03
6.500000000000000000e+01 2.644534398437499607e-03
6.600000000000000000e+01 2.670223976562500785e-03
6.700000000000000000e+01 2.689619039062499627e-03
6.800000000000000000e+01 2.702693617187500261e-03
6.900000000000000000e+01 2.709505695312500791e-03
7.000000000000000000e+01 2.710128296874999860e-03
7.100000000000000000e+01 2.704721734374998521e-03
7.200000000000000000e+01 2.693479312499999327e-03
7.300000000000000000e+01 2.676661718749999939e-03
7.400000000000000000e+01 2.654580703124999764e-03
7.500000000000000000e+01 2.627578578124999901e-03
7.600000000000000000e+01 2.596064273437499997e-03
7.700000000000000000e+01 2.560466515624999686e-03
7.800000000000000000e+01 2.521281050781250081e-03
7.900000000000000000e+01 2.479010656953124520e-03
8.000000000000000000e+01 2.434220495312500610e-03
8.100000000000000000e+01 2.387464570312498782e-03
8.200000000000000000e+01 2.339346468750001448e-03
8.300000000000000000e+01 2.290475257812501098e-03
8.400000000000000000e+01 2.241468507812499449e-03
8.500000000000000000e+01 2.192954835937499774e-03
8.600000000000000000e+01 2.145558203125000427e-03
8.700000000000000000e+01 2.099900625000000135e-03
8.800000000000000000e+01 2.056587367187499935e-03
8.900000000000000000e+01 2.016200203125000003e-03
9.000000000000000000e+01 1.979304171874999348e-03
9.100000000000000000e+01 1.946433507812499316e-03
9.200000000000000000e+01 1.918084109374999747e-03
9.300000000000000000e+01 1.894706898437499868e-03
9.400000000000000000e+01 1.876719800781249470e-03
9.500000000000000000e+01 1.864462830468749865e-03
9.600000000000000000e+01 1.858256000781249818e-03
9.700000000000000000e+01 1.858331171874999868e-03
9.800000000000000000e+01 1.864878984374999417e-03
9.900000000000000000e+01 1.878000570312500896e-03
1.000000000000000000e+02 1.897756992187499920e-03
1.010000000000000000e+02 1.924122226562499129e-03
1.020000000000000000e+02 1.957015316406250909e-03
1.030000000000000000e+02 1.996279483593750223e-03
1.040000000000000000e+02 2.041694982812499934e-03
1.050000000000000000e+02 2.092979567187499678e-03
1.060000000000000000e+02 2.149783867187499923e-03
1.070000000000000000e+02 2.211704755468749724e-03
1.080000000000000000e+02 2.278291281249998981e-03
1.090000000000000000e+02 2.349040203124998748e-03
1.100000000000000000e+02 2.423397984374999359e-03
1.110000000000000000e+02 2.500800578124998900e-03
1.120000000000000000e+02 2.580637467187498965e-03
1.130000000000000000e+02 2.662280325781250442e-03
1.140000000000000000e+02 2.745099328124999804e-03
1.150000000000000000e+02 2.828452253124999222e-03
1.160000000000000000e+02 2.911720593750001442e-03
1.170000000000000000e+02 2.994277312499999885e-03
1.180000000000000000e+02 3.075544539062499434e-03
1.190000000000000000e+02 3.154961367187500854e-03
1.200000000000000000e+02 3.232006851562500577e-03
1.210000000000000000e+02 3.306222890624998818e-03
1.220000000000000000e+02 3.377229296874999665e-03
1.230000000000000000e+02 3.444636859375000033e-03
1.240000000000000000e+02 3.508217812499998811e-03
1.250000000000000000e+02 3.567772726562501006e-03
1.260000000000000000e+02 3.623167023437500259e-03
1.270000000000000000e+02 3.674396999999998952e-03
1.280000000000000000e+02 3.721511795312499281e-03
1.290000000000000000e+02 3.764638148437499977e-03
1.300000000000000000e+02 3.804037062499999663e-03
1.310000000000000000e+02 3.840010677343750137e-03
1.320000000000000000e+02 3.872941162499998237e-03
1.330000000000000000e+02 3.903329531250000674e-03
1.340000000000000000e+02 3.931706374999999892e-03
1.350000000000000000e+02 3.958646914062501597e-03
1.360000000000000000e+02 3.984837679687501348e-03
1.370000000000000000e+02 4.011025890624998758e-03
1.380000000000000000e+02 4.037884017187500819e-03
1.390000000000000000e+02 4.066237398906250369e-03
1.400000000000000000e+02 4.096826965625000559e-03
1.410000000000000000e+02 4.130497812499999907e-03
1.420000000000000000e+02 4.167949601562499252e-03
1.430000000000000000e+02 4.209977148437499435e-03
1.440000000000000000e+02 4.257275679687499460e-03
1.450000000000000000e+02 4.310520179687500099e-03
1.460000000000000000e+02 4.370274687500000019e-03
1.470000000000000000e+02 4.437118515625001341e-03
1.480000000000000000e+02 4.511459921875000598e-03
1.490000000000000000e+02 4.593648125000000457e-03
1.500000000000000000e+02 4.683899296875001193e-03
1.510000000000000000e+02 4.782439765625002073e-03
1.520000000000000000e+02 4.889189062499999482e-03
1.530000000000000000e+02 5.004098437499999996e-03
1.540000000000000000e+02 5.126948046874998770e-03
1.550000000000000000e+02 5.257389062500001167e-03
1.560000000000000000e+02 5.394957890624999669e-03
1.570000000000000000e+02 5.539061796875000519e-03
1.580000000000000000e+02 5.688959531249996628e-03
1.590000000000000000e+02 5.843890937499997794e-03
1.600000000000000000e+02 6.002898906250001693e-03
1.610000000000000000e+02 6.165016640624998955e-03
1.620000000000000000e+02 6.329156250000003182e-03
1.630000000000000000e+02 6.494114921874996095e-03
1.640000000000000000e+02 6.658750078125001866e-03
1.650000000000000000e+02 6.821809531250003049e-03
1.660000000000000000e+02 6.981980859375002194e-03
1.670000000000000000e+02 7.138026328125000701e-03
1.680000000000000000e+02 7.288664765625001152e-03
1.690000000000000000e+02 7.432662421874998947e-03
1.700000000000000000e+02 7.568919062500002043e-03
1.710000000000000000e+02 7.696176328125000146e-03
1.720000000000000000e+02 7.813462968750002277e-03
1.730000000000000000e+02 7.919836484375001456e-03
1.740000000000000000e+02 8.014447343749998148e-03
1.750000000000000000e+02 8.096622812500000807e-03
1.760000000000000000e+02 8.165701328124998562e-03
1.770000000000000000e+02 8.221358749999999396e-03
1.780000000000000000e+02 8.263280000000001319e-03
1.790000000000000000e+02 8.291419843750003418e-03
1.800000000000000000e+02 8.305784375000001621e-03
1.810000000000000000e+02 8.306725937500000420e-03
1.820000000000000000e+02 8.294580156250000100e-03
1.830000000000000000e+02 8.269979062499998451e-03
1.840000000000000000e+02 8.233729531249999248e-03
1.850000000000000000e+02 8.186747109374998069e-03
1.860000000000000000e+02 8.130162296874996614e-03
1.870000000000000000e+02 8.065180467187498675e-03
1.880000000000000000e+02 7.993198562499997939e-03
1.890000000000000000e+02 7.915791937500003123e-03
1.900000000000000000e+02 7.834493210937503241e-03
1.910000000000000000e+02 7.750986796874997052e-03
1.920000000000000000e+02 7.667088750000001195e-03
1.930000000000000000e+02 7.584580960937498464e-03
1.940000000000000000e+02 7.505336523437500414e-03
1.950000000000000000e+02 7.431088113281253925e-03
1.960000000000000000e+02 7.363729812499999854e-03
1.970000000000000000e+02 7.304991203125001456e-03
1.980000000000000000e+02 7.256590184375001640e-03
1.990000000000000000e+02 7.220094251562500683e-03
2.000000000000000000e+02 7.196973796875001488e-03
2.010000000000000000e+02 7.188690445312500600e-03
2.020000000000000000e+02 7.196330078125001174e-03
2.030000000000000000e+02 7.220968046874999026e-03
2.040000000000000000e+02 7.263409218749996600e-03
2.050000000000000000e+02 7.324351328125000907e-03
2.060000000000000000e+02 7.404195312499997801e-03
2.070000000000000000e+02 7.503193984374999931e-03
2.080000000000000000e+02 7.621305937500001335e-03
2.090000000000000000e+02 7.758305499999998932e-03
2.100000000000000000e+02 7.913699304687498923e-03
2.110000000000000000e+02 8.086909789062502601e-03
2.120000000000000000e+02 8.276955820312502723e-03
2.130000000000000000e+02 8.482811218749995372e-03
2.140000000000000000e+02 8.703104396874999579e-03
2.150000000000000000e+02 8.936451632343750048e-03
2.160000000000000000e+02 9.181199962968750877e-03
2.170000000000000000e+02 9.435580803125001234e-03
2.180000000000000000e+02 9.697666093749996233e-03
2.190000000000000000e+02 9.965521359375003468e-03
2.200000000000000000e+02 1.023701971874999700e-02
2.210000000000000000e+02 1.051002400781249693e-02
2.220000000000000000e+02 1.078241823437499705e-02
2.230000000000000000e+02 1.105199182031249908e-02
2.240000000000000000e+02 1.131660237500000180e-02
2.250000000000000000e+02 1.157418467968749330e-02
2.260000000000000000e+02 1.182262351562500015e-02
2.270000000000000000e+02 1.206000059375000356e-02
2.280000000000000000e+02 1.228443398437500077e-02
2.290000000000000000e+02 1.249418203125000904e-02
2.300000000000000000e+02 1.268769648437500022e-02
2.310000000000000000e+02 1.286349796875000187e-02
2.320000000000000000e+02 1.302043218750000182e-02
2.330000000000000000e+02 1.315732078125000752e-02
2.340000000000000000e+02 1.327329523437500471e-02
2.350000000000000000e+02 1.336787570312500222e-02
2.360000000000000000e+02 1.344037179687500305e-02
2.370000000000000000e+02 1.349076390624999976e-02
2.380000000000000000e+02 1.351891742187499856e-02
2.390000000000000000e+02 1.352506007812500667e-02
2.400000000000000000e+02 1.350959046874999903e-02
2.410000000000000000e+02 1.347315585937499879e-02
2.420000000000000000e+02 1.341659218749999966e-02
2.430000000000000000e+02 1.334082734374999850e-02
2.440000000000000000e+02 1.324719296874999827e-02
2.450000000000000000e+02 1.313688437499999778e-02
2.460000000000000000e+02 1.301144765625000289e-02
2.470000000000000000e+02 1.287254218749999887e-02
2.480000000000000000e+02 1.272186562500000201e-02
2.490000000000000000e+02 1.256135078125000110e-02
2.500000000000000000e+02 1.239277968750000271e-02
2.510000000000000000e+02 1.221815546875000026e-02
2.520000000000000000e+02 1.203954921874999563e-02
2.530000000000000000e+02 1.185883437500000193e-02
2.540000000000000000e+02 1.167816953125000792e-02
2.550000000000000000e+02 1.149941796875000692e-02
2.560000000000000000e+02 1.132461015625000483e-02
2.570000000000000000e+02 1.115558593750000209e-02
2.580000000000000000e+02 1.099415000000000114e-02
2.590000000000000000e+02 1.084206796875000073e-02
2.600000000000000000e+02 1.070095859374999882e-02
2.610000000000000000e+02 1.057226796875000013e-02
2.620000000000000000e+02 1.045742031249999489e-02
2.630000000000000000e+02 1.035766640625000387e-02
2.640000000000000000e+02 1.027413203125000264e-02
2.650000000000000000e+02 1.020767968750000039e-02
2.660000000000000000e+02 1.015926640625000425e-02
2.670000000000000000e+02 1.012941250000000577e-02
2.680000000000000000e+02 1.011867500000000059e-02
2.690000000000000000e+02 1.012741015625000240e-02
2.700000000000000000e+02 1.015578046875000376e-02
2.710000000000000000e+02 1.020376328124999836e-02
2.720000000000000000e+02 1.027126484374999739e-02
2.730000000000000000e+02 1.035790781250000431e-02
2.740000000000000000e+02 1.046334921874999928e-02
2.750000000000000000e+02 1.058693281250000159e-02
2.760000000000000000e+02 1.072791640624999772e-02
2.770000000000000000e+02 1.088543124999999737e-02
2.780000000000000000e+02 1.105843437500000047e-02
2.790000000000000000e+02 1.124586093749999939e-02
2.800000000000000000e+02 1.144649453124999862e-02
2.810000000000000000e+02 1.165900859374999730e-02
2.820000000000000000e+02 1.188210703125000024e-02
2.830000000000000000e+02 1.211431562499999844e-02
2.840000000000000000e+02 1.235418515625000616e-02
2.850000000000000000e+02 1.260024218749999751e-02
2.860000000000000000e+02 1.285097656249999803e-02
2.870000000000000000e+02 1.310489765624999955e-02
2.880000000000000000e+02 1.336062890624999805e-02
2.890000000000000000e+02 1.361664140625000637e-02
2.900000000000000000e+02 1.387157265625000267e-02
2.910000000000000000e+02 1.412418359374999557e-02
2.920000000000000000e+02 1.437310156250000068e-02
2.930000000000000000e+02 1.461711484374999398e-02
2.940000000000000000e+02 1.485519999999999896e-02
2.950000000000000000e+02 1.508614921874999737e-02
2.960000000000000000e+02 1.530908125000000723e-02
2.970000000000000000e+02 1.552299687499999678e-02
2.980000000000000000e+02 1.572709687499999898e-02
2.990000000000000000e+02 1.592046171875000082e-02
3.000000000000000000e+02 1.610243125000000719e-02
3.010000000000000000e+02 1.627225781249999961e-02
3.020000000000000000e+02 1.642930781250000194e-02
3.030000000000000000e+02 1.657294765624999291e-02
3.040000000000000000e+02 1.670257500000000422e-02
3.050000000000000000e+02 1.681763359375000946e-02
3.060000000000000000e+02 1.691762734374999827e-02
3.070000000000000000e+02 1.700199921874998715e-02
3.080000000000000000e+02 1.707033437499998543e-02
3.090000000000000000e+02 1.712214765624999954e-02
3.100000000000000000e+02 1.715718437500000568e-02
3.110000000000000000e+02 1.717506874999999086e-02
3.120000000000000000e+02 1.717555390624999484e-02
3.130000000000000000e+02 1.715853125000000798e-02
3.140000000000000000e+02 1.712392499999999124e-02
3.150000000000000000e+02 1.707176796875000194e-02
3.160000000000000000e+02 1.700214687499999877e-02
3.170000000000000000e+02 1.691519999999999482e-02
3.180000000000000000e+02 1.681113437499999475e-02
3.190000000000000000e+02 1.669013359374999644e-02
3.200000000000000000e+02 1.655236093749998944e-02
3.210000000000000000e+02 1.639803593750000302e-02
3.220000000000000000e+02 1.622712265625000927e-02
3.230000000000000000e+02 1.603978750000000647e-02
3.240000000000000000e+02 1.583581015625000823e-02
3.250000000000000000e+02 1.561502656249999857e-02
3.260000000000000000e+02 1.537726171875001061e-02
3.270000000000000000e+02 1.512228203124999816e-02
3.280000000000000000e+02 1.484978515625000155e-02
3.290000000000000000e+02 1.455964062499999663e-02
3.300000000000000000e+02 1.425177851562499723e-02
3.310000000000000000e+02 1.392635820312500619e-02
3.320000000000000000e+02 1.358370249999999932e-02
3.330000000000000000e+02 1.322444437499999473e-02
3.340000000000000000e+02 1.284948187499999027e-02
3.350000000000000000e+02 1.246001421874999397e-02
3.360000000000000000e+02 1.205749804687500024e-02
3.370000000000000000e+02 1.164370632812498571e-02
3.380000000000000000e+02 1.122056179687500738e-02
3.390000000000000000e+02 1.079017874999999883e-02
3.400000000000000000e+02 1.035497789062499868e-02
3.410000000000000000e+02 9.917238476562497893e-03
3.420000000000000000e+02 9.479443109374994028e-03
3.430000000000000000e+02 9.044111046875000920e-03
3.440000000000000000e+02 8.613719882812500769e-03
3.450000000000000000e+02 8.190701547656250095e-03
3.460000000000000000e+02 7.777552015624999635e-03
3.470000000000000000e+02 7.376598320312501185e-03
3.480000000000000000e+02 6.990208203124998951e-03
3.490000000000000000e+02 6.620617921875000464e-03
3.500000000000000000e+02 6.269980492187501343e-03
3.510000000000000000e+02 5.940372585937496626e-03
3.520000000000000000e+02 5.633681250000003096e-03
3.530000000000000000e+02 5.351594765625000347e-03
3.540000000000000000e+02 5.095741820312501072e-03
3.550000000000000000e+02 4.867315703124998859e-03
3.560000000000000000e+02 4.667447415624999610e-03
3.570000000000000000e+02 4.496853929687500036e-03
3.580000000000000000e+02 4.355997109375003319e-03
3.590000000000000000e+02 4.245025781249999949e-03
3.600000000000000000e+02 4.163864687500000265e-03
3.610000000000000000e+02 4.112001328125001673e-03
3.620000000000000000e+02 4.088829531249999275e-03
3.630000000000000000e+02 4.093404062500000974e-03
3.640000000000000000e+02 4.124631796875001880e-03
3.650000000000000000e+02 4.181241640625000568e-03
3.660000000000000000e+02 4.261919023437498767e-03
3.670000000000000000e+02 4.365258593749999153e-03
3.680000000000000000e+02 4.489842507812498613e-03
3.690000000000000000e+02 4.634328859375000907e-03
3.700000000000000000e+02 4.797418609375003057e-03
3.710000000000000000e+02 4.977928546874998798e-03
3.720000000000000000e+02 5.174646440625000655e-03
3.730000000000000000e+02 5.386659691796876967e-03
3.740000000000000000e+02 5.612962814531250594e-03
3.750000000000000000e+02 5.852638879687500212e-03
3.760000000000000000e+02 6.104919992187500012e-03
3.770000000000000000e+02 6.368937781249998584e-03
3.780000000000000000e+02 6.643863757812500104e-03
3.790000000000000000e+02 6.928897484375001747e-03
3.800000000000000000e+02 7.223220585937498855e-03
3.810000000000000000e+02 7.525980437499996990e-03
3.820000000000000000e+02 7.836348554687498982e-03
3.830000000000000000e+02 8.153441953124998184e-03
3.840000000000000000e+02 8.476353828124992898e-03
3.850000000000000000e+02 8.804178125000004448e-03
3.860000000000000000e+02 9.135814609374995690e-03
3.870000000000000000e+02 9.470127265624992546e-03
3.880000000000000000e+02 9.805865703124994406e-03
3.890000000000000000e+02 1.014153242187499498e-02
3.900000000000000000e+02 1.047551101562499420e-02
3.910000000000000000e+02 1.080600843749999693e-02
3.920000000000000000e+02 1.113104976562500140e-02
3.930000000000000000e+02 1.144849062500000528e-02
3.940000000000000000e+02 1.175609374999999485e-02
3.950000000000000000e+02 1.205149507812500534e-02
3.960000000000000000e+02 1.233229140624999762e-02
3.970000000000000000e+02 1.259608578124999691e-02
3.980000000000000000e+02 1.284046031249999956e-02
3.990000000000000000e+02 1.306306062499998887e-02
4.000000000000000000e+02 1.326154140625001102e-02
4.010000000000000000e+02 1.343374289062500108e-02
4.020000000000000000e+02 1.357760242187499439e-02
4.030000000000000000e+02 1.369130109374999682e-02
4.040000000000000000e+02 1.377320968750001158e-02
4.050000000000000000e+02 1.382199718750000243e-02
4.060000000000000000e+02 1.383667421875000789e-02
4.070000000000000000e+02 1.381644859375000256e-02
4.080000000000000000e+02 1.376103898437500139e-02
4.090000000000000000e+02 1.367029750000000286e-02
4.100000000000000000e+02 1.354448289062499568e-02
4.110000000000000000e+02 1.338403533593750423e-02
4.120000000000000000e+02 1.318977144531249986e-02
4.130000000000000000e+02 1.296257420312500047e-02
4.140000000000000000e+02 1.270373165624999294e-02
4.150000000000000000e+02 1.241465029687499957e-02
4.160000000000000000e+02 1.209715020156248988e-02
4.170000000000000000e+02 1.175323242656250468e-02
4.180000000000000000e+02 1.138523998828124516e-02
4.190000000000000000e+02 1.099571895781249406e-02
4.200000000000000000e+02 1.058773626093750635e-02
4.210000000000000000e+02 1.016447348046874664e-02
4.220000000000000000e+02 9.729414812500000037e-03
4.230000000000000000e+02 9.286353171874997536e-03
4.240000000000000000e+02 8.839100312499998877e-03
4.250000000000000000e+02 8.391622257812505342e-03
4.260000000000000000e+02 7.947805149999999028e-03
4.270000000000000000e+02 7.511424443750002941e-03
4.280000000000000000e+02 7.085892022656247423e-03
4.290000000000000000e+02 6.674304765624998123e-03
4.300000000000000000e+02 6.279212007812505145e-03
4.310000000000000000e+02 5.902687670312498427e-03
4.320000000000000000e+02 5.546164298437499668e-03
4.330000000000000000e+02 5.210540254843751620e-03
4.340000000000000000e+02 4.896071945312498522e-03
4.350000000000000000e+02 4.602633585937499980e-03
4.360000000000000000e+02 4.329682103906252154e-03
4.370000000000000000e+02 4.076347869531248350e-03
4.380000000000000000e+02 3.841572679687499554e-03
4.390000000000000000e+02 3.624235398437498663e-03
4.400000000000000000e+02 3.423210601562499348e-03
4.410000000000000000e+02 3.237545257812500608e-03
4.420000000000000000e+02 3.066379976562498121e-03
4.430000000000000000e+02 2.909219978906248810e-03
4.440000000000000000e+02 2.765747042968751210e-03
4.450000000000000000e+02 2.635819885937500193e-03
4.460000000000000000e+02 2.519498671874999870e-03
4.470000000000000000e+02 2.416833703124999806e-03
4.480000000000000000e+02 2.327848115625000009e-03
4.490000000000000000e+02 2.252376877187499231e-03
4.500000000000000000e+02 2.190113996874999257e-03
4.510000000000000000e+02 2.140486625000000143e-03
4.520000000000000000e+02 2.102794148437500416e-03
4.530000000000000000e+02 2.076233625000000350e-03
4.540000000000000000e+02 2.060108851562499933e-03
4.550000000000000000e+02 2.053878341406251227e-03
4.560000000000000000e+02 2.057298987499999246e-03
4.570000000000000000e+02 2.070443218749999821e-03
4.580000000000000000e+02 2.093637445312499738e-03
4.590000000000000000e+02 2.127308992187500625e-03
4.600000000000000000e+02 2.171747257812498694e-03
4.610000000000000000e+02 2.226813054687499550e-03
4.620000000000000000e+02 2.291701015624998845e-03
4.630000000000000000e+02 2.364718828124998725e-03
4.640000000000000000e+02 2.443262242187499954e-03
4.650000000000000000e+02 2.523829609375002718e-03
4.660000000000000000e+02 2.602299648437501368e-03
4.670000000000000000e+02 2.674247531250001277e-03
4.680000000000000000e+02 2.735331078125000093e-03
4.690000000000000000e+02 2.781718617187501057e-03
4.700000000000000000e+02 2.810407148437497546e-03
4.710000000000000000e+02 2.819499714296876472e-03
4.720000000000000000e+02 2.808347460937500074e-03
4.730000000000000000e+02 2.777611437499998611e-03
4.740000000000000000e+02 2.729268367187500863e-03
4.750000000000000000e+02 2.666611898437499899e-03
4.760000000000000000e+02 2.594326726562499498e-03
4.770000000000000000e+02 2.518592304687498375e-03
4.780000000000000000e+02 2.447230765625002091e-03
4.790000000000000000e+02 2.389825601562499402e-03
4.800000000000000000e+02 2.357695421875001442e-03
4.810000000000000000e+02 2.363600460937499096e-03
4.820000000000000000e+02 2.421203828124998073e-03
4.830000000000000000e+02 2.544119687500001007e-03
4.840000000000000000e+02 2.744785390624997646e-03
4.850000000000000000e+02 3.033133906249999446e-03
4.860000000000000000e+02 3.415212922656249515e-03
4.870000000000000000e+02 3.891973632031249779e-03
4.880000000000000000e+02 4.458158765625001158e-03
4.890000000000000000e+02 5.101478664062501604e-03
4.900000000000000000e+02 5.802226687499999376e-03
4.910000000000000000e+02 6.533429320312497332e-03
4.920000000000000000e+02 7.261670671874996194e-03
4.930000000000000000e+02 7.948844369531249399e-03
4.940000000000000000e+02 8.554938146093754928e-03
4.950000000000000000e+02 9.041617210937501897e-03
4.960000000000000000e+02 9.376623132812495973e-03
4.970000000000000000e+02 9.537871242187502541e-03
4.980000000000000000e+02 9.517481156250005500e-03
4.990000000000000000e+02 9.324728289843748838e-03
5.000000000000000000e+02 8.987198484375001975e-03
5.010000000000000000e+02 8.550630259375000680e-03
5.020000000000000000e+02 8.075973765624995873e-03
5.030000000000000000e+02 7.634499593749995670e-03
5.040000000000000000e+02 7.300234374999999866e-03
5.050000000000000000e+02 7.140252585937501353e-03
5.060000000000000000e+02 7.205026171874998400e-03
5.070000000000000000e+02 7.522376023437501828e-03
5.080000000000000000e+02 8.102914875000002265e-03
5.090000000000000000e+02 8.969478203125002408e-03
5.100000000000000000e+02 1.022788085937499647e-02
5.110000000000000000e+02 1.220749603124999909e-02
