0.000000000000000000e+00 2.639613359374998799e-03
1.000000000000000000e+00 2.629965546875001180e-03
2.000000000000000000e+00 2.610762578124997506e-03
3.000000000000000000e+00 2.582174843749999570e-03
4.000000000000000000e+00 2.544469062499998824e-03
5.000000000000000000e+00 2.497985859375000724e-03
6.000000000000000000e+00 2.443149843750000785e-03
7.000000000000000000e+00 2.380465781250001335e-03
8.000000000000000000e+00 2.310513984374999198e-03
9.000000000000000000e+00 2.233926562500000365e-03
1.000000000000000000e+01 2.151389609374999325e-03
1.100000000000000000e+01 2.063664921874999725e-03
1.200000000000000000e+01 1.971554374999999731e-03
1.300000000000000000e+01 1.875892656249999535e-03
1.400000000000000000e+01 1.777541445312499652e-03
1.500000000000000000e+01 1.677401625000000127e-03
1.600000000000000000e+01 1.576369062499999524e-03
1.700000000000000000e+01 1.475364921875000441e-03
1.800000000000000000e+01 1.375301206250000366e-03
1.900000000000000000e+01 1.277091376562500095e-03
2.000000000000000000e+01 1.181613015624999536e-03
2.100000000000000000e+01 1.089736249999999221e-03
2.200000000000000000e+01 1.002289476562500141e-03
2.300000000000000000e+01 9.200805390624997027e-04
2.400000000000000000e+01 8.438542656250001871e-04
2.500000000000000000e+01 7.743083437500002802e-04
2.600000000000000000e+01 7.120857265624999394e-04
2.700000000000000000e+01 6.577690828125000184e-04
2.800000000000000000e+01 6.118732695312499408e-04
2.900000000000000000e+01 5.748356734374999869e-04
3.000000000000000000e+01 5.470290750781251236e-04
3.100000000000000000e+01 5.287446092968750436e-04
3.200000000000000000e+01 5.201926128125001223e-04
3.300000000000000000e+01 5.215041202343749733e-04
3.400000000000000000e+01 5.327247914062499317e-04
3.500000000000000000e+01 5.538212890625000872e-04
3.600000000000000000e+01 5.846801265625001373e-04
3.700000000000000000e+01 6.250991960937500157e-04
3.800000000000000000e+01 6.748090562500003815e-04
3.900000000000000000e+01 7.334493351562499253e-04
4.000000000000000000e+01 8.005986742187500785e-04
4.100000000000000000e+01 8.757588812499998666e-04
4.200000000000000000e+01 9.583689250000000139e-04
4.300000000000000000e+01 1.047807128125000185e-03
4.400000000000000000e+01 1.143391878906250192e-03
4.500000000000000000e+01 1.244398214062500873e-03
4.600000000000000000e+01 1.350040796093749784e-03
4.700000000000000000e+01 1.459532063281249745e-03
4.800000000000000000e+01 1.572011911093750252e-03
4.900000000000000000e+01 1.686621546093749558e-03
5.000000000000000000e+01 1.802468781250000452e-03
5.100000000000000000e+01 1.918682210937500653e-03
5.200000000000000000e+01 2.034351023437499552e-03
5.300000000000000000e+01 2.148597335937499526e-03
5.400000000000000000e+01 2.260537140624999455e-03
5.500000000000000000e+01 2.369321718749998942e-03
5.600000000000000000e+01 2.474118921875001660e-03
5.700000000000000000e+01 2.574139062500001296e-03
5.800000000000000000e+01 2.668636015624999396e-03
5.900000000000000000e+01 2.756886718750000981e-03
6.000000000000000000e+01 2.838254062499999657e-03
6.100000000000000000e+01 2.912139921875001470e-03
6.200000000000000000e+01 2.978023515624999944e-03
6.300000000000000000e+01 3.035453984374999938e-03
6.400000000000000000e+01 3.084028359374997585e-03
6.500000000000000000e+01 3.123458046874998638e-03
6.600000000000000000e+01 3.153510078124998652e-03
6.700000000000000000e+01 3.174043125000000024e-03
6.800000000000000000e+01 3.185013203124999887e-03
6.900000000000000000e+01 3.186438515625000800e-03
7.000000000000000000e+01 3.178431796874996336e-03
7.100000000000000000e+01 3.161208046875000829e-03
7.200000000000000000e+01 3.135053046875000034e-03
7.300000000000000000e+01 3.100341718749999569e-03
7.400000000000000000e+01 3.057525078125000132e-03
7.500000000000000000e+01 3.007123281250000720e-03
7.600000000000000000e+01 2.949762656249998657e-03
7.700000000000000000e+01 2.886105390624999715e-03
7.800000000000000000e+01 2.816885695312498859e-03
7.900000000000000000e+01 2.742900875000000346e-03
8.000000000000000000e+01 2.664990078125000720e-03
8.100000000000000000e+01 2.584048351562499846e-03
8.200000000000000000e+01 2.500978515624997615e-03
8.300000000000000000e+01 2.416724171875000646e-03
8.400000000000000000e+01 2.332253990625000276e-03
8.500000000000000000e+01 2.248521529140625266e-03
8.600000000000000000e+01 2.166485140624999604e-03
8.700000000000000000e+01 2.087097750000000904e-03
8.800000000000000000e+01 2.011264117187500176e-03
8.900000000000000000e+01 1.939881437500000274e-03
9.000000000000000000e+01 1.873791687499998639e-03
9.100000000000000000e+01 1.813771242187500136e-03
9.200000000000000000e+01 1.760560515624999935e-03
9.300000000000000000e+01 1.714798648437500109e-03
9.400000000000000000e+01 1.677066296875000121e-03
9.500000000000000000e+01 1.647853591406250699e-03
9.600000000000000000e+01 1.627541392968750349e-03
9.700000000000000000e+01 1.616440133593750666e-03
9.800000000000000000e+01 1.614737492187500378e-03
9.900000000000000000e+01 1.622529023437499496e-03
1.000000000000000000e+02 1.639791484374999780e-03
1.010000000000000000e+02 1.666406960937499978e-03
1.020000000000000000e+02 1.702142851562500224e-03
1.030000000000000000e+02 1.746672125000000696e-03
1.040000000000000000e+02 1.799554156250000002e-03
1.050000000000000000e+02 1.860279124999999773e-03
1.060000000000000000e+02 1.928225617187499883e-03
1.070000000000000000e+02 2.002709070312499832e-03
1.080000000000000000e+02 2.082959796874999693e-03
1.090000000000000000e+02 2.168159320312500280e-03
1.100000000000000000e+02 2.257448348437499780e-03
1.110000000000000000e+02 2.349910656249999414e-03
1.120000000000000000e+02 2.444625507812501000e-03
1.130000000000000000e+02 2.540652929687500176e-03
1.140000000000000000e+02 2.637061242187500962e-03
1.150000000000000000e+02 2.732930624999999839e-03
1.160000000000000000e+02 2.827386445312500291e-03
1.170000000000000000e+02 2.919576523437500057e-03
1.180000000000000000e+02 3.008731178906248922e-03
1.190000000000000000e+02 3.094139864999999236e-03
1.200000000000000000e+02 3.175168460156249390e-03
1.210000000000000000e+02 3.251286698437496573e-03
1.220000000000000000e+02 3.322066141562499391e-03
1.230000000000000000e+02 3.387166960156250562e-03
1.240000000000000000e+02 3.446370453125000878e-03
1.250000000000000000e+02 3.499614101562500013e-03
1.260000000000000000e+02 3.546888671875000724e-03
1.270000000000000000e+02 3.588353914062500025e-03
1.280000000000000000e+02 3.624233062499999675e-03
1.290000000000000000e+02 3.654960343750000753e-03
1.300000000000000000e+02 3.680987296875000859e-03
1.310000000000000000e+02 3.702900407031250573e-03
1.320000000000000000e+02 3.721374320312499564e-03
1.330000000000000000e+02 3.737147890625000524e-03
1.340000000000000000e+02 3.751047449406249602e-03
1.350000000000000000e+02 3.763981140624999503e-03
1.360000000000000000e+02 3.776821721093748599e-03
1.370000000000000000e+02 3.790520671874998259e-03
1.380000000000000000e+02 3.806039406249999563e-03
1.390000000000000000e+02 3.824289124999998447e-03
1.400000000000000000e+02 3.846182525781248040e-03
1.410000000000000000e+02 3.872614853906248145e-03
1.420000000000000000e+02 3.904375953125000659e-03
1.430000000000000000e+02 3.942189742187500283e-03
1.440000000000000000e+02 3.986720765624999184e-03
1.450000000000000000e+02 4.038539453125001774e-03
1.460000000000000000e+02 4.098067890624999474e-03
1.470000000000000000e+02 4.165649921875001251e-03
1.480000000000000000e+02 4.241424062500000550e-03
1.490000000000000000e+02 4.325486484375000960e-03
1.500000000000000000e+02 4.417731562500000833e-03
1.510000000000000000e+02 4.517931328125000465e-03
1.520000000000000000e+02 4.625708515625000239e-03
1.530000000000000000e+02 4.740540054687499873e-03
1.540000000000000000e+02 4.861783843749998418e-03
1.550000000000000000e+02 4.988669656250002520e-03
1.560000000000000000e+02 5.120274808593748561e-03
1.570000000000000000e+02 5.255575609374998555e-03
1.580000000000000000e+02 5.393492285937499971e-03
1.590000000000000000e+02 5.532799501562501304e-03
1.600000000000000000e+02 5.672254179687501695e-03
1.610000000000000000e+02 5.810580898437499829e-03
1.620000000000000000e+02 5.946400945312502011e-03
1.630000000000000000e+02 6.078365250000002107e-03
1.640000000000000000e+02 6.205172023437503792e-03
1.650000000000000000e+02 6.325529843749998563e-03
1.660000000000000000e+02 6.438110937499998999e-03
1.670000000000000000e+02 6.541854765625001490e-03
1.680000000000000000e+02 6.635615703124999286e-03
1.690000000000000000e+02 6.718447499999998657e-03
1.700000000000000000e+02 6.789541015625000057e-03
1.710000000000000000e+02 6.848237109374998716e-03
1.720000000000000000e+02 6.893986328125004982e-03
1.730000000000000000e+02 6.926483203124999231e-03
1.740000000000000000e+02 6.945629140625000399e-03
1.750000000000000000e+02 6.951443515624998286e-03
1.760000000000000000e+02 6.944194062499999855e-03
1.770000000000000000e+02 6.924427500000000096e-03
1.780000000000000000e+02 6.892790687500000707e-03
1.790000000000000000e+02 6.850212312500002058e-03
1.800000000000000000e+02 6.797776078124997089e-03
1.810000000000000000e+02 6.736767851562500478e-03
1.820000000000000000e+02 6.668636734374996065e-03
1.830000000000000000e+02 6.595083656249996901e-03
1.840000000000000000e+02 6.517802289062497520e-03
1.850000000000000000e+02 6.438713980781248306e-03
1.860000000000000000e+02 6.359869371874999310e-03
1.870000000000000000e+02 6.283265445312500100e-03
1.880000000000000000e+02 6.211086914062496044e-03
1.890000000000000000e+02 6.145395982031248532e-03
1.900000000000000000e+02 6.088386632031250571e-03
1.910000000000000000e+02 6.042057931250003310e-03
1.920000000000000000e+02 6.008542187499999430e-03
1.930000000000000000e+02 5.989668914062501112e-03
1.940000000000000000e+02 5.987236921874997293e-03
1.950000000000000000e+02 6.002877289062498976e-03
1.960000000000000000e+02 6.038042601562498141e-03
1.970000000000000000e+02 6.093985625000001086e-03
1.980000000000000000e+02 6.171686023437498482e-03
1.990000000000000000e+02 6.271952000000003379e-03
2.000000000000000000e+02 6.395269990624999866e-03
2.010000000000000000e+02 6.541882429687499723e-03
2.020000000000000000e+02 6.711742484374999887e-03
2.030000000000000000e+02 6.904555007812499499e-03
2.040000000000000000e+02 7.119686882812506327e-03
2.050000000000000000e+02 7.356261476562496286e-03
2.060000000000000000e+02 7.613132632812500203e-03
2.070000000000000000e+02 7.888828984375000422e-03
2.080000000000000000e+02 8.181667718750002330e-03
2.090000000000000000e+02 8.489833937499998220e-03
2.100000000000000000e+02 8.811148593749998370e-03
2.110000000000000000e+02 9.143326484374995206e-03
2.120000000000000000e+02 9.483921249999999192e-03
2.130000000000000000e+02 9.830278671875001401e-03
2.140000000000000000e+02 1.017976703125000361e-02
2.150000000000000000e+02 1.052964562499999861e-02
2.160000000000000000e+02 1.087711515624999355e-02
2.170000000000000000e+02 1.121936226562499951e-02
2.180000000000000000e+02 1.155364561718750203e-02
2.190000000000000000e+02 1.187727798437499156e-02
2.200000000000000000e+02 1.218768275000000484e-02
2.210000000000000000e+02 1.248247875000000479e-02
2.220000000000000000e+02 1.275926148437500109e-02
2.230000000000000000e+02 1.301596460937499630e-02
2.240000000000000000e+02 1.325066953124999850e-02
2.250000000000000000e+02 1.346179570312500302e-02
2.260000000000000000e+02 1.364790585937500529e-02
2.270000000000000000e+02 1.380776000000000399e-02
2.280000000000000000e+02 1.394065140625000421e-02
2.290000000000000000e+02 1.404579242187499986e-02
2.300000000000000000e+02 1.412299781249999782e-02
2.310000000000000000e+02 1.417220835937500582e-02
2.320000000000000000e+02 1.419365859375000191e-02
2.330000000000000000e+02 1.418793882812499109e-02
2.340000000000000000e+02 1.415568648437499563e-02
2.350000000000000000e+02 1.409801328124999677e-02
2.360000000000000000e+02 1.401608187500000616e-02
2.370000000000000000e+02 1.391148890624999655e-02
2.380000000000000000e+02 1.378571453124999464e-02
2.390000000000000000e+02 1.364061937499999946e-02
2.400000000000000000e+02 1.347810429687500144e-02
2.410000000000000000e+02 1.330028078125000159e-02
2.420000000000000000e+02 1.310922851562501545e-02
2.430000000000000000e+02 1.290715179687500214e-02
2.440000000000000000e+02 1.269628937500000103e-02
2.450000000000000000e+02 1.247888609374999194e-02
2.460000000000000000e+02 1.225718093750000071e-02
2.470000000000000000e+02 1.203336765624999499e-02
2.480000000000000000e+02 1.180958054687500022e-02
2.490000000000000000e+02 1.158789781250000456e-02
2.500000000000000000e+02 1.137032000000000494e-02
2.510000000000000000e+02 1.115869078125000108e-02
2.520000000000000000e+02 1.095473374999999562e-02
2.530000000000000000e+02 1.076002070312500301e-02
2.540000000000000000e+02 1.057612695312499899e-02
2.550000000000000000e+02 1.040425476562500604e-02
2.560000000000000000e+02 1.024558257812499887e-02
2.570000000000000000e+02 1.010114359375000222e-02
2.580000000000000000e+02 9.971704140624995660e-03
2.590000000000000000e+02 9.857948593749991939e-03
2.600000000000000000e+02 9.760431171875003781e-03
2.610000000000000000e+02 9.679542968750003140e-03
2.620000000000000000e+02 9.615483515625000352e-03
2.630000000000000000e+02 9.568330078125001151e-03
2.640000000000000000e+02 9.538063984375004523e-03
2.650000000000000000e+02 9.524580312500002810e-03
2.660000000000000000e+02 9.527557109374999375e-03
2.670000000000000000e+02 9.546630468750004483e-03
2.680000000000000000e+02 9.581398515624997211e-03
2.690000000000000000e+02 9.631238593750002588e-03
2.700000000000000000e+02 9.695618515624995423e-03
2.710000000000000000e+02 9.773804296874995592e-03
2.720000000000000000e+02 9.865067578124999195e-03
2.730000000000000000e+02 9.968664453124999672e-03
2.740000000000000000e+02 1.008381312500000043e-02
2.750000000000000000e+02 1.020963296875000183e-02
2.760000000000000000e+02 1.034533203124999960e-02
2.770000000000000000e+02 1.049007578125000367e-02
2.780000000000000000e+02 1.064304687500000277e-02
2.790000000000000000e+02 1.080353203125000369e-02
2.800000000000000000e+02 1.097074375000000115e-02
2.810000000000000000e+02 1.114398359375000369e-02
2.820000000000000000e+02 1.132266953125000628e-02
2.830000000000000000e+02 1.150613359375000054e-02
2.840000000000000000e+02 1.169393671874999902e-02
2.850000000000000000e+02 1.188559062499999243e-02
2.860000000000000000e+02 1.208063828125000017e-02
2.870000000000000000e+02 1.227878281249999634e-02
2.880000000000000000e+02 1.247967734374999874e-02
2.890000000000000000e+02 1.268311718750000060e-02
2.900000000000000000e+02 1.288874765625000474e-02
2.910000000000000000e+02 1.309650859375000552e-02
2.920000000000000000e+02 1.330610000000000299e-02
2.930000000000000000e+02 1.351733828124999752e-02
2.940000000000000000e+02 1.372998203125000254e-02
2.950000000000000000e+02 1.394396484374999662e-02
2.960000000000000000e+02 1.415872031249999947e-02
2.970000000000000000e+02 1.437412187499999446e-02
2.980000000000000000e+02 1.458964687499999906e-02
2.990000000000000000e+02 1.480487578124999731e-02
3.000000000000000000e+02 1.501928515625000453e-02
3.010000000000000000e+02 1.523203359375000475e-02
3.020000000000000000e+02 1.544243828124999655e-02
3.030000000000000000e+02 1.564960781249999724e-02
3.040000000000000000e+02 1.585260703124999684e-02
3.050000000000000000e+02 1.605035859375000123e-02
3.060000000000000000e+02 1.624191718749999624e-02
3.070000000000000000e+02 1.642596874999998832e-02
3.080000000000000000e+02 1.660167343750000232e-02
3.090000000000000000e+02 1.676783671875000867e-02
3.100000000000000000e+02 1.692342968750000509e-02
3.110000000000000000e+02 1.706756640625000862e-02
3.120000000000000000e+02 1.719920781249999892e-02
3.130000000000000000e+02 1.731762499999999622e-02
3.140000000000000000e+02 1.742200000000000693e-02
3.150000000000000000e+02 1.751138984375000610e-02
3.160000000000000000e+02 1.758510078125000500e-02
3.170000000000000000e+02 1.764221484374999330e-02
3.180000000000000000e+02 1.768180156249999149e-02
3.190000000000000000e+02 1.770273906250000723e-02
3.200000000000000000e+02 1.770416249999999178e-02
3.210000000000000000e+02 1.768477734375000637e-02
3.220000000000000000e+02 1.764349531249997591e-02
3.230000000000000000e+02 1.757915312499999660e-02
3.240000000000000000e+02 1.749061015624999577e-02
3.250000000000000000e+02 1.737689453125000963e-02
3.260000000000000000e+02 1.723720703125000003e-02
3.270000000000000000e+02 1.707097265624999208e-02
3.280000000000000000e+02 1.687780937499998996e-02
3.290000000000000000e+02 1.665776562499999072e-02
3.300000000000000000e+02 1.641103671875000086e-02
3.310000000000000000e+02 1.613826874999998648e-02
3.320000000000000000e+02 1.584023046875000437e-02
3.330000000000000000e+02 1.551826898437500338e-02
3.340000000000000000e+02 1.517370390625000058e-02
3.350000000000000000e+02 1.480820656249999707e-02
3.360000000000000000e+02 1.442376343750001108e-02
3.370000000000000000e+02 1.402241835937500028e-02
3.380000000000000000e+02 1.360653140625000569e-02
3.390000000000000000e+02 1.317864390624999375e-02
3.400000000000000000e+02 1.274146820312500351e-02
3.410000000000000000e+02 1.229794796874999867e-02
3.420000000000000000e+02 1.185121322656249206e-02
3.430000000000000000e+02 1.140441284375000482e-02
3.440000000000000000e+02 1.096109619453126093e-02
3.450000000000000000e+02 1.052470477554687603e-02
3.460000000000000000e+02 1.009888996874999667e-02
3.470000000000000000e+02 9.687019898437503052e-03
3.480000000000000000e+02 9.292640765625003949e-03
3.490000000000000000e+02 8.919015937500001864e-03
3.500000000000000000e+02 8.569220468749999542e-03
3.510000000000000000e+02 8.245972734375009439e-03
3.520000000000000000e+02 7.951762656249998160e-03
3.530000000000000000e+02 7.688507031249999790e-03
3.540000000000000000e+02 7.457895859374999090e-03
3.550000000000000000e+02 7.260960078124997254e-03
3.560000000000000000e+02 7.098408749999999233e-03
3.570000000000000000e+02 6.970439804687496473e-03
3.580000000000000000e+02 6.876745898437498956e-03
3.590000000000000000e+02 6.816664609374999302e-03
3.600000000000000000e+02 6.789132359375000050e-03
3.610000000000000000e+02 6.792650333593748882e-03
3.620000000000000000e+02 6.825527179687498024e-03
3.630000000000000000e+02 6.885630601562498822e-03
3.640000000000000000e+02 6.970736625000000485e-03
3.650000000000000000e+02 7.078416093749997050e-03
3.660000000000000000e+02 7.206034374999998986e-03
3.670000000000000000e+02 7.350817187500000710e-03
3.680000000000000000e+02 7.509999609375001689e-03
3.690000000000000000e+02 7.680769062499997850e-03
3.700000000000000000e+02 7.860095234375004750e-03
3.710000000000000000e+02 8.045218203124999273e-03
3.720000000000000000e+02 8.233261640625004832e-03
3.730000000000000000e+02 8.421562578125001489e-03
3.740000000000000000e+02 8.607496718749999692e-03
3.750000000000000000e+02 8.788782343750000878e-03
3.760000000000000000e+02 8.963394765625000427e-03
3.770000000000000000e+02 9.129564843749998423e-03
3.780000000000000000e+02 9.285871875000000636e-03
3.790000000000000000e+02 9.431196875000002339e-03
3.800000000000000000e+02 9.564985156249997122e-03
3.810000000000000000e+02 9.686633593749995400e-03
3.820000000000000000e+02 9.796062500000007889e-03
3.830000000000000000e+02 9.893325781250010553e-03
3.840000000000000000e+02 9.978653906250006117e-03
3.850000000000000000e+02 1.005240703125000190e-02
3.860000000000000000e+02 1.011493281250000140e-02
3.870000000000000000e+02 1.016680546874999987e-02
3.880000000000000000e+02 1.020852578125000520e-02
3.890000000000000000e+02 1.024071562499999713e-02
3.900000000000000000e+02 1.026397656250000248e-02
3.910000000000000000e+02 1.027888593750000620e-02
3.920000000000000000e+02 1.028610078125000160e-02
3.930000000000000000e+02 1.028626250000000235e-02
3.940000000000000000e+02 1.027990078125000373e-02
3.950000000000000000e+02 1.026749687500000049e-02
3.960000000000000000e+02 1.024949062500000660e-02
3.970000000000000000e+02 1.022610937500000039e-02
3.980000000000000000e+02 1.019755312499999803e-02
3.990000000000000000e+02 1.016382499999999960e-02
4.000000000000000000e+02 1.012484476562499833e-02
4.010000000000000000e+02 1.008034523437499955e-02
4.020000000000000000e+02 1.002999875000000138e-02
4.030000000000000000e+02 9.973315078124997748e-03
4.040000000000000000e+02 9.909767031249993793e-03
4.050000000000000000e+02 9.838598828125001347e-03
4.060000000000000000e+02 9.759165781250004126e-03
4.070000000000000000e+02 9.670654609374997393e-03
4.080000000000000000e+02 9.572302656250005273e-03
4.090000000000000000e+02 9.463464453124991946e-03
4.100000000000000000e+02 9.343460859374997859e-03
4.110000000000000000e+02 9.211895546874997870e-03
4.120000000000000000e+02 9.068479375000005824e-03
4.130000000000000000e+02 8.913201874999996874e-03
4.140000000000000000e+02 8.746245937500004425e-03
4.150000000000000000e+02 8.568068906250000255e-03
4.160000000000000000e+02 8.379398828124998838e-03
4.170000000000000000e+02 8.181219531250000579e-03
4.180000000000000000e+02 7.974819218749996594e-03
4.190000000000000000e+02 7.761547734374998030e-03
4.200000000000000000e+02 7.543085546875005938e-03
4.210000000000000000e+02 7.320999453125004441e-03
4.220000000000000000e+02 7.097048359375004480e-03
4.230000000000000000e+02 6.872726874999995211e-03
4.240000000000000000e+02 6.649431484375002699e-03
4.250000000000000000e+02 6.428166093749998998e-03
4.260000000000000000e+02 6.209616640625001231e-03
4.270000000000000000e+02 5.994176562500004406e-03
4.280000000000000000e+02 5.781651406249998550e-03
4.290000000000000000e+02 5.571745234374997184e-03
4.300000000000000000e+02 5.363815781250002267e-03
4.310000000000000000e+02 5.157127421875002012e-03
4.320000000000000000e+02 4.951079609374998969e-03
4.330000000000000000e+02 4.745203828125000786e-03
4.340000000000000000e+02 4.539447500000001745e-03
4.350000000000000000e+02 4.334191640624996886e-03
4.360000000000000000e+02 4.130372265625000504e-03
4.370000000000000000e+02 3.929445234375002205e-03
4.380000000000000000e+02 3.733327265624999686e-03
4.390000000000000000e+02 3.544240390624996476e-03
4.400000000000000000e+02 3.364609609375001156e-03
4.410000000000000000e+02 3.196762499999999431e-03
4.420000000000000000e+02 3.042835859375001527e-03
4.430000000000000000e+02 2.904475820312501632e-03
4.440000000000000000e+02 2.782909710937498619e-03
4.450000000000000000e+02 2.678748414062500759e-03
4.460000000000000000e+02 2.592113716406251218e-03
4.470000000000000000e+02 2.522651057031249835e-03
4.480000000000000000e+02 2.469715231249998682e-03
4.490000000000000000e+02 2.432539980000000476e-03
4.500000000000000000e+02 2.410373086015625988e-03
4.510000000000000000e+02 2.402633231249999991e-03
4.520000000000000000e+02 2.408912610937498106e-03
4.530000000000000000e+02 2.429021980468750851e-03
4.540000000000000000e+02 2.462843757812500402e-03
4.550000000000000000e+02 2.510139953124998404e-03
4.560000000000000000e+02 2.570329740624999366e-03
4.570000000000000000e+02 2.642328898437499955e-03
4.580000000000000000e+02 2.724342945312501277e-03
4.590000000000000000e+02 2.813936953125001621e-03
4.600000000000000000e+02 2.907999437499998122e-03
4.610000000000000000e+02 3.002990578124998047e-03
4.620000000000000000e+02 3.095254734374999154e-03
4.630000000000000000e+02 3.181305304687500213e-03
4.640000000000000000e+02 3.258193976562500510e-03
4.650000000000000000e+02 3.323731775781249911e-03
4.660000000000000000e+02 3.376574085937498679e-03
4.670000000000000000e+02 3.416101617187500272e-03
4.680000000000000000e+02 3.442165353906248993e-03
4.690000000000000000e+02 3.454653107968748763e-03
4.700000000000000000e+02 3.453098303125000726e-03
4.710000000000000000e+02 3.436395851562500277e-03
4.720000000000000000e+02 3.402730476562500044e-03
4.730000000000000000e+02 3.349812406250000409e-03
4.740000000000000000e+02 3.275424648437499312e-03
4.750000000000000000e+02 3.178155523437500591e-03
4.760000000000000000e+02 3.058209437499997702e-03
4.770000000000000000e+02 2.918088187499998706e-03
4.780000000000000000e+02 2.763044489062501958e-03
4.790000000000000000e+02 2.601203921874999797e-03
4.800000000000000000e+02 2.443370031249999814e-03
4.810000000000000000e+02 2.302526398437498758e-03
4.820000000000000000e+02 2.193152148437501302e-03
4.830000000000000000e+02 2.130225265625000641e-03
4.840000000000000000e+02 2.128080281250000361e-03
4.850000000000000000e+02 2.199002531250000402e-03
4.860000000000000000e+02 2.351703659374998305e-03
4.870000000000000000e+02 2.589847155468752177e-03
4.880000000000000000e+02 2.910788609374998035e-03
4.890000000000000000e+02 3.304898054687499444e-03
4.900000000000000000e+02 3.755471895312500596e-03
4.910000000000000000e+02 4.239412812500001002e-03
4.920000000000000000e+02 4.728530296875001898e-03
4.930000000000000000e+02 5.191478132812496482e-03
4.940000000000000000e+02 5.596269429687498326e-03
4.950000000000000000e+02 5.913146812499998038e-03
4.960000000000000000e+02 6.118264382812503045e-03
4.970000000000000000e+02 6.197536007812499796e-03
4.980000000000000000e+02 6.150679726562502045e-03
4.990000000000000000e+02 5.994501054687502092e-03
5.000000000000000000e+02 5.764528863281250838e-03
5.010000000000000000e+02 5.513978550000001380e-03
5.020000000000000000e+02 5.308613419531250238e-03
5.030000000000000000e+02 5.218087688046873542e-03
5.040000000000000000e+02 5.303704453125002161e-03
5.050000000000000000e+02 5.605007914062497959e-03
5.060000000000000000e+02 6.127189109374998541e-03
5.070000000000000000e+02 6.834090156249997446e-03
5.080000000000000000e+02 7.653491476562499646e-03
5.090000000000000000e+02 8.508137039062495244e-03
5.100000000000000000e+02 9.394836148437503767e-03
5.110000000000000000e+02 1.054861870859375057e-02
