0.000000000000000000e+00 2.187245234375000732e-03
1.000000000000000000e+00 2.179391171875000918e-03
2.000000000000000000e+00 2.163759765624999071e-03
3.000000000000000000e+00 2.140494609374999409e-03
4.000000000000000000e+00 2.109804765625000744e-03
5.000000000000000000e+00 2.071982578125000120e-03
6.000000000000000000e+00 2.027373906250000239e-03
7.000000000000000000e+00 1.976392812499999131e-03
8.000000000000000000e+00 1.919511406250000050e-03
9.000000000000000000e+00 1.857247187499999706e-03
1.000000000000000000e+01 1.790187187500000277e-03
1.100000000000000000e+01 1.718946523437500434e-03
1.200000000000000000e+01 1.644173062500000259e-03
1.300000000000000000e+01 1.566570046874999744e-03
1.400000000000000000e+01 1.486841359374999842e-03
1.500000000000000000e+01 1.405727116406249068e-03
1.600000000000000000e+01 1.323975609921874529e-03
1.700000000000000000e+01 1.242347180468750386e-03
1.800000000000000000e+01 1.161579757812500075e-03
1.900000000000000000e+01 1.082430976562500247e-03
2.000000000000000000e+01 1.005633203124999811e-03
2.100000000000000000e+01 9.318914609375003122e-04
2.200000000000000000e+01 8.619053749999997438e-04
2.300000000000000000e+01 7.963190749999996768e-04
2.400000000000000000e+01 7.357499234375000294e-04
2.500000000000000000e+01 6.807744624999998708e-04
2.600000000000000000e+01 6.319188703124998868e-04
2.700000000000000000e+01 5.896587820312502613e-04
2.800000000000000000e+01 5.544099062499996964e-04
2.900000000000000000e+01 5.265280078125000613e-04
3.000000000000000000e+01 5.063180000000000675e-04
3.100000000000000000e+01 4.940023515625000363e-04
3.200000000000000000e+01 4.897546875000003026e-04
3.300000000000000000e+01 4.936616640625000321e-04
3.400000000000000000e+01 5.057661328125003051e-04
3.500000000000000000e+01 5.260227476562497496e-04
3.600000000000000000e+01 5.543218882812498598e-04
3.700000000000000000e+01 5.904976406250001452e-04
3.800000000000000000e+01 6.343068025000005421e-04
3.900000000000000000e+01 6.854493234374999574e-04
4.000000000000000000e+01 7.435663158593748719e-04
4.100000000000000000e+01 8.082463160156257631e-04
4.200000000000000000e+01 8.790049382812498580e-04
4.300000000000000000e+01 9.553375742968747090e-04
4.400000000000000000e+01 1.036680875000000734e-03
4.500000000000000000e+01 1.122417695312500838e-03
4.600000000000000000e+01 1.211924445312500057e-03
4.700000000000000000e+01 1.304528398437499901e-03
4.800000000000000000e+01 1.399546531250000147e-03
4.900000000000000000e+01 1.496262171875000716e-03
5.000000000000000000e+01 1.593971242187500106e-03
5.100000000000000000e+01 1.691933515625000661e-03
5.200000000000000000e+01 1.789429140625000076e-03
5.300000000000000000e+01 1.885749531250000520e-03
5.400000000000000000e+01 1.980182187500000805e-03
5.500000000000000000e+01 2.072038359375000683e-03
5.600000000000000000e+01 2.160661718750001275e-03
5.700000000000000000e+01 2.245414609375001244e-03
5.800000000000000000e+01 2.325697265624998827e-03
5.900000000000000000e+01 2.400941562499999456e-03
6.000000000000000000e+01 2.470655703124999183e-03
6.100000000000000000e+01 2.534348046875000045e-03
6.200000000000000000e+01 2.591624921875001521e-03
6.300000000000000000e+01 2.642120546875000118e-03
6.400000000000000000e+01 2.685529218750001487e-03
6.500000000000000000e+01 2.721637890624999806e-03
6.600000000000000000e+01 2.750260843749999587e-03
6.700000000000000000e+01 2.771297476562498488e-03
6.800000000000000000e+01 2.784716898437500192e-03
6.900000000000000000e+01 2.790549101562499971e-03
7.000000000000000000e+01 2.788896742187500603e-03
7.100000000000000000e+01 2.779928992187499347e-03
7.200000000000000000e+01 2.763886687500001060e-03
7.300000000000000000e+01 2.741078000000000525e-03
7.400000000000000000e+01 2.711861078124998964e-03
7.500000000000000000e+01 2.676678179687499298e-03
7.600000000000000000e+01 2.636011765624999767e-03
7.700000000000000000e+01 2.590411550000000767e-03
7.800000000000000000e+01 2.540458849218750655e-03
7.900000000000000000e+01 2.486803331328124329e-03
8.000000000000000000e+01 2.430122718203125715e-03
8.100000000000000000e+01 2.371126410156249118e-03
8.200000000000000000e+01 2.310563853906250249e-03
8.300000000000000000e+01 2.249195942968750667e-03
8.400000000000000000e+01 2.187788874999999512e-03
8.500000000000000000e+01 2.127139859375000528e-03
8.600000000000000000e+01 2.068023890625000829e-03
8.700000000000000000e+01 2.011220749999999800e-03
8.800000000000000000e+01 1.957480929687500319e-03
8.900000000000000000e+01 1.907539265624999189e-03
9.000000000000000000e+01 1.862097388281250309e-03
9.100000000000000000e+01 1.821816129687500512e-03
9.200000000000000000e+01 1.787300833593749930e-03
9.300000000000000000e+01 1.759107642812500049e-03
9.400000000000000000e+01 1.737737621718749665e-03
9.500000000000000000e+01 1.723617258593749483e-03
9.600000000000000000e+01 1.717096125000000138e-03
9.700000000000000000e+01 1.718452515624999816e-03
9.800000000000000000e+01 1.727880765625000245e-03
9.900000000000000000e+01 1.745480687499999630e-03
1.000000000000000000e+02 1.771288296874999613e-03
1.010000000000000000e+02 1.805238093749999759e-03
1.020000000000000000e+02 1.847154585937499848e-03
1.030000000000000000e+02 1.896817289062499709e-03
1.040000000000000000e+02 1.953893968749999873e-03
1.050000000000000000e+02 2.017973109375000972e-03
1.060000000000000000e+02 2.088587367187499412e-03
1.070000000000000000e+02 2.165164929687500833e-03
1.080000000000000000e+02 2.247103914062499597e-03
1.090000000000000000e+02 2.333712857031249293e-03
1.100000000000000000e+02 2.424284687499999712e-03
1.110000000000000000e+02 2.518051609374999996e-03
1.120000000000000000e+02 2.614226687499999948e-03
1.130000000000000000e+02 2.712012789062500425e-03
1.140000000000000000e+02 2.810582453125001334e-03
1.150000000000000000e+02 2.909134156249998902e-03
1.160000000000000000e+02 3.006874507031249109e-03
1.170000000000000000e+02 3.103040177343749980e-03
1.180000000000000000e+02 3.196907548437500843e-03
1.190000000000000000e+02 3.287809199218747879e-03
1.200000000000000000e+02 3.375111140624999576e-03
1.210000000000000000e+02 3.458299531249999035e-03
1.220000000000000000e+02 3.536881906249999055e-03
1.230000000000000000e+02 3.610530960937500828e-03
1.240000000000000000e+02 3.678885492187500619e-03
1.250000000000000000e+02 3.741863093750000171e-03
1.260000000000000000e+02 3.799318749999998183e-03
1.270000000000000000e+02 3.851305807812500665e-03
1.280000000000000000e+02 3.897897146093750372e-03
1.290000000000000000e+02 3.939460671874997141e-03
1.300000000000000000e+02 3.976219956249998910e-03
1.310000000000000000e+02 4.008654843750001674e-03
1.320000000000000000e+02 4.037331054687500961e-03
1.330000000000000000e+02 4.062831742187499214e-03
1.340000000000000000e+02 4.085871382812499182e-03
1.350000000000000000e+02 4.107190031250000130e-03
1.360000000000000000e+02 4.127671190624999584e-03
1.370000000000000000e+02 4.148104007812498592e-03
1.380000000000000000e+02 4.169455174999997862e-03
1.390000000000000000e+02 4.192538836718749835e-03
1.400000000000000000e+02 4.218324524999999929e-03
1.410000000000000000e+02 4.247688523437501140e-03
1.420000000000000000e+02 4.281495375000001283e-03
1.430000000000000000e+02 4.320532031249999308e-03
1.440000000000000000e+02 4.365570390625001136e-03
1.450000000000000000e+02 4.417288906250000508e-03
1.460000000000000000e+02 4.476243828124998672e-03
1.470000000000000000e+02 4.542952734374998587e-03
1.480000000000000000e+02 4.617791796875000444e-03
1.490000000000000000e+02 4.700976406249999726e-03
1.500000000000000000e+02 4.792645703124996485e-03
1.510000000000000000e+02 4.892829921875000397e-03
1.520000000000000000e+02 5.001349531249998405e-03
1.530000000000000000e+02 5.117926406250000726e-03
1.540000000000000000e+02 5.242083281249998797e-03
1.550000000000000000e+02 5.373319867187498558e-03
1.560000000000000000e+02 5.510875718749999770e-03
1.570000000000000000e+02 5.653982999999999579e-03
1.580000000000000000e+02 5.801609281249999091e-03
1.590000000000000000e+02 5.952792929687497278e-03
1.600000000000000000e+02 6.106278117187498126e-03
1.610000000000000000e+02 6.260889835937501029e-03
1.620000000000000000e+02 6.415242882812498271e-03
1.630000000000000000e+02 6.568094187500002519e-03
1.640000000000000000e+02 6.718015531250000512e-03
1.650000000000000000e+02 6.863543718749998482e-03
1.660000000000000000e+02 7.003319796875000051e-03
1.670000000000000000e+02 7.135983632812504043e-03
1.680000000000000000e+02 7.260158031249999179e-03
1.690000000000000000e+02 7.374665796875000748e-03
1.700000000000000000e+02 7.478235679687497001e-03
1.710000000000000000e+02 7.569925617187498075e-03
1.720000000000000000e+02 7.648714468750002389e-03
1.730000000000000000e+02 7.713792945312497248e-03
1.740000000000000000e+02 7.764548023437501528e-03
1.750000000000000000e+02 7.800523968750000536e-03
1.760000000000000000e+02 7.821390640625000210e-03
1.770000000000000000e+02 7.827081656249998409e-03
1.780000000000000000e+02 7.817643632812497703e-03
1.790000000000000000e+02 7.793436539062499439e-03
1.800000000000000000e+02 7.754981382812502384e-03
1.810000000000000000e+02 7.702936687499995806e-03
1.820000000000000000e+02 7.638239593750003817e-03
1.830000000000000000e+02 7.562020906249996947e-03
1.840000000000000000e+02 7.475531617187500429e-03
1.850000000000000000e+02 7.380280539062500714e-03
1.860000000000000000e+02 7.277841082031250887e-03
1.870000000000000000e+02 7.170006239062501167e-03
1.880000000000000000e+02 7.058687276562505657e-03
1.890000000000000000e+02 6.945832750000002949e-03
1.900000000000000000e+02 6.833498656250001739e-03
1.910000000000000000e+02 6.723825585937499155e-03
1.920000000000000000e+02 6.618874687499998188e-03
1.930000000000000000e+02 6.520911718749997782e-03
1.940000000000000000e+02 6.431918171875001221e-03
1.950000000000000000e+02 6.353994257812498742e-03
1.960000000000000000e+02 6.289026835937499421e-03
1.970000000000000000e+02 6.238923877343750986e-03
1.980000000000000000e+02 6.205391851562501275e-03
1.990000000000000000e+02 6.189977781249998874e-03
2.000000000000000000e+02 6.194002945312500688e-03
2.010000000000000000e+02 6.218647070312501371e-03
2.020000000000000000e+02 6.264811053906249594e-03
2.030000000000000000e+02 6.333304546875001551e-03
2.040000000000000000e+02 6.424462265625000001e-03
2.050000000000000000e+02 6.538545703124999837e-03
2.060000000000000000e+02 6.675494843750000989e-03
2.070000000000000000e+02 6.834940390625002249e-03
2.080000000000000000e+02 7.016386484374998768e-03
2.090000000000000000e+02 7.218911562500000302e-03
2.100000000000000000e+02 7.441494453124997480e-03
2.110000000000000000e+02 7.682817421874998248e-03
2.120000000000000000e+02 7.941355156249999686e-03
2.130000000000000000e+02 8.215325156249998068e-03
2.140000000000000000e+02 8.502818359375007712e-03
2.150000000000000000e+02 8.801756406250001510e-03
2.160000000000000000e+02 9.109942265624995303e-03
2.170000000000000000e+02 9.424970406249998447e-03
2.180000000000000000e+02 9.744436312499995048e-03
2.190000000000000000e+02 1.006593478906249971e-02
2.200000000000000000e+02 1.038683539843749531e-02
2.210000000000000000e+02 1.070462257812500317e-02
2.220000000000000000e+02 1.101688765625000697e-02
2.230000000000000000e+02 1.132108851562499928e-02
2.240000000000000000e+02 1.161490078124999444e-02
2.250000000000000000e+02 1.189607640624999740e-02
2.260000000000000000e+02 1.216242664062499625e-02
2.270000000000000000e+02 1.241201203124999222e-02
2.280000000000000000e+02 1.264301664062499747e-02
2.290000000000000000e+02 1.285381117187500179e-02
2.300000000000000000e+02 1.304290273437500210e-02
2.310000000000000000e+02 1.320932429687500000e-02
2.320000000000000000e+02 1.335192296875000080e-02
2.330000000000000000e+02 1.347005406250000037e-02
2.340000000000000000e+02 1.356315992187499819e-02
2.350000000000000000e+02 1.363110421875000401e-02
2.360000000000000000e+02 1.367387976562499385e-02
2.370000000000000000e+02 1.369175570312500256e-02
2.380000000000000000e+02 1.368520703125000390e-02
2.390000000000000000e+02 1.365496015624999629e-02
2.400000000000000000e+02 1.360195781249999916e-02
2.410000000000000000e+02 1.352727499999999312e-02
2.420000000000000000e+02 1.343231562500000163e-02
2.430000000000000000e+02 1.331856249999999360e-02
2.440000000000000000e+02 1.318750390624999665e-02
2.450000000000000000e+02 1.304106171875000185e-02
2.460000000000000000e+02 1.288104609374999751e-02
2.470000000000000000e+02 1.270941484374999916e-02
2.480000000000000000e+02 1.252812265625000664e-02
2.490000000000000000e+02 1.233926249999999988e-02
2.500000000000000000e+02 1.214487343750000545e-02
2.510000000000000000e+02 1.194702343749999215e-02
2.520000000000000000e+02 1.174775859374999759e-02
2.530000000000000000e+02 1.154911171874999955e-02
2.540000000000000000e+02 1.135301562500000069e-02
2.550000000000000000e+02 1.116121875000000013e-02
2.560000000000000000e+02 1.097563437500000127e-02
2.570000000000000000e+02 1.079781250000000879e-02
2.580000000000000000e+02 1.062940156250000504e-02
2.590000000000000000e+02 1.047177890625000489e-02
2.600000000000000000e+02 1.032621953125000165e-02
2.610000000000000000e+02 1.019393046875000271e-02
2.620000000000000000e+02 1.007588593749999747e-02
2.630000000000000000e+02 9.972978906249999054e-03
2.640000000000000000e+02 9.885893749999995900e-03
2.650000000000000000e+02 9.815235937499999785e-03
2.660000000000000000e+02 9.761428906250002938e-03
2.670000000000000000e+02 9.724744531250001031e-03
2.680000000000000000e+02 9.705332031249997923e-03
2.690000000000000000e+02 9.703145312499999661e-03
2.700000000000000000e+02 9.718096093750001538e-03
2.710000000000000000e+02 9.749875000000005065e-03
2.720000000000000000e+02 9.798020312499995665e-03
2.730000000000000000e+02 9.862103906249990518e-03
2.740000000000000000e+02 9.941449218750000524e-03
2.750000000000000000e+02 1.003536640624999761e-02
2.760000000000000000e+02 1.014295390624999314e-02
2.770000000000000000e+02 1.026331796874999439e-02
2.780000000000000000e+02 1.039552343750000350e-02
2.790000000000000000e+02 1.053856796875000078e-02
2.800000000000000000e+02 1.069138046875000095e-02
2.810000000000000000e+02 1.085286796874999730e-02
2.820000000000000000e+02 1.102196249999999773e-02
2.830000000000000000e+02 1.119762890624999806e-02
2.840000000000000000e+02 1.137875703124999367e-02
2.850000000000000000e+02 1.156441562499999597e-02
2.860000000000000000e+02 1.175345781249999971e-02
2.870000000000000000e+02 1.194517734375000369e-02
2.880000000000000000e+02 1.213857890625000616e-02
2.890000000000000000e+02 1.233280390624999674e-02
2.900000000000000000e+02 1.252723046874999052e-02
2.910000000000000000e+02 1.272104296875000221e-02
2.920000000000000000e+02 1.291370000000000365e-02
2.930000000000000000e+02 1.310448671875000248e-02
2.940000000000000000e+02 1.329301406249999880e-02
2.950000000000000000e+02 1.347872031250000116e-02
2.960000000000000000e+02 1.366108828125000597e-02
2.970000000000000000e+02 1.383970234375000129e-02
2.980000000000000000e+02 1.401424453124999400e-02
2.990000000000000000e+02 1.418420312499999759e-02
3.000000000000000000e+02 1.434919453125001014e-02
3.010000000000000000e+02 1.450874218750000839e-02
3.020000000000000000e+02 1.466236484375000454e-02
3.030000000000000000e+02 1.480965078124999411e-02
3.040000000000000000e+02 1.495002265625000083e-02
3.050000000000000000e+02 1.508298906250000668e-02
3.060000000000000000e+02 1.520783046874999572e-02
3.070000000000000000e+02 1.532411171875000533e-02
3.080000000000000000e+02 1.543116562500000156e-02
3.090000000000000000e+02 1.552847734375000996e-02
3.100000000000000000e+02 1.561541718749999419e-02
3.110000000000000000e+02 1.569149843749999620e-02
3.120000000000000000e+02 1.575630546875000579e-02
3.130000000000000000e+02 1.580931718749999451e-02
3.140000000000000000e+02 1.585027890624999408e-02
3.150000000000000000e+02 1.587887265625000446e-02
3.160000000000000000e+02 1.589463437500000451e-02
3.170000000000000000e+02 1.589735703125001384e-02
3.180000000000000000e+02 1.588662421874999925e-02
3.190000000000000000e+02 1.586200937500001004e-02
3.200000000000000000e+02 1.582307812499998689e-02
3.210000000000000000e+02 1.576906953125001287e-02
3.220000000000000000e+02 1.569930781250000046e-02
3.230000000000000000e+02 1.561293906249999405e-02
3.240000000000000000e+02 1.550907656249999808e-02
3.250000000000000000e+02 1.538673078124999823e-02
3.260000000000000000e+02 1.524496562500000409e-02
3.270000000000000000e+02 1.508286445312499897e-02
3.280000000000000000e+02 1.489979343750000643e-02
3.290000000000000000e+02 1.469507976562499894e-02
3.300000000000000000e+02 1.446841960937499984e-02
3.310000000000000000e+02 1.421982703125000518e-02
3.320000000000000000e+02 1.394955578125000629e-02
3.330000000000000000e+02 1.365811585937499843e-02
3.340000000000000000e+02 1.334647132812498936e-02
3.350000000000000000e+02 1.301579164062500148e-02
3.360000000000000000e+02 1.266758156250000211e-02
3.370000000000000000e+02 1.230346332812500693e-02
3.380000000000000000e+02 1.192546154687500713e-02
3.390000000000000000e+02 1.153560965625000448e-02
3.400000000000000000e+02 1.113624587890624414e-02
3.410000000000000000e+02 1.072975345859374617e-02
3.420000000000000000e+02 1.031862910781251343e-02
3.430000000000000000e+02 9.905598164062506469e-03
3.440000000000000000e+02 9.493394617187496040e-03
3.450000000000000000e+02 9.084835461718756416e-03
3.460000000000000000e+02 8.682820446874994422e-03
3.470000000000000000e+02 8.290319726562498520e-03
3.480000000000000000e+02 7.910201875000003394e-03
3.490000000000000000e+02 7.545397617187500454e-03
3.500000000000000000e+02 7.198752203125003031e-03
3.510000000000000000e+02 6.872869023437498670e-03
3.520000000000000000e+02 6.570192812499996843e-03
3.530000000000000000e+02 6.292954687499999547e-03
3.540000000000000000e+02 6.043033281249997855e-03
3.550000000000000000e+02 5.821971640625000534e-03
3.560000000000000000e+02 5.630974765624999559e-03
3.570000000000000000e+02 5.470859296875000069e-03
3.580000000000000000e+02 5.342015234375000615e-03
3.590000000000000000e+02 5.244450781250000783e-03
3.600000000000000000e+02 5.177807656250000071e-03
3.610000000000000000e+02 5.141408757812497739e-03
3.620000000000000000e+02 5.134291781250000485e-03
3.630000000000000000e+02 5.155134367187500476e-03
3.640000000000000000e+02 5.202501968750000358e-03
3.650000000000000000e+02 5.274794400781252120e-03
3.660000000000000000e+02 5.370271597656251124e-03
3.670000000000000000e+02 5.487034705468749399e-03
3.680000000000000000e+02 5.623414203124998782e-03
3.690000000000000000e+02 5.777470671874995571e-03
3.700000000000000000e+02 5.947438249999998337e-03
3.710000000000000000e+02 6.131514515625001265e-03
3.720000000000000000e+02 6.327977054687498708e-03
3.730000000000000000e+02 6.535099765624998239e-03
3.740000000000000000e+02 6.751280546875000274e-03
3.750000000000000000e+02 6.974849453125002777e-03
3.760000000000000000e+02 7.204360859374999045e-03
3.770000000000000000e+02 7.438354921874998534e-03
3.780000000000000000e+02 7.675529843750005139e-03
3.790000000000000000e+02 7.914638515625006115e-03
3.800000000000000000e+02 8.154732968749998229e-03
3.810000000000000000e+02 8.394869843749997937e-03
3.820000000000000000e+02 8.634285156249999274e-03
3.830000000000000000e+02 8.872308749999998495e-03
3.840000000000000000e+02 9.108434921874993331e-03
3.850000000000000000e+02 9.342102187499997865e-03
3.860000000000000000e+02 9.572836484375003147e-03
3.870000000000000000e+02 9.799981484374992516e-03
3.880000000000000000e+02 1.002301304687499769e-02
3.890000000000000000e+02 1.024110679687500330e-02
3.900000000000000000e+02 1.045348304687499646e-02
3.910000000000000000e+02 1.065931234374999266e-02
3.920000000000000000e+02 1.085756843750000644e-02
3.930000000000000000e+02 1.104725664062499238e-02
3.940000000000000000e+02 1.122740359375000094e-02
3.950000000000000000e+02 1.139680664062499640e-02
3.960000000000000000e+02 1.155446835937500201e-02
3.970000000000000000e+02 1.169917789062500241e-02
3.980000000000000000e+02 1.182989367187500113e-02
3.990000000000000000e+02 1.194537992187499897e-02
4.000000000000000000e+02 1.204459023437500116e-02
4.010000000000000000e+02 1.212642460937499167e-02
4.020000000000000000e+02 1.218984859374999848e-02
4.030000000000000000e+02 1.223388171875000423e-02
4.040000000000000000e+02 1.225766781250000118e-02
4.050000000000000000e+02 1.226046578125000557e-02
4.060000000000000000e+02 1.224159257812500005e-02
4.070000000000000000e+02 1.220054578124999539e-02
4.080000000000000000e+02 1.213686593749999966e-02
4.090000000000000000e+02 1.205021828125000388e-02
4.100000000000000000e+02 1.194037609375000336e-02
4.110000000000000000e+02 1.180729546874999952e-02
4.120000000000000000e+02 1.165099828125000167e-02
4.130000000000000000e+02 1.147183421875000095e-02
4.140000000000000000e+02 1.127021265625000393e-02
4.150000000000000000e+02 1.104699712500000104e-02
4.160000000000000000e+02 1.080314431249999874e-02
4.170000000000000000e+02 1.054005929687499253e-02
4.180000000000000000e+02 1.025936210937500315e-02
4.190000000000000000e+02 9.963053609374994402e-03
4.200000000000000000e+02 9.653473492187494842e-03
4.210000000000000000e+02 9.333091054687499277e-03
4.220000000000000000e+02 9.004700625000000569e-03
4.230000000000000000e+02 8.671197812500003321e-03
4.240000000000000000e+02 8.335552187499994242e-03
4.250000000000000000e+02 8.000572187500000834e-03
4.260000000000000000e+02 7.668932578125004298e-03
4.270000000000000000e+02 7.342962656250003745e-03
4.280000000000000000e+02 7.024635546874999706e-03
4.290000000000000000e+02 6.715441093749995559e-03
4.300000000000000000e+02 6.416351249999996224e-03
4.310000000000000000e+02 6.127923906250002523e-03
4.320000000000000000e+02 5.850301953125003861e-03
4.330000000000000000e+02 5.583235390625006060e-03
4.340000000000000000e+02 5.326227187499999252e-03
4.350000000000000000e+02 5.078774296875000586e-03
4.360000000000000000e+02 4.840382109375000221e-03
4.370000000000000000e+02 4.610670390624996631e-03
4.380000000000000000e+02 4.389582109374997286e-03
4.390000000000000000e+02 4.177476093750001097e-03
4.400000000000000000e+02 3.974958984375000573e-03
4.410000000000000000e+02 3.783053593749998583e-03
4.420000000000000000e+02 3.603049062500000062e-03
4.430000000000000000e+02 3.436401640625000049e-03
4.440000000000000000e+02 3.284436328125000214e-03
4.450000000000000000e+02 3.148369687500000326e-03
4.460000000000000000e+02 3.029105078125001078e-03
4.470000000000000000e+02 2.927182109374999036e-03
4.480000000000000000e+02 2.842613671875000424e-03
4.490000000000000000e+02 2.775109374999999365e-03
4.500000000000000000e+02 2.724020468750001228e-03
4.510000000000000000e+02 2.688538437500000069e-03
4.520000000000000000e+02 2.667852500000000675e-03
4.530000000000000000e+02 2.661247812499998536e-03
4.540000000000000000e+02 2.668277265625000876e-03
4.550000000000000000e+02 2.688660328125000529e-03
4.560000000000000000e+02 2.722381812500000286e-03
4.570000000000000000e+02 2.769275593749999549e-03
4.580000000000000000e+02 2.829035137968749850e-03
4.590000000000000000e+02 2.900799874999999452e-03
4.600000000000000000e+02 2.982993796874999336e-03
4.610000000000000000e+02 3.073196054687500883e-03
4.620000000000000000e+02 3.168013843750001196e-03
4.630000000000000000e+02 3.263361171875000990e-03
4.640000000000000000e+02 3.354600156250001335e-03
4.650000000000000000e+02 3.436885937500000574e-03
4.660000000000000000e+02 3.505594531249999618e-03
4.670000000000000000e+02 3.556621171874998870e-03
4.680000000000000000e+02 3.586771320312499498e-03
4.690000000000000000e+02 3.593828030468750219e-03
4.700000000000000000e+02 3.576622765625000686e-03
4.710000000000000000e+02 3.534967695312498954e-03
4.720000000000000000e+02 3.469521047656251057e-03
4.730000000000000000e+02 3.381694171874999235e-03
4.740000000000000000e+02 3.273658164062501034e-03
4.750000000000000000e+02 3.148555289062499995e-03
4.760000000000000000e+02 3.010802039921875624e-03
4.770000000000000000e+02 2.866497531249999689e-03
4.780000000000000000e+02 2.723814563281251686e-03
4.790000000000000000e+02 2.593155571875001546e-03
4.800000000000000000e+02 2.487084843750001373e-03
4.810000000000000000e+02 2.419895882031250153e-03
4.820000000000000000e+02 2.406794968750001519e-03
4.830000000000000000e+02 2.462873398437501280e-03
4.840000000000000000e+02 2.601728460937501475e-03
4.850000000000000000e+02 2.834248171874998324e-03
4.860000000000000000e+02 3.167002863281250663e-03
4.870000000000000000e+02 3.600994312499997390e-03
4.880000000000000000e+02 4.130247843749998773e-03
4.890000000000000000e+02 4.740863820312500761e-03
4.900000000000000000e+02 5.410685781249998869e-03
4.910000000000000000e+02 6.109652031250000122e-03
4.920000000000000000e+02 6.801346796874995458e-03
4.930000000000000000e+02 7.445579687499998683e-03
4.940000000000000000e+02 8.001533864062503748e-03
4.950000000000000000e+02 8.431912062499997973e-03
4.960000000000000000e+02 8.707249476562504975e-03
4.970000000000000000e+02 8.809948242187497225e-03
4.980000000000000000e+02 8.737866874999996453e-03
4.990000000000000000e+02 8.507394453124993844e-03
5.000000000000000000e+02 8.154780859374998608e-03
5.010000000000000000e+02 7.735690484374996637e-03
5.020000000000000000e+02 7.321853855078123453e-03
5.030000000000000000e+02 6.993824671874997526e-03
5.040000000000000000e+02 6.830289460937500647e-03
5.050000000000000000e+02 6.894211015624998606e-03
5.060000000000000000e+02 7.219425273437501608e-03
5.070000000000000000e+02 7.802061328125000153e-03
5.080000000000000000e+02 8.605202656250001553e-03
5.090000000000000000e+02 9.587776406249999897e-03
5.100000000000000000e+02 1.077727703124999915e-02
5.110000000000000000e+02 1.241684710937500727e-02
