0.000000000000000000e+00 2.612211875000000974e-03
1.000000000000000000e+00 2.602487812500000556e-03
2.000000000000000000e+00 2.583141171875000513e-03
3.000000000000000000e+00 2.554344374999998127e-03
4.000000000000000000e+00 2.516357890624999847e-03
5.000000000000000000e+00 2.469536015625000032e-03
6.000000000000000000e+00 2.414321640625001052e-03
7.000000000000000000e+00 2.351219375000000115e-03
8.000000000000000000e+00 2.280809843750000385e-03
9.000000000000000000e+00 2.203740078124999131e-03
1.000000000000000000e+01 2.120715468749999767e-03
1.100000000000000000e+01 2.032512265625000501e-03
1.200000000000000000e+01 1.939932499999999635e-03
1.300000000000000000e+01 1.843833984374999282e-03
1.400000000000000000e+01 1.745095281249999528e-03
1.500000000000000000e+01 1.644617062500000528e-03
1.600000000000000000e+01 1.543326796874999827e-03
1.700000000000000000e+01 1.442150484375000728e-03
1.800000000000000000e+01 1.342014947656249360e-03
1.900000000000000000e+01 1.243845128125000560e-03
2.000000000000000000e+01 1.148538070312500126e-03
2.100000000000000000e+01 1.056972546874999702e-03
2.200000000000000000e+01 9.699949453125003259e-04
2.300000000000000000e+01 8.884076796875003132e-04
2.400000000000000000e+01 8.129769765625002214e-04
2.500000000000000000e+01 7.444067031250000376e-04
2.600000000000000000e+01 6.833526249999999141e-04
2.700000000000000000e+01 6.304010859375002232e-04
2.800000000000000000e+01 5.860644078125002050e-04
2.900000000000000000e+01 5.507968804687501984e-04
3.000000000000000000e+01 5.249643078124999326e-04
3.100000000000000000e+01 5.088633320312497405e-04
3.200000000000000000e+01 5.026990359375000522e-04
3.300000000000000000e+01 5.066047132812501620e-04
3.400000000000000000e+01 5.206227234374999997e-04
3.500000000000000000e+01 5.447112578124996708e-04
3.600000000000000000e+01 5.787489109374996084e-04
3.700000000000000000e+01 6.225322703124999994e-04
3.800000000000000000e+01 6.757740734374999758e-04
3.900000000000000000e+01 7.381082685937500124e-04
4.000000000000000000e+01 8.090988785937499022e-04
4.100000000000000000e+01 8.882341570312503147e-04
4.200000000000000000e+01 9.749325734375002524e-04
4.300000000000000000e+01 1.068559839843750492e-03
4.400000000000000000e+01 1.168423632031250067e-03
4.500000000000000000e+01 1.273764734374999976e-03
4.600000000000000000e+01 1.383791964843750135e-03
4.700000000000000000e+01 1.497677578124999905e-03
4.800000000000000000e+01 1.614560759374999207e-03
4.900000000000000000e+01 1.733549410937499768e-03
5.000000000000000000e+01 1.853735625781249971e-03
5.100000000000000000e+01 1.974216140624999918e-03
5.200000000000000000e+01 2.094065078124999080e-03
5.300000000000000000e+01 2.212375398437500373e-03
5.400000000000000000e+01 2.328250273437499230e-03
5.500000000000000000e+01 2.440807890625001399e-03
5.600000000000000000e+01 2.549204234375000537e-03
5.700000000000000000e+01 2.652614218749999205e-03
5.800000000000000000e+01 2.750291015624999752e-03
5.900000000000000000e+01 2.841484374999998959e-03
6.000000000000000000e+01 2.925544218749999859e-03
6.100000000000000000e+01 3.001856874999999335e-03
6.200000000000000000e+01 3.069885546875002376e-03
6.300000000000000000e+01 3.129161406250001182e-03
6.400000000000000000e+01 3.179287031249998941e-03
6.500000000000000000e+01 3.219956171874998555e-03
6.600000000000000000e+01 3.250935546874999214e-03
6.700000000000000000e+01 3.272077421875000617e-03
6.800000000000000000e+01 3.283330781250000559e-03
6.900000000000000000e+01 3.284722187500001538e-03
7.000000000000000000e+01 3.276374765624997729e-03
7.100000000000000000e+01 3.258501796875000467e-03
7.200000000000000000e+01 3.231393906249999028e-03
7.300000000000000000e+01 3.195433593749998948e-03
7.400000000000000000e+01 3.151096328124999759e-03
7.500000000000000000e+01 3.098918515625000581e-03
7.600000000000000000e+01 3.039527421874999979e-03
7.700000000000000000e+01 2.973610703125000726e-03
7.800000000000000000e+01 2.901925585937499118e-03
7.900000000000000000e+01 2.825284812499999961e-03
8.000000000000000000e+01 2.744549750000000246e-03
8.100000000000000000e+01 2.660620867187500019e-03
8.200000000000000000e+01 2.574457898437498490e-03
8.300000000000000000e+01 2.487007062499998079e-03
8.400000000000000000e+01 2.399254679687500263e-03
8.500000000000000000e+01 2.312182212499997933e-03
8.600000000000000000e+01 2.226783600781249810e-03
8.700000000000000000e+01 2.144007132812500438e-03
8.800000000000000000e+01 2.064805031249999836e-03
8.900000000000000000e+01 1.990079062500000034e-03
9.000000000000000000e+01 1.920687367187500156e-03
9.100000000000000000e+01 1.857444960937499690e-03
9.200000000000000000e+01 1.801074195312500278e-03
9.300000000000000000e+01 1.752261101562500346e-03
9.400000000000000000e+01 1.711578234375001235e-03
9.500000000000000000e+01 1.679526226562500077e-03
9.600000000000000000e+01 1.656506548437500356e-03
9.700000000000000000e+01 1.642821671874999251e-03
9.800000000000000000e+01 1.638671893749999754e-03
9.900000000000000000e+01 1.644151147656251104e-03
1.000000000000000000e+02 1.659235500000000828e-03
1.010000000000000000e+02 1.683810414062499776e-03
1.020000000000000000e+02 1.717632906249999493e-03
1.030000000000000000e+02 1.760368460937500627e-03
1.040000000000000000e+02 1.811581296875000753e-03
1.050000000000000000e+02 1.870733468749999828e-03
1.060000000000000000e+02 1.937211070312500494e-03
1.070000000000000000e+02 2.010307845312499925e-03
1.080000000000000000e+02 2.089250976562500531e-03
1.090000000000000000e+02 2.173203614843749118e-03
1.100000000000000000e+02 2.261301437499999185e-03
1.110000000000000000e+02 2.352614039062499596e-03
1.120000000000000000e+02 2.446197601562499248e-03
1.130000000000000000e+02 2.541123039062501230e-03
1.140000000000000000e+02 2.636429312500001600e-03
1.150000000000000000e+02 2.731201468750000562e-03
1.160000000000000000e+02 2.824549921875000799e-03
1.170000000000000000e+02 2.915627781250000952e-03
1.180000000000000000e+02 3.003651830468749735e-03
1.190000000000000000e+02 3.087907614843750977e-03
1.200000000000000000e+02 3.167780628124999744e-03
1.210000000000000000e+02 3.242721992187499319e-03
1.220000000000000000e+02 3.312316599218749751e-03
1.230000000000000000e+02 3.376214945312499931e-03
1.240000000000000000e+02 3.434252062500000018e-03
1.250000000000000000e+02 3.486314999999998946e-03
1.260000000000000000e+02 3.532442343749999172e-03
1.270000000000000000e+02 3.572806578124999681e-03
1.280000000000000000e+02 3.607635578125000225e-03
1.290000000000000000e+02 3.637347507812498625e-03
1.300000000000000000e+02 3.662433117187499816e-03
1.310000000000000000e+02 3.683494607812499381e-03
1.320000000000000000e+02 3.701193359375000436e-03
1.330000000000000000e+02 3.716317193750000650e-03
1.340000000000000000e+02 3.729682847656248801e-03
1.350000000000000000e+02 3.742164937499998720e-03
1.360000000000000000e+02 3.754702476562500786e-03
1.370000000000000000e+02 3.768199132812500001e-03
1.380000000000000000e+02 3.783643101562498591e-03
1.390000000000000000e+02 3.801966070312501420e-03
1.400000000000000000e+02 3.824052109374999602e-03
1.410000000000000000e+02 3.850760601562500714e-03
1.420000000000000000e+02 3.882900617187500219e-03
1.430000000000000000e+02 3.921200632812501738e-03
1.440000000000000000e+02 3.966326156250000838e-03
1.450000000000000000e+02 4.018766562499998841e-03
1.460000000000000000e+02 4.079016953124998610e-03
1.470000000000000000e+02 4.147295796874999642e-03
1.480000000000000000e+02 4.223803234374998508e-03
1.490000000000000000e+02 4.308553375000002093e-03
1.500000000000000000e+02 4.401465124999999305e-03
1.510000000000000000e+02 4.502304453124998836e-03
1.520000000000000000e+02 4.610635312499999049e-03
1.530000000000000000e+02 4.725912460937503091e-03
1.540000000000000000e+02 4.847494359375001047e-03
1.550000000000000000e+02 4.974550382812499907e-03
1.560000000000000000e+02 5.106213265625002100e-03
1.570000000000000000e+02 5.241434594531250296e-03
1.580000000000000000e+02 5.379088084687499820e-03
1.590000000000000000e+02 5.517972677343749993e-03
1.600000000000000000e+02 5.656860625000002807e-03
1.610000000000000000e+02 5.794410304687499895e-03
1.620000000000000000e+02 5.929313375000000962e-03
1.630000000000000000e+02 6.060264257812498882e-03
1.640000000000000000e+02 6.185884945312497551e-03
1.650000000000000000e+02 6.304972343749997918e-03
1.660000000000000000e+02 6.416246406250001970e-03
1.670000000000000000e+02 6.518611406249998595e-03
1.680000000000000000e+02 6.611006328125001129e-03
1.690000000000000000e+02 6.692522109374999736e-03
1.700000000000000000e+02 6.762411249999998424e-03
1.710000000000000000e+02 6.820042656250000640e-03
1.720000000000000000e+02 6.864932890625002372e-03
1.730000000000000000e+02 6.896831171875000312e-03
1.740000000000000000e+02 6.915632031249998798e-03
1.750000000000000000e+02 6.921508906249999350e-03
1.760000000000000000e+02 6.914827734374996704e-03
1.770000000000000000e+02 6.896050781249997777e-03
1.780000000000000000e+02 6.865910312500000078e-03
1.790000000000000000e+02 6.825440171875001537e-03
1.800000000000000000e+02 6.775722843750002673e-03
1.810000000000000000e+02 6.718108179687498800e-03
1.820000000000000000e+02 6.654094031249995801e-03
1.830000000000000000e+02 6.585340820312501377e-03
1.840000000000000000e+02 6.513633971875003661e-03
1.850000000000000000e+02 6.440899511171872989e-03
1.860000000000000000e+02 6.369088770312498864e-03
1.870000000000000000e+02 6.300309351562503532e-03
1.880000000000000000e+02 6.236627538281250965e-03
1.890000000000000000e+02 6.180144988359370303e-03
1.900000000000000000e+02 6.132953500781248082e-03
1.910000000000000000e+02 6.097089640624999210e-03
1.920000000000000000e+02 6.074474507812499362e-03
1.930000000000000000e+02 6.066978703124997242e-03
1.940000000000000000e+02 6.076248101562495632e-03
1.950000000000000000e+02 6.103852507812499405e-03
1.960000000000000000e+02 6.151143203124998134e-03
1.970000000000000000e+02 6.219187890624998383e-03
1.980000000000000000e+02 6.308965156249997028e-03
1.990000000000000000e+02 6.421062812500002992e-03
2.000000000000000000e+02 6.555877089843752982e-03
2.010000000000000000e+02 6.713524570312498843e-03
2.020000000000000000e+02 6.893820742187499982e-03
2.030000000000000000e+02 7.096316515625001979e-03
2.040000000000000000e+02 7.320275484374997796e-03
2.050000000000000000e+02 7.564695203124997477e-03
2.060000000000000000e+02 7.828249499999996933e-03
2.070000000000000000e+02 8.109447968749997418e-03
2.080000000000000000e+02 8.406452820312498506e-03
2.090000000000000000e+02 8.717403226562498234e-03
2.100000000000000000e+02 9.039938906249997755e-03
2.110000000000000000e+02 9.371753749999997898e-03
2.120000000000000000e+02 9.710383281249996765e-03
2.130000000000000000e+02 1.005313460937500188e-02
2.140000000000000000e+02 1.039734812500000584e-02
2.150000000000000000e+02 1.074025125000000434e-02
2.160000000000000000e+02 1.107904882812500193e-02
2.170000000000000000e+02 1.141106315624999812e-02
2.180000000000000000e+02 1.173357364062500158e-02
2.190000000000000000e+02 1.204391695312500947e-02
2.200000000000000000e+02 1.233968143750000142e-02
2.210000000000000000e+02 1.261848804687500276e-02
2.220000000000000000e+02 1.287820343749999409e-02
2.230000000000000000e+02 1.311680843750000214e-02
2.240000000000000000e+02 1.333266273437499691e-02
2.250000000000000000e+02 1.352418351562500835e-02
2.260000000000000000e+02 1.369023757812500020e-02
2.270000000000000000e+02 1.382979101562500056e-02
2.280000000000000000e+02 1.394225578125000628e-02
2.290000000000000000e+02 1.402710945312500221e-02
2.300000000000000000e+02 1.408431062500000060e-02
2.310000000000000000e+02 1.411407585937500195e-02
2.320000000000000000e+02 1.411675289062500754e-02
2.330000000000000000e+02 1.409313609374999825e-02
2.340000000000000000e+02 1.404406875000000117e-02
2.350000000000000000e+02 1.397076335937499914e-02
2.360000000000000000e+02 1.387463546874999863e-02
2.370000000000000000e+02 1.375726984375000468e-02
2.380000000000000000e+02 1.362036632812499946e-02
2.390000000000000000e+02 1.346585429687499960e-02
2.400000000000000000e+02 1.329578671874999569e-02
2.410000000000000000e+02 1.311216210937500050e-02
2.420000000000000000e+02 1.291724539062500017e-02
2.430000000000000000e+02 1.271322492187499341e-02
2.440000000000000000e+02 1.250233132812500481e-02
2.450000000000000000e+02 1.228677796874999908e-02
2.460000000000000000e+02 1.206879773437500095e-02
2.470000000000000000e+02 1.185049398437499832e-02
2.480000000000000000e+02 1.163394398437499720e-02
2.490000000000000000e+02 1.142114843750000573e-02
2.500000000000000000e+02 1.121399273437500253e-02
2.510000000000000000e+02 1.101414148437499310e-02
2.520000000000000000e+02 1.082328117187499918e-02
2.530000000000000000e+02 1.064284968749999033e-02
2.540000000000000000e+02 1.047420218750000354e-02
2.550000000000000000e+02 1.031846210937500605e-02
2.560000000000000000e+02 1.017660835937499696e-02
2.570000000000000000e+02 1.004951710937500992e-02
2.580000000000000000e+02 9.937800390625002936e-03
2.590000000000000000e+02 9.842059375000006965e-03
2.600000000000000000e+02 9.762638515624998126e-03
2.610000000000000000e+02 9.699704218750000717e-03
2.620000000000000000e+02 9.653447031249994675e-03
2.630000000000000000e+02 9.623731953125004221e-03
2.640000000000000000e+02 9.610484765625001632e-03
2.650000000000000000e+02 9.613407734375000943e-03
2.660000000000000000e+02 9.632128203124997942e-03
2.670000000000000000e+02 9.666186171874998831e-03
2.680000000000000000e+02 9.715086250000002852e-03
2.690000000000000000e+02 9.778247499999993125e-03
2.700000000000000000e+02 9.854914140625004038e-03
2.710000000000000000e+02 9.944383124999999282e-03
2.720000000000000000e+02 1.004599132812500004e-02
2.730000000000000000e+02 1.015888523437500496e-02
2.740000000000000000e+02 1.028227945312499766e-02
2.750000000000000000e+02 1.041536906250000241e-02
2.760000000000000000e+02 1.055738070312499735e-02
2.770000000000000000e+02 1.070748046875000421e-02
2.780000000000000000e+02 1.086497500000000067e-02
2.790000000000000000e+02 1.102912500000000247e-02
2.800000000000000000e+02 1.119919531250000364e-02
2.810000000000000000e+02 1.137471406249999928e-02
2.820000000000000000e+02 1.155504765625000284e-02
2.830000000000000000e+02 1.173966406250000552e-02
2.840000000000000000e+02 1.192819765625000548e-02
2.850000000000000000e+02 1.212016953125000240e-02
2.860000000000000000e+02 1.231537968750000267e-02
2.870000000000000000e+02 1.251350078124999730e-02
2.880000000000000000e+02 1.271428828124999966e-02
2.890000000000000000e+02 1.291755390625000388e-02
2.900000000000000000e+02 1.312314140625000028e-02
2.910000000000000000e+02 1.333094062500000086e-02
2.920000000000000000e+02 1.354076718750000206e-02
2.930000000000000000e+02 1.375243749999999730e-02
2.940000000000000000e+02 1.396582656250000207e-02
2.950000000000000000e+02 1.418065859374999411e-02
2.960000000000000000e+02 1.439671328124999920e-02
2.970000000000000000e+02 1.461366328125000662e-02
2.980000000000000000e+02 1.483103984374999768e-02
2.990000000000000000e+02 1.504835625000000045e-02
3.000000000000000000e+02 1.526497343750000263e-02
3.010000000000000000e+02 1.548027656249999738e-02
3.020000000000000000e+02 1.569329296875000834e-02
3.030000000000000000e+02 1.590315624999999802e-02
3.040000000000000000e+02 1.610889218750000129e-02
3.050000000000000000e+02 1.630932734374999915e-02
3.060000000000000000e+02 1.650341093749999391e-02
3.070000000000000000e+02 1.668990624999999728e-02
3.080000000000000000e+02 1.686785781250000130e-02
3.090000000000000000e+02 1.703593281249999453e-02
3.100000000000000000e+02 1.719323828125000897e-02
3.110000000000000000e+02 1.733869687500000367e-02
3.120000000000000000e+02 1.747142187499999347e-02
3.130000000000000000e+02 1.759049609375000142e-02
3.140000000000000000e+02 1.769507812500001331e-02
3.150000000000000000e+02 1.778431406250000762e-02
3.160000000000000000e+02 1.785727968750000505e-02
3.170000000000000000e+02 1.791318125000000358e-02
3.180000000000000000e+02 1.795097421875000571e-02
3.190000000000000000e+02 1.796969062499999964e-02
3.200000000000000000e+02 1.796816015624999943e-02
3.210000000000000000e+02 1.794531249999999079e-02
3.220000000000000000e+02 1.789989140625000003e-02
3.230000000000000000e+02 1.783092812500000277e-02
3.240000000000000000e+02 1.773723515625001343e-02
3.250000000000000000e+02 1.761796562500000593e-02
3.260000000000000000e+02 1.747235078124999980e-02
3.270000000000000000e+02 1.729996562500000015e-02
3.280000000000000000e+02 1.710055624999999233e-02
3.290000000000000000e+02 1.687414531249999475e-02
3.300000000000000000e+02 1.662109531250001784e-02
3.310000000000000000e+02 1.634218203124999588e-02
3.320000000000000000e+02 1.603832343749999473e-02
3.330000000000000000e+02 1.571073414062500173e-02
3.340000000000000000e+02 1.536094171874999477e-02
3.350000000000000000e+02 1.499066515624999929e-02
3.360000000000000000e+02 1.460187953124999875e-02
3.370000000000000000e+02 1.419673507812499111e-02
3.380000000000000000e+02 1.377758539062500127e-02
3.390000000000000000e+02 1.334699476562499834e-02
3.400000000000000000e+02 1.290776859374999710e-02
3.410000000000000000e+02 1.246281210937499884e-02
3.420000000000000000e+02 1.201538268749999076e-02
3.430000000000000000e+02 1.156865503906249516e-02
3.440000000000000000e+02 1.112619487812499183e-02
3.450000000000000000e+02 1.069149272453124785e-02
3.460000000000000000e+02 1.026807167187498981e-02
3.470000000000000000e+02 9.859510828125001014e-03
3.480000000000000000e+02 9.469229132812497993e-03
3.490000000000000000e+02 9.100406484374996829e-03
3.500000000000000000e+02 8.756113437500006105e-03
3.510000000000000000e+02 8.438980703124999636e-03
3.520000000000000000e+02 8.151339687500007078e-03
3.530000000000000000e+02 7.895166093749995950e-03
3.540000000000000000e+02 7.671831718750000105e-03
3.550000000000000000e+02 7.482412656250005643e-03
3.560000000000000000e+02 7.327397734374997695e-03
3.570000000000000000e+02 7.206902140624997163e-03
3.580000000000000000e+02 7.120515656249996189e-03
3.590000000000000000e+02 7.067457894531249500e-03
3.600000000000000000e+02 7.046486796875006328e-03
3.610000000000000000e+02 7.056093781250001584e-03
3.620000000000000000e+02 7.094339140624998478e-03
3.630000000000000000e+02 7.159129984375001837e-03
3.640000000000000000e+02 7.248035781249996014e-03
3.650000000000000000e+02 7.358523125000001296e-03
3.660000000000000000e+02 7.487828046874997999e-03
3.670000000000000000e+02 7.633094921875004275e-03
3.680000000000000000e+02 7.791379218750000939e-03
3.690000000000000000e+02 7.959698749999995562e-03
3.700000000000000000e+02 8.135030859375001408e-03
3.710000000000000000e+02 8.314350312500004905e-03
3.720000000000000000e+02 8.494807812499996155e-03
3.730000000000000000e+02 8.673582421875004542e-03
3.740000000000000000e+02 8.848077031249998448e-03
3.750000000000000000e+02 9.015989843750002453e-03
3.760000000000000000e+02 9.175221874999998570e-03
3.770000000000000000e+02 9.324163281250000615e-03
3.780000000000000000e+02 9.461456250000003371e-03
3.790000000000000000e+02 9.586078124999996078e-03
3.800000000000000000e+02 9.697532812500004804e-03
3.810000000000000000e+02 9.795464843749998943e-03
3.820000000000000000e+02 9.879851562499993023e-03
3.830000000000000000e+02 9.950957812500001165e-03
3.840000000000000000e+02 1.000916953125000758e-02
3.850000000000000000e+02 1.005488984374999784e-02
3.860000000000000000e+02 1.008885156250000081e-02
3.870000000000000000e+02 1.011166953125000947e-02
3.880000000000000000e+02 1.012415859374999998e-02
3.890000000000000000e+02 1.012702812499999792e-02
3.900000000000000000e+02 1.012113203124999708e-02
3.910000000000000000e+02 1.010732968750000307e-02
3.920000000000000000e+02 1.008648046874999551e-02
3.930000000000000000e+02 1.005937187499999878e-02
3.940000000000000000e+02 1.002676484374999573e-02
3.950000000000000000e+02 9.989335937500003204e-03
3.960000000000000000e+02 9.947632031250007445e-03
3.970000000000000000e+02 9.902091406250000671e-03
3.980000000000000000e+02 9.852987499999998552e-03
3.990000000000000000e+02 9.800439453125003864e-03
4.000000000000000000e+02 9.744393359374997274e-03
4.010000000000000000e+02 9.684684218750001447e-03
4.020000000000000000e+02 9.620985234374998876e-03
4.030000000000000000e+02 9.552814921874997964e-03
4.040000000000000000e+02 9.479591484374999197e-03
4.050000000000000000e+02 9.400584843750003916e-03
4.060000000000000000e+02 9.315048906250001509e-03
4.070000000000000000e+02 9.222167968750005426e-03
4.080000000000000000e+02 9.121127343749995189e-03
4.090000000000000000e+02 9.011195703125005757e-03
4.100000000000000000e+02 8.891784843750005426e-03
4.110000000000000000e+02 8.762415546874999239e-03
4.120000000000000000e+02 8.622793750000003199e-03
4.130000000000000000e+02 8.472838515624999192e-03
4.140000000000000000e+02 8.312810000000005542e-03
4.150000000000000000e+02 8.143087187500003613e-03
4.160000000000000000e+02 7.964361328125000791e-03
4.170000000000000000e+02 7.777566562499998483e-03
4.180000000000000000e+02 7.583822343749997696e-03
4.190000000000000000e+02 7.384510390624999740e-03
4.200000000000000000e+02 7.181060156249998577e-03
4.210000000000000000e+02 6.974949062499998485e-03
4.220000000000000000e+02 6.767609921874995563e-03
4.230000000000000000e+02 6.560409062500000520e-03
4.240000000000000000e+02 6.354379140624998902e-03
4.250000000000000000e+02 6.150309687500003612e-03
4.260000000000000000e+02 5.948610624999997078e-03
4.270000000000000000e+02 5.749318984375003175e-03
4.280000000000000000e+02 5.552077500000000485e-03
4.290000000000000000e+02 5.356269999999996312e-03
4.300000000000000000e+02 5.161204062499999065e-03
4.310000000000000000e+02 4.965950781250001549e-03
4.320000000000000000e+02 4.769964453125001731e-03
4.330000000000000000e+02 4.572775234375002322e-03
4.340000000000000000e+02 4.374506093750001913e-03
4.350000000000000000e+02 4.175688437499998351e-03
4.360000000000000000e+02 3.977460468749999256e-03
4.370000000000000000e+02 3.781512265625001923e-03
4.380000000000000000e+02 3.589925859374999868e-03
4.390000000000000000e+02 3.405165312499999330e-03
4.400000000000000000e+02 3.229705312500001386e-03
4.410000000000000000e+02 3.065940156250000423e-03
4.420000000000000000e+02 2.915995624999999456e-03
4.430000000000000000e+02 2.781539335937498279e-03
4.440000000000000000e+02 2.663681843749998463e-03
4.450000000000000000e+02 2.562992492187500439e-03
4.460000000000000000e+02 2.479541860937500147e-03
4.470000000000000000e+02 2.412971323125000147e-03
4.480000000000000000e+02 2.362714194531251484e-03
4.490000000000000000e+02 2.328024586718750125e-03
4.500000000000000000e+02 2.308296304687499668e-03
4.510000000000000000e+02 2.303044815625000883e-03
4.520000000000000000e+02 2.311993310156250109e-03
4.530000000000000000e+02 2.335030031250001810e-03
4.540000000000000000e+02 2.371999406250000289e-03
4.550000000000000000e+02 2.422604173437499682e-03
4.560000000000000000e+02 2.486138853125002216e-03
4.570000000000000000e+02 2.561319984375001486e-03
4.580000000000000000e+02 2.646191812499999567e-03
4.590000000000000000e+02 2.738144678906249876e-03
4.600000000000000000e+02 2.834006831249999848e-03
4.610000000000000000e+02 2.930286115625000288e-03
4.620000000000000000e+02 3.023488898437501435e-03
4.630000000000000000e+02 3.110459851562499215e-03
4.640000000000000000e+02 3.188648242187498878e-03
4.650000000000000000e+02 3.256354987343752696e-03
4.660000000000000000e+02 3.312671406250000759e-03
4.670000000000000000e+02 3.357344078124999912e-03
4.680000000000000000e+02 3.390383382812499433e-03
4.690000000000000000e+02 3.411631825781250710e-03
4.700000000000000000e+02 3.420317015625000401e-03
4.710000000000000000e+02 3.414823984374999906e-03
4.720000000000000000e+02 3.392631968750001777e-03
4.730000000000000000e+02 3.350741562500000100e-03
4.740000000000000000e+02 3.286215273437499522e-03
4.750000000000000000e+02 3.197008234374998457e-03
4.760000000000000000e+02 3.082795460937500561e-03
4.770000000000000000e+02 2.945673312500000484e-03
4.780000000000000000e+02 2.790553037500001672e-03
4.790000000000000000e+02 2.625304085937500351e-03
4.800000000000000000e+02 2.460540085937499080e-03
4.810000000000000000e+02 2.309112484375000496e-03
4.820000000000000000e+02 2.185476804687499792e-03
4.830000000000000000e+02 2.104709335937500654e-03
4.840000000000000000e+02 2.081335992187500258e-03
4.850000000000000000e+02 2.127952946874999644e-03
4.860000000000000000e+02 2.253672314062499498e-03
4.870000000000000000e+02 2.462662999999999918e-03
4.880000000000000000e+02 2.752975703125000017e-03
4.890000000000000000e+02 3.115865570312500131e-03
4.900000000000000000e+02 3.535715282031251690e-03
4.910000000000000000e+02 3.990672554687498853e-03
4.920000000000000000e+02 4.453839359375002215e-03
4.930000000000000000e+02 4.894998981249999020e-03
4.940000000000000000e+02 5.283087757812499931e-03
4.950000000000000000e+02 5.588862313281249029e-03
4.960000000000000000e+02 5.788700015625002082e-03
4.970000000000000000e+02 5.868399956249999161e-03
4.980000000000000000e+02 5.827433390624999279e-03
4.990000000000000000e+02 5.682112437499998482e-03
5.000000000000000000e+02 5.467427040625002024e-03
5.010000000000000000e+02 5.235660592968749243e-03
5.020000000000000000e+02 5.051218937500002656e-03
5.030000000000000000e+02 4.981982108593751429e-03
5.040000000000000000e+02 5.087316070312496857e-03
5.050000000000000000e+02 5.404620374999996937e-03
5.060000000000000000e+02 5.937245882812500902e-03
5.070000000000000000e+02 6.647322578125000776e-03
5.080000000000000000e+02 7.461092671875000845e-03
5.090000000000000000e+02 8.300151148437505746e-03
5.100000000000000000e+02 9.161245820312500371e-03
5.110000000000000000e+02 1.028238974218750011e-02
