0.000000000000000000e+00 2.274089218750000290e-03
1.000000000000000000e+00 2.265945390624999906e-03
2.000000000000000000e+00 2.249738515624999987e-03
3.000000000000000000e+00 2.225625781249999328e-03
4.000000000000000000e+00 2.193813749999999792e-03
5.000000000000000000e+00 2.154599531249999818e-03
6.000000000000000000e+00 2.108339609375000420e-03
7.000000000000000000e+00 2.055465781249999832e-03
8.000000000000000000e+00 1.996466093750000510e-03
9.000000000000000000e+00 1.931875703125000279e-03
1.000000000000000000e+01 1.862273671875000740e-03
1.100000000000000000e+01 1.788313570312499842e-03
1.200000000000000000e+01 1.710665359374999696e-03
1.300000000000000000e+01 1.630048960937499755e-03
1.400000000000000000e+01 1.547178992187499876e-03
1.500000000000000000e+01 1.462829468749999879e-03
1.600000000000000000e+01 1.377766492968750126e-03
1.700000000000000000e+01 1.292766310546874771e-03
1.800000000000000000e+01 1.208602100781249692e-03
1.900000000000000000e+01 1.126046242187499560e-03
2.000000000000000000e+01 1.045844828125000198e-03
2.100000000000000000e+01 9.687446640625000912e-04
2.200000000000000000e+01 8.954465078124996700e-04
2.300000000000000000e+01 8.266277124999998893e-04
2.400000000000000000e+01 7.629187734375000429e-04
2.500000000000000000e+01 7.049177914062502125e-04
2.600000000000000000e+01 6.531679937500000028e-04
2.700000000000000000e+01 6.081557890625001071e-04
2.800000000000000000e+01 5.703155156249997866e-04
2.900000000000000000e+01 5.400208671875001906e-04
3.000000000000000000e+01 5.175785859375000002e-04
3.100000000000000000e+01 5.032302734375001998e-04
3.200000000000000000e+01 4.971496093750000112e-04
3.300000000000000000e+01 4.994404843749999370e-04
3.400000000000000000e+01 5.101413828125001037e-04
3.500000000000000000e+01 5.292067500000000946e-04
3.600000000000000000e+01 5.565429218750002046e-04
3.700000000000000000e+01 5.919671632812500582e-04
3.800000000000000000e+01 6.352472183593747693e-04
3.900000000000000000e+01 6.860706398437498108e-04
4.000000000000000000e+01 7.440768521093746877e-04
4.100000000000000000e+01 8.088397382812498272e-04
4.200000000000000000e+01 8.798752320312504564e-04
4.300000000000000000e+01 9.566587148437499365e-04
4.400000000000000000e+01 1.038618357812499731e-03
4.500000000000000000e+01 1.125128273437500485e-03
4.600000000000000000e+01 1.215540742187500240e-03
4.700000000000000000e+01 1.309175031249999645e-03
4.800000000000000000e+01 1.405322601562499982e-03
4.900000000000000000e+01 1.503256304687500830e-03
5.000000000000000000e+01 1.602247781249999158e-03
5.100000000000000000e+01 1.701538140624999544e-03
5.200000000000000000e+01 1.800400937500000118e-03
5.300000000000000000e+01 1.898090000000000714e-03
5.400000000000000000e+01 1.993877812500000676e-03
5.500000000000000000e+01 2.087059609375000596e-03
5.600000000000000000e+01 2.176954140625000401e-03
5.700000000000000000e+01 2.262909140624999507e-03
5.800000000000000000e+01 2.344311093749999915e-03
5.900000000000000000e+01 2.420571328125000529e-03
6.000000000000000000e+01 2.491172265625001860e-03
6.100000000000000000e+01 2.555622265624999875e-03
6.200000000000000000e+01 2.613499296874999007e-03
6.300000000000000000e+01 2.664432578125000561e-03
6.400000000000000000e+01 2.708107968750000320e-03
6.500000000000000000e+01 2.744300234374998874e-03
6.600000000000000000e+01 2.772817187500000238e-03
6.700000000000000000e+01 2.793555468749999403e-03
6.800000000000000000e+01 2.806470468749999898e-03
6.900000000000000000e+01 2.811597710937498856e-03
7.000000000000000000e+01 2.809046421874997982e-03
7.100000000000000000e+01 2.798983609375000226e-03
7.200000000000000000e+01 2.781660929687499763e-03
7.300000000000000000e+01 2.757379671875001288e-03
7.400000000000000000e+01 2.726518984374999739e-03
7.500000000000000000e+01 2.689538679687501158e-03
7.600000000000000000e+01 2.646917625000000905e-03
7.700000000000000000e+01 2.599230578125000246e-03
7.800000000000000000e+01 2.547083924999999673e-03
7.900000000000000000e+01 2.491130986718750363e-03
8.000000000000000000e+01 2.432075598437500197e-03
8.100000000000000000e+01 2.370653658593749324e-03
8.200000000000000000e+01 2.307624324218749811e-03
8.300000000000000000e+01 2.243768876953125286e-03
8.400000000000000000e+01 2.179898328906249017e-03
8.500000000000000000e+01 2.116809082031250160e-03
8.600000000000000000e+01 2.055310357812500412e-03
8.700000000000000000e+01 1.996203452343749477e-03
8.800000000000000000e+01 1.940256110156249585e-03
8.900000000000000000e+01 1.888222639062500348e-03
9.000000000000000000e+01 1.840831036718749590e-03
9.100000000000000000e+01 1.798738302343749892e-03
9.200000000000000000e+01 1.762578487500000759e-03
9.300000000000000000e+01 1.732930610156250325e-03
9.400000000000000000e+01 1.710290224609375314e-03
9.500000000000000000e+01 1.695083846875000255e-03
9.600000000000000000e+01 1.687686359375000335e-03
9.700000000000000000e+01 1.688365585937499740e-03
9.800000000000000000e+01 1.697313804687500651e-03
9.900000000000000000e+01 1.714644398437499551e-03
1.000000000000000000e+02 1.740349210937500082e-03
1.010000000000000000e+02 1.774378992187499327e-03
1.020000000000000000e+02 1.816564617187500221e-03
1.030000000000000000e+02 1.866638468750000078e-03
1.040000000000000000e+02 1.924265250000000392e-03
1.050000000000000000e+02 1.989024382812499842e-03
1.060000000000000000e+02 2.060404242187500144e-03
1.070000000000000000e+02 2.137836609374999409e-03
1.080000000000000000e+02 2.220670585937498283e-03
1.090000000000000000e+02 2.308225131249999704e-03
1.100000000000000000e+02 2.399744578124999791e-03
1.110000000000000000e+02 2.494443703124999898e-03
1.120000000000000000e+02 2.591517171875000990e-03
1.130000000000000000e+02 2.690131031249997935e-03
1.140000000000000000e+02 2.789451953125000449e-03
1.150000000000000000e+02 2.888648968750000094e-03
1.160000000000000000e+02 2.986919359375000017e-03
1.170000000000000000e+02 3.083487415625001202e-03
1.180000000000000000e+02 3.177609622656251721e-03
1.190000000000000000e+02 3.268593103124999184e-03
1.200000000000000000e+02 3.355837601562499002e-03
1.210000000000000000e+02 3.438792062500000812e-03
1.220000000000000000e+02 3.516988999999998144e-03
1.230000000000000000e+02 3.590054367187500532e-03
1.240000000000000000e+02 3.657730046874999637e-03
1.250000000000000000e+02 3.719812148437499130e-03
1.260000000000000000e+02 3.776258780468751478e-03
1.270000000000000000e+02 3.827098513281250100e-03
1.280000000000000000e+02 3.872493398437500296e-03
1.290000000000000000e+02 3.912708929687500579e-03
1.300000000000000000e+02 3.948091703125001725e-03
1.310000000000000000e+02 3.979116265624998115e-03
1.320000000000000000e+02 4.006328960937500551e-03
1.330000000000000000e+02 4.030394999999999985e-03
1.340000000000000000e+02 4.052009109375000022e-03
1.350000000000000000e+02 4.071985093750000138e-03
1.360000000000000000e+02 4.091115810937499646e-03
1.370000000000000000e+02 4.110350593750000149e-03
1.380000000000000000e+02 4.130540732812499304e-03
1.390000000000000000e+02 4.152632985937500763e-03
1.400000000000000000e+02 4.177537021874999472e-03
1.410000000000000000e+02 4.206125882812499980e-03
1.420000000000000000e+02 4.239311999999999421e-03
1.430000000000000000e+02 4.277813445312501385e-03
1.440000000000000000e+02 4.322446640625001585e-03
1.450000000000000000e+02 4.373857578125001089e-03
1.460000000000000000e+02 4.432645078124997605e-03
1.470000000000000000e+02 4.499213203125000497e-03
1.480000000000000000e+02 4.573971249999998594e-03
1.490000000000000000e+02 4.657122656249998438e-03
1.500000000000000000e+02 4.748761953125002315e-03
1.510000000000000000e+02 4.848873359375000316e-03
1.520000000000000000e+02 4.957243937500000440e-03
1.530000000000000000e+02 5.073558351562499312e-03
1.540000000000000000e+02 5.197356070312499077e-03
1.550000000000000000e+02 5.328028640624998639e-03
1.560000000000000000e+02 5.464844749999998690e-03
1.570000000000000000e+02 5.606949499999998830e-03
1.580000000000000000e+02 5.753323653906245415e-03
1.590000000000000000e+02 5.902889816406247867e-03
1.600000000000000000e+02 6.054493114843751030e-03
1.610000000000000000e+02 6.206821734375002168e-03
1.620000000000000000e+02 6.358577342968746091e-03
1.630000000000000000e+02 6.508353232812498154e-03
1.640000000000000000e+02 6.654812948437499945e-03
1.650000000000000000e+02 6.796476146093749157e-03
1.660000000000000000e+02 6.932006832031250426e-03
1.670000000000000000e+02 7.060036914062498004e-03
1.680000000000000000e+02 7.179199654687498482e-03
1.690000000000000000e+02 7.288332450781250665e-03
1.700000000000000000e+02 7.386269996093750012e-03
1.710000000000000000e+02 7.471933809374999361e-03
1.720000000000000000e+02 7.544476846093752832e-03
1.730000000000000000e+02 7.603151935937500078e-03
1.740000000000000000e+02 7.647359089062505041e-03
1.750000000000000000e+02 7.676723843750001171e-03
1.760000000000000000e+02 7.690955648437503532e-03
1.770000000000000000e+02 7.690043062499999672e-03
1.780000000000000000e+02 7.674251718749998744e-03
1.790000000000000000e+02 7.643867921874999451e-03
1.800000000000000000e+02 7.599542742187502357e-03
1.810000000000000000e+02 7.542029359375002420e-03
1.820000000000000000e+02 7.472369742187500233e-03
1.830000000000000000e+02 7.391725148437500170e-03
1.840000000000000000e+02 7.301483867187498131e-03
1.850000000000000000e+02 7.203226375000005080e-03
1.860000000000000000e+02 7.098600016406250539e-03
1.870000000000000000e+02 6.989441114062504116e-03
1.880000000000000000e+02 6.877742492187502617e-03
1.890000000000000000e+02 6.765508242187500028e-03
1.900000000000000000e+02 6.654884718750001156e-03
1.910000000000000000e+02 6.547960890625002806e-03
1.920000000000000000e+02 6.446949210937499668e-03
1.930000000000000000e+02 6.353971984375002442e-03
1.940000000000000000e+02 6.271156890625000785e-03
1.950000000000000000e+02 6.200511843750001854e-03
1.960000000000000000e+02 6.144012117187500066e-03
1.970000000000000000e+02 6.103427531250001266e-03
1.980000000000000000e+02 6.080440921875001140e-03
1.990000000000000000e+02 6.076532007812498852e-03
2.000000000000000000e+02 6.093009710937501502e-03
2.010000000000000000e+02 6.130898648437500820e-03
2.020000000000000000e+02 6.191142659343749910e-03
2.030000000000000000e+02 6.274245695312500627e-03
2.040000000000000000e+02 6.380602929687501437e-03
2.050000000000000000e+02 6.510317109374999349e-03
2.060000000000000000e+02 6.663160312500001140e-03
2.070000000000000000e+02 6.838758984375000252e-03
2.080000000000000000e+02 7.036305078124999168e-03
2.090000000000000000e+02 7.254907499999998545e-03
2.100000000000000000e+02 7.493344843750000296e-03
2.110000000000000000e+02 7.750179374999999204e-03
2.120000000000000000e+02 8.023687968749996721e-03
2.130000000000000000e+02 8.312082187500000052e-03
2.140000000000000000e+02 8.613232656250002436e-03
2.150000000000000000e+02 8.925011953125000855e-03
2.160000000000000000e+02 9.245027890624998509e-03
2.170000000000000000e+02 9.570927656250002163e-03
2.180000000000000000e+02 9.900100585937496658e-03
2.190000000000000000e+02 1.023006492187500220e-02
2.200000000000000000e+02 1.055814146874999720e-02
2.210000000000000000e+02 1.088179469531250394e-02
2.220000000000000000e+02 1.119853328124999214e-02
2.230000000000000000e+02 1.150581335937500560e-02
2.240000000000000000e+02 1.180131750000000188e-02
2.250000000000000000e+02 1.208272749999999597e-02
2.260000000000000000e+02 1.234797085937500670e-02
2.270000000000000000e+02 1.259503601562499478e-02
2.280000000000000000e+02 1.282229726562500449e-02
2.290000000000000000e+02 1.302798351562499748e-02
2.300000000000000000e+02 1.321094039062499850e-02
2.310000000000000000e+02 1.336999031250000330e-02
2.320000000000000000e+02 1.350423726562499822e-02
2.330000000000000000e+02 1.361309890625000268e-02
2.340000000000000000e+02 1.369622210937500133e-02
2.350000000000000000e+02 1.375347421875000760e-02
2.360000000000000000e+02 1.378500789062500620e-02
2.370000000000000000e+02 1.379120039062499935e-02
2.380000000000000000e+02 1.377261546874999736e-02
2.390000000000000000e+02 1.373013773437499821e-02
2.400000000000000000e+02 1.366487164062499780e-02
2.410000000000000000e+02 1.357797164062500041e-02
2.420000000000000000e+02 1.347091406250000394e-02
2.430000000000000000e+02 1.334527343749999928e-02
2.440000000000000000e+02 1.320277265624999682e-02
2.450000000000000000e+02 1.304532812499999486e-02
2.460000000000000000e+02 1.287476718750000214e-02
2.470000000000000000e+02 1.269311328124999270e-02
2.480000000000000000e+02 1.250247187500000585e-02
2.490000000000000000e+02 1.230493125000000493e-02
2.500000000000000000e+02 1.210259453125000183e-02
2.510000000000000000e+02 1.189751249999999178e-02
2.520000000000000000e+02 1.169172734375000314e-02
2.530000000000000000e+02 1.148729062500000210e-02
2.540000000000000000e+02 1.128607343750000040e-02
2.550000000000000000e+02 1.108992343750000303e-02
2.560000000000000000e+02 1.090062812500000068e-02
2.570000000000000000e+02 1.071971093749999986e-02
2.580000000000000000e+02 1.054880156250000318e-02
2.590000000000000000e+02 1.038922578124999892e-02
2.600000000000000000e+02 1.024215156250000112e-02
2.610000000000000000e+02 1.010880468750000906e-02
2.620000000000000000e+02 9.990047656250002420e-03
2.630000000000000000e+02 9.886670312499994812e-03
2.640000000000000000e+02 9.799406250000001692e-03
2.650000000000000000e+02 9.728707031249998749e-03
2.660000000000000000e+02 9.674964062499995937e-03
2.670000000000000000e+02 9.638363281249994266e-03
2.680000000000000000e+02 9.619008593749998892e-03
2.690000000000000000e+02 9.616823437499996338e-03
2.700000000000000000e+02 9.631601562500001490e-03
2.710000000000000000e+02 9.663028906249997510e-03
2.720000000000000000e+02 9.710638281249999587e-03
2.730000000000000000e+02 9.773942187500004111e-03
2.740000000000000000e+02 9.852216406249995895e-03
2.750000000000000000e+02 9.944742187499999372e-03
2.760000000000000000e+02 1.005062656249999450e-02
2.770000000000000000e+02 1.016908515625000904e-02
2.780000000000000000e+02 1.029906171875000567e-02
2.790000000000000000e+02 1.043957343749999864e-02
2.800000000000000000e+02 1.058964687500000418e-02
2.810000000000000000e+02 1.074819062500000089e-02
2.820000000000000000e+02 1.091418749999999854e-02
2.830000000000000000e+02 1.108668906250000197e-02
2.840000000000000000e+02 1.126461406249999915e-02
2.850000000000000000e+02 1.144704140625000220e-02
2.860000000000000000e+02 1.163309453125000933e-02
2.870000000000000000e+02 1.182186093750000125e-02
2.880000000000000000e+02 1.201260078125000567e-02
2.890000000000000000e+02 1.220457890625000104e-02
2.900000000000000000e+02 1.239711718749999213e-02
2.910000000000000000e+02 1.258956875000000197e-02
2.920000000000000000e+02 1.278129296875000348e-02
2.930000000000000000e+02 1.297188281249999492e-02
2.940000000000000000e+02 1.316081328125000109e-02
2.950000000000000000e+02 1.334763515624999737e-02
2.960000000000000000e+02 1.353197734374999434e-02
2.970000000000000000e+02 1.371332890624999724e-02
2.980000000000000000e+02 1.389140937499999499e-02
2.990000000000000000e+02 1.406574765624999702e-02
3.000000000000000000e+02 1.423596250000000452e-02
3.010000000000000000e+02 1.440151406250000238e-02
3.020000000000000000e+02 1.456208671874999888e-02
3.030000000000000000e+02 1.471699765624999781e-02
3.040000000000000000e+02 1.486582968749999845e-02
3.050000000000000000e+02 1.500792499999999315e-02
3.060000000000000000e+02 1.514255468750000042e-02
3.070000000000000000e+02 1.526926640624999554e-02
3.080000000000000000e+02 1.538726796874999997e-02
3.090000000000000000e+02 1.549600703124999479e-02
3.100000000000000000e+02 1.559479453124999575e-02
3.110000000000000000e+02 1.568316250000000370e-02
3.120000000000000000e+02 1.576048906250000076e-02
3.130000000000000000e+02 1.582634531250000018e-02
3.140000000000000000e+02 1.588026015624999232e-02
3.150000000000000000e+02 1.592187734375000857e-02
3.160000000000000000e+02 1.595073750000000276e-02
3.170000000000000000e+02 1.596649687500000317e-02
3.180000000000000000e+02 1.596863359375000346e-02
3.190000000000000000e+02 1.595668125000000021e-02
3.200000000000000000e+02 1.592987812499999448e-02
3.210000000000000000e+02 1.588766640625000406e-02
3.220000000000000000e+02 1.582908984374999106e-02
3.230000000000000000e+02 1.575320078124999371e-02
3.240000000000000000e+02 1.565907031249999873e-02
3.250000000000000000e+02 1.554559140624999815e-02
3.260000000000000000e+02 1.541183656249999964e-02
3.270000000000000000e+02 1.525686695312501034e-02
3.280000000000000000e+02 1.507989609374999623e-02
3.290000000000000000e+02 1.488039601562500189e-02
3.300000000000000000e+02 1.465812250000000233e-02
3.310000000000000000e+02 1.441301328125000301e-02
3.320000000000000000e+02 1.414537070312500006e-02
3.330000000000000000e+02 1.385581851562499647e-02
3.340000000000000000e+02 1.354531914062500654e-02
3.350000000000000000e+02 1.321509234375000189e-02
3.360000000000000000e+02 1.286666882812499343e-02
3.370000000000000000e+02 1.250176773437499875e-02
3.380000000000000000e+02 1.212238396875000949e-02
3.390000000000000000e+02 1.173062390624999771e-02
3.400000000000000000e+02 1.132887741406249718e-02
3.410000000000000000e+02 1.091952733281250330e-02
3.420000000000000000e+02 1.050523731117187533e-02
3.430000000000000000e+02 1.008868269531250882e-02
3.440000000000000000e+02 9.672731453124991038e-03
3.450000000000000000e+02 9.260309218749996837e-03
3.460000000000000000e+02 8.854443937500003012e-03
3.470000000000000000e+02 8.458170132812505015e-03
3.480000000000000000e+02 8.074529726562499829e-03
3.490000000000000000e+02 7.706519929687499944e-03
3.500000000000000000e+02 7.357054687500001397e-03
3.510000000000000000e+02 7.028821640624997695e-03
3.520000000000000000e+02 6.724358359375001704e-03
3.530000000000000000e+02 6.445882421874997610e-03
3.540000000000000000e+02 6.195352734374999504e-03
3.550000000000000000e+02 5.974299765624998919e-03
3.560000000000000000e+02 5.783916171875002135e-03
3.570000000000000000e+02 5.624934921874998918e-03
3.580000000000000000e+02 5.497768515624997659e-03
3.590000000000000000e+02 5.402385781250000456e-03
3.600000000000000000e+02 5.338375937500001479e-03
3.610000000000000000e+02 5.304953914062499574e-03
3.620000000000000000e+02 5.301044031250003868e-03
3.630000000000000000e+02 5.325356164062500404e-03
3.640000000000000000e+02 5.376330739062496443e-03
3.650000000000000000e+02 5.452252888281250952e-03
3.660000000000000000e+02 5.551351864062499010e-03
3.670000000000000000e+02 5.671653765625003091e-03
3.680000000000000000e+02 5.811307539062501165e-03
3.690000000000000000e+02 5.968358359374999374e-03
3.700000000000000000e+02 6.140832367187498871e-03
3.710000000000000000e+02 6.326882859374999800e-03
3.720000000000000000e+02 6.524644765625002216e-03
3.730000000000000000e+02 6.732230624999995840e-03
3.740000000000000000e+02 6.947924531250000008e-03
3.750000000000000000e+02 7.169953515625005110e-03
3.760000000000000000e+02 7.396745781250007104e-03
3.770000000000000000e+02 7.626751718749996342e-03
3.780000000000000000e+02 7.858616015624996648e-03
3.790000000000000000e+02 8.091068515624995697e-03
3.800000000000000000e+02 8.323138203124996748e-03
3.810000000000000000e+02 8.553927421875001311e-03
3.820000000000000000e+02 8.782590390624997467e-03
3.830000000000000000e+02 9.008726718750005580e-03
3.840000000000000000e+02 9.231693749999997020e-03
3.850000000000000000e+02 9.451083984375002398e-03
3.860000000000000000e+02 9.666438984374999335e-03
3.870000000000000000e+02 9.877335546874990713e-03
3.880000000000000000e+02 1.008315953124999664e-02
3.890000000000000000e+02 1.028336929687500428e-02
3.900000000000000000e+02 1.047735421875001238e-02
3.910000000000000000e+02 1.066424867187499778e-02
3.920000000000000000e+02 1.084333851562499854e-02
3.930000000000000000e+02 1.101379054687499567e-02
3.940000000000000000e+02 1.117475328124999980e-02
3.950000000000000000e+02 1.132530468750000616e-02
3.960000000000000000e+02 1.146451414062501020e-02
3.970000000000000000e+02 1.159149812500000556e-02
3.980000000000000000e+02 1.170525664062499992e-02
3.990000000000000000e+02 1.180491148437499971e-02
4.000000000000000000e+02 1.188934625000000363e-02
4.010000000000000000e+02 1.195767703124999207e-02
4.020000000000000000e+02 1.200900320312499325e-02
4.030000000000000000e+02 1.204242304687500043e-02
4.040000000000000000e+02 1.205714679687500471e-02
4.050000000000000000e+02 1.205245023437500132e-02
4.060000000000000000e+02 1.202774624999999355e-02
4.070000000000000000e+02 1.198241484375000589e-02
4.080000000000000000e+02 1.191599601562499250e-02
4.090000000000000000e+02 1.182816023437500974e-02
4.100000000000000000e+02 1.171851968749999806e-02
4.110000000000000000e+02 1.158700570312499838e-02
4.120000000000000000e+02 1.143361539062500397e-02
4.130000000000000000e+02 1.125845890625000803e-02
4.140000000000000000e+02 1.106205843749999765e-02
4.150000000000000000e+02 1.084509375000000837e-02
4.160000000000000000e+02 1.060852859375000130e-02
4.170000000000000000e+02 1.035367242187500147e-02
4.180000000000000000e+02 1.008210890624999280e-02
4.190000000000000000e+02 9.795763125000002403e-03
4.200000000000000000e+02 9.496899453124997212e-03
4.210000000000000000e+02 9.187929531250006721e-03
4.220000000000000000e+02 8.871557343749997618e-03
4.230000000000000000e+02 8.550572734375001122e-03
4.240000000000000000e+02 8.227704453125003412e-03
4.250000000000000000e+02 7.905670625000001464e-03
4.260000000000000000e+02 7.586924531249996349e-03
4.270000000000000000e+02 7.273619218749994945e-03
4.280000000000000000e+02 6.967397734375001088e-03
4.290000000000000000e+02 6.669621250000002180e-03
4.300000000000000000e+02 6.381037499999997128e-03
4.310000000000000000e+02 6.102017968749999001e-03
4.320000000000000000e+02 5.832450390625001403e-03
4.330000000000000000e+02 5.572128124999999044e-03
4.340000000000000000e+02 5.320504843750000629e-03
4.350000000000000000e+02 5.077057812499998109e-03
4.360000000000000000e+02 4.841473906250000174e-03
4.370000000000000000e+02 4.613577578125001646e-03
4.380000000000000000e+02 4.393578671874999626e-03
4.390000000000000000e+02 4.182060781249998319e-03
4.400000000000000000e+02 3.979979375000001346e-03
4.410000000000000000e+02 3.788678203124999210e-03
4.420000000000000000e+02 3.609591406250000755e-03
4.430000000000000000e+02 3.444333906249999033e-03
4.440000000000000000e+02 3.294362812499998169e-03
4.450000000000000000e+02 3.160887265625000973e-03
4.460000000000000000e+02 3.044753984375001086e-03
4.470000000000000000e+02 2.946364765624999958e-03
4.480000000000000000e+02 2.865641796875000816e-03
4.490000000000000000e+02 2.802107187499999763e-03
4.500000000000000000e+02 2.755051484375000727e-03
4.510000000000000000e+02 2.723590468749999445e-03
4.520000000000000000e+02 2.706897812500001083e-03
4.530000000000000000e+02 2.704279374999999774e-03
4.540000000000000000e+02 2.715297171875000540e-03
4.550000000000000000e+02 2.739729109375001453e-03
4.560000000000000000e+02 2.777452343750000385e-03
4.570000000000000000e+02 2.828286085937499906e-03
4.580000000000000000e+02 2.891724489062499730e-03
4.590000000000000000e+02 2.966680446093751099e-03
4.600000000000000000e+02 3.051320499999998596e-03
4.610000000000000000e+02 3.142881148437500719e-03
4.620000000000000000e+02 3.237867773437499118e-03
4.630000000000000000e+02 3.331975468750000662e-03
4.640000000000000000e+02 3.420585937499999365e-03
4.650000000000000000e+02 3.498973828124998971e-03
4.660000000000000000e+02 3.562762039062499029e-03
4.670000000000000000e+02 3.608253203124999527e-03
4.680000000000000000e+02 3.632641968750000179e-03
4.690000000000000000e+02 3.634135405468750298e-03
4.700000000000000000e+02 3.611912539062500909e-03
4.710000000000000000e+02 3.565980140625001939e-03
4.720000000000000000e+02 3.497032906249998400e-03
4.730000000000000000e+02 3.406363032031249974e-03
4.740000000000000000e+02 3.295900435937499685e-03
4.750000000000000000e+02 3.168443289062497850e-03
4.760000000000000000e+02 3.028041741796873906e-03
4.770000000000000000e+02 2.880493078124999988e-03
4.780000000000000000e+02 2.733675541406249774e-03
4.790000000000000000e+02 2.597810710937500153e-03
4.800000000000000000e+02 2.485325236953125991e-03
4.810000000000000000e+02 2.410395747656248616e-03
4.820000000000000000e+02 2.388145882812500124e-03
4.830000000000000000e+02 2.433584656249998274e-03
4.840000000000000000e+02 2.560307677343752215e-03
4.850000000000000000e+02 2.779222796875001344e-03
4.860000000000000000e+02 3.096988679687498729e-03
4.870000000000000000e+02 3.514664390625000037e-03
4.880000000000000000e+02 4.026361710937500712e-03
4.890000000000000000e+02 4.618320437500001048e-03
4.900000000000000000e+02 5.268503617187499793e-03
4.910000000000000000e+02 5.947237421874999527e-03
4.920000000000000000e+02 6.618562343749998661e-03
4.930000000000000000e+02 7.242939218749995869e-03
4.940000000000000000e+02 7.780565648437501314e-03
4.950000000000000000e+02 8.195212164062500027e-03
4.960000000000000000e+02 8.458370523437503188e-03
4.970000000000000000e+02 8.553311476562500473e-03
4.980000000000000000e+02 8.478737890625004381e-03
4.990000000000000000e+02 8.251723593749999558e-03
5.000000000000000000e+02 7.909134843750000379e-03
5.010000000000000000e+02 7.507064240625002487e-03
5.020000000000000000e+02 7.117452007812498718e-03
5.030000000000000000e+02 6.820364093749999718e-03
5.040000000000000000e+02 6.692919742187500992e-03
5.050000000000000000e+02 6.795166328125001182e-03
5.060000000000000000e+02 7.156664101562504147e-03
5.070000000000000000e+02 7.767780859375003621e-03
5.080000000000000000e+02 8.584626406250000369e-03
5.090000000000000000e+02 9.558193593750000105e-03
5.100000000000000000e+02 1.070764343749999910e-02
5.110000000000000000e+02 1.226935857031249966e-02
