0.000000000000000000e+00 2.645220390624998703e-03
1.000000000000000000e+00 2.635691640624999565e-03
2.000000000000000000e+00 2.616706015625000319e-03
3.000000000000000000e+00 2.588451953125000225e-03
4.000000000000000000e+00 2.551171328124999475e-03
5.000000000000000000e+00 2.505220624999999514e-03
6.000000000000000000e+00 2.451008124999999680e-03
7.000000000000000000e+00 2.389023828125000099e-03
8.000000000000000000e+00 2.319828906250000732e-03
9.000000000000000000e+00 2.244055546874999720e-03
1.000000000000000000e+01 2.162383984375000276e-03
1.100000000000000000e+01 2.075559140625000618e-03
1.200000000000000000e+01 1.984357500000000132e-03
1.300000000000000000e+01 1.889598593750000700e-03
1.400000000000000000e+01 1.792148765624999732e-03
1.500000000000000000e+01 1.692862695312499690e-03
1.600000000000000000e+01 1.592651640625000363e-03
1.700000000000000000e+01 1.492397414062500774e-03
1.800000000000000000e+01 1.393006557031249704e-03
1.900000000000000000e+01 1.295372753906249858e-03
2.000000000000000000e+01 1.200364890624999953e-03
2.100000000000000000e+01 1.108835210937499961e-03
2.200000000000000000e+01 1.021605546874999795e-03
2.300000000000000000e+01 9.394606250000001393e-04
2.400000000000000000e+01 8.631337812499998915e-04
2.500000000000000000e+01 7.933098671874998318e-04
2.600000000000000000e+01 7.306364171874998262e-04
2.700000000000000000e+01 6.756799820312499316e-04
2.800000000000000000e+01 6.289422195312500139e-04
2.900000000000000000e+01 5.908664031250001822e-04
3.000000000000000000e+01 5.618115460937500322e-04
3.100000000000000000e+01 5.420716429687502712e-04
3.200000000000000000e+01 5.318522757812501342e-04
3.300000000000000000e+01 5.312864205468751646e-04
3.400000000000000000e+01 5.404228359374999230e-04
3.500000000000000000e+01 5.592299999999998618e-04
3.600000000000000000e+01 5.876009437500002118e-04
3.700000000000000000e+01 6.253408734375001145e-04
3.800000000000000000e+01 6.721867442187497415e-04
3.900000000000000000e+01 7.277969343750000705e-04
4.000000000000000000e+01 7.917484421875003705e-04
4.100000000000000000e+01 8.635652257812507409e-04
4.200000000000000000e+01 9.427000585937495188e-04
4.300000000000000000e+01 1.028545949999999523e-03
4.400000000000000000e+01 1.120438696875000924e-03
4.500000000000000000e+01 1.217667243749999753e-03
4.600000000000000000e+01 1.319480824218749720e-03
4.700000000000000000e+01 1.425090952343749601e-03
4.800000000000000000e+01 1.533674349218748815e-03
4.900000000000000000e+01 1.644394216406249885e-03
5.000000000000000000e+01 1.756379685937499695e-03
5.100000000000000000e+01 1.868771093749999057e-03
5.200000000000000000e+01 1.980685273437499463e-03
5.300000000000000000e+01 2.091270531249998527e-03
5.400000000000000000e+01 2.199667804687500429e-03
5.500000000000000000e+01 2.305050867187500088e-03
5.600000000000000000e+01 2.406601734375000880e-03
5.700000000000000000e+01 2.503549531250000900e-03
5.800000000000000000e+01 2.595170781249999531e-03
5.900000000000000000e+01 2.680769218749999398e-03
6.000000000000000000e+01 2.759722890624998273e-03
6.100000000000000000e+01 2.831439687499999903e-03
6.200000000000000000e+01 2.895420703124999308e-03
6.300000000000000000e+01 2.951207343750000649e-03
6.400000000000000000e+01 2.998440156250001872e-03
6.500000000000000000e+01 3.036822421875001298e-03
6.600000000000000000e+01 3.066120312500000573e-03
6.700000000000000000e+01 3.086208359375000685e-03
6.800000000000000000e+01 3.097022500000001961e-03
6.900000000000000000e+01 3.098603203124999581e-03
7.000000000000000000e+01 3.091065000000000913e-03
7.100000000000000000e+01 3.074594687500000010e-03
7.200000000000000000e+01 3.049477421875001169e-03
7.300000000000000000e+01 3.016074999999999572e-03
7.400000000000000000e+01 2.974836875000001941e-03
7.500000000000000000e+01 2.926278515624998900e-03
7.600000000000000000e+01 2.870983984374999611e-03
7.700000000000000000e+01 2.809610234375001323e-03
7.800000000000000000e+01 2.742880937500000865e-03
7.900000000000000000e+01 2.671564640624998765e-03
8.000000000000000000e+01 2.596480257812499182e-03
8.100000000000000000e+01 2.518494945312499747e-03
8.200000000000000000e+01 2.438496468749999820e-03
8.300000000000000000e+01 2.357414937499999891e-03
8.400000000000000000e+01 2.276174272656248439e-03
8.500000000000000000e+01 2.195724050781249458e-03
8.600000000000000000e+01 2.116988960937499914e-03
8.700000000000000000e+01 2.040904531250000223e-03
8.800000000000000000e+01 1.968357617187500765e-03
8.900000000000000000e+01 1.900227343750000679e-03
9.000000000000000000e+01 1.837328937499999341e-03
9.100000000000000000e+01 1.780436828125000039e-03
9.200000000000000000e+01 1.730250187500000352e-03
9.300000000000000000e+01 1.687422523437499128e-03
9.400000000000000000e+01 1.652508687500001388e-03
9.500000000000000000e+01 1.625989341406250920e-03
9.600000000000000000e+01 1.608251930312499991e-03
9.700000000000000000e+01 1.599587134375000030e-03
9.800000000000000000e+01 1.600183124999999314e-03
9.900000000000000000e+01 1.610141609375000376e-03
1.000000000000000000e+02 1.629431273437500485e-03
1.010000000000000000e+02 1.657945656249999299e-03
1.020000000000000000e+02 1.695452484375000032e-03
1.030000000000000000e+02 1.741638890624999745e-03
1.040000000000000000e+02 1.796066640625001206e-03
1.050000000000000000e+02 1.858233875000000557e-03
1.060000000000000000e+02 1.927541742187500757e-03
1.070000000000000000e+02 2.003300710937500236e-03
1.080000000000000000e+02 2.084764917187499796e-03
1.090000000000000000e+02 2.171138320312500456e-03
1.100000000000000000e+02 2.261550475781249226e-03
1.110000000000000000e+02 2.355119023437499473e-03
1.120000000000000000e+02 2.450927906249999403e-03
1.130000000000000000e+02 2.548041164062500152e-03
1.140000000000000000e+02 2.645541734375000432e-03
1.150000000000000000e+02 2.742526093750000289e-03
1.160000000000000000e+02 2.838111921874998580e-03
1.170000000000000000e+02 2.931469046874998589e-03
1.180000000000000000e+02 3.021821153125000582e-03
1.190000000000000000e+02 3.108454090781250217e-03
1.200000000000000000e+02 3.190747612265624773e-03
1.210000000000000000e+02 3.268155684374999832e-03
1.220000000000000000e+02 3.340243281250000838e-03
1.230000000000000000e+02 3.406665464062500360e-03
1.240000000000000000e+02 3.467232070312499526e-03
1.250000000000000000e+02 3.521816484375000708e-03
1.260000000000000000e+02 3.570401179687499212e-03
1.270000000000000000e+02 3.613160945312499962e-03
1.280000000000000000e+02 3.650334023437500075e-03
1.290000000000000000e+02 3.682275765625000509e-03
1.300000000000000000e+02 3.709464968749999914e-03
1.310000000000000000e+02 3.732461054765623745e-03
1.320000000000000000e+02 3.751898070312500652e-03
1.330000000000000000e+02 3.768590114062501245e-03
1.340000000000000000e+02 3.783274735156250210e-03
1.350000000000000000e+02 3.796865968749999886e-03
1.360000000000000000e+02 3.810281950781251037e-03
1.370000000000000000e+02 3.824417718749999716e-03
1.380000000000000000e+02 3.840229164062499822e-03
1.390000000000000000e+02 3.858646851562500067e-03
1.400000000000000000e+02 3.880622343750001358e-03
1.410000000000000000e+02 3.906972260937498914e-03
1.420000000000000000e+02 3.938574304687499431e-03
1.430000000000000000e+02 3.976166523437499670e-03
1.440000000000000000e+02 4.020394953124999116e-03
1.450000000000000000e+02 4.071826562499999448e-03
1.460000000000000000e+02 4.130922734374999593e-03
1.470000000000000000e+02 4.198048203124999690e-03
1.480000000000000000e+02 4.273383984375000305e-03
1.490000000000000000e+02 4.357005624999998536e-03
1.500000000000000000e+02 4.448864531249998276e-03
1.510000000000000000e+02 4.548727578124999067e-03
1.520000000000000000e+02 4.656263851562499230e-03
1.530000000000000000e+02 4.770948726562499083e-03
1.540000000000000000e+02 4.892180781249997300e-03
1.550000000000000000e+02 5.019176171874998801e-03
1.560000000000000000e+02 5.151084289062499849e-03
1.570000000000000000e+02 5.286837083593749070e-03
1.580000000000000000e+02 5.425381165390628230e-03
1.590000000000000000e+02 5.565518472656251145e-03
1.600000000000000000e+02 5.706005906249999628e-03
1.610000000000000000e+02 5.845502335937499856e-03
1.620000000000000000e+02 5.982691500000003257e-03
1.630000000000000000e+02 6.116217101562502513e-03
1.640000000000000000e+02 6.244690750000001130e-03
1.650000000000000000e+02 6.366817421875004858e-03
1.660000000000000000e+02 6.481332968749997994e-03
1.670000000000000000e+02 6.587022343749997753e-03
1.680000000000000000e+02 6.682759843750000345e-03
1.690000000000000000e+02 6.767511406249997544e-03
1.700000000000000000e+02 6.840504062500000690e-03
1.710000000000000000e+02 6.900920781249999213e-03
1.720000000000000000e+02 6.948228671875000817e-03
1.730000000000000000e+02 6.982043515625000439e-03
1.740000000000000000e+02 7.002164687499999596e-03
1.750000000000000000e+02 7.008604453124998336e-03
1.760000000000000000e+02 7.001587828124998351e-03
1.770000000000000000e+02 6.981514421874997038e-03
1.780000000000000000e+02 6.949065546875002677e-03
1.790000000000000000e+02 6.905002320312500844e-03
1.800000000000000000e+02 6.850455007812499865e-03
1.810000000000000000e+02 6.786585570312498109e-03
1.820000000000000000e+02 6.714837351562500008e-03
1.830000000000000000e+02 6.636881476562496787e-03
1.840000000000000000e+02 6.554381617187500508e-03
1.850000000000000000e+02 6.469255113281245639e-03
1.860000000000000000e+02 6.383464732031250005e-03
1.870000000000000000e+02 6.299062015624998928e-03
1.880000000000000000e+02 6.218250781250001143e-03
1.890000000000000000e+02 6.143129526562501712e-03
1.900000000000000000e+02 6.075856112656249919e-03
1.910000000000000000e+02 6.018590471093751559e-03
1.920000000000000000e+02 5.973407658593750738e-03
1.930000000000000000e+02 5.942201992187501683e-03
1.940000000000000000e+02 5.926975515625001155e-03
1.950000000000000000e+02 5.929402445312499832e-03
1.960000000000000000e+02 5.950975359375000086e-03
1.970000000000000000e+02 5.993097890624999279e-03
1.980000000000000000e+02 6.056867835937498543e-03
1.990000000000000000e+02 6.143216089062502119e-03
2.000000000000000000e+02 6.252768196093751174e-03
2.010000000000000000e+02 6.385876164062500096e-03
2.020000000000000000e+02 6.542709156250003238e-03
2.030000000000000000e+02 6.722996999999998786e-03
2.040000000000000000e+02 6.926338195312497711e-03
2.050000000000000000e+02 7.151943687499995317e-03
2.060000000000000000e+02 7.398821171875003683e-03
2.070000000000000000e+02 7.665654453124998505e-03
2.080000000000000000e+02 7.950824999999998172e-03
2.090000000000000000e+02 8.252646171874999242e-03
2.100000000000000000e+02 8.569056171874998851e-03
2.110000000000000000e+02 8.897861171875003777e-03
2.120000000000000000e+02 9.236644296874998994e-03
2.130000000000000000e+02 9.582914843749996622e-03
2.140000000000000000e+02 9.934010781250000519e-03
2.150000000000000000e+02 1.028719671875000241e-02
2.160000000000000000e+02 1.063966640624999793e-02
2.170000000000000000e+02 1.098877250000000229e-02
2.180000000000000000e+02 1.133150814843749375e-02
2.190000000000000000e+02 1.166529444765624507e-02
2.200000000000000000e+02 1.198743283593750771e-02
2.210000000000000000e+02 1.229536484375000349e-02
2.220000000000000000e+02 1.258671429687500433e-02
2.230000000000000000e+02 1.285924257812499569e-02
2.240000000000000000e+02 1.311097593750000338e-02
2.250000000000000000e+02 1.333997570312499964e-02
2.260000000000000000e+02 1.354475757812500375e-02
2.270000000000000000e+02 1.372393460937499157e-02
2.280000000000000000e+02 1.387651250000001418e-02
2.290000000000000000e+02 1.400166898437499481e-02
2.300000000000000000e+02 1.409887828124999944e-02
2.310000000000000000e+02 1.416799398437499496e-02
2.320000000000000000e+02 1.420899703125000010e-02
2.330000000000000000e+02 1.422220812500000174e-02
2.340000000000000000e+02 1.420822374999999860e-02
2.350000000000000000e+02 1.416797070312499594e-02
2.360000000000000000e+02 1.410241367187499949e-02
2.370000000000000000e+02 1.401290054687499842e-02
2.380000000000000000e+02 1.390094054687500760e-02
2.390000000000000000e+02 1.376817835937500789e-02
2.400000000000000000e+02 1.361649515625000008e-02
2.410000000000000000e+02 1.344778664062500594e-02
2.420000000000000000e+02 1.326415921875000528e-02
2.430000000000000000e+02 1.306777499999999849e-02
2.440000000000000000e+02 1.286079898437499959e-02
2.450000000000000000e+02 1.264548835937500705e-02
2.460000000000000000e+02 1.242408093749999137e-02
2.470000000000000000e+02 1.219885085937499891e-02
2.480000000000000000e+02 1.197197484374999329e-02
2.490000000000000000e+02 1.174551171875000410e-02
2.500000000000000000e+02 1.152161773437500487e-02
2.510000000000000000e+02 1.130216734374999386e-02
2.520000000000000000e+02 1.108900664062500117e-02
2.530000000000000000e+02 1.088390414062500103e-02
2.540000000000000000e+02 1.068840070312499987e-02
2.550000000000000000e+02 1.050395804687499594e-02
2.560000000000000000e+02 1.033187687499999806e-02
2.570000000000000000e+02 1.017322218749999903e-02
2.580000000000000000e+02 1.002902882812499626e-02
2.590000000000000000e+02 9.900120624999998037e-03
2.600000000000000000e+02 9.787128359375001085e-03
2.610000000000000000e+02 9.690559765625000530e-03
2.620000000000000000e+02 9.610830937499996798e-03
2.630000000000000000e+02 9.548092968750003171e-03
2.640000000000000000e+02 9.502534296875001993e-03
2.650000000000000000e+02 9.473994843750001629e-03
2.660000000000000000e+02 9.462422109375000223e-03
2.670000000000000000e+02 9.467491640624992044e-03
2.680000000000000000e+02 9.488787265624999689e-03
2.690000000000000000e+02 9.525928281250008872e-03
2.700000000000000000e+02 9.578315468749999326e-03
2.710000000000000000e+02 9.645296093750001937e-03
2.720000000000000000e+02 9.726205781250000376e-03
2.730000000000000000e+02 9.820290312500002186e-03
2.740000000000000000e+02 9.926717265625002729e-03
2.750000000000000000e+02 1.004471406249999969e-02
2.760000000000000000e+02 1.017337812499999848e-02
2.770000000000000000e+02 1.031196093749999800e-02
2.780000000000000000e+02 1.045948593750000225e-02
2.790000000000000000e+02 1.061525390625000370e-02
2.800000000000000000e+02 1.077842265624999463e-02
2.810000000000000000e+02 1.094818281249999685e-02
2.820000000000000000e+02 1.112393671874999795e-02
2.830000000000000000e+02 1.130488750000000105e-02
2.840000000000000000e+02 1.149061328125000440e-02
2.850000000000000000e+02 1.168043593749999894e-02
2.860000000000000000e+02 1.187388046874999353e-02
2.870000000000000000e+02 1.207055781250000043e-02
2.880000000000000000e+02 1.227008046874999286e-02
2.890000000000000000e+02 1.247205390625000243e-02
2.900000000000000000e+02 1.267627265624999763e-02
2.910000000000000000e+02 1.288243125000000829e-02
2.920000000000000000e+02 1.309024062500000439e-02
2.930000000000000000e+02 1.329947499999999984e-02
2.940000000000000000e+02 1.350989374999999812e-02
2.950000000000000000e+02 1.372125781249999496e-02
2.960000000000000000e+02 1.393323281250000330e-02
2.970000000000000000e+02 1.414552343750000336e-02
2.980000000000000000e+02 1.435772812500000183e-02
2.990000000000000000e+02 1.456929765624999720e-02
3.000000000000000000e+02 1.477977968749999947e-02
3.010000000000000000e+02 1.498850937499999689e-02
3.020000000000000000e+02 1.519476093750000284e-02
3.030000000000000000e+02 1.539768671875001334e-02
3.040000000000000000e+02 1.559641562500000550e-02
3.050000000000000000e+02 1.578998749999999812e-02
3.060000000000000000e+02 1.597739453125000125e-02
3.070000000000000000e+02 1.615755703124999859e-02
3.080000000000000000e+02 1.632951328124999935e-02
3.090000000000000000e+02 1.649215781250001206e-02
3.100000000000000000e+02 1.664464999999999001e-02
3.110000000000000000e+02 1.678593906250000836e-02
3.120000000000000000e+02 1.691517500000000104e-02
3.130000000000000000e+02 1.703157500000000713e-02
3.140000000000000000e+02 1.713442421874998914e-02
3.150000000000000000e+02 1.722280234375001690e-02
3.160000000000000000e+02 1.729596640624999834e-02
3.170000000000000000e+02 1.735314218749997930e-02
3.180000000000000000e+02 1.739337578125000131e-02
3.190000000000000000e+02 1.741568124999999870e-02
3.200000000000000000e+02 1.741908359374999896e-02
3.210000000000000000e+02 1.740242343750000517e-02
3.220000000000000000e+02 1.736449218750000384e-02
3.230000000000000000e+02 1.730418203124998652e-02
3.240000000000000000e+02 1.722031796874999923e-02
3.250000000000000000e+02 1.711185078125002437e-02
3.260000000000000000e+02 1.697791484374999368e-02
3.270000000000000000e+02 1.681784453124999038e-02
3.280000000000000000e+02 1.663114062500000573e-02
3.290000000000000000e+02 1.641774687500000690e-02
3.300000000000000000e+02 1.617775859375000097e-02
3.310000000000000000e+02 1.591172421875000284e-02
3.320000000000000000e+02 1.562042687500000103e-02
3.330000000000000000e+02 1.530488968749999824e-02
3.340000000000000000e+02 1.496654609375000326e-02
3.350000000000000000e+02 1.460699249999999026e-02
3.360000000000000000e+02 1.422808718749999334e-02
3.370000000000000000e+02 1.383192710937499945e-02
3.380000000000000000e+02 1.342074906250000088e-02
3.390000000000000000e+02 1.299708507812501364e-02
3.400000000000000000e+02 1.256354312500000160e-02
3.410000000000000000e+02 1.212310863281249908e-02
3.420000000000000000e+02 1.167876106250000622e-02
3.430000000000000000e+02 1.123369751562499318e-02
3.440000000000000000e+02 1.079129172109374868e-02
3.450000000000000000e+02 1.035504180937500338e-02
3.460000000000000000e+02 9.928499656250004343e-03
3.470000000000000000e+02 9.515074203125003030e-03
3.480000000000000000e+02 9.118313187500002789e-03
3.490000000000000000e+02 8.741409218750002819e-03
3.500000000000000000e+02 8.387577031249999343e-03
3.510000000000000000e+02 8.059598046875005029e-03
3.520000000000000000e+02 7.759941562499999071e-03
3.530000000000000000e+02 7.490717578125003634e-03
3.540000000000000000e+02 7.253632890624999406e-03
3.550000000000000000e+02 7.049928906250000835e-03
3.560000000000000000e+02 6.880354453124995842e-03
3.570000000000000000e+02 6.745224140625002279e-03
3.580000000000000000e+02 6.644373148437499564e-03
3.590000000000000000e+02 6.577286625000003904e-03
3.600000000000000000e+02 6.542973283593747982e-03
3.610000000000000000e+02 6.540007514062503961e-03
3.620000000000000000e+02 6.566867343750002091e-03
3.630000000000000000e+02 6.621561273437501574e-03
3.640000000000000000e+02 6.701935812500003052e-03
3.650000000000000000e+02 6.805651898437499979e-03
3.660000000000000000e+02 6.930252109375001704e-03
3.670000000000000000e+02 7.073116328125000213e-03
3.680000000000000000e+02 7.231566953124999968e-03
3.690000000000000000e+02 7.402866718750003225e-03
3.700000000000000000e+02 7.584243281250000780e-03
3.710000000000000000e+02 7.773052265625001074e-03
3.720000000000000000e+02 7.966467812499999218e-03
3.730000000000000000e+02 8.161935781249993888e-03
3.740000000000000000e+02 8.356966562500003567e-03
3.750000000000000000e+02 8.549269140625004662e-03
3.760000000000000000e+02 8.736772343749997505e-03
3.770000000000000000e+02 8.917735703125002217e-03
3.780000000000000000e+02 9.090673828125001368e-03
3.790000000000000000e+02 9.254474999999999854e-03
3.800000000000000000e+02 9.408251562499990450e-03
3.810000000000000000e+02 9.551504687500001964e-03
3.820000000000000000e+02 9.683981250000002830e-03
3.830000000000000000e+02 9.805521875000004078e-03
3.840000000000000000e+02 9.916233593749995343e-03
3.850000000000000000e+02 1.001633593749999898e-02
3.860000000000000000e+02 1.010608749999999771e-02
3.870000000000000000e+02 1.018577890624999989e-02
3.880000000000000000e+02 1.025577734375000133e-02
3.890000000000000000e+02 1.031647968750000997e-02
3.900000000000000000e+02 1.036821484375000275e-02
3.910000000000000000e+02 1.041147890625000044e-02
3.920000000000000000e+02 1.044658125000000153e-02
3.930000000000000000e+02 1.047401562499999418e-02
3.940000000000000000e+02 1.049406718749999919e-02
3.950000000000000000e+02 1.050706562500000087e-02
3.960000000000000000e+02 1.051326328125000084e-02
3.970000000000000000e+02 1.051276328124999861e-02
3.980000000000000000e+02 1.050555156250000156e-02
3.990000000000000000e+02 1.049158437500000499e-02
4.000000000000000000e+02 1.047064210937500607e-02
4.010000000000000000e+02 1.044247273437500477e-02
4.020000000000000000e+02 1.040660609374999962e-02
4.030000000000000000e+02 1.036262320312499215e-02
4.040000000000000000e+02 1.030986249999999924e-02
4.050000000000000000e+02 1.024781046875000018e-02
4.060000000000000000e+02 1.017564460937499249e-02
4.070000000000000000e+02 1.009267515624999965e-02
4.080000000000000000e+02 9.998244453125004413e-03
4.090000000000000000e+02 9.891612343749998232e-03
4.100000000000000000e+02 9.772248906249999395e-03
4.110000000000000000e+02 9.639681093749992782e-03
4.120000000000000000e+02 9.493714843750002477e-03
4.130000000000000000e+02 9.334320703124997579e-03
4.140000000000000000e+02 9.161652812499993664e-03
4.150000000000000000e+02 8.976241484374994362e-03
4.160000000000000000e+02 8.778860312500006216e-03
4.170000000000000000e+02 8.570565781249997461e-03
4.180000000000000000e+02 8.352618203125003818e-03
4.190000000000000000e+02 8.126593593749998484e-03
4.200000000000000000e+02 7.894176171874999620e-03
4.210000000000000000e+02 7.657251093750000286e-03
4.220000000000000000e+02 7.417609531249999208e-03
4.230000000000000000e+02 7.177108671875002434e-03
4.240000000000000000e+02 6.937268124999998106e-03
4.250000000000000000e+02 6.699445703125005321e-03
4.260000000000000000e+02 6.464629765625003015e-03
4.270000000000000000e+02 6.233416328125001432e-03
4.280000000000000000e+02 6.005990468750000734e-03
4.290000000000000000e+02 5.782198124999998745e-03
4.300000000000000000e+02 5.561551875000003524e-03
4.310000000000000000e+02 5.343497500000001475e-03
4.320000000000000000e+02 5.127451718749999506e-03
4.330000000000000000e+02 4.912859296874998866e-03
4.340000000000000000e+02 4.699634140624998034e-03
4.350000000000000000e+02 4.487933906249998162e-03
4.360000000000000000e+02 4.278542812500001069e-03
4.370000000000000000e+02 4.072618046874998746e-03
4.380000000000000000e+02 3.871915390624999440e-03
4.390000000000000000e+02 3.678490078125000364e-03
4.400000000000000000e+02 3.494568593750000101e-03
4.410000000000000000e+02 3.322472265625002388e-03
4.420000000000000000e+02 3.164276093750001840e-03
4.430000000000000000e+02 3.021715859375000753e-03
4.440000000000000000e+02 2.896067664062501167e-03
4.450000000000000000e+02 2.787999960937501218e-03
4.460000000000000000e+02 2.697745937500000465e-03
4.470000000000000000e+02 2.624938156249999321e-03
4.480000000000000000e+02 2.568995132812500713e-03
4.490000000000000000e+02 2.529039378124997312e-03
4.500000000000000000e+02 2.504250163281249164e-03
4.510000000000000000e+02 2.493921380468750761e-03
4.520000000000000000e+02 2.497546314374999785e-03
4.530000000000000000e+02 2.514865340624999803e-03
4.540000000000000000e+02 2.545726335156248566e-03
4.550000000000000000e+02 2.589927281250000400e-03
4.560000000000000000e+02 2.647011398437500770e-03
4.570000000000000000e+02 2.716058598437498268e-03
4.580000000000000000e+02 2.795477845312498155e-03
4.590000000000000000e+02 2.882983523437502096e-03
4.600000000000000000e+02 2.975558921875000058e-03
4.610000000000000000e+02 3.069684914062501511e-03
4.620000000000000000e+02 3.161551742187498817e-03
4.630000000000000000e+02 3.247420749999998732e-03
4.640000000000000000e+02 3.323942929687501765e-03
4.650000000000000000e+02 3.388470671874999410e-03
4.660000000000000000e+02 3.439179492187500933e-03
4.670000000000000000e+02 3.475069070312500081e-03
4.680000000000000000e+02 3.495730724218750352e-03
4.690000000000000000e+02 3.501035041406249521e-03
4.700000000000000000e+02 3.490744978906251683e-03
4.710000000000000000e+02 3.464186695312500893e-03
4.720000000000000000e+02 3.420171062499998728e-03
4.730000000000000000e+02 3.357135398437501549e-03
4.740000000000000000e+02 3.273579007031251001e-03
4.750000000000000000e+02 3.168770804687500234e-03
4.760000000000000000e+02 3.043465085937497976e-03
4.770000000000000000e+02 2.900622125000000637e-03
4.780000000000000000e+02 2.745830372656249494e-03
4.790000000000000000e+02 2.587527742187500750e-03
4.800000000000000000e+02 2.436718882812499362e-03
4.810000000000000000e+02 2.306535726562500884e-03
4.820000000000000000e+02 2.211488171875000512e-03
4.830000000000000000e+02 2.166480523437500083e-03
4.840000000000000000e+02 2.185655882812500509e-03
4.850000000000000000e+02 2.281003171874999673e-03
4.860000000000000000e+02 2.460829389921875051e-03
4.870000000000000000e+02 2.728276852906251666e-03
4.880000000000000000e+02 3.080062039062500361e-03
4.890000000000000000e+02 3.505691617187499907e-03
4.900000000000000000e+02 3.987413726562501551e-03
4.910000000000000000e+02 4.500916992187499466e-03
4.920000000000000000e+02 5.016729820312498637e-03
4.930000000000000000e+02 5.502250359375002176e-03
4.940000000000000000e+02 5.924539078124999893e-03
4.950000000000000000e+02 6.253175632812497421e-03
4.960000000000000000e+02 6.463967382812497997e-03
4.970000000000000000e+02 6.542937265624997230e-03
4.980000000000000000e+02 6.489961937499996725e-03
4.990000000000000000e+02 6.322238757812495037e-03
5.000000000000000000e+02 6.075919184374999581e-03
5.010000000000000000e+02 5.804940007812498665e-03
5.020000000000000000e+02 5.576419687499999632e-03
5.030000000000000000e+02 5.461801625781250238e-03
5.040000000000000000e+02 5.524606638281248649e-03
5.050000000000000000e+02 5.806737674999997920e-03
5.060000000000000000e+02 6.315653429687498321e-03
5.070000000000000000e+02 7.017337971093750779e-03
5.080000000000000000e+02 7.841526235156251814e-03
5.090000000000000000e+02 8.712784328124998853e-03
5.100000000000000000e+02 9.628200148437494887e-03
5.110000000000000000e+02 1.082021797656250624e-02
