0.000000000000000000e+00 2.505389101562499957e-03
1.000000000000000000e+00 2.494578914062500503e-03
2.000000000000000000e+00 2.473058499999998636e-03
3.000000000000000000e+00 2.441058617187499315e-03
4.000000000000000000e+00 2.398896679687499180e-03
5.000000000000000000e+00 2.347002523437501618e-03
6.000000000000000000e+00 2.285900914062498866e-03
7.000000000000000000e+00 2.216223343749999623e-03
8.000000000000000000e+00 2.138655484374999034e-03
9.000000000000000000e+00 2.053989328124999816e-03
1.000000000000000000e+01 1.963088156250001205e-03
1.100000000000000000e+01 1.866869781249999322e-03
1.200000000000000000e+01 1.766306742187498781e-03
1.300000000000000000e+01 1.662406203125000280e-03
1.400000000000000000e+01 1.556234460937500281e-03
1.500000000000000000e+01 1.448855515625000357e-03
1.600000000000000000e+01 1.341366828125000084e-03
1.700000000000000000e+01 1.234858398437499710e-03
1.800000000000000000e+01 1.130431078124999843e-03
1.900000000000000000e+01 1.029148781249999501e-03
2.000000000000000000e+01 9.320734257812503774e-04
2.100000000000000000e+01 8.402146968749996982e-04
2.200000000000000000e+01 7.545619281250001958e-04
2.300000000000000000e+01 6.760357953124995203e-04
2.400000000000000000e+01 6.055119375000002488e-04
2.500000000000000000e+01 5.438021562500000485e-04
2.600000000000000000e+01 4.916392843749999887e-04
2.700000000000000000e+01 4.496880585937500859e-04
2.800000000000000000e+01 4.185307675000001513e-04
2.900000000000000000e+01 3.986597321093746896e-04
3.000000000000000000e+01 3.904838290624998128e-04
3.100000000000000000e+01 3.943134117968752220e-04
3.200000000000000000e+01 4.103669250000001063e-04
3.300000000000000000e+01 4.387645742187502016e-04
3.400000000000000000e+01 4.795279812500000821e-04
3.500000000000000000e+01 5.325808281250000520e-04
3.600000000000000000e+01 5.977477890624998368e-04
3.700000000000000000e+01 6.747579140625000653e-04
3.800000000000000000e+01 7.632465937499998809e-04
3.900000000000000000e+01 8.627481640625004429e-04
4.000000000000000000e+01 9.727189812499998939e-04
4.100000000000000000e+01 1.092523692968749849e-03
4.200000000000000000e+01 1.221448604687499703e-03
4.300000000000000000e+01 1.358701225000000104e-03
4.400000000000000000e+01 1.503426320312500463e-03
4.500000000000000000e+01 1.654696289062499836e-03
4.600000000000000000e+01 1.811539156249999732e-03
4.700000000000000000e+01 1.972925890625000338e-03
4.800000000000000000e+01 2.137790445312499205e-03
4.900000000000000000e+01 2.305033437500000806e-03
5.000000000000000000e+01 2.473527851562500740e-03
5.100000000000000000e+01 2.642153281250001103e-03
5.200000000000000000e+01 2.809739843749999889e-03
5.300000000000000000e+01 2.975166718749999197e-03
5.400000000000000000e+01 3.137304687500002721e-03
5.500000000000000000e+01 3.295042499999999933e-03
5.600000000000000000e+01 3.447308124999999990e-03
5.700000000000000000e+01 3.593060078124998575e-03
5.800000000000000000e+01 3.731321562499999821e-03
5.900000000000000000e+01 3.861150859374998939e-03
6.000000000000000000e+01 3.981683828124999748e-03
6.100000000000000000e+01 4.092119140624996855e-03
6.200000000000000000e+01 4.191742421875000249e-03
6.300000000000000000e+01 4.279923359374998224e-03
6.400000000000000000e+01 4.356117421874998105e-03
6.500000000000000000e+01 4.419880156250001815e-03
6.600000000000000000e+01 4.470866093749999506e-03
6.700000000000000000e+01 4.508834218750001378e-03
6.800000000000000000e+01 4.533653984374998516e-03
6.900000000000000000e+01 4.545295234375003324e-03
7.000000000000000000e+01 4.543859531250003109e-03
7.100000000000000000e+01 4.529529062499999120e-03
7.200000000000000000e+01 4.502629296874998722e-03
7.300000000000000000e+01 4.463558671874999495e-03
7.400000000000000000e+01 4.412866249999999532e-03
7.500000000000000000e+01 4.351159218750001896e-03
7.600000000000000000e+01 4.279172734374999537e-03
7.700000000000000000e+01 4.197731953125000484e-03
7.800000000000000000e+01 4.107739710937499851e-03
7.900000000000000000e+01 4.010178015625000952e-03
8.000000000000000000e+01 3.906115234374999377e-03
8.100000000000000000e+01 3.796668804687498931e-03
8.200000000000000000e+01 3.682995382812498820e-03
8.300000000000000000e+01 3.566331289062499906e-03
8.400000000000000000e+01 3.447886695312502286e-03
8.500000000000000000e+01 3.328939992187500939e-03
8.600000000000000000e+01 3.210732562500001001e-03
8.700000000000000000e+01 3.094529507812499892e-03
8.800000000000000000e+01 2.981542819062499468e-03
8.900000000000000000e+01 2.872962828125001037e-03
9.000000000000000000e+01 2.769924718750000053e-03
9.100000000000000000e+01 2.673500664062500396e-03
9.200000000000000000e+01 2.584681039062500761e-03
9.300000000000000000e+01 2.504373156249999326e-03
9.400000000000000000e+01 2.433368125000000791e-03
9.500000000000000000e+01 2.372365781249998265e-03
9.600000000000000000e+01 2.321920156249999805e-03
9.700000000000000000e+01 2.282474421874999392e-03
9.800000000000000000e+01 2.254332460937499925e-03
9.900000000000000000e+01 2.237652648437500440e-03
1.000000000000000000e+02 2.232463437500001140e-03
1.010000000000000000e+02 2.238636585937499052e-03
1.020000000000000000e+02 2.255917054687500267e-03
1.030000000000000000e+02 2.283904218750000548e-03
1.040000000000000000e+02 2.322067226562500239e-03
1.050000000000000000e+02 2.369765695312499656e-03
1.060000000000000000e+02 2.426234679687500062e-03
1.070000000000000000e+02 2.490621796874999301e-03
1.080000000000000000e+02 2.561990312500001237e-03
1.090000000000000000e+02 2.639320343750001241e-03
1.100000000000000000e+02 2.721564710937499944e-03
1.110000000000000000e+02 2.807619507812500297e-03
1.120000000000000000e+02 2.896369757812500018e-03
1.130000000000000000e+02 2.986734675000000776e-03
1.140000000000000000e+02 3.077615137499998925e-03
1.150000000000000000e+02 3.167974936718749059e-03
1.160000000000000000e+02 3.256841519531249955e-03
1.170000000000000000e+02 3.343299072656250471e-03
1.180000000000000000e+02 3.426552784375000091e-03
1.190000000000000000e+02 3.505900071093749973e-03
1.200000000000000000e+02 3.580729154062499246e-03
1.210000000000000000e+02 3.650595581249999923e-03
1.220000000000000000e+02 3.715199679687500919e-03
1.230000000000000000e+02 3.774291656250000019e-03
1.240000000000000000e+02 3.827881071093749369e-03
1.250000000000000000e+02 3.876013679687500060e-03
1.260000000000000000e+02 3.918950828125000903e-03
1.270000000000000000e+02 3.957052429687499956e-03
1.280000000000000000e+02 3.990778695312500665e-03
1.290000000000000000e+02 4.020749609375001525e-03
1.300000000000000000e+02 4.047603046874998986e-03
1.310000000000000000e+02 4.072211015625000485e-03
1.320000000000000000e+02 4.095369140625000105e-03
1.330000000000000000e+02 4.117984374999998816e-03
1.340000000000000000e+02 4.140989218750001054e-03
1.350000000000000000e+02 4.165368437500001526e-03
1.360000000000000000e+02 4.192051718749997477e-03
1.370000000000000000e+02 4.221991640624999688e-03
1.380000000000000000e+02 4.256081015624999658e-03
1.390000000000000000e+02 4.295148749999998239e-03
1.400000000000000000e+02 4.339973281250000293e-03
1.410000000000000000e+02 4.391246640624999788e-03
1.420000000000000000e+02 4.449546007812499315e-03
1.430000000000000000e+02 4.515323548437500181e-03
1.440000000000000000e+02 4.588939392968749767e-03
1.450000000000000000e+02 4.670568209374998184e-03
1.460000000000000000e+02 4.760340968750000415e-03
1.470000000000000000e+02 4.858131406250000561e-03
1.480000000000000000e+02 4.963724796874999234e-03
1.490000000000000000e+02 5.076746749999998774e-03
1.500000000000000000e+02 5.196726457812500186e-03
1.510000000000000000e+02 5.322933964843750212e-03
1.520000000000000000e+02 5.454634945312499157e-03
1.530000000000000000e+02 5.590872304687499392e-03
1.540000000000000000e+02 5.730599226562497345e-03
1.550000000000000000e+02 5.872686953125001025e-03
1.560000000000000000e+02 6.015903984375001179e-03
1.570000000000000000e+02 6.158944921874996876e-03
1.580000000000000000e+02 6.300402421874999430e-03
1.590000000000000000e+02 6.438893281249999205e-03
1.600000000000000000e+02 6.572987109375000997e-03
1.610000000000000000e+02 6.701203046874999736e-03
1.620000000000000000e+02 6.822186484374999360e-03
1.630000000000000000e+02 6.934545078125001552e-03
1.640000000000000000e+02 7.036962265625000199e-03
1.650000000000000000e+02 7.128252187499999754e-03
1.660000000000000000e+02 7.207252031250002515e-03
1.670000000000000000e+02 7.272952109374998704e-03
1.680000000000000000e+02 7.324581015625001440e-03
1.690000000000000000e+02 7.361399062500000208e-03
1.700000000000000000e+02 7.382973515625002037e-03
1.710000000000000000e+02 7.388887187499999266e-03
1.720000000000000000e+02 7.379147500000002302e-03
1.730000000000000000e+02 7.353787656250002774e-03
1.740000000000000000e+02 7.313185390625004390e-03
1.750000000000000000e+02 7.257869812500004035e-03
1.760000000000000000e+02 7.188579843750000919e-03
1.770000000000000000e+02 7.106332492187499884e-03
1.780000000000000000e+02 7.012306468749998287e-03
1.790000000000000000e+02 6.907909539062506710e-03
1.800000000000000000e+02 6.794667271093748039e-03
1.810000000000000000e+02 6.674401468750000566e-03
1.820000000000000000e+02 6.548921492187501775e-03
1.830000000000000000e+02 6.420246445312497927e-03
1.840000000000000000e+02 6.290482675546873667e-03
1.850000000000000000e+02 6.161810639843750236e-03
1.860000000000000000e+02 6.036434000000001979e-03
1.870000000000000000e+02 5.916496675000002328e-03
1.880000000000000000e+02 5.804216516406243351e-03
1.890000000000000000e+02 5.701723609375000668e-03
1.900000000000000000e+02 5.610998863281251026e-03
1.910000000000000000e+02 5.533970838281250006e-03
1.920000000000000000e+02 5.472358062499998316e-03
1.930000000000000000e+02 5.427728117187496405e-03
1.940000000000000000e+02 5.401418550781247711e-03
1.950000000000000000e+02 5.394533773437499777e-03
1.960000000000000000e+02 5.407972101562501070e-03
1.970000000000000000e+02 5.442318414062500241e-03
1.980000000000000000e+02 5.497935437499995234e-03
1.990000000000000000e+02 5.574860429687496580e-03
2.000000000000000000e+02 5.672864750000001892e-03
2.010000000000000000e+02 5.791480968750000249e-03
2.020000000000000000e+02 5.929898171875003232e-03
2.030000000000000000e+02 6.087161546874999066e-03
2.040000000000000000e+02 6.262027124999996336e-03
2.050000000000000000e+02 6.453002949999999890e-03
2.060000000000000000e+02 6.658463517968748503e-03
2.070000000000000000e+02 6.876698484374998976e-03
2.080000000000000000e+02 7.105618023437502116e-03
2.090000000000000000e+02 7.343353531250000100e-03
2.100000000000000000e+02 7.587784671875000275e-03
2.110000000000000000e+02 7.836812351562494686e-03
2.120000000000000000e+02 8.088278265625000255e-03
2.130000000000000000e+02 8.340247132812500866e-03
2.140000000000000000e+02 8.590707078125000770e-03
2.150000000000000000e+02 8.837664757812500535e-03
2.160000000000000000e+02 9.079449999999997592e-03
2.170000000000000000e+02 9.314383671874997342e-03
2.180000000000000000e+02 9.541032265624999065e-03
2.190000000000000000e+02 9.758115937500000739e-03
2.200000000000000000e+02 9.964527343749991078e-03
2.210000000000000000e+02 1.015936906250000139e-02
2.220000000000000000e+02 1.034189859375000270e-02
2.230000000000000000e+02 1.051164109375000294e-02
2.240000000000000000e+02 1.066828484374999879e-02
2.250000000000000000e+02 1.081170203124999854e-02
2.260000000000000000e+02 1.094194679687499755e-02
2.270000000000000000e+02 1.105927679687499464e-02
2.280000000000000000e+02 1.116400531250000099e-02
2.290000000000000000e+02 1.125673476562499137e-02
2.300000000000000000e+02 1.133806914062500740e-02
2.310000000000000000e+02 1.140865054687499602e-02
2.320000000000000000e+02 1.146940859374999400e-02
2.330000000000000000e+02 1.152121249999998875e-02
2.340000000000000000e+02 1.156493085937500276e-02
2.350000000000000000e+02 1.160164445312500403e-02
2.360000000000000000e+02 1.163219656249999887e-02
2.370000000000000000e+02 1.165758257812499893e-02
2.380000000000000000e+02 1.167874954687500230e-02
2.390000000000000000e+02 1.169659651562500111e-02
2.400000000000000000e+02 1.171187899218750599e-02
2.410000000000000000e+02 1.172538386718749957e-02
2.420000000000000000e+02 1.173778728124999851e-02
2.430000000000000000e+02 1.174973724218749717e-02
2.440000000000000000e+02 1.176164048437499526e-02
2.450000000000000000e+02 1.177387928437500196e-02
2.460000000000000000e+02 1.178677608515625759e-02
2.470000000000000000e+02 1.180045090937500464e-02
2.480000000000000000e+02 1.181499908179687273e-02
2.490000000000000000e+02 1.183042720500000061e-02
2.500000000000000000e+02 1.184658201455469038e-02
2.510000000000000000e+02 1.186323604351562783e-02
2.520000000000000000e+02 1.188016824375000453e-02
2.530000000000000000e+02 1.189711192968749554e-02
2.540000000000000000e+02 1.191362232812500331e-02
2.550000000000000000e+02 1.192939454687499783e-02
2.560000000000000000e+02 1.194398359374999712e-02
2.570000000000000000e+02 1.195711093749999079e-02
2.580000000000000000e+02 1.196834562499999970e-02
2.590000000000000000e+02 1.197746976562500017e-02
2.600000000000000000e+02 1.198417085937499883e-02
2.610000000000000000e+02 1.198834304687500241e-02
2.620000000000000000e+02 1.198975671874999427e-02
2.630000000000000000e+02 1.198849453124999943e-02
2.640000000000000000e+02 1.198461062499999764e-02
2.650000000000000000e+02 1.197838640625000471e-02
2.660000000000000000e+02 1.196989726562499960e-02
2.670000000000000000e+02 1.195957851562500299e-02
2.680000000000000000e+02 1.194792953125000702e-02
2.690000000000000000e+02 1.193543187500000109e-02
2.700000000000000000e+02 1.192279343750000768e-02
2.710000000000000000e+02 1.191071132812500724e-02
2.720000000000000000e+02 1.189996671875000016e-02
2.730000000000000000e+02 1.189154656250000254e-02
2.740000000000000000e+02 1.188638539062500214e-02
2.750000000000000000e+02 1.188546960937499758e-02
2.760000000000000000e+02 1.188999445312499507e-02
2.770000000000000000e+02 1.190095906250000432e-02
2.780000000000000000e+02 1.191949148437499578e-02
2.790000000000000000e+02 1.194683632812500347e-02
2.800000000000000000e+02 1.198402031250000305e-02
2.810000000000000000e+02 1.203217968749999492e-02
2.820000000000000000e+02 1.209235781249999933e-02
2.830000000000000000e+02 1.216552968750000616e-02
2.840000000000000000e+02 1.225258906250000120e-02
2.850000000000000000e+02 1.235433125000000819e-02
2.860000000000000000e+02 1.247137500000000156e-02
2.870000000000000000e+02 1.260429062500000204e-02
2.880000000000000000e+02 1.275346640625000562e-02
2.890000000000000000e+02 1.291905937500000510e-02
2.900000000000000000e+02 1.310123437499999960e-02
2.910000000000000000e+02 1.329974453124999935e-02
2.920000000000000000e+02 1.351428828124999829e-02
2.930000000000000000e+02 1.374428437499999878e-02
2.940000000000000000e+02 1.398896015625000246e-02
2.950000000000000000e+02 1.424731640625000011e-02
2.960000000000000000e+02 1.451797343749999976e-02
2.970000000000000000e+02 1.479952968749999841e-02
2.980000000000000000e+02 1.509015468749999936e-02
2.990000000000000000e+02 1.538796171874999910e-02
3.000000000000000000e+02 1.569076328124999545e-02
3.010000000000000000e+02 1.599639375000000072e-02
3.020000000000000000e+02 1.630241093750000106e-02
3.030000000000000000e+02 1.660636406249999322e-02
3.040000000000000000e+02 1.690591328124999362e-02
3.050000000000000000e+02 1.719855078124999867e-02
3.060000000000000000e+02 1.748208359375000645e-02
3.070000000000000000e+02 1.775436171874999677e-02
3.080000000000000000e+02 1.801323281250000186e-02
3.090000000000000000e+02 1.825703515624998649e-02
3.100000000000000000e+02 1.848376640625000802e-02
3.110000000000000000e+02 1.869198593749999554e-02
3.120000000000000000e+02 1.888012109375000400e-02
3.130000000000000000e+02 1.904686640624999802e-02
3.140000000000000000e+02 1.919094062499999975e-02
3.150000000000000000e+02 1.931107734375000703e-02
3.160000000000000000e+02 1.940625390625000737e-02
3.170000000000000000e+02 1.947543515625001567e-02
3.180000000000000000e+02 1.951758593749999826e-02
3.190000000000000000e+02 1.953214296875001310e-02
3.200000000000000000e+02 1.951843828125000846e-02
3.210000000000000000e+02 1.947606796874999310e-02
3.220000000000000000e+02 1.940496648437498722e-02
3.230000000000000000e+02 1.930520640625000423e-02
3.240000000000000000e+02 1.917708765625001158e-02
3.250000000000000000e+02 1.902129507812498968e-02
3.260000000000000000e+02 1.883858914062498668e-02
3.270000000000000000e+02 1.863005726562499964e-02
3.280000000000000000e+02 1.839677984374999548e-02
3.290000000000000000e+02 1.814019835937500519e-02
3.300000000000000000e+02 1.786177664062498296e-02
3.310000000000000000e+02 1.756306203124998952e-02
3.320000000000000000e+02 1.724577007812499660e-02
3.330000000000000000e+02 1.691168515624999827e-02
3.340000000000000000e+02 1.656270304687500541e-02
3.350000000000000000e+02 1.620091273437500659e-02
3.360000000000000000e+02 1.582847693750001269e-02
3.370000000000000000e+02 1.544766249218749651e-02
3.380000000000000000e+02 1.506100224218751005e-02
3.390000000000000000e+02 1.467103960937500041e-02
3.400000000000000000e+02 1.428042251796875738e-02
3.410000000000000000e+02 1.389205191406248964e-02
3.420000000000000000e+02 1.350862462500000000e-02
3.430000000000000000e+02 1.313296301562499532e-02
3.440000000000000000e+02 1.276782156249999488e-02
3.450000000000000000e+02 1.241572603124999237e-02
3.460000000000000000e+02 1.207919003124999918e-02
3.470000000000000000e+02 1.176038322656250412e-02
3.480000000000000000e+02 1.146130367187499915e-02
3.490000000000000000e+02 1.118369414062500566e-02
3.500000000000000000e+02 1.092881817968750259e-02
3.510000000000000000e+02 1.069771589843749975e-02
3.520000000000000000e+02 1.049117118671875210e-02
3.530000000000000000e+02 1.030938711718749380e-02
3.540000000000000000e+02 1.015235273437499995e-02
3.550000000000000000e+02 1.001956507812500584e-02
3.560000000000000000e+02 9.910239531249996625e-03
3.570000000000000000e+02 9.823173984375004400e-03
3.580000000000000000e+02 9.756745859374998942e-03
3.590000000000000000e+02 9.709029531250001552e-03
3.600000000000000000e+02 9.677748828125000771e-03
3.610000000000000000e+02 9.660354296875006685e-03
3.620000000000000000e+02 9.653915703125001690e-03
3.630000000000000000e+02 9.655450781250006845e-03
3.640000000000000000e+02 9.661670312500003979e-03
3.650000000000000000e+02 9.669335937499998895e-03
3.660000000000000000e+02 9.675102343749996878e-03
3.670000000000000000e+02 9.675808593749999839e-03
3.680000000000000000e+02 9.668487500000010060e-03
3.690000000000000000e+02 9.650355468750001706e-03
3.700000000000000000e+02 9.619077343749999134e-03
3.710000000000000000e+02 9.572767968749996276e-03
3.720000000000000000e+02 9.509935156249992722e-03
3.730000000000000000e+02 9.429611718749994487e-03
3.740000000000000000e+02 9.331457812500006110e-03
3.750000000000000000e+02 9.215450781249997017e-03
3.760000000000000000e+02 9.082103906249996278e-03
3.770000000000000000e+02 8.932358593750000172e-03
3.780000000000000000e+02 8.767496093750002176e-03
3.790000000000000000e+02 8.588984375000004168e-03
3.800000000000000000e+02 8.398667968749998908e-03
3.810000000000000000e+02 8.198444531250006703e-03
3.820000000000000000e+02 7.990414843750001661e-03
3.830000000000000000e+02 7.776698437500001795e-03
3.840000000000000000e+02 7.559582031249996968e-03
3.850000000000000000e+02 7.341241406249999005e-03
3.860000000000000000e+02 7.123969531249998814e-03
3.870000000000000000e+02 6.909962500000001000e-03
3.880000000000000000e+02 6.701298281249997747e-03
3.890000000000000000e+02 6.499939921875000533e-03
3.900000000000000000e+02 6.307683906250001818e-03
3.910000000000000000e+02 6.126024140625001974e-03
3.920000000000000000e+02 5.956158437499998494e-03
3.930000000000000000e+02 5.799024765625002478e-03
3.940000000000000000e+02 5.655082031249998760e-03
3.950000000000000000e+02 5.524473359374994404e-03
3.960000000000000000e+02 5.406963749999999479e-03
3.970000000000000000e+02 5.302015390624999561e-03
3.980000000000000000e+02 5.208663906250000919e-03
3.990000000000000000e+02 5.125912656249999484e-03
4.000000000000000000e+02 5.052487343749996820e-03
4.010000000000000000e+02 4.987136250000001256e-03
4.020000000000000000e+02 4.928640468749999511e-03
4.030000000000000000e+02 4.875848437500000104e-03
4.040000000000000000e+02 4.827790390625002169e-03
4.050000000000000000e+02 4.783702343750002341e-03
4.060000000000000000e+02 4.742973203125001348e-03
4.070000000000000000e+02 4.705276796875000438e-03
4.080000000000000000e+02 4.670322835937499965e-03
4.090000000000000000e+02 4.638063765625000459e-03
4.100000000000000000e+02 4.608529382812498812e-03
4.110000000000000000e+02 4.581801789062501899e-03
4.120000000000000000e+02 4.557983421875000905e-03
4.130000000000000000e+02 4.537276445312502828e-03
4.140000000000000000e+02 4.519859789062501305e-03
4.150000000000000000e+02 4.505815898437499564e-03
4.160000000000000000e+02 4.495200921875001226e-03
4.170000000000000000e+02 4.487962234375001899e-03
4.180000000000000000e+02 4.483819382812498713e-03
4.190000000000000000e+02 4.482185929687500237e-03
4.200000000000000000e+02 4.482227195312499766e-03
4.210000000000000000e+02 4.482647812499998032e-03
4.220000000000000000e+02 4.481690273437496583e-03
4.230000000000000000e+02 4.477237976562501234e-03
4.240000000000000000e+02 4.466813062499999133e-03
4.250000000000000000e+02 4.447709843750000634e-03
4.260000000000000000e+02 4.417273242187501163e-03
4.270000000000000000e+02 4.373010562500000663e-03
4.280000000000000000e+02 4.312919546874998539e-03
4.290000000000000000e+02 4.235683757812499020e-03
4.300000000000000000e+02 4.140856834375001433e-03
4.310000000000000000e+02 4.028900882812500375e-03
4.320000000000000000e+02 3.901321218750000014e-03
4.330000000000000000e+02 3.760458972656250624e-03
4.340000000000000000e+02 3.609430656249998197e-03
4.350000000000000000e+02 3.451857007812499361e-03
4.360000000000000000e+02 3.291689113281249818e-03
4.370000000000000000e+02 3.132916562500001351e-03
4.380000000000000000e+02 2.979388546874999193e-03
4.390000000000000000e+02 2.834577031250000000e-03
4.400000000000000000e+02 2.701504296874998948e-03
4.410000000000000000e+02 2.582584632812499632e-03
4.420000000000000000e+02 2.479685906249999659e-03
4.430000000000000000e+02 2.394130718750000879e-03
4.440000000000000000e+02 2.326802726562500478e-03
4.450000000000000000e+02 2.278248828125000944e-03
4.460000000000000000e+02 2.248794531249999860e-03
4.470000000000000000e+02 2.238564765624999776e-03
4.480000000000000000e+02 2.247520078125000639e-03
4.490000000000000000e+02 2.275360781250000599e-03
4.500000000000000000e+02 2.321438125000000255e-03
4.510000000000000000e+02 2.384663046874999082e-03
4.520000000000000000e+02 2.463330312500000823e-03
4.530000000000000000e+02 2.555082500000000357e-03
4.540000000000000000e+02 2.656884218749998132e-03
4.550000000000000000e+02 2.765123124999999040e-03
4.560000000000000000e+02 2.875836796874997950e-03
4.570000000000000000e+02 2.985088359375001436e-03
4.580000000000000000e+02 3.089460898437501081e-03
4.590000000000000000e+02 3.186578937500000614e-03
4.600000000000000000e+02 3.275497585937500386e-03
4.610000000000000000e+02 3.356958101562498593e-03
4.620000000000000000e+02 3.433287734374998023e-03
4.630000000000000000e+02 3.507973671875000681e-03
4.640000000000000000e+02 3.584971250000000900e-03
4.650000000000000000e+02 3.667801562500000185e-03
4.660000000000000000e+02 3.758729296874999560e-03
4.670000000000000000e+02 3.858043992187501232e-03
4.680000000000000000e+02 3.963754351562500354e-03
4.690000000000000000e+02 4.071681710937500448e-03
4.700000000000000000e+02 4.175904124999999315e-03
4.710000000000000000e+02 4.269489089062500874e-03
4.720000000000000000e+02 4.345374906249997726e-03
4.730000000000000000e+02 4.397121390625001458e-03
4.740000000000000000e+02 4.419608234375000527e-03
4.750000000000000000e+02 4.409477618124998423e-03
4.760000000000000000e+02 4.365349546874999417e-03
4.770000000000000000e+02 4.287941937500001216e-03
4.780000000000000000e+02 4.179888343750001213e-03
4.790000000000000000e+02 4.045718671874999443e-03
4.800000000000000000e+02 3.891485367187500106e-03
4.810000000000000000e+02 3.724680992187499873e-03
4.820000000000000000e+02 3.553903054687500805e-03
4.830000000000000000e+02 3.388557812499999079e-03
4.840000000000000000e+02 3.238619478906250466e-03
4.850000000000000000e+02 3.114242011718750675e-03
4.860000000000000000e+02 3.025351843750000332e-03
4.870000000000000000e+02 2.981008570312501053e-03
4.880000000000000000e+02 2.988497796093749631e-03
4.890000000000000000e+02 3.052203176718749304e-03
4.900000000000000000e+02 3.172238071875000710e-03
4.910000000000000000e+02 3.343363242187498592e-03
4.920000000000000000e+02 3.554427882812501247e-03
4.930000000000000000e+02 3.788836882812500473e-03
4.940000000000000000e+02 4.026196156250000033e-03
4.950000000000000000e+02 4.244941367968749560e-03
4.960000000000000000e+02 4.425736382812499141e-03
4.970000000000000000e+02 4.554813921874998651e-03
4.980000000000000000e+02 4.626893309374998688e-03
4.990000000000000000e+02 4.647584135156248783e-03
5.000000000000000000e+02 4.634578463281249609e-03
5.010000000000000000e+02 4.617666656250000827e-03
5.020000000000000000e+02 4.636524392187498129e-03
5.030000000000000000e+02 4.735514484375001609e-03
5.040000000000000000e+02 4.954704143750000497e-03
5.050000000000000000e+02 5.318089300000004675e-03
5.060000000000000000e+02 5.822035093750000528e-03
5.070000000000000000e+02 6.428799226562497728e-03
5.080000000000000000e+02 7.074067976562500859e-03
5.090000000000000000e+02 7.699526828124999937e-03
5.100000000000000000e+02 8.332135078124995251e-03
5.110000000000000000e+02 9.248226421875005432e-03
