0.000000000000000000e+00 3.396464749999999685e-03
1.000000000000000000e+00 3.383722546875001045e-03
2.000000000000000000e+00 3.358359164062500561e-03
3.000000000000000000e+00 3.320614437500000148e-03
4.000000000000000000e+00 3.270840015624999243e-03
5.000000000000000000e+00 3.209491460937500054e-03
6.000000000000000000e+00 3.137151570312499398e-03
7.000000000000000000e+00 3.054488007812501682e-03
8.000000000000000000e+00 2.962272953124998800e-03
9.000000000000000000e+00 2.861353078124997864e-03
1.000000000000000000e+01 2.752655304687499308e-03
1.100000000000000000e+01 2.637187000000000472e-03
1.200000000000000000e+01 2.515993343749999608e-03
1.300000000000000000e+01 2.390189000000000463e-03
1.400000000000000000e+01 2.260913140624998870e-03
1.500000000000000000e+01 2.129337538281251413e-03
1.600000000000000000e+01 1.996649482812499696e-03
1.700000000000000000e+01 1.864036024999999805e-03
1.800000000000000000e+01 1.732697400781250691e-03
1.900000000000000000e+01 1.603796312500000050e-03
2.000000000000000000e+01 1.478498597656249325e-03
2.100000000000000000e+01 1.357910986718750476e-03
2.200000000000000000e+01 1.243114333593750738e-03
2.300000000000000000e+01 1.135137976250000149e-03
2.400000000000000000e+01 1.034946229687500486e-03
2.500000000000000000e+01 9.434468359375000135e-04
2.600000000000000000e+01 8.614682421875005224e-04
2.700000000000000000e+01 7.897693749999994302e-04
2.800000000000000000e+01 7.290190000000003464e-04
2.900000000000000000e+01 6.797999921874997228e-04
3.000000000000000000e+01 6.426020312500000222e-04
3.100000000000000000e+01 6.178287109375000131e-04
3.200000000000000000e+01 6.057707890625001765e-04
3.300000000000000000e+01 6.066312265624996094e-04
3.400000000000000000e+01 6.205118515625002249e-04
3.500000000000000000e+01 6.474045984374999368e-04
3.600000000000000000e+01 6.872098906249998968e-04
3.700000000000000000e+01 7.397260937500001795e-04
3.800000000000000000e+01 8.046409843750000450e-04
3.900000000000000000e+01 8.815698515624995676e-04
4.000000000000000000e+01 9.700176875000001732e-04
4.100000000000000000e+01 1.069401406250000642e-03
4.200000000000000000e+01 1.179058039062500386e-03
4.300000000000000000e+01 1.298234843750000313e-03
4.400000000000000000e+01 1.426117973437500278e-03
4.500000000000000000e+01 1.561833675000000223e-03
4.600000000000000000e+01 1.704416970312499884e-03
4.700000000000000000e+01 1.852867132812499725e-03
4.800000000000000000e+01 2.006138484374999937e-03
4.900000000000000000e+01 2.163142007812500055e-03
5.000000000000000000e+01 2.322751140624999995e-03
5.100000000000000000e+01 2.483836171875000026e-03
5.200000000000000000e+01 2.645235945312499840e-03
5.300000000000000000e+01 2.805797109374999574e-03
5.400000000000000000e+01 2.964366328124999356e-03
5.500000000000000000e+01 3.119802265624999939e-03
5.600000000000000000e+01 3.270985546875002439e-03
5.700000000000000000e+01 3.416837578124998654e-03
5.800000000000000000e+01 3.556311328125000629e-03
5.900000000000000000e+01 3.688412031249998536e-03
6.000000000000000000e+01 3.812192187499999739e-03
6.100000000000000000e+01 3.926801484374999908e-03
6.200000000000000000e+01 4.031418437500000791e-03
6.300000000000000000e+01 4.125333046875002269e-03
6.400000000000000000e+01 4.207909531249998981e-03
6.500000000000000000e+01 4.278612500000002553e-03
6.600000000000000000e+01 4.336994062500000233e-03
6.700000000000000000e+01 4.382716015625000468e-03
6.800000000000000000e+01 4.415555859374999809e-03
6.900000000000000000e+01 4.435373828125001132e-03
7.000000000000000000e+01 4.442178828124999750e-03
7.100000000000000000e+01 4.436067812499998840e-03
7.200000000000000000e+01 4.417264140624998364e-03
7.300000000000000000e+01 4.386114453125004517e-03
7.400000000000000000e+01 4.343060468749999903e-03
7.500000000000000000e+01 4.288654062499999350e-03
7.600000000000000000e+01 4.223586718750000149e-03
7.700000000000000000e+01 4.148624531250000649e-03
7.800000000000000000e+01 4.064624765625001086e-03
7.900000000000000000e+01 3.972557578125001689e-03
8.000000000000000000e+01 3.873458906250001454e-03
8.100000000000000000e+01 3.768455906249999939e-03
8.200000000000000000e+01 3.658712937499999235e-03
8.300000000000000000e+01 3.545451554687499736e-03
8.400000000000000000e+01 3.429947476562500430e-03
8.500000000000000000e+01 3.313484210937499459e-03
8.600000000000000000e+01 3.197359921875000260e-03
8.700000000000000000e+01 3.082861718749998862e-03
8.800000000000000000e+01 2.971267523437500467e-03
8.900000000000000000e+01 2.863821684843751054e-03
9.000000000000000000e+01 2.761700156250000530e-03
9.100000000000000000e+01 2.666031281249999548e-03
9.200000000000000000e+01 2.577853273437498514e-03
9.300000000000000000e+01 2.498114359374999875e-03
9.400000000000000000e+01 2.427654578125001007e-03
9.500000000000000000e+01 2.367197062500000105e-03
9.600000000000000000e+01 2.317330187499998858e-03
9.700000000000000000e+01 2.278507570312501146e-03
9.800000000000000000e+01 2.251031367187500149e-03
9.900000000000000000e+01 2.235073179687499002e-03
1.000000000000000000e+02 2.230630535156250416e-03
1.010000000000000000e+02 2.237571242187500354e-03
1.020000000000000000e+02 2.255599390624998986e-03
1.030000000000000000e+02 2.284275077343750869e-03
1.040000000000000000e+02 2.323033218750000708e-03
1.050000000000000000e+02 2.371187328125000122e-03
1.060000000000000000e+02 2.427916109374999524e-03
1.070000000000000000e+02 2.492314359375000492e-03
1.080000000000000000e+02 2.563397593750002101e-03
1.090000000000000000e+02 2.640100812499999831e-03
1.100000000000000000e+02 2.721325987500001174e-03
1.110000000000000000e+02 2.805945744531250681e-03
1.120000000000000000e+02 2.892808585937499660e-03
1.130000000000000000e+02 2.980815192187498928e-03
1.140000000000000000e+02 3.068859628906248863e-03
1.150000000000000000e+02 3.155915093750000840e-03
1.160000000000000000e+02 3.241016559374999655e-03
1.170000000000000000e+02 3.323298302343749566e-03
1.180000000000000000e+02 3.401974251562499881e-03
1.190000000000000000e+02 3.476427850390624921e-03
1.200000000000000000e+02 3.546114810156251063e-03
1.210000000000000000e+02 3.610645828906250930e-03
1.220000000000000000e+02 3.669803148203123078e-03
1.230000000000000000e+02 3.723479877343749758e-03
1.240000000000000000e+02 3.771726226562500950e-03
1.250000000000000000e+02 3.814757203125000544e-03
1.260000000000000000e+02 3.852903085937499274e-03
1.270000000000000000e+02 3.886563078124999956e-03
1.280000000000000000e+02 3.916429531250000505e-03
1.290000000000000000e+02 3.943129921875000894e-03
1.300000000000000000e+02 3.967468593749998856e-03
1.310000000000000000e+02 3.990281015625000462e-03
1.320000000000000000e+02 4.012507890625001926e-03
1.330000000000000000e+02 4.035070078125000369e-03
1.340000000000000000e+02 4.058980156249999277e-03
1.350000000000000000e+02 4.085175234374999360e-03
1.360000000000000000e+02 4.114658515625000366e-03
1.370000000000000000e+02 4.148282499999999401e-03
1.380000000000000000e+02 4.186944843750000159e-03
1.390000000000000000e+02 4.231411406249996343e-03
1.400000000000000000e+02 4.282382062500001210e-03
1.410000000000000000e+02 4.340418148437497937e-03
1.420000000000000000e+02 4.405991273437500667e-03
1.430000000000000000e+02 4.479425281250001140e-03
1.440000000000000000e+02 4.560904263281248538e-03
1.450000000000000000e+02 4.650469929687500552e-03
1.460000000000000000e+02 4.748005289062500085e-03
1.470000000000000000e+02 4.853244942187500376e-03
1.480000000000000000e+02 4.965737131250000901e-03
1.490000000000000000e+02 5.084933125000001483e-03
1.500000000000000000e+02 5.210094187500000952e-03
1.510000000000000000e+02 5.340325882812500986e-03
1.520000000000000000e+02 5.474641570312500059e-03
1.530000000000000000e+02 5.611919085937500107e-03
1.540000000000000000e+02 5.750889609374999593e-03
1.550000000000000000e+02 5.890233437499999697e-03
1.560000000000000000e+02 6.028526640624998559e-03
1.570000000000000000e+02 6.164317343749999706e-03
1.580000000000000000e+02 6.296106875000001372e-03
1.590000000000000000e+02 6.422309765624996739e-03
1.600000000000000000e+02 6.541476875000002203e-03
1.610000000000000000e+02 6.652040390624999917e-03
1.620000000000000000e+02 6.752610859375000017e-03
1.630000000000000000e+02 6.841794609375000981e-03
1.640000000000000000e+02 6.918280390624999103e-03
1.650000000000000000e+02 6.980952187500003708e-03
1.660000000000000000e+02 7.028768749999999947e-03
1.670000000000000000e+02 7.060858593749997671e-03
1.680000000000000000e+02 7.076594218750001039e-03
1.690000000000000000e+02 7.075467898437498224e-03
1.700000000000000000e+02 7.057206882812500082e-03
1.710000000000000000e+02 7.021774218749997007e-03
1.720000000000000000e+02 6.969385070312501297e-03
1.730000000000000000e+02 6.900435710937498010e-03
1.740000000000000000e+02 6.815687007812498005e-03
1.750000000000000000e+02 6.715979289062499157e-03
1.760000000000000000e+02 6.602586726562497364e-03
1.770000000000000000e+02 6.476789640624998519e-03
1.780000000000000000e+02 6.340292900546875762e-03
1.790000000000000000e+02 6.194903624999999539e-03
1.800000000000000000e+02 6.042591523437500743e-03
1.810000000000000000e+02 5.885584851562502932e-03
1.820000000000000000e+02 5.726164195312498546e-03
1.830000000000000000e+02 5.566742046874998198e-03
1.840000000000000000e+02 5.409773990625001833e-03
1.850000000000000000e+02 5.257835221093755916e-03
1.860000000000000000e+02 5.113360460937501663e-03
1.870000000000000000e+02 4.978887773437501094e-03
1.880000000000000000e+02 4.856802371875001620e-03
1.890000000000000000e+02 4.749390908593749752e-03
1.900000000000000000e+02 4.658825937499998758e-03
1.910000000000000000e+02 4.587019281250000191e-03
1.920000000000000000e+02 4.535841805468750383e-03
1.930000000000000000e+02 4.506714335937499379e-03
1.940000000000000000e+02 4.500904289062498780e-03
1.950000000000000000e+02 4.519388679687498175e-03
1.960000000000000000e+02 4.562831859374999813e-03
1.970000000000000000e+02 4.631599374999999068e-03
1.980000000000000000e+02 4.725740593749999663e-03
1.990000000000000000e+02 4.844930296875000174e-03
2.000000000000000000e+02 4.988647812500000139e-03
2.010000000000000000e+02 5.155956718750001090e-03
2.020000000000000000e+02 5.345732578125000738e-03
2.030000000000000000e+02 5.556532343749999263e-03
2.040000000000000000e+02 5.786682656250000112e-03
2.050000000000000000e+02 6.034319906249999317e-03
2.060000000000000000e+02 6.297419992187504312e-03
2.070000000000000000e+02 6.573786789062498366e-03
2.080000000000000000e+02 6.861079132812498808e-03
2.090000000000000000e+02 7.157020446093753131e-03
2.100000000000000000e+02 7.459130398437502189e-03
2.110000000000000000e+02 7.765068421874997580e-03
2.120000000000000000e+02 8.072427265624999501e-03
2.130000000000000000e+02 8.378986796874999740e-03
2.140000000000000000e+02 8.682467578125000265e-03
2.150000000000000000e+02 8.980836015625000279e-03
2.160000000000000000e+02 9.272202343750006112e-03
2.170000000000000000e+02 9.554779296874994429e-03
2.180000000000000000e+02 9.827049062499990453e-03
2.190000000000000000e+02 1.008760421874999556e-02
2.200000000000000000e+02 1.033529000000000218e-02
2.210000000000000000e+02 1.056920656250000083e-02
2.220000000000000000e+02 1.078857421875000465e-02
2.230000000000000000e+02 1.099289890625000654e-02
2.240000000000000000e+02 1.118186546874999805e-02
2.250000000000000000e+02 1.135534078124999721e-02
2.260000000000000000e+02 1.151334624999999709e-02
2.270000000000000000e+02 1.165620390625000252e-02
2.280000000000000000e+02 1.178423351562499916e-02
2.290000000000000000e+02 1.189797296875000007e-02
2.300000000000000000e+02 1.199812515624999396e-02
2.310000000000000000e+02 1.208531117187500170e-02
2.320000000000000000e+02 1.216045906250000190e-02
2.330000000000000000e+02 1.222440367187500529e-02
2.340000000000000000e+02 1.227810789062500421e-02
2.350000000000000000e+02 1.232248554687500643e-02
2.360000000000000000e+02 1.235850249999999838e-02
2.370000000000000000e+02 1.238703539062500913e-02
2.380000000000000000e+02 1.240897083593749638e-02
2.390000000000000000e+02 1.242522347656249519e-02
2.400000000000000000e+02 1.243651172500000700e-02
2.410000000000000000e+02 1.244357161406250446e-02
2.420000000000000000e+02 1.244692224218749838e-02
2.430000000000000000e+02 1.244725228906249336e-02
2.440000000000000000e+02 1.244488147656250265e-02
2.450000000000000000e+02 1.244017510937500508e-02
2.460000000000000000e+02 1.243336335937499267e-02
2.470000000000000000e+02 1.242458708593750967e-02
2.480000000000000000e+02 1.241393472656250260e-02
2.490000000000000000e+02 1.240137041406250661e-02
2.500000000000000000e+02 1.238682204687499740e-02
2.510000000000000000e+02 1.237013190625000682e-02
2.520000000000000000e+02 1.235117025781249517e-02
2.530000000000000000e+02 1.232970532812499576e-02
2.540000000000000000e+02 1.230553640625000993e-02
2.550000000000000000e+02 1.227850820312498953e-02
2.560000000000000000e+02 1.224845539062499773e-02
2.570000000000000000e+02 1.221525203125000195e-02
2.580000000000000000e+02 1.217884531249999354e-02
2.590000000000000000e+02 1.213930664062499651e-02
2.600000000000000000e+02 1.209664273437500125e-02
2.610000000000000000e+02 1.205110734374999909e-02
2.620000000000000000e+02 1.200299328125000071e-02
2.630000000000000000e+02 1.195268828125000370e-02
2.640000000000000000e+02 1.190072976562500315e-02
2.650000000000000000e+02 1.184765398437499957e-02
2.660000000000000000e+02 1.179422015624999147e-02
2.670000000000000000e+02 1.174124781250000631e-02
2.680000000000000000e+02 1.168957617187499701e-02
2.690000000000000000e+02 1.164022468749999553e-02
2.700000000000000000e+02 1.159426601562500193e-02
2.710000000000000000e+02 1.155288140624999640e-02
2.720000000000000000e+02 1.151721257812499642e-02
2.730000000000000000e+02 1.148851023437500243e-02
2.740000000000000000e+02 1.146817804687499942e-02
2.750000000000000000e+02 1.145737359375000042e-02
2.760000000000000000e+02 1.145752750000000528e-02
2.770000000000000000e+02 1.146984367187499874e-02
2.780000000000000000e+02 1.149571390624999981e-02
2.790000000000000000e+02 1.153615851562500051e-02
2.800000000000000000e+02 1.159241312499999579e-02
2.810000000000000000e+02 1.166551796875000234e-02
2.820000000000000000e+02 1.175636718750000358e-02
2.830000000000000000e+02 1.186573515624999783e-02
2.840000000000000000e+02 1.199423828124999980e-02
2.850000000000000000e+02 1.214243828124999744e-02
2.860000000000000000e+02 1.231047968750000055e-02
2.870000000000000000e+02 1.249863203124999995e-02
2.880000000000000000e+02 1.270671718749999575e-02
2.890000000000000000e+02 1.293458593749999622e-02
2.900000000000000000e+02 1.318160390624999352e-02
2.910000000000000000e+02 1.344706171875000543e-02
2.920000000000000000e+02 1.373004531250000652e-02
2.930000000000000000e+02 1.402933515624999079e-02
2.940000000000000000e+02 1.434340937500000294e-02
2.950000000000000000e+02 1.467063203125000374e-02
2.960000000000000000e+02 1.500901874999999858e-02
2.970000000000000000e+02 1.535635546875000444e-02
2.980000000000000000e+02 1.571015390625000660e-02
2.990000000000000000e+02 1.606793046875000172e-02
3.000000000000000000e+02 1.642685312499999814e-02
3.010000000000000000e+02 1.678424531249999435e-02
3.020000000000000000e+02 1.713714296874999793e-02
3.030000000000000000e+02 1.748276953125001143e-02
3.040000000000000000e+02 1.781836328124998883e-02
3.050000000000000000e+02 1.814128593749999435e-02
3.060000000000000000e+02 1.844912578124999203e-02
3.070000000000000000e+02 1.873952031250000413e-02
3.080000000000000000e+02 1.901037890625000004e-02
3.090000000000000000e+02 1.925991015625000066e-02
3.100000000000000000e+02 1.948633593750000170e-02
3.110000000000000000e+02 1.968805234375000518e-02
3.120000000000000000e+02 1.986388281250000068e-02
3.130000000000000000e+02 2.001247656249999923e-02
3.140000000000000000e+02 2.013278359374999146e-02
3.150000000000000000e+02 2.022385156250001634e-02
3.160000000000000000e+02 2.028488281249999498e-02
3.170000000000000000e+02 2.031533374999999753e-02
3.180000000000000000e+02 2.031482484375000605e-02
3.190000000000000000e+02 2.028302750000001223e-02
3.200000000000000000e+02 2.022010117187500455e-02
3.210000000000000000e+02 2.012634078125000170e-02
3.220000000000000000e+02 2.000227171875001986e-02
3.230000000000000000e+02 1.984868390624999410e-02
3.240000000000000000e+02 1.966671695312498594e-02
3.250000000000000000e+02 1.945754812499999459e-02
3.260000000000000000e+02 1.922256554687501104e-02
3.270000000000000000e+02 1.896343812499998865e-02
3.280000000000000000e+02 1.868174484375000055e-02
3.290000000000000000e+02 1.837937789062499619e-02
3.300000000000000000e+02 1.805799875000000526e-02
3.310000000000000000e+02 1.771961109374999704e-02
3.320000000000000000e+02 1.736608406249999861e-02
3.330000000000000000e+02 1.699940976562499054e-02
3.340000000000000000e+02 1.662170470312500370e-02
3.350000000000000000e+02 1.623504751562498266e-02
3.360000000000000000e+02 1.584176464843750284e-02
3.370000000000000000e+02 1.544415059531249745e-02
3.380000000000000000e+02 1.504459035156250311e-02
3.390000000000000000e+02 1.464564017109375171e-02
3.400000000000000000e+02 1.424977927343749722e-02
3.410000000000000000e+02 1.385952937499999350e-02
3.420000000000000000e+02 1.347746517187500825e-02
3.430000000000000000e+02 1.310594165468750676e-02
3.440000000000000000e+02 1.274721838359375164e-02
3.450000000000000000e+02 1.240360274664062748e-02
3.460000000000000000e+02 1.207697202070312677e-02
3.470000000000000000e+02 1.176906821625000113e-02
3.480000000000000000e+02 1.148132285390625514e-02
3.490000000000000000e+02 1.121504895312499563e-02
3.500000000000000000e+02 1.097108206250000176e-02
3.510000000000000000e+02 1.075005235781250484e-02
3.520000000000000000e+02 1.055220366406249728e-02
3.530000000000000000e+02 1.037757782812499981e-02
3.540000000000000000e+02 1.022561492187500261e-02
3.550000000000000000e+02 1.009569968749999928e-02
3.560000000000000000e+02 9.986553359375002423e-03
3.570000000000000000e+02 9.896781640624997822e-03
3.580000000000000000e+02 9.824499687500001799e-03
3.590000000000000000e+02 9.767542499999998587e-03
3.600000000000000000e+02 9.723463593750000453e-03
3.610000000000000000e+02 9.689537109375003648e-03
3.620000000000000000e+02 9.662813359374997774e-03
3.630000000000000000e+02 9.640229687499998062e-03
3.640000000000000000e+02 9.618723359375001142e-03
3.650000000000000000e+02 9.595205781249999469e-03
3.660000000000000000e+02 9.566818359374998013e-03
3.670000000000000000e+02 9.530781015625012023e-03
3.680000000000000000e+02 9.484812500000003657e-03
3.690000000000000000e+02 9.426854687500001509e-03
3.700000000000000000e+02 9.355439843750000539e-03
3.710000000000000000e+02 9.269352343749993547e-03
3.720000000000000000e+02 9.168130468749993711e-03
3.730000000000000000e+02 9.051598437499995542e-03
3.740000000000000000e+02 8.920045312499999546e-03
3.750000000000000000e+02 8.774306250000002416e-03
3.760000000000000000e+02 8.615387500000007068e-03
3.770000000000000000e+02 8.444699218749995503e-03
3.780000000000000000e+02 8.263811718750001603e-03
3.790000000000000000e+02 8.074536718749998968e-03
3.800000000000000000e+02 7.878741484374998313e-03
3.810000000000000000e+02 7.678386562500000290e-03
3.820000000000000000e+02 7.475473828125002440e-03
3.830000000000000000e+02 7.272058749999998385e-03
3.840000000000000000e+02 7.070190312500001205e-03
3.850000000000000000e+02 6.871713281249996162e-03
3.860000000000000000e+02 6.678568125000001847e-03
3.870000000000000000e+02 6.492446796874998954e-03
3.880000000000000000e+02 6.314926484374999531e-03
3.890000000000000000e+02 6.147300703124997968e-03
3.900000000000000000e+02 5.990658593749999088e-03
3.910000000000000000e+02 5.845683984374999871e-03
3.920000000000000000e+02 5.712720390625002087e-03
3.930000000000000000e+02 5.591811328125002346e-03
3.940000000000000000e+02 5.482508984375000435e-03
3.950000000000000000e+02 5.384155937499999350e-03
3.960000000000000000e+02 5.295676171874999505e-03
3.970000000000000000e+02 5.215837187500003448e-03
3.980000000000000000e+02 5.143260781250000649e-03
3.990000000000000000e+02 5.076578593749997079e-03
4.000000000000000000e+02 5.014384609375001182e-03
4.010000000000000000e+02 4.955519921875001059e-03
4.020000000000000000e+02 4.899038031250000508e-03
4.030000000000000000e+02 4.844166570312499059e-03
4.040000000000000000e+02 4.790485218749997859e-03
4.050000000000000000e+02 4.737789953125001730e-03
4.060000000000000000e+02 4.686151581249998165e-03
4.070000000000000000e+02 4.635793296875001177e-03
4.080000000000000000e+02 4.587119014062500041e-03
4.090000000000000000e+02 4.540638234375001664e-03
4.100000000000000000e+02 4.496899210937503090e-03
4.110000000000000000e+02 4.456495226562500953e-03
4.120000000000000000e+02 4.420054953125000449e-03
4.130000000000000000e+02 4.388054781249997593e-03
4.140000000000000000e+02 4.360977771874999069e-03
4.150000000000000000e+02 4.339164985937497832e-03
4.160000000000000000e+02 4.322777312734376459e-03
4.170000000000000000e+02 4.311713641249996683e-03
4.180000000000000000e+02 4.305583561718747017e-03
4.190000000000000000e+02 4.303543873437500229e-03
4.200000000000000000e+02 4.304326854687501140e-03
4.210000000000000000e+02 4.306143172656250531e-03
4.220000000000000000e+02 4.306729801562500862e-03
4.230000000000000000e+02 4.303429826562499977e-03
4.240000000000000000e+02 4.293375225000001585e-03
4.250000000000000000e+02 4.273637604374999968e-03
4.260000000000000000e+02 4.241529613281251263e-03
4.270000000000000000e+02 4.194852371093747527e-03
4.280000000000000000e+02 4.132123820312500785e-03
4.290000000000000000e+02 4.052687831874999570e-03
4.300000000000000000e+02 3.956912445312500345e-03
4.310000000000000000e+02 3.846118882812497516e-03
4.320000000000000000e+02 3.722565077343749623e-03
4.330000000000000000e+02 3.589202945312500257e-03
4.340000000000000000e+02 3.449513173437501311e-03
4.350000000000000000e+02 3.307355296874999514e-03
4.360000000000000000e+02 3.166609335937499957e-03
4.370000000000000000e+02 3.031001031250000598e-03
4.380000000000000000e+02 2.903923585937500437e-03
4.390000000000000000e+02 2.788262601562500453e-03
4.400000000000000000e+02 2.686314625000000515e-03
4.410000000000000000e+02 2.599799843749999850e-03
4.420000000000000000e+02 2.529882265625000518e-03
4.430000000000000000e+02 2.477298828124999304e-03
4.440000000000000000e+02 2.442432499999998025e-03
4.450000000000000000e+02 2.425450468749999321e-03
4.460000000000000000e+02 2.426350000000000295e-03
4.470000000000000000e+02 2.444938749999999404e-03
4.480000000000000000e+02 2.480814531249998876e-03
4.490000000000000000e+02 2.533190546875000414e-03
4.500000000000000000e+02 2.600833046874999853e-03
4.510000000000000000e+02 2.681863359375000720e-03
4.520000000000000000e+02 2.773655078124999829e-03
4.530000000000000000e+02 2.872850156250000495e-03
4.540000000000000000e+02 2.975421562500000366e-03
4.550000000000000000e+02 3.076962742187500186e-03
4.560000000000000000e+02 3.173134476562498862e-03
4.570000000000000000e+02 3.260210648437500674e-03
4.580000000000000000e+02 3.335723046875000482e-03
4.590000000000000000e+02 3.398923195312499989e-03
4.600000000000000000e+02 3.451037601562498280e-03
4.610000000000000000e+02 3.495193109374997512e-03
4.620000000000000000e+02 3.535950070312498823e-03
4.630000000000000000e+02 3.578531171875000156e-03
4.640000000000000000e+02 3.627881437500000538e-03
4.650000000000000000e+02 3.687777445312499704e-03
4.660000000000000000e+02 3.760068203125002586e-03
4.670000000000000000e+02 3.844335867187498833e-03
4.680000000000000000e+02 3.937887580468750481e-03
4.690000000000000000e+02 4.036269070312500061e-03
4.700000000000000000e+02 4.133771640624998855e-03
4.710000000000000000e+02 4.224336968749998165e-03
4.720000000000000000e+02 4.302166849999997968e-03
4.730000000000000000e+02 4.362277101562499204e-03
4.740000000000000000e+02 4.400769410937499862e-03
4.750000000000000000e+02 4.414907234375002078e-03
4.760000000000000000e+02 4.403038039062501241e-03
4.770000000000000000e+02 4.364448875000001213e-03
4.780000000000000000e+02 4.299197085937500433e-03
4.790000000000000000e+02 4.208132531250000433e-03
4.800000000000000000e+02 4.093016546875000682e-03
4.810000000000000000e+02 3.956669531250001787e-03
4.820000000000000000e+02 3.803336820312499394e-03
4.830000000000000000e+02 3.638927132812501582e-03
4.840000000000000000e+02 3.471294571093749750e-03
4.850000000000000000e+02 3.310215676562499199e-03
4.860000000000000000e+02 3.167171179687500865e-03
4.870000000000000000e+02 3.054618140624999322e-03
4.880000000000000000e+02 2.984748576562500175e-03
4.890000000000000000e+02 2.967801400000000082e-03
4.900000000000000000e+02 3.010305378906250572e-03
4.910000000000000000e+02 3.113542523437499467e-03
4.920000000000000000e+02 3.272706982812500012e-03
4.930000000000000000e+02 3.477040648437500128e-03
4.940000000000000000e+02 3.710823613281248514e-03
4.950000000000000000e+02 3.955256976562499145e-03
4.960000000000000000e+02 4.190631446093751565e-03
4.970000000000000000e+02 4.399108750859375208e-03
4.980000000000000000e+02 4.567588829687504494e-03
4.990000000000000000e+02 4.690717710937498605e-03
5.000000000000000000e+02 4.774184561718748665e-03
5.010000000000000000e+02 4.836524963281253406e-03
5.020000000000000000e+02 4.908672921875001025e-03
5.030000000000000000e+02 5.029866101562499754e-03
5.040000000000000000e+02 5.239257497656249311e-03
5.050000000000000000e+02 5.565108912500002676e-03
5.060000000000000000e+02 6.014042343750003981e-03
5.070000000000000000e+02 6.565427203124999875e-03
5.080000000000000000e+02 7.177248062499998887e-03
5.090000000000000000e+02 7.814917210937499456e-03
5.100000000000000000e+02 8.525639039062499550e-03
5.110000000000000000e+02 9.599037921874999449e-03
