0.000000000000000000e+00 4.575222132812501764e-03
1.000000000000000000e+00 4.559584585937502717e-03
2.000000000000000000e+00 4.528466867187501584e-03
3.000000000000000000e+00 4.482101617187502114e-03
4.000000000000000000e+00 4.420898765625002995e-03
5.000000000000000000e+00 4.345390375000000860e-03
6.000000000000000000e+00 4.256212296875000814e-03
7.000000000000000000e+00 4.154119906249999043e-03
8.000000000000000000e+00 4.039954773437498189e-03
9.000000000000000000e+00 3.914684171875001083e-03
1.000000000000000000e+01 3.779357953125001349e-03
1.100000000000000000e+01 3.635090947656249155e-03
1.200000000000000000e+01 3.483069651562501964e-03
1.300000000000000000e+01 3.324530624921876419e-03
1.400000000000000000e+01 3.160767586601561253e-03
1.500000000000000000e+01 2.993085443749998915e-03
1.600000000000000000e+01 2.822820499218748995e-03
1.700000000000000000e+01 2.651321007812500966e-03
1.800000000000000000e+01 2.479933667187500697e-03
1.900000000000000000e+01 2.309970792968749423e-03
2.000000000000000000e+01 2.142754277343750149e-03
2.100000000000000000e+01 1.979551038281250966e-03
2.200000000000000000e+01 1.821590285937499257e-03
2.300000000000000000e+01 1.670048539062499865e-03
2.400000000000000000e+01 1.526034796875000129e-03
2.500000000000000000e+01 1.390619624999999944e-03
2.600000000000000000e+01 1.264761539062500681e-03
2.700000000000000000e+01 1.149366304687500897e-03
2.800000000000000000e+01 1.045233007812500442e-03
2.900000000000000000e+01 9.530916250000001991e-04
3.000000000000000000e+01 8.735644062499996372e-04
3.100000000000000000e+01 8.071707734374996591e-04
3.200000000000000000e+01 7.543415703124996523e-04
3.300000000000000000e+01 7.154009234374997944e-04
3.400000000000000000e+01 6.905616746875000052e-04
3.500000000000000000e+01 6.799413031249999144e-04
3.600000000000000000e+01 6.835447187499997437e-04
3.700000000000000000e+01 7.012774140624998239e-04
3.800000000000000000e+01 7.329393593749999707e-04
3.900000000000000000e+01 7.782317109375002729e-04
4.000000000000000000e+01 8.367542578125002897e-04
4.100000000000000000e+01 9.080113749999996035e-04
4.200000000000000000e+01 9.914247734374998910e-04
4.300000000000000000e+01 1.086320421874999772e-03
4.400000000000000000e+01 1.191944867187500097e-03
4.500000000000000000e+01 1.307468923437499425e-03
4.600000000000000000e+01 1.431991364062499628e-03
4.700000000000000000e+01 1.564555885937500036e-03
4.800000000000000000e+01 1.704133397656249979e-03
4.900000000000000000e+01 1.849666835937500888e-03
5.000000000000000000e+01 2.000037603125000979e-03
5.100000000000000000e+01 2.154103195312500642e-03
5.200000000000000000e+01 2.310691656250001957e-03
5.300000000000000000e+01 2.468618929687499408e-03
5.400000000000000000e+01 2.626696734375001327e-03
5.500000000000000000e+01 2.783716335937498620e-03
5.600000000000000000e+01 2.938499304687498554e-03
5.700000000000000000e+01 3.089879296875000080e-03
5.800000000000000000e+01 3.236713968750001228e-03
5.900000000000000000e+01 3.377904609375001997e-03
6.000000000000000000e+01 3.512389500000001347e-03
6.100000000000000000e+01 3.639172320312499161e-03
6.200000000000000000e+01 3.757305093750000664e-03
6.300000000000000000e+01 3.865929000000001454e-03
6.400000000000000000e+01 3.964241249999997559e-03
6.500000000000000000e+01 4.051549835937499552e-03
6.600000000000000000e+01 4.127245703124999936e-03
6.700000000000000000e+01 4.190813828125001562e-03
6.800000000000000000e+01 4.241873593750000726e-03
6.900000000000000000e+01 4.280121328124999840e-03
7.000000000000000000e+01 4.305388281250000990e-03
7.100000000000000000e+01 4.317632812499997037e-03
7.200000000000000000e+01 4.316932578124999149e-03
7.300000000000000000e+01 4.303484062500004086e-03
7.400000000000000000e+01 4.277610000000000266e-03
7.500000000000000000e+01 4.239768203125000856e-03
7.600000000000000000e+01 4.190521328124998529e-03
7.700000000000000000e+01 4.130565156250000022e-03
7.800000000000000000e+01 4.060703906250000966e-03
7.900000000000000000e+01 3.981843390624999028e-03
8.000000000000000000e+01 3.894985585937500456e-03
8.100000000000000000e+01 3.801231867187499728e-03
8.200000000000000000e+01 3.701745328125001337e-03
8.300000000000000000e+01 3.597773171093750135e-03
8.400000000000000000e+01 3.490590063359376351e-03
8.500000000000000000e+01 3.381514132812500108e-03
8.600000000000000000e+01 3.271886007812498370e-03
8.700000000000000000e+01 3.163043796874999945e-03
8.800000000000000000e+01 3.056321312499998832e-03
8.900000000000000000e+01 2.952996742187500526e-03
9.000000000000000000e+01 2.854320031249999584e-03
9.100000000000000000e+01 2.761467667968749845e-03
9.200000000000000000e+01 2.675515462499998640e-03
9.300000000000000000e+01 2.597471733125000445e-03
9.400000000000000000e+01 2.528195976562498844e-03
9.500000000000000000e+01 2.468444174999999928e-03
9.600000000000000000e+01 2.418829923437500889e-03
9.700000000000000000e+01 2.379803048828126218e-03
9.800000000000000000e+01 2.351677565390626612e-03
9.900000000000000000e+01 2.334601684609374350e-03
1.000000000000000000e+02 2.328563799999999479e-03
1.010000000000000000e+02 2.333390984374999772e-03
1.020000000000000000e+02 2.348761781250000447e-03
1.030000000000000000e+02 2.374198505468749863e-03
1.040000000000000000e+02 2.409099346406249655e-03
1.050000000000000000e+02 2.452714195312499616e-03
1.060000000000000000e+02 2.504195329687500249e-03
1.070000000000000000e+02 2.562609843750000404e-03
1.080000000000000000e+02 2.626925203125000333e-03
1.090000000000000000e+02 2.696067664062501510e-03
1.100000000000000000e+02 2.768925109375000582e-03
1.110000000000000000e+02 2.844374132812499921e-03
1.120000000000000000e+02 2.921294664062499928e-03
1.130000000000000000e+02 2.998617747656248406e-03
1.140000000000000000e+02 3.075297131249999424e-03
1.150000000000000000e+02 3.150363234374998784e-03
1.160000000000000000e+02 3.222950679687498592e-03
1.170000000000000000e+02 3.292317117187497887e-03
1.180000000000000000e+02 3.357809367187498516e-03
1.190000000000000000e+02 3.418904851562500589e-03
1.200000000000000000e+02 3.475262144531250479e-03
1.210000000000000000e+02 3.526659260937498302e-03
1.220000000000000000e+02 3.573015626562500366e-03
1.230000000000000000e+02 3.614454396093751132e-03
1.240000000000000000e+02 3.651167090624998258e-03
1.250000000000000000e+02 3.683538984375000006e-03
1.260000000000000000e+02 3.712090234375001099e-03
1.270000000000000000e+02 3.737447625000001050e-03
1.280000000000000000e+02 3.760313226562500468e-03
1.290000000000000000e+02 3.781493015625000346e-03
1.300000000000000000e+02 3.801906875000000269e-03
1.310000000000000000e+02 3.822456171875000027e-03
1.320000000000000000e+02 3.844116249999999287e-03
1.330000000000000000e+02 3.867845546875000543e-03
1.340000000000000000e+02 3.894609218749999716e-03
1.350000000000000000e+02 3.925302656250000827e-03
1.360000000000000000e+02 3.960811640624999075e-03
1.370000000000000000e+02 4.001912546874999109e-03
1.380000000000000000e+02 4.049294839843749390e-03
1.390000000000000000e+02 4.103550505468750269e-03
1.400000000000000000e+02 4.165159609374999988e-03
1.410000000000000000e+02 4.234426265624998895e-03
1.420000000000000000e+02 4.311556000000000242e-03
1.430000000000000000e+02 4.396549077343752526e-03
1.440000000000000000e+02 4.489321287499999612e-03
1.450000000000000000e+02 4.589599345312502313e-03
1.460000000000000000e+02 4.696897390624999585e-03
1.470000000000000000e+02 4.810628656249998740e-03
1.480000000000000000e+02 4.930074046874999109e-03
1.490000000000000000e+02 5.054285312500001077e-03
1.500000000000000000e+02 5.182287890624999796e-03
1.510000000000000000e+02 5.312913367187501595e-03
1.520000000000000000e+02 5.444868210937501250e-03
1.530000000000000000e+02 5.576820406250002082e-03
1.540000000000000000e+02 5.707373906250002953e-03
1.550000000000000000e+02 5.834999765625001333e-03
1.560000000000000000e+02 5.958195312499997565e-03
1.570000000000000000e+02 6.075383906250002297e-03
1.580000000000000000e+02 6.185062812499999424e-03
1.590000000000000000e+02 6.285709140624994723e-03
1.600000000000000000e+02 6.375845312500002214e-03
1.610000000000000000e+02 6.454179921874998206e-03
1.620000000000000000e+02 6.519354375000004781e-03
1.630000000000000000e+02 6.570252656249998303e-03
1.640000000000000000e+02 6.605837031250002406e-03
1.650000000000000000e+02 6.625329218750001734e-03
1.660000000000000000e+02 6.628004531250001295e-03
1.670000000000000000e+02 6.613507578124997767e-03
1.680000000000000000e+02 6.581527562500001649e-03
1.690000000000000000e+02 6.532156562499998737e-03
1.700000000000000000e+02 6.465629765624997943e-03
1.710000000000000000e+02 6.382470554687501990e-03
1.720000000000000000e+02 6.283514375000003732e-03
1.730000000000000000e+02 6.169775359374996514e-03
1.740000000000000000e+02 6.042611320312497696e-03
1.750000000000000000e+02 5.903536398437500901e-03
1.760000000000000000e+02 5.754341032031246202e-03
1.770000000000000000e+02 5.597102062499998733e-03
1.780000000000000000e+02 5.433998515625002544e-03
1.790000000000000000e+02 5.267492906249999010e-03
1.800000000000000000e+02 5.100043107812499664e-03
1.810000000000000000e+02 4.934379023437499359e-03
1.820000000000000000e+02 4.773185578125001965e-03
1.830000000000000000e+02 4.619294562499998320e-03
1.840000000000000000e+02 4.475462703124997825e-03
1.850000000000000000e+02 4.344372835937500635e-03
1.860000000000000000e+02 4.228683218750001194e-03
1.870000000000000000e+02 4.130930999999999145e-03
1.880000000000000000e+02 4.053444906249997585e-03
1.890000000000000000e+02 3.998374578124998246e-03
1.900000000000000000e+02 3.967602523437498835e-03
1.910000000000000000e+02 3.962742578125000130e-03
1.920000000000000000e+02 3.985087060156250645e-03
1.930000000000000000e+02 4.035684400000002191e-03
1.940000000000000000e+02 4.115086820312499789e-03
1.950000000000000000e+02 4.223610249999999039e-03
1.960000000000000000e+02 4.361189557812499874e-03
1.970000000000000000e+02 4.527341687500000336e-03
1.980000000000000000e+02 4.721300281250000175e-03
1.990000000000000000e+02 4.941907101562499453e-03
2.000000000000000000e+02 5.187668335937498619e-03
2.010000000000000000e+02 5.456824140625000236e-03
2.020000000000000000e+02 5.747329843750001097e-03
2.030000000000000000e+02 6.056899765625001035e-03
2.040000000000000000e+02 6.383004921874995893e-03
2.050000000000000000e+02 6.723041281250003234e-03
2.060000000000000000e+02 7.074203132812503445e-03
2.070000000000000000e+02 7.433597593749998941e-03
2.080000000000000000e+02 7.798392414062502512e-03
2.090000000000000000e+02 8.165607892968751100e-03
2.100000000000000000e+02 8.532416388281246697e-03
2.110000000000000000e+02 8.896098093749997202e-03
2.120000000000000000e+02 9.253926664062498558e-03
2.130000000000000000e+02 9.603358906249999730e-03
2.140000000000000000e+02 9.942187500000001371e-03
2.150000000000000000e+02 1.026822632812499428e-02
2.160000000000000000e+02 1.057955851562500035e-02
2.170000000000000000e+02 1.087456546874999812e-02
2.180000000000000000e+02 1.115186406249999915e-02
2.190000000000000000e+02 1.141033539062499998e-02
2.200000000000000000e+02 1.164911820312500290e-02
2.210000000000000000e+02 1.186756617187500161e-02
2.220000000000000000e+02 1.206540976562500180e-02
2.230000000000000000e+02 1.224259359375000529e-02
2.240000000000000000e+02 1.239920867187499498e-02
2.250000000000000000e+02 1.253568101562499600e-02
2.260000000000000000e+02 1.265254335937500418e-02
2.270000000000000000e+02 1.275069515624999497e-02
2.280000000000000000e+02 1.283094937500000275e-02
2.290000000000000000e+02 1.289438585937500298e-02
2.300000000000000000e+02 1.294216187500000191e-02
2.310000000000000000e+02 1.297555484375000068e-02
2.320000000000000000e+02 1.299589914062500469e-02
2.330000000000000000e+02 1.300447664062499148e-02
2.340000000000000000e+02 1.300260257812499952e-02
2.350000000000000000e+02 1.299169387499999988e-02
2.360000000000000000e+02 1.297294743750000701e-02
2.370000000000000000e+02 1.294757430382812227e-02
2.380000000000000000e+02 1.291672417187500477e-02
2.390000000000000000e+02 1.288150607031249284e-02
2.400000000000000000e+02 1.284278309375000079e-02
2.410000000000000000e+02 1.280148851562500772e-02
2.420000000000000000e+02 1.275823820312501321e-02
2.430000000000000000e+02 1.271367515624999799e-02
2.440000000000000000e+02 1.266830617187500452e-02
2.450000000000000000e+02 1.262240554687500162e-02
2.460000000000000000e+02 1.257633265624999615e-02
2.470000000000000000e+02 1.253014382812499619e-02
2.480000000000000000e+02 1.248392289062499709e-02
2.490000000000000000e+02 1.243772437499999529e-02
2.500000000000000000e+02 1.239134890625000207e-02
2.510000000000000000e+02 1.234476043749999606e-02
2.520000000000000000e+02 1.229780887500000162e-02
2.530000000000000000e+02 1.225036971874999756e-02
2.540000000000000000e+02 1.220228241406250483e-02
2.550000000000000000e+02 1.215346316406250814e-02
2.560000000000000000e+02 1.210385296874999343e-02
2.570000000000000000e+02 1.205351890625000477e-02
2.580000000000000000e+02 1.200245812500000397e-02
2.590000000000000000e+02 1.195099421874999852e-02
2.600000000000000000e+02 1.189938718749999902e-02
2.610000000000000000e+02 1.184804984375000328e-02
2.620000000000000000e+02 1.179742699218750898e-02
2.630000000000000000e+02 1.174821849218750033e-02
2.640000000000000000e+02 1.170108412499999868e-02
2.650000000000000000e+02 1.165688981250000492e-02
2.660000000000000000e+02 1.161659437499999378e-02
2.670000000000000000e+02 1.158115101562500263e-02
2.680000000000000000e+02 1.155173189843750059e-02
2.690000000000000000e+02 1.152941349999999851e-02
2.700000000000000000e+02 1.151554421874999984e-02
2.710000000000000000e+02 1.151135486718749858e-02
2.720000000000000000e+02 1.151806410937499837e-02
2.730000000000000000e+02 1.153701031249999669e-02
2.740000000000000000e+02 1.156951976562500123e-02
2.750000000000000000e+02 1.161680648437500574e-02
2.760000000000000000e+02 1.168005414062500517e-02
2.770000000000000000e+02 1.176043046875000289e-02
2.780000000000000000e+02 1.185887109374999734e-02
2.790000000000000000e+02 1.197630710937499718e-02
2.800000000000000000e+02 1.211348179687499887e-02
2.810000000000000000e+02 1.227100164062499242e-02
2.820000000000000000e+02 1.244917656250000247e-02
2.830000000000000000e+02 1.264838203124999880e-02
2.840000000000000000e+02 1.286862968749999739e-02
2.850000000000000000e+02 1.310973593749999687e-02
2.860000000000000000e+02 1.337124062499999919e-02
2.870000000000000000e+02 1.365272968750000371e-02
2.880000000000000000e+02 1.395324609375000503e-02
2.890000000000000000e+02 1.427182578125000059e-02
2.900000000000000000e+02 1.460713437500000232e-02
2.910000000000000000e+02 1.495777578124999826e-02
2.920000000000000000e+02 1.532191328125000369e-02
2.930000000000000000e+02 1.569742656249999840e-02
2.940000000000000000e+02 1.608227656250000442e-02
2.950000000000000000e+02 1.647380703124999568e-02
2.960000000000000000e+02 1.686939765625000004e-02
2.970000000000000000e+02 1.726603515624999807e-02
2.980000000000000000e+02 1.766083203125000042e-02
2.990000000000000000e+02 1.805060937499998810e-02
3.000000000000000000e+02 1.843222500000000347e-02
3.010000000000000000e+02 1.880261640625000008e-02
3.020000000000000000e+02 1.915864062500001117e-02
3.030000000000000000e+02 1.949745156250000735e-02
3.040000000000000000e+02 1.981628203124999321e-02
3.050000000000000000e+02 2.011285468749999389e-02
3.060000000000000000e+02 2.038466875000001163e-02
3.070000000000000000e+02 2.062994218749999997e-02
3.080000000000000000e+02 2.084692421875001395e-02
3.090000000000000000e+02 2.103411250000001773e-02
3.100000000000000000e+02 2.119041562500000725e-02
3.110000000000000000e+02 2.131457031250000300e-02
3.120000000000000000e+02 2.140611875000000830e-02
3.130000000000000000e+02 2.146430039062498935e-02
3.140000000000000000e+02 2.148882015625000474e-02
3.150000000000000000e+02 2.147951968749998650e-02
3.160000000000000000e+02 2.143644109374999787e-02
3.170000000000000000e+02 2.135994664062500561e-02
3.180000000000000000e+02 2.125058515624999103e-02
3.190000000000000000e+02 2.110922945312500298e-02
3.200000000000000000e+02 2.093693539062499789e-02
3.210000000000000000e+02 2.073512875000000158e-02
3.220000000000000000e+02 2.050529429687498670e-02
3.230000000000000000e+02 2.024927945312498742e-02
3.240000000000000000e+02 1.996903093749999997e-02
3.250000000000000000e+02 1.966648570312501398e-02
3.260000000000000000e+02 1.934386625000000456e-02
3.270000000000000000e+02 1.900327007812498484e-02
3.280000000000000000e+02 1.864689179687499532e-02
3.290000000000000000e+02 1.827681085937500963e-02
3.300000000000000000e+02 1.789516031249999833e-02
3.310000000000000000e+02 1.750400882812500752e-02
3.320000000000000000e+02 1.710546617187500701e-02
3.330000000000000000e+02 1.670146734374999484e-02
3.340000000000000000e+02 1.629417417968749213e-02
3.350000000000000000e+02 1.588561885156250172e-02
3.360000000000000000e+02 1.547786771875001022e-02
3.370000000000000000e+02 1.507296508984374769e-02
3.380000000000000000e+02 1.467300738828125270e-02
3.390000000000000000e+02 1.428009497812499085e-02
3.400000000000000000e+02 1.389607886718750678e-02
3.410000000000000000e+02 1.352306403906249066e-02
3.420000000000000000e+02 1.316273971875000191e-02
3.430000000000000000e+02 1.281690203906249437e-02
3.440000000000000000e+02 1.248703735156249557e-02
3.450000000000000000e+02 1.217462310156251434e-02
3.460000000000000000e+02 1.188071814921874518e-02
3.470000000000000000e+02 1.160635562421874489e-02
3.480000000000000000e+02 1.135225422109374660e-02
3.490000000000000000e+02 1.111890731539063454e-02
3.500000000000000000e+02 1.090656462553125580e-02
3.510000000000000000e+02 1.071518976093750394e-02
3.520000000000000000e+02 1.054446376406250295e-02
3.530000000000000000e+02 1.039371332031250629e-02
3.540000000000000000e+02 1.026204963281250084e-02
3.550000000000000000e+02 1.014818941406250320e-02
3.560000000000000000e+02 1.005048155468749559e-02
3.570000000000000000e+02 9.967115546875005699e-03
3.580000000000000000e+02 9.895826796875006881e-03
3.590000000000000000e+02 9.834237421874997623e-03
3.600000000000000000e+02 9.779644140624998289e-03
3.610000000000000000e+02 9.729303828125002510e-03
3.620000000000000000e+02 9.680448124999997683e-03
3.630000000000000000e+02 9.630295468749992469e-03
3.640000000000000000e+02 9.576274921874993948e-03
3.650000000000000000e+02 9.515912031250007425e-03
3.660000000000000000e+02 9.447191015624996704e-03
3.670000000000000000e+02 9.368442031250001981e-03
3.680000000000000000e+02 9.278330390624998925e-03
3.690000000000000000e+02 9.176074999999997081e-03
3.700000000000000000e+02 9.061300781250001754e-03
3.710000000000000000e+02 8.934088828124993678e-03
3.720000000000000000e+02 8.794972499999999596e-03
3.730000000000000000e+02 8.644773828124998824e-03
3.740000000000000000e+02 8.484779374999997653e-03
3.750000000000000000e+02 8.316335781250005013e-03
3.760000000000000000e+02 8.141134921874996003e-03
3.770000000000000000e+02 7.960950703125004024e-03
3.780000000000000000e+02 7.777539062500001682e-03
3.790000000000000000e+02 7.592865390624998351e-03
3.800000000000000000e+02 7.408688828125001812e-03
3.810000000000000000e+02 7.226832187499998908e-03
3.820000000000000000e+02 7.049002968749999883e-03
3.830000000000000000e+02 6.876770625000004807e-03
3.840000000000000000e+02 6.711604921874999435e-03
3.850000000000000000e+02 6.554738749999998795e-03
3.860000000000000000e+02 6.407257890624993429e-03
3.870000000000000000e+02 6.269890234374994424e-03
3.880000000000000000e+02 6.143173437500003276e-03
3.890000000000000000e+02 6.027243593750001259e-03
3.900000000000000000e+02 5.921913515624999298e-03
3.910000000000000000e+02 5.826565078125001823e-03
3.920000000000000000e+02 5.740298124999996913e-03
3.930000000000000000e+02 5.661747812500001267e-03
3.940000000000000000e+02 5.589399140624998728e-03
3.950000000000000000e+02 5.521505937499999843e-03
3.960000000000000000e+02 5.456116562500001876e-03
3.970000000000000000e+02 5.391464773437496666e-03
3.980000000000000000e+02 5.325882804687499458e-03
3.990000000000000000e+02 5.257846421875001126e-03
4.000000000000000000e+02 5.186320107812498852e-03
4.010000000000000000e+02 5.110522328124999548e-03
4.020000000000000000e+02 5.030146179687498484e-03
4.030000000000000000e+02 4.945221429687500503e-03
4.040000000000000000e+02 4.856203218750001528e-03
4.050000000000000000e+02 4.763805624999996498e-03
4.060000000000000000e+02 4.669108007812499718e-03
4.070000000000000000e+02 4.573230109375001420e-03
4.080000000000000000e+02 4.477572926640622716e-03
4.090000000000000000e+02 4.383495602343748070e-03
4.100000000000000000e+02 4.292433015624999570e-03
4.110000000000000000e+02 4.205756906250000121e-03
4.120000000000000000e+02 4.124752750000001099e-03
4.130000000000000000e+02 4.050673719531249113e-03
4.140000000000000000e+02 3.984463397656249663e-03
4.150000000000000000e+02 3.926973017968748286e-03
4.160000000000000000e+02 3.878635710937499911e-03
4.170000000000000000e+02 3.839535434374999768e-03
4.180000000000000000e+02 3.809247992187499241e-03
4.190000000000000000e+02 3.786738757812500248e-03
4.200000000000000000e+02 3.770439656250000951e-03
4.210000000000000000e+02 3.758140976562500228e-03
4.220000000000000000e+02 3.747241921874998327e-03
4.230000000000000000e+02 3.734800273437499998e-03
4.240000000000000000e+02 3.717779374999999852e-03
4.250000000000000000e+02 3.693445444531249112e-03
4.260000000000000000e+02 3.659428564062497391e-03
4.270000000000000000e+02 3.614019753906247325e-03
4.280000000000000000e+02 3.556426648437498259e-03
4.290000000000000000e+02 3.486669921875000782e-03
4.300000000000000000e+02 3.405682210937501127e-03
4.310000000000000000e+02 3.315238101562500896e-03
4.320000000000000000e+02 3.217784296874999419e-03
4.330000000000000000e+02 3.116218515624998887e-03
4.340000000000000000e+02 3.013709687500002073e-03
4.350000000000000000e+02 2.913444999999997582e-03
4.360000000000000000e+02 2.818444062500000645e-03
4.370000000000000000e+02 2.731326093749997849e-03
4.380000000000000000e+02 2.654231953125000751e-03
4.390000000000000000e+02 2.588720312499999919e-03
4.400000000000000000e+02 2.535837500000000157e-03
4.410000000000000000e+02 2.496160546874999150e-03
4.420000000000000000e+02 2.469941796875000685e-03
4.430000000000000000e+02 2.457240390625000520e-03
4.440000000000000000e+02 2.458009687500000220e-03
4.450000000000000000e+02 2.472173749999999857e-03
4.460000000000000000e+02 2.499560382812501379e-03
4.470000000000000000e+02 2.539859031250000197e-03
4.480000000000000000e+02 2.592453000000000639e-03
4.490000000000000000e+02 2.656260296874999541e-03
4.500000000000000000e+02 2.729510117187499817e-03
4.510000000000000000e+02 2.809658109374998242e-03
4.520000000000000000e+02 2.893352492187500034e-03
4.530000000000000000e+02 2.976562022578125005e-03
4.540000000000000000e+02 3.054928888281250796e-03
4.550000000000000000e+02 3.124312687500000688e-03
4.560000000000000000e+02 3.181424476562500370e-03
4.570000000000000000e+02 3.224442789062498607e-03
4.580000000000000000e+02 3.253512783593752022e-03
4.590000000000000000e+02 3.270857356250000698e-03
4.600000000000000000e+02 3.280608546874999674e-03
4.610000000000000000e+02 3.288215742187500408e-03
4.620000000000000000e+02 3.299613843749999408e-03
4.630000000000000000e+02 3.320284999999999209e-03
4.640000000000000000e+02 3.354383437499999180e-03
4.650000000000000000e+02 3.404158437499999346e-03
4.660000000000000000e+02 3.469696898437501023e-03
4.670000000000000000e+02 3.549133546875000902e-03
4.680000000000000000e+02 3.639068601562499977e-03
4.690000000000000000e+02 3.735220466406250026e-03
4.700000000000000000e+02 3.833125171875000070e-03
4.710000000000000000e+02 3.928613125000000005e-03
4.720000000000000000e+02 4.018006359374998691e-03
4.730000000000000000e+02 4.098151732812500316e-03
4.740000000000000000e+02 4.166148960937500305e-03
4.750000000000000000e+02 4.218977617187501250e-03
4.760000000000000000e+02 4.253154210937502150e-03
4.770000000000000000e+02 4.264601656250000331e-03
4.780000000000000000e+02 4.248821921874998062e-03
4.790000000000000000e+02 4.201357343750000001e-03
4.800000000000000000e+02 4.118492078125000032e-03
4.810000000000000000e+02 3.998053149218750747e-03
4.820000000000000000e+02 3.840438627343750570e-03
4.830000000000000000e+02 3.649386500000000293e-03
4.840000000000000000e+02 3.432633960937499749e-03
4.850000000000000000e+02 3.202133679687500529e-03
4.860000000000000000e+02 2.973632396093751473e-03
4.870000000000000000e+02 2.765572726562498963e-03
4.880000000000000000e+02 2.597266710937501562e-03
4.890000000000000000e+02 2.486724023437500691e-03
4.900000000000000000e+02 2.448367646093750020e-03
4.910000000000000000e+02 2.491144632812500141e-03
4.920000000000000000e+02 2.617109085937500013e-03
4.930000000000000000e+02 2.820652265625001910e-03
4.940000000000000000e+02 3.088439328125000809e-03
4.950000000000000000e+02 3.400002187500000828e-03
4.960000000000000000e+02 3.729373867187498696e-03
4.970000000000000000e+02 4.047992257812501639e-03
4.980000000000000000e+02 4.329131812500001258e-03
4.990000000000000000e+02 4.553396992187498313e-03
5.000000000000000000e+02 4.714542226562499182e-03
5.010000000000000000e+02 4.823111445312499267e-03
5.020000000000000000e+02 4.907215257812502611e-03
5.030000000000000000e+02 5.008532234374997276e-03
5.040000000000000000e+02 5.174642289062500629e-03
5.050000000000000000e+02 5.448662460937504261e-03
5.060000000000000000e+02 5.858317703125000969e-03
5.070000000000000000e+02 6.407333921875000247e-03
5.080000000000000000e+02 7.075555203124999325e-03
5.090000000000000000e+02 7.840371246875003572e-03
5.100000000000000000e+02 8.743099480468747089e-03
5.110000000000000000e+02 1.004185176562500184e-02
