0.000000000000000000e+00 5.041968804687501499e-03
1.000000000000000000e+00 5.024884750000000767e-03
2.000000000000000000e+00 4.990844406249998408e-03
3.000000000000000000e+00 4.940142984375000580e-03
4.000000000000000000e+00 4.873197015625000544e-03
5.000000000000000000e+00 4.790600914062500063e-03
6.000000000000000000e+00 4.692990546874998593e-03
7.000000000000000000e+00 4.581157656250001153e-03
8.000000000000000000e+00 4.456073632812502551e-03
9.000000000000000000e+00 4.318708658593751679e-03
1.000000000000000000e+01 4.170206019531250835e-03
1.100000000000000000e+01 4.011740863281250923e-03
1.200000000000000000e+01 3.844590983593752613e-03
1.300000000000000000e+01 3.670071735937498018e-03
1.400000000000000000e+01 3.489543887499998737e-03
1.500000000000000000e+01 3.304418859218750774e-03
1.600000000000000000e+01 3.116112847656249754e-03
1.700000000000000000e+01 2.926067083593749188e-03
1.800000000000000000e+01 2.735693643750000334e-03
1.900000000000000000e+01 2.546431150781250374e-03
2.000000000000000000e+01 2.359659848437499138e-03
2.100000000000000000e+01 2.176737686718750644e-03
2.200000000000000000e+01 1.998980700000000266e-03
2.300000000000000000e+01 1.827640531250000104e-03
2.400000000000000000e+01 1.663919976562499735e-03
2.500000000000000000e+01 1.508958749999999736e-03
2.600000000000000000e+01 1.363784109374999772e-03
2.700000000000000000e+01 1.229384796875000047e-03
2.800000000000000000e+01 1.106628906250000299e-03
2.900000000000000000e+01 9.963109375000004080e-04
3.000000000000000000e+01 8.991141484374999332e-04
3.100000000000000000e+01 8.156280468750000748e-04
3.200000000000000000e+01 7.463397968749996324e-04
3.300000000000000000e+01 6.916291484375000588e-04
3.400000000000000000e+01 6.517683257812501192e-04
3.500000000000000000e+01 6.269218490624998974e-04
3.600000000000000000e+01 6.171460296875000201e-04
3.700000000000000000e+01 6.223957734375001145e-04
3.800000000000000000e+01 6.425142265624999433e-04
3.900000000000000000e+01 6.772455781250002766e-04
4.000000000000000000e+01 7.262223671874999155e-04
4.100000000000000000e+01 7.889967421875000763e-04
4.200000000000000000e+01 8.650151562499993870e-04
4.300000000000000000e+01 9.536286328125000850e-04
4.400000000000000000e+01 1.054120437499999957e-03
4.500000000000000000e+01 1.165667742187499831e-03
4.600000000000000000e+01 1.287397742187500497e-03
4.700000000000000000e+01 1.418352976875000056e-03
4.800000000000000000e+01 1.557528331249999516e-03
4.900000000000000000e+01 1.703838364062500469e-03
5.000000000000000000e+01 1.856177017968750056e-03
5.100000000000000000e+01 2.013381301562499216e-03
5.200000000000000000e+01 2.174260490625000170e-03
5.300000000000000000e+01 2.337602296875001401e-03
5.400000000000000000e+01 2.502162679687501209e-03
5.500000000000000000e+01 2.666724476562499623e-03
5.600000000000000000e+01 2.830025257812499549e-03
5.700000000000000000e+01 2.990855882812499915e-03
5.800000000000000000e+01 3.148003492187501605e-03
5.900000000000000000e+01 3.300293320312499765e-03
6.000000000000000000e+01 3.446584968749998989e-03
6.100000000000000000e+01 3.585795242187501085e-03
6.200000000000000000e+01 3.716878054687500904e-03
6.300000000000000000e+01 3.838882617187501251e-03
6.400000000000000000e+01 3.950913890625000306e-03
6.500000000000000000e+01 4.052170585937501547e-03
6.600000000000000000e+01 4.141939539062499363e-03
6.700000000000000000e+01 4.219615640625001309e-03
6.800000000000000000e+01 4.284697937499999144e-03
6.900000000000000000e+01 4.336802335937502487e-03
7.000000000000000000e+01 4.375660937500000340e-03
7.100000000000000000e+01 4.401151429687503308e-03
7.200000000000000000e+01 4.413247867187499243e-03
7.300000000000000000e+01 4.412088984374997087e-03
7.400000000000000000e+01 4.397919140625001361e-03
7.500000000000000000e+01 4.371142656250001125e-03
7.600000000000000000e+01 4.332271429687498641e-03
7.700000000000000000e+01 4.281976718749997725e-03
7.800000000000000000e+01 4.221005210937497400e-03
7.900000000000000000e+01 4.150253890625000414e-03
8.000000000000000000e+01 4.070725167187500687e-03
8.100000000000000000e+01 3.983501959609376739e-03
8.200000000000000000e+01 3.889761777343748658e-03
8.300000000000000000e+01 3.790756789062500395e-03
8.400000000000000000e+01 3.687784109374999449e-03
8.500000000000000000e+01 3.582188539062499105e-03
8.600000000000000000e+01 3.475343874999999635e-03
8.700000000000000000e+01 3.368610171875000090e-03
8.800000000000000000e+01 3.263359609375001379e-03
8.900000000000000000e+01 3.160904189843750500e-03
9.000000000000000000e+01 3.062528199218751430e-03
9.100000000000000000e+01 2.969434835937501040e-03
9.200000000000000000e+01 2.882742507812500587e-03
9.300000000000000000e+01 2.803463089296875845e-03
9.400000000000000000e+01 2.732505148437499795e-03
9.500000000000000000e+01 2.670625312499998790e-03
9.600000000000000000e+01 2.618445190625001088e-03
9.700000000000000000e+01 2.576433322109373831e-03
9.800000000000000000e+01 2.544906160937499863e-03
9.900000000000000000e+01 2.524001401562499941e-03
1.000000000000000000e+02 2.513709429687499813e-03
1.010000000000000000e+02 2.513851757812498623e-03
1.020000000000000000e+02 2.524099984375000483e-03
1.030000000000000000e+02 2.543958218749998394e-03
1.040000000000000000e+02 2.572813237499999017e-03
1.050000000000000000e+02 2.609926614843749090e-03
1.060000000000000000e+02 2.654441924999998911e-03
1.070000000000000000e+02 2.705410367187500997e-03
1.080000000000000000e+02 2.761835632812499261e-03
1.090000000000000000e+02 2.822646453124999597e-03
1.100000000000000000e+02 2.886760320312500849e-03
1.110000000000000000e+02 2.953066015625000276e-03
1.120000000000000000e+02 3.020523390625001314e-03
1.130000000000000000e+02 3.088099093749999916e-03
1.140000000000000000e+02 3.154797773437501094e-03
1.150000000000000000e+02 3.219760609375001310e-03
1.160000000000000000e+02 3.282230687499998901e-03
1.170000000000000000e+02 3.341488867187498990e-03
1.180000000000000000e+02 3.397036515624999274e-03
1.190000000000000000e+02 3.448442864062498548e-03
1.200000000000000000e+02 3.495491484374999187e-03
1.210000000000000000e+02 3.538075073437499472e-03
1.220000000000000000e+02 3.576220267187499736e-03
1.230000000000000000e+02 3.610150951562500574e-03
1.240000000000000000e+02 3.640194525781249510e-03
1.250000000000000000e+02 3.666848600781249731e-03
1.260000000000000000e+02 3.690654179687498631e-03
1.270000000000000000e+02 3.712347085937501429e-03
1.280000000000000000e+02 3.732678351562500156e-03
1.290000000000000000e+02 3.752515835937501182e-03
1.300000000000000000e+02 3.772773374999999468e-03
1.310000000000000000e+02 3.794367765624999909e-03
1.320000000000000000e+02 3.818223609375000042e-03
1.330000000000000000e+02 3.845259914062499479e-03
1.340000000000000000e+02 3.876363367187502049e-03
1.350000000000000000e+02 3.912345999999999706e-03
1.360000000000000000e+02 3.953971492187500526e-03
1.370000000000000000e+02 4.001868902343749639e-03
1.380000000000000000e+02 4.056584554687499289e-03
1.390000000000000000e+02 4.118527257812499946e-03
1.400000000000000000e+02 4.187966256249999950e-03
1.410000000000000000e+02 4.265050449999999334e-03
1.420000000000000000e+02 4.349763210937498785e-03
1.430000000000000000e+02 4.441897875000000613e-03
1.440000000000000000e+02 4.541144320312500045e-03
1.450000000000000000e+02 4.647023968749998749e-03
1.460000000000000000e+02 4.758877061718749801e-03
1.470000000000000000e+02 4.875922898437497557e-03
1.480000000000000000e+02 4.997238984374997514e-03
1.490000000000000000e+02 5.121754101562501528e-03
1.500000000000000000e+02 5.248324195312500072e-03
1.510000000000000000e+02 5.375682500000002889e-03
1.520000000000000000e+02 5.502474523437498460e-03
1.530000000000000000e+02 5.627270860937499432e-03
1.540000000000000000e+02 5.748652031249999045e-03
1.550000000000000000e+02 5.865035546875002094e-03
1.560000000000000000e+02 5.975004453125000101e-03
1.570000000000000000e+02 6.077099765625000767e-03
1.580000000000000000e+02 6.169826562500000354e-03
1.590000000000000000e+02 6.251850312499997869e-03
1.600000000000000000e+02 6.321814921875000201e-03
1.610000000000000000e+02 6.378578281250000051e-03
1.620000000000000000e+02 6.421125703125000680e-03
1.630000000000000000e+02 6.448473359375000817e-03
1.640000000000000000e+02 6.459965312500001375e-03
1.650000000000000000e+02 6.455071562499996828e-03
1.660000000000000000e+02 6.433458671875000486e-03
1.670000000000000000e+02 6.394985390625003430e-03
1.680000000000000000e+02 6.339862109374999437e-03
1.690000000000000000e+02 6.268451000000003007e-03
1.700000000000000000e+02 6.181418554687500080e-03
1.710000000000000000e+02 6.079653453125002764e-03
1.720000000000000000e+02 5.964405179687497401e-03
1.730000000000000000e+02 5.837072374999999376e-03
1.740000000000000000e+02 5.699277906250002981e-03
1.750000000000000000e+02 5.553011054687498511e-03
1.760000000000000000e+02 5.400334090624996780e-03
1.770000000000000000e+02 5.243596651562500675e-03
1.780000000000000000e+02 5.085249486718749524e-03
1.790000000000000000e+02 4.927921039062504137e-03
1.800000000000000000e+02 4.774326950781246880e-03
1.810000000000000000e+02 4.627239539062499504e-03
1.820000000000000000e+02 4.489414085937500770e-03
1.830000000000000000e+02 4.363672374999999666e-03
1.840000000000000000e+02 4.252668234374999690e-03
1.850000000000000000e+02 4.159009890624999935e-03
1.860000000000000000e+02 4.085128664062498936e-03
1.870000000000000000e+02 4.033303773437500912e-03
1.880000000000000000e+02 4.005525351562498095e-03
1.890000000000000000e+02 4.003537398437499728e-03
1.900000000000000000e+02 4.028799414062500875e-03
1.910000000000000000e+02 4.082395375000001485e-03
1.920000000000000000e+02 4.165121605468750585e-03
1.930000000000000000e+02 4.277383271874999129e-03
1.940000000000000000e+02 4.419193648437499955e-03
1.950000000000000000e+02 4.590167406249999818e-03
1.960000000000000000e+02 4.789612143749998399e-03
1.970000000000000000e+02 5.016384812500001775e-03
1.980000000000000000e+02 5.269098023437497440e-03
1.990000000000000000e+02 5.545896867187500440e-03
2.000000000000000000e+02 5.844727499999998951e-03
2.010000000000000000e+02 6.163253671874998826e-03
2.020000000000000000e+02 6.498829140625002332e-03
2.030000000000000000e+02 6.848718437499998202e-03
2.040000000000000000e+02 7.209967031249997667e-03
2.050000000000000000e+02 7.579543726562499618e-03
2.060000000000000000e+02 7.954339046875003386e-03
2.070000000000000000e+02 8.331291382812499799e-03
2.080000000000000000e+02 8.707242742187501147e-03
2.090000000000000000e+02 9.079209414062500844e-03
2.100000000000000000e+02 9.444310382812497878e-03
2.110000000000000000e+02 9.799815953125000714e-03
2.120000000000000000e+02 1.014313121874999696e-02
2.130000000000000000e+02 1.047203367187500046e-02
2.140000000000000000e+02 1.078430742187500013e-02
2.150000000000000000e+02 1.107829078124999977e-02
2.160000000000000000e+02 1.135235242187500673e-02
2.170000000000000000e+02 1.160527765624999944e-02
2.180000000000000000e+02 1.183620562499999515e-02
2.190000000000000000e+02 1.204450085937499443e-02
2.200000000000000000e+02 1.222984281250000943e-02
2.210000000000000000e+02 1.239220453124999406e-02
2.220000000000000000e+02 1.253187304687499587e-02
2.230000000000000000e+02 1.264932828125000207e-02
2.240000000000000000e+02 1.274538171875000056e-02
2.250000000000000000e+02 1.282095679687501183e-02
2.260000000000000000e+02 1.287727140625000676e-02
2.270000000000000000e+02 1.291562882812500278e-02
2.280000000000000000e+02 1.293749039062500397e-02
2.290000000000000000e+02 1.294440281250000373e-02
2.300000000000000000e+02 1.293798695312499761e-02
2.310000000000000000e+02 1.291993999999999608e-02
2.320000000000000000e+02 1.289188890624999584e-02
2.330000000000000000e+02 1.285541703125000004e-02
2.340000000000000000e+02 1.281213587499999834e-02
2.350000000000000000e+02 1.276368411093749787e-02
2.360000000000000000e+02 1.271137794218749929e-02
2.370000000000000000e+02 1.265651528906250323e-02
2.380000000000000000e+02 1.260035185937500961e-02
2.390000000000000000e+02 1.254391062500000154e-02
2.400000000000000000e+02 1.248813195312498993e-02
2.410000000000000000e+02 1.243374023437499032e-02
2.420000000000000000e+02 1.238133593750000323e-02
2.430000000000000000e+02 1.233144734374999434e-02
2.440000000000000000e+02 1.228432046874999850e-02
2.450000000000000000e+02 1.224018710937499477e-02
2.460000000000000000e+02 1.219907570312499939e-02
2.470000000000000000e+02 1.216095226562500381e-02
2.480000000000000000e+02 1.212567132812500219e-02
2.490000000000000000e+02 1.209301585937500208e-02
2.500000000000000000e+02 1.206268037500000077e-02
2.510000000000000000e+02 1.203442426562500132e-02
2.520000000000000000e+02 1.200789260156250905e-02
2.530000000000000000e+02 1.198274335937500081e-02
2.540000000000000000e+02 1.195875046875000819e-02
2.550000000000000000e+02 1.193561218749999986e-02
2.560000000000000000e+02 1.191322937499999894e-02
2.570000000000000000e+02 1.189146999999999774e-02
2.580000000000000000e+02 1.187037750000000461e-02
2.590000000000000000e+02 1.185008303906250060e-02
2.600000000000000000e+02 1.183084355468749967e-02
2.610000000000000000e+02 1.181293067187500108e-02
2.620000000000000000e+02 1.179690010156249705e-02
2.630000000000000000e+02 1.178336655468750077e-02
2.640000000000000000e+02 1.177299393671874667e-02
2.650000000000000000e+02 1.176660936718750688e-02
2.660000000000000000e+02 1.176512824218750412e-02
2.670000000000000000e+02 1.176958653359375280e-02
2.680000000000000000e+02 1.178110385156250217e-02
2.690000000000000000e+02 1.180080067187500026e-02
2.700000000000000000e+02 1.182995378125000809e-02
2.710000000000000000e+02 1.186965028906250032e-02
2.720000000000000000e+02 1.192116952343750050e-02
2.730000000000000000e+02 1.198583804687499733e-02
2.740000000000000000e+02 1.206472257812499574e-02
2.750000000000000000e+02 1.215898882812500338e-02
2.760000000000000000e+02 1.226968125000000263e-02
2.770000000000000000e+02 1.239776687499999711e-02
2.780000000000000000e+02 1.254392195312499687e-02
2.790000000000000000e+02 1.270893335937499195e-02
2.800000000000000000e+02 1.289319882812500415e-02
2.810000000000000000e+02 1.309699617187499651e-02
2.820000000000000000e+02 1.332051890625000033e-02
2.830000000000000000e+02 1.356361796875000039e-02
2.840000000000000000e+02 1.382598046874999355e-02
2.850000000000000000e+02 1.410722265625000138e-02
2.860000000000000000e+02 1.440649531250000337e-02
2.870000000000000000e+02 1.472282656249999933e-02
2.880000000000000000e+02 1.505515468750000078e-02
2.890000000000000000e+02 1.540206875000000100e-02
2.900000000000000000e+02 1.576185546874999538e-02
2.910000000000000000e+02 1.613274374999999414e-02
2.920000000000000000e+02 1.651268046874999548e-02
2.930000000000000000e+02 1.689919609374999909e-02
2.940000000000000000e+02 1.728975156250000395e-02
2.950000000000000000e+02 1.768167421874999867e-02
2.960000000000000000e+02 1.807201875000000180e-02
2.970000000000000000e+02 1.845769921874999830e-02
2.980000000000000000e+02 1.883564218749999783e-02
2.990000000000000000e+02 1.920264609375000806e-02
3.000000000000000000e+02 1.955571171875000736e-02
3.010000000000000000e+02 1.989177187499999860e-02
3.020000000000000000e+02 2.020792421875000633e-02
3.030000000000000000e+02 2.050165625000000338e-02
3.040000000000000000e+02 2.077051796875000952e-02
3.050000000000000000e+02 2.101250390625000047e-02
3.060000000000000000e+02 2.122569609375001345e-02
3.070000000000000000e+02 2.140862890624999418e-02
3.080000000000000000e+02 2.156001015624999309e-02
3.090000000000000000e+02 2.167889453124998908e-02
3.100000000000000000e+02 2.176455703124999252e-02
3.110000000000000000e+02 2.181648828124998704e-02
3.120000000000000000e+02 2.183455843750000194e-02
3.130000000000000000e+02 2.181851125000000211e-02
3.140000000000000000e+02 2.176880140625001014e-02
3.150000000000000000e+02 2.168568320312500713e-02
3.160000000000000000e+02 2.156987390625000889e-02
3.170000000000000000e+02 2.142230499999998872e-02
3.180000000000000000e+02 2.124421546875000441e-02
3.190000000000000000e+02 2.103697929687500107e-02
3.200000000000000000e+02 2.080235617187500829e-02
3.210000000000000000e+02 2.054212625000000764e-02
3.220000000000000000e+02 2.025834406249998887e-02
3.230000000000000000e+02 1.995326929687501680e-02
3.240000000000000000e+02 1.962907070312500807e-02
3.250000000000000000e+02 1.928809523437500020e-02
3.260000000000000000e+02 1.893259445312501371e-02
3.270000000000000000e+02 1.856493265625000152e-02
3.280000000000000000e+02 1.818715554687501054e-02
3.290000000000000000e+02 1.780142382812499938e-02
3.300000000000000000e+02 1.740982609374998324e-02
3.310000000000000000e+02 1.701424185937500458e-02
3.320000000000000000e+02 1.661661531249999241e-02
3.330000000000000000e+02 1.621875407812500142e-02
3.340000000000000000e+02 1.582244292968749619e-02
3.350000000000000000e+02 1.542938635156249419e-02
3.360000000000000000e+02 1.504143221093750225e-02
3.370000000000000000e+02 1.466007592968749523e-02
3.380000000000000000e+02 1.428707933281249051e-02
3.390000000000000000e+02 1.392390756562500616e-02
3.400000000000000000e+02 1.357208404687500723e-02
3.410000000000000000e+02 1.323302262500000021e-02
3.420000000000000000e+02 1.290793197656250196e-02
3.430000000000000000e+02 1.259797849218749315e-02
3.440000000000000000e+02 1.230419250781250411e-02
3.450000000000000000e+02 1.202739804687500032e-02
3.460000000000000000e+02 1.176818986718749897e-02
3.470000000000000000e+02 1.152712982578125468e-02
3.480000000000000000e+02 1.130448655781250353e-02
3.490000000000000000e+02 1.110029293750000243e-02
3.500000000000000000e+02 1.091442656015625089e-02
3.510000000000000000e+02 1.074646426953125219e-02
3.520000000000000000e+02 1.059584837499999779e-02
3.530000000000000000e+02 1.046147468749999629e-02
3.540000000000000000e+02 1.034230882031250513e-02
3.550000000000000000e+02 1.023666090624999331e-02
3.560000000000000000e+02 1.014282984374999946e-02
3.570000000000000000e+02 1.005874562499999882e-02
3.580000000000000000e+02 9.982092187500003072e-03
3.590000000000000000e+02 9.910530156250003248e-03
3.600000000000000000e+02 9.841409375000000417e-03
3.610000000000000000e+02 9.772253359374991413e-03
3.620000000000000000e+02 9.700618437500000898e-03
3.630000000000000000e+02 9.624156093749986970e-03
3.640000000000000000e+02 9.540924999999996978e-03
3.650000000000000000e+02 9.449216015625001158e-03
3.660000000000000000e+02 9.347674218750002748e-03
3.670000000000000000e+02 9.235564609374998304e-03
3.680000000000000000e+02 9.112322031250006879e-03
3.690000000000000000e+02 8.978094609375000812e-03
3.700000000000000000e+02 8.833313671875000703e-03
3.710000000000000000e+02 8.678800000000000403e-03
3.720000000000000000e+02 8.515798437499997806e-03
3.730000000000000000e+02 8.345772656250005292e-03
3.740000000000000000e+02 8.170321093750000305e-03
3.750000000000000000e+02 7.991392265624997632e-03
3.760000000000000000e+02 7.810778671874995735e-03
3.770000000000000000e+02 7.630488906249999030e-03
3.780000000000000000e+02 7.452360000000003357e-03
3.790000000000000000e+02 7.278266171875000592e-03
3.800000000000000000e+02 7.109785078125000803e-03
3.810000000000000000e+02 6.948564218750001575e-03
3.820000000000000000e+02 6.795915156250002115e-03
3.830000000000000000e+02 6.652948671875001489e-03
3.840000000000000000e+02 6.520606406249997156e-03
3.850000000000000000e+02 6.399490468750000487e-03
3.860000000000000000e+02 6.289982968749999008e-03
3.870000000000000000e+02 6.192011171875001947e-03
3.880000000000000000e+02 6.105212109375002597e-03
3.890000000000000000e+02 6.028870781249994794e-03
3.900000000000000000e+02 5.961775546874998298e-03
3.910000000000000000e+02 5.902410546875002176e-03
3.920000000000000000e+02 5.848908828124997281e-03
3.930000000000000000e+02 5.799182343749997165e-03
3.940000000000000000e+02 5.750827093749999105e-03
3.950000000000000000e+02 5.701590562500000875e-03
3.960000000000000000e+02 5.649143250000001303e-03
3.970000000000000000e+02 5.591413800000001079e-03
3.980000000000000000e+02 5.526691960937499953e-03
3.990000000000000000e+02 5.453675843749997663e-03
4.000000000000000000e+02 5.371509624999999677e-03
4.010000000000000000e+02 5.279776046875002057e-03
4.020000000000000000e+02 5.178766031250000429e-03
4.030000000000000000e+02 5.069054945312500074e-03
4.040000000000000000e+02 4.951686749999999887e-03
4.050000000000000000e+02 4.828024815625000035e-03
4.060000000000000000e+02 4.699752121875000292e-03
4.070000000000000000e+02 4.568702712499999111e-03
4.080000000000000000e+02 4.436856190625001334e-03
4.090000000000000000e+02 4.306188050781254058e-03
4.100000000000000000e+02 4.178717153125002456e-03
4.110000000000000000e+02 4.056376843749999982e-03
4.120000000000000000e+02 3.941018851562500327e-03
4.130000000000000000e+02 3.834327773437500465e-03
4.140000000000000000e+02 3.737743609375000515e-03
4.150000000000000000e+02 3.652456187499999573e-03
4.160000000000000000e+02 3.579232632812499783e-03
4.170000000000000000e+02 3.518293718750000517e-03
4.180000000000000000e+02 3.469282507812500131e-03
4.190000000000000000e+02 3.431122187500001627e-03
4.200000000000000000e+02 3.402121796875000152e-03
4.210000000000000000e+02 3.379962421875000456e-03
4.220000000000000000e+02 3.361869374999998470e-03
4.230000000000000000e+02 3.344883281250001037e-03
4.240000000000000000e+02 3.325999687500000995e-03
4.250000000000000000e+02 3.302524546875000404e-03
4.260000000000000000e+02 3.272334445312498688e-03
4.270000000000000000e+02 3.233907218750000593e-03
4.280000000000000000e+02 3.186620750000001157e-03
4.290000000000000000e+02 3.130650859374999127e-03
4.300000000000000000e+02 3.066974283281250543e-03
4.310000000000000000e+02 2.997265828124998956e-03
4.320000000000000000e+02 2.923714703125000498e-03
4.330000000000000000e+02 2.848842757812501420e-03
4.340000000000000000e+02 2.775273265624998969e-03
4.350000000000000000e+02 2.705524898437500127e-03
4.360000000000000000e+02 2.641811015624999977e-03
4.370000000000000000e+02 2.585908125000000411e-03
4.380000000000000000e+02 2.539074374999999474e-03
4.390000000000000000e+02 2.502096164062500225e-03
4.400000000000000000e+02 2.475324398437500108e-03
4.410000000000000000e+02 2.458841960937499949e-03
4.420000000000000000e+02 2.452566781249999796e-03
4.430000000000000000e+02 2.456410718750000072e-03
4.440000000000000000e+02 2.470315221093749916e-03
4.450000000000000000e+02 2.494238178906251109e-03
4.460000000000000000e+02 2.528136717968748962e-03
4.470000000000000000e+02 2.571754938281250753e-03
4.480000000000000000e+02 2.624493737499999316e-03
4.490000000000000000e+02 2.685182060937499771e-03
4.500000000000000000e+02 2.751914564062500970e-03
4.510000000000000000e+02 2.821964382890625612e-03
4.520000000000000000e+02 2.891902967187499809e-03
4.530000000000000000e+02 2.957814070312500630e-03
4.540000000000000000e+02 3.015858605468751692e-03
4.550000000000000000e+02 3.062831153906250391e-03
4.560000000000000000e+02 3.096795232812500458e-03
4.570000000000000000e+02 3.117585100390624607e-03
4.580000000000000000e+02 3.127011296874999697e-03
4.590000000000000000e+02 3.128765187500000267e-03
4.600000000000000000e+02 3.127896437500000005e-03
4.610000000000000000e+02 3.130096148437499018e-03
4.620000000000000000e+02 3.140784976562499900e-03
4.630000000000000000e+02 3.164303578124999516e-03
4.640000000000000000e+02 3.203301093750000796e-03
4.650000000000000000e+02 3.258489687499999902e-03
4.660000000000000000e+02 3.328743546874999171e-03
4.670000000000000000e+02 3.411557132812501839e-03
4.680000000000000000e+02 3.503605593749999601e-03
4.690000000000000000e+02 3.601437976562500871e-03
4.700000000000000000e+02 3.701904714062500320e-03
4.710000000000000000e+02 3.802357023437501204e-03
4.720000000000000000e+02 3.900606460937500446e-03
4.730000000000000000e+02 3.994419250000000657e-03
4.740000000000000000e+02 4.081109592187501592e-03
4.750000000000000000e+02 4.156889765625000448e-03
4.760000000000000000e+02 4.216743937499998866e-03
4.770000000000000000e+02 4.254244054687501830e-03
4.780000000000000000e+02 4.262155812499998815e-03
4.790000000000000000e+02 4.233165460937497911e-03
4.800000000000000000e+02 4.160893406250000363e-03
4.810000000000000000e+02 4.040987500000001696e-03
4.820000000000000000e+02 3.872473968124999413e-03
4.830000000000000000e+02 3.658702052343749348e-03
4.840000000000000000e+02 3.408175838281250671e-03
4.850000000000000000e+02 3.134669992187500212e-03
4.860000000000000000e+02 2.856687601562501316e-03
4.870000000000000000e+02 2.596006210937500634e-03
4.880000000000000000e+02 2.375654642187500273e-03
4.890000000000000000e+02 2.217548095312500255e-03
4.900000000000000000e+02 2.140012399218748935e-03
4.910000000000000000e+02 2.155603617187499751e-03
4.920000000000000000e+02 2.269274476562499910e-03
4.930000000000000000e+02 2.476964445312500318e-03
4.940000000000000000e+02 2.764867921875001095e-03
4.950000000000000000e+02 3.109671007812500696e-03
4.960000000000000000e+02 3.480361078125000784e-03
4.970000000000000000e+02 3.841990265624999849e-03
4.980000000000000000e+02 4.161308132812498693e-03
4.990000000000000000e+02 4.413963953124999846e-03
5.000000000000000000e+02 4.590593394531251870e-03
5.010000000000000000e+02 4.701478784375000969e-03
5.020000000000000000e+02 4.776596757812500392e-03
5.030000000000000000e+02 4.862154593749999296e-03
5.040000000000000000e+02 5.012771484375000246e-03
5.050000000000000000e+02 5.280850249999999996e-03
5.060000000000000000e+02 5.704196093749997268e-03
5.070000000000000000e+02 6.294241906249999421e-03
5.080000000000000000e+02 7.032232773437498315e-03
5.090000000000000000e+02 7.886844101562501957e-03
5.100000000000000000e+02 8.876707750000000646e-03
5.110000000000000000e+02 1.021779379687499587e-02
