0.000000000000000000e+00 4.912848359374999418e-03
1.000000000000000000e+00 4.896199343750001938e-03
2.000000000000000000e+00 4.863055867187502171e-03
3.000000000000000000e+00 4.813663640625000240e-03
4.000000000000000000e+00 4.748473617187499475e-03
5.000000000000000000e+00 4.668000757812498791e-03
6.000000000000000000e+00 4.572971281249998445e-03
7.000000000000000000e+00 4.464101687499999471e-03
8.000000000000000000e+00 4.342301789062500035e-03
9.000000000000000000e+00 4.208623023437501817e-03
1.000000000000000000e+01 4.064092334375001697e-03
1.100000000000000000e+01 3.909913821875000452e-03
1.200000000000000000e+01 3.747318156562498993e-03
1.300000000000000000e+01 3.577593790062498936e-03
1.400000000000000000e+01 3.402090562499999245e-03
1.500000000000000000e+01 3.222182467187498841e-03
1.600000000000000000e+01 3.039251701562499259e-03
1.700000000000000000e+01 2.854716100781249863e-03
1.800000000000000000e+01 2.669968550781250463e-03
1.900000000000000000e+01 2.486406453125000228e-03
2.000000000000000000e+01 2.305385608593749688e-03
2.100000000000000000e+01 2.128251069531249522e-03
2.200000000000000000e+01 1.956265810156250246e-03
2.300000000000000000e+01 1.790681742187499523e-03
2.400000000000000000e+01 1.632672210937500049e-03
2.500000000000000000e+01 1.483322523437500618e-03
2.600000000000000000e+01 1.343689007812499904e-03
2.700000000000000000e+01 1.214696546874999630e-03
2.800000000000000000e+01 1.097209578125000161e-03
2.900000000000000000e+01 9.920014921874999083e-04
3.000000000000000000e+01 8.997295468749998658e-04
3.100000000000000000e+01 8.209765781250000834e-04
3.200000000000000000e+01 7.562008124999999555e-04
3.300000000000000000e+01 7.057696640625000552e-04
3.400000000000000000e+01 6.699414617187498915e-04
3.500000000000000000e+01 6.488632053124999228e-04
3.600000000000000000e+01 6.425840374999997138e-04
3.700000000000000000e+01 6.510327187499999032e-04
3.800000000000000000e+01 6.740515937500001767e-04
3.900000000000000000e+01 7.113662109374999489e-04
4.000000000000000000e+01 7.626085624999998265e-04
4.100000000000000000e+01 8.273035390625000859e-04
4.200000000000000000e+01 9.049049921875001231e-04
4.300000000000000000e+01 9.947493750000003035e-04
4.400000000000000000e+01 1.096110574999999620e-03
4.500000000000000000e+01 1.208170453124999709e-03
4.600000000000000000e+01 1.330043977343749488e-03
4.700000000000000000e+01 1.460775913132812513e-03
4.800000000000000000e+01 1.599355498437499178e-03
4.900000000000000000e+01 1.744708060937499167e-03
5.000000000000000000e+01 1.895722742968749316e-03
5.100000000000000000e+01 2.051243515625000933e-03
5.200000000000000000e+01 2.210093429687500638e-03
5.300000000000000000e+01 2.371059906249999970e-03
5.400000000000000000e+01 2.532930703125001442e-03
5.500000000000000000e+01 2.694482960937498624e-03
5.600000000000000000e+01 2.854486851562498297e-03
5.700000000000000000e+01 3.011746124999998241e-03
5.800000000000000000e+01 3.165070468750001784e-03
5.900000000000000000e+01 3.313305695312499747e-03
6.000000000000000000e+01 3.455344835937499293e-03
6.100000000000000000e+01 3.590132203125000979e-03
6.200000000000000000e+01 3.716656937499999980e-03
6.300000000000000000e+01 3.833987648437501249e-03
6.400000000000000000e+01 3.941268406249998427e-03
6.500000000000000000e+01 4.037728671875000924e-03
6.600000000000000000e+01 4.122688273437497691e-03
6.700000000000000000e+01 4.195574921874997872e-03
6.800000000000000000e+01 4.255923679687499857e-03
6.900000000000000000e+01 4.303367265624999209e-03
7.000000000000000000e+01 4.337693757812500356e-03
7.100000000000000000e+01 4.358781171874999416e-03
7.200000000000000000e+01 4.366645859375000577e-03
7.300000000000000000e+01 4.361440468749996566e-03
7.400000000000000000e+01 4.343442500000001781e-03
7.500000000000000000e+01 4.313066406249998867e-03
7.600000000000000000e+01 4.270841015625002207e-03
7.700000000000000000e+01 4.217426953125001481e-03
7.800000000000000000e+01 4.153619351562499486e-03
7.900000000000000000e+01 4.080295335937500316e-03
8.000000000000000000e+01 3.998459179687498602e-03
8.100000000000000000e+01 3.909200260156249669e-03
8.200000000000000000e+01 3.813696065624998591e-03
8.300000000000000000e+01 3.713183921875000491e-03
8.400000000000000000e+01 3.608956523437499044e-03
8.500000000000000000e+01 3.502365226562499569e-03
8.600000000000000000e+01 3.394748632812498532e-03
8.700000000000000000e+01 3.287472593749997569e-03
8.800000000000000000e+01 3.181889218750000563e-03
8.900000000000000000e+01 3.079306679687501564e-03
9.000000000000000000e+01 2.980992500000001055e-03
9.100000000000000000e+01 2.888136820312499266e-03
9.200000000000000000e+01 2.801860211718749504e-03
9.300000000000000000e+01 2.723151364062499809e-03
9.400000000000000000e+01 2.652916882812500574e-03
9.500000000000000000e+01 2.591906070312500338e-03
9.600000000000000000e+01 2.540740468750000286e-03
9.700000000000000000e+01 2.499887377812500585e-03
9.800000000000000000e+01 2.469652406171874912e-03
9.900000000000000000e+01 2.450180149999998686e-03
1.000000000000000000e+02 2.441461132812498217e-03
1.010000000000000000e+02 2.443320835937498603e-03
1.020000000000000000e+02 2.455417615625000299e-03
1.030000000000000000e+02 2.477288097929686295e-03
1.040000000000000000e+02 2.508290600000000030e-03
1.050000000000000000e+02 2.547700478906250558e-03
1.060000000000000000e+02 2.594660738281250306e-03
1.070000000000000000e+02 2.648216796874999692e-03
1.080000000000000000e+02 2.707365640625000302e-03
1.090000000000000000e+02 2.771027875000000099e-03
1.100000000000000000e+02 2.838107523437500244e-03
1.110000000000000000e+02 2.907536062500000029e-03
1.120000000000000000e+02 2.978157289062500438e-03
1.130000000000000000e+02 3.048977789062498958e-03
1.140000000000000000e+02 3.118982671875001125e-03
1.150000000000000000e+02 3.187291710937500792e-03
1.160000000000000000e+02 3.253048093749998353e-03
1.170000000000000000e+02 3.315578437500000218e-03
1.180000000000000000e+02 3.374311718749999252e-03
1.190000000000000000e+02 3.428798048437498632e-03
1.200000000000000000e+02 3.478760732031250733e-03
1.210000000000000000e+02 3.524080910000000448e-03
1.220000000000000000e+02 3.564739671093750811e-03
1.230000000000000000e+02 3.600921219375000353e-03
1.240000000000000000e+02 3.632916593749999611e-03
1.250000000000000000e+02 3.661164801562499706e-03
1.260000000000000000e+02 3.686242406250000818e-03
1.270000000000000000e+02 3.708826132812499416e-03
1.280000000000000000e+02 3.729689664062499441e-03
1.290000000000000000e+02 3.749647703124998378e-03
1.300000000000000000e+02 3.769620242187498790e-03
1.310000000000000000e+02 3.790517734374999372e-03
1.320000000000000000e+02 3.813336171874998678e-03
1.330000000000000000e+02 3.838970781250001900e-03
1.340000000000000000e+02 3.868314296875000145e-03
1.350000000000000000e+02 3.902283281249999299e-03
1.360000000000000000e+02 3.941627851562500701e-03
1.370000000000000000e+02 3.987040800000000128e-03
1.380000000000000000e+02 4.039133828906250369e-03
1.390000000000000000e+02 4.098383296875000859e-03
1.400000000000000000e+02 4.165125617187500316e-03
1.410000000000000000e+02 4.239551875781248994e-03
1.420000000000000000e+02 4.321721340625001018e-03
1.430000000000000000e+02 4.411525374999999277e-03
1.440000000000000000e+02 4.508674781249996828e-03
1.450000000000000000e+02 4.612807226562500550e-03
1.460000000000000000e+02 4.723296445312498773e-03
1.470000000000000000e+02 4.839433421875001702e-03
1.480000000000000000e+02 4.960354195312499832e-03
1.490000000000000000e+02 5.085002195312501340e-03
1.500000000000000000e+02 5.212338046874997327e-03
1.510000000000000000e+02 5.341080390624996545e-03
1.520000000000000000e+02 5.469891664062500464e-03
1.530000000000000000e+02 5.597377273437498073e-03
1.540000000000000000e+02 5.722131406250004215e-03
1.550000000000000000e+02 5.842551406250003770e-03
1.560000000000000000e+02 5.957201484374997219e-03
1.570000000000000000e+02 6.064543906249999020e-03
1.580000000000000000e+02 6.163135390625002971e-03
1.590000000000000000e+02 6.251498828125001163e-03
1.600000000000000000e+02 6.328288046874999163e-03
1.610000000000000000e+02 6.392257734375003664e-03
1.620000000000000000e+02 6.442263437500000793e-03
1.630000000000000000e+02 6.477348124999997292e-03
1.640000000000000000e+02 6.496631875000001381e-03
1.650000000000000000e+02 6.499529999999999023e-03
1.660000000000000000e+02 6.485545390624994702e-03
1.670000000000000000e+02 6.454537109374999283e-03
1.680000000000000000e+02 6.406461796875000461e-03
1.690000000000000000e+02 6.341611828124999600e-03
1.700000000000000000e+02 6.260544531250003021e-03
1.710000000000000000e+02 6.163973304687502333e-03
1.720000000000000000e+02 6.053084171875001453e-03
1.730000000000000000e+02 5.929074757812496238e-03
1.740000000000000000e+02 5.793530492187499818e-03
1.750000000000000000e+02 5.648264210937499301e-03
1.760000000000000000e+02 5.495340132812502783e-03
1.770000000000000000e+02 5.336946183593750843e-03
1.780000000000000000e+02 5.175486803906254041e-03
1.790000000000000000e+02 5.013557979687500478e-03
1.800000000000000000e+02 4.853848999218750293e-03
1.810000000000000000e+02 4.699059835937497397e-03
1.820000000000000000e+02 4.552004937500000493e-03
1.830000000000000000e+02 4.415481992187503778e-03
1.840000000000000000e+02 4.292250898437503272e-03
1.850000000000000000e+02 4.184965507812499208e-03
1.860000000000000000e+02 4.096144218750000232e-03
1.870000000000000000e+02 4.028185390624999460e-03
1.880000000000000000e+02 3.983194812500000237e-03
1.890000000000000000e+02 3.963103921875000754e-03
1.900000000000000000e+02 3.969493687499998924e-03
1.910000000000000000e+02 4.003687945312498983e-03
1.920000000000000000e+02 4.066653740624997897e-03
1.930000000000000000e+02 4.158977217968750154e-03
1.940000000000000000e+02 4.280912271093751179e-03
1.950000000000000000e+02 4.432298757812497964e-03
1.960000000000000000e+02 4.612684902343750643e-03
1.970000000000000000e+02 4.821085343749999946e-03
1.980000000000000000e+02 5.056377906250002045e-03
1.990000000000000000e+02 5.316891382812500254e-03
2.000000000000000000e+02 5.600816796874996326e-03
2.010000000000000000e+02 5.905884687500000639e-03
2.020000000000000000e+02 6.229751093750005540e-03
2.030000000000000000e+02 6.569775859375001636e-03
2.040000000000000000e+02 6.923117734375000380e-03
2.050000000000000000e+02 7.286809046874996934e-03
2.060000000000000000e+02 7.657899226562498926e-03
2.070000000000000000e+02 8.033294398437498124e-03
2.080000000000000000e+02 8.409941070312502986e-03
2.090000000000000000e+02 8.784873765624999498e-03
2.100000000000000000e+02 9.155067171874999715e-03
2.110000000000000000e+02 9.517915015624997879e-03
2.120000000000000000e+02 9.870652624999998528e-03
2.130000000000000000e+02 1.021094476562500394e-02
2.140000000000000000e+02 1.053654609375000682e-02
2.150000000000000000e+02 1.084549539062500990e-02
2.160000000000000000e+02 1.113616617187499977e-02
2.170000000000000000e+02 1.140713335937499663e-02
2.180000000000000000e+02 1.165728171874999726e-02
2.190000000000000000e+02 1.188584164062500385e-02
2.200000000000000000e+02 1.209219164062500136e-02
2.210000000000000000e+02 1.227625203124999703e-02
2.220000000000000000e+02 1.243791156250000085e-02
2.230000000000000000e+02 1.257753992187499344e-02
2.240000000000000000e+02 1.269574250000000265e-02
2.250000000000000000e+02 1.279312734375000551e-02
2.260000000000000000e+02 1.287083156250000589e-02
2.270000000000000000e+02 1.292989101562500194e-02
2.280000000000000000e+02 1.297160437499999576e-02
2.290000000000000000e+02 1.299739507812499792e-02
2.300000000000000000e+02 1.300867085937499994e-02
2.310000000000000000e+02 1.300705648437500486e-02
2.320000000000000000e+02 1.299400718749999656e-02
2.330000000000000000e+02 1.297119382812498764e-02
2.340000000000000000e+02 1.293998733593750179e-02
2.350000000000000000e+02 1.290196976562499147e-02
2.360000000000000000e+02 1.285855375360155615e-02
2.370000000000000000e+02 1.281098040625000198e-02
2.380000000000000000e+02 1.276049474218749966e-02
2.390000000000000000e+02 1.270810207812500363e-02
2.400000000000000000e+02 1.265484562499999410e-02
2.410000000000000000e+02 1.260145289062500167e-02
2.420000000000000000e+02 1.254867671875000042e-02
2.430000000000000000e+02 1.249698648437500177e-02
2.440000000000000000e+02 1.244685906250000279e-02
2.450000000000000000e+02 1.239845039062500119e-02
2.460000000000000000e+02 1.235194929687498909e-02
2.470000000000000000e+02 1.230739992187499660e-02
2.480000000000000000e+02 1.226478601562500277e-02
2.490000000000000000e+02 1.222393242187500353e-02
2.500000000000000000e+02 1.218468859374999616e-02
2.510000000000000000e+02 1.214675354687499986e-02
2.520000000000000000e+02 1.210997915625000587e-02
2.530000000000000000e+02 1.207406721093750614e-02
2.540000000000000000e+02 1.203883124218750079e-02
2.550000000000000000e+02 1.200406742187499522e-02
2.560000000000000000e+02 1.196964453124999342e-02
2.570000000000000000e+02 1.193561867187500902e-02
2.580000000000000000e+02 1.190199351562499196e-02
2.590000000000000000e+02 1.186891890624999953e-02
2.600000000000000000e+02 1.183667226562500584e-02
2.610000000000000000e+02 1.180562063281249963e-02
2.620000000000000000e+02 1.177625703906249807e-02
2.630000000000000000e+02 1.174925436718749980e-02
2.640000000000000000e+02 1.172519821875000340e-02
2.650000000000000000e+02 1.170507808593750088e-02
2.660000000000000000e+02 1.168973546093749795e-02
2.670000000000000000e+02 1.168019230468750336e-02
2.680000000000000000e+02 1.167754651562500495e-02
2.690000000000000000e+02 1.168297387500000402e-02
2.700000000000000000e+02 1.169766628124999791e-02
2.710000000000000000e+02 1.172289795312499681e-02
2.720000000000000000e+02 1.175990010937499712e-02
2.730000000000000000e+02 1.180995539062499634e-02
2.740000000000000000e+02 1.187422515625000119e-02
2.750000000000000000e+02 1.195384539062499876e-02
2.760000000000000000e+02 1.204999632812499971e-02
2.770000000000000000e+02 1.216358874999999562e-02
2.780000000000000000e+02 1.229554804687500551e-02
2.790000000000000000e+02 1.244653843749999808e-02
2.800000000000000000e+02 1.261721179687500319e-02
2.810000000000000000e+02 1.280781945312499913e-02
2.820000000000000000e+02 1.301868460937500270e-02
2.830000000000000000e+02 1.324973437500000413e-02
2.840000000000000000e+02 1.350087578124999597e-02
2.850000000000000000e+02 1.377152578125000713e-02
2.860000000000000000e+02 1.406131562499999925e-02
2.870000000000000000e+02 1.436916171874999711e-02
2.880000000000000000e+02 1.469418906250000850e-02
2.890000000000000000e+02 1.503498124999999748e-02
2.900000000000000000e+02 1.539010781250000660e-02
2.910000000000000000e+02 1.575779765624999232e-02
2.920000000000000000e+02 1.613600937499999957e-02
2.930000000000000000e+02 1.652244375000000084e-02
2.940000000000000000e+02 1.691472187499999669e-02
2.950000000000000000e+02 1.731010937500000041e-02
2.960000000000000000e+02 1.770569062499999929e-02
2.970000000000000000e+02 1.809857343750000472e-02
2.980000000000000000e+02 1.848559921874999221e-02
2.990000000000000000e+02 1.886352578125000470e-02
3.000000000000000000e+02 1.922927734375000017e-02
3.010000000000000000e+02 1.957976953124998531e-02
3.020000000000000000e+02 1.991208203124999326e-02
3.030000000000000000e+02 2.022348125000000829e-02
3.040000000000000000e+02 2.051141562499999432e-02
3.050000000000000000e+02 2.077371640624999308e-02
3.060000000000000000e+02 2.100839218749999543e-02
3.070000000000000000e+02 2.121366796874999891e-02
3.080000000000000000e+02 2.138827031249999899e-02
3.090000000000000000e+02 2.153094843749999571e-02
3.100000000000000000e+02 2.164091718750001114e-02
3.110000000000000000e+02 2.171737656250001189e-02
3.120000000000000000e+02 2.175995304687499896e-02
3.130000000000000000e+02 2.176855945312500609e-02
3.140000000000000000e+02 2.174304242187500430e-02
3.150000000000000000e+02 2.168370578125000323e-02
3.160000000000000000e+02 2.159101374999999531e-02
3.170000000000000000e+02 2.146572351562499661e-02
3.180000000000000000e+02 2.130883812499999655e-02
3.190000000000000000e+02 2.112159531249999805e-02
3.200000000000000000e+02 2.090550164062500785e-02
3.210000000000000000e+02 2.066229984375002673e-02
3.220000000000000000e+02 2.039386101562499012e-02
3.230000000000000000e+02 2.010229320312498583e-02
3.240000000000000000e+02 1.978976593749999860e-02
3.250000000000000000e+02 1.945846593750000589e-02
3.260000000000000000e+02 1.911073406249999551e-02
3.270000000000000000e+02 1.874875296875000777e-02
3.280000000000000000e+02 1.837485257812500328e-02
3.290000000000000000e+02 1.799098742187499669e-02
3.300000000000000000e+02 1.759933499999997292e-02
3.310000000000000000e+02 1.720203238281249949e-02
3.320000000000000000e+02 1.680081984374998810e-02
3.330000000000000000e+02 1.639778176562499759e-02
3.340000000000000000e+02 1.599476984374999244e-02
3.350000000000000000e+02 1.559370650781249056e-02
3.360000000000000000e+02 1.519633709375000155e-02
3.370000000000000000e+02 1.480463396093749211e-02
3.380000000000000000e+02 1.442026444765624055e-02
3.390000000000000000e+02 1.404501672109374766e-02
3.400000000000000000e+02 1.368053255468750819e-02
3.410000000000000000e+02 1.332840750781250604e-02
3.420000000000000000e+02 1.299011817968750114e-02
3.430000000000000000e+02 1.266696287500000337e-02
3.440000000000000000e+02 1.236016243750000417e-02
3.450000000000000000e+02 1.207071369531249362e-02
3.460000000000000000e+02 1.179936388281249346e-02
3.470000000000000000e+02 1.154691977812500291e-02
3.480000000000000000e+02 1.131366054695312137e-02
3.490000000000000000e+02 1.109984775156249749e-02
3.500000000000000000e+02 1.090546057187499751e-02
3.510000000000000000e+02 1.073017245937499947e-02
3.520000000000000000e+02 1.057342525312499754e-02
3.530000000000000000e+02 1.043441500000000070e-02
3.540000000000000000e+02 1.031198243749999882e-02
3.550000000000000000e+02 1.020468541406249763e-02
3.560000000000000000e+02 1.011078888281250789e-02
3.570000000000000000e+02 1.002820296875000204e-02
3.580000000000000000e+02 9.954730468749997327e-03
3.590000000000000000e+02 9.887849140624998395e-03
3.600000000000000000e+02 9.825043671875003867e-03
3.610000000000000000e+02 9.763615624999995996e-03
3.620000000000000000e+02 9.700968671874995661e-03
3.630000000000000000e+02 9.634634765624996988e-03
3.640000000000000000e+02 9.562389375000002537e-03
3.650000000000000000e+02 9.482261953124999573e-03
3.660000000000000000e+02 9.392660312499998693e-03
3.670000000000000000e+02 9.292480078125003526e-03
3.680000000000000000e+02 9.180931640624999043e-03
3.690000000000000000e+02 9.057815625000003451e-03
3.700000000000000000e+02 8.923296874999996769e-03
3.710000000000000000e+02 8.777976093749997183e-03
3.720000000000000000e+02 8.622824296875003167e-03
3.730000000000000000e+02 8.459104531249997394e-03
3.740000000000000000e+02 8.288309296875002660e-03
3.750000000000000000e+02 8.112192031250003293e-03
3.760000000000000000e+02 7.932561796874995977e-03
3.770000000000000000e+02 7.751293984375001028e-03
3.780000000000000000e+02 7.570279609374998449e-03
3.790000000000000000e+02 7.391354296875002165e-03
3.800000000000000000e+02 7.216271406250003052e-03
3.810000000000000000e+02 7.046700624999997428e-03
3.820000000000000000e+02 6.884111328124997708e-03
3.830000000000000000e+02 6.729781953124995379e-03
3.840000000000000000e+02 6.584837265625001664e-03
3.850000000000000000e+02 6.450187890624998685e-03
3.860000000000000000e+02 6.326340937499999248e-03
3.870000000000000000e+02 6.213690234375002057e-03
3.880000000000000000e+02 6.112053281249998221e-03
3.890000000000000000e+02 6.021055937500001225e-03
3.900000000000000000e+02 5.939900156250001347e-03
3.910000000000000000e+02 5.867318281250004028e-03
3.920000000000000000e+02 5.801838203125001328e-03
3.930000000000000000e+02 5.741576093750000789e-03
3.940000000000000000e+02 5.684416718750000784e-03
3.950000000000000000e+02 5.628283421875003231e-03
3.960000000000000000e+02 5.570988882812502596e-03
3.970000000000000000e+02 5.510527187500001076e-03
3.980000000000000000e+02 5.445232053906253096e-03
3.990000000000000000e+02 5.373663359374999254e-03
4.000000000000000000e+02 5.294970562499998375e-03
4.010000000000000000e+02 5.208521828125005013e-03
4.020000000000000000e+02 5.114441859374996464e-03
4.030000000000000000e+02 5.013103242187501481e-03
4.040000000000000000e+02 4.905351906249999158e-03
4.050000000000000000e+02 4.792339320312504446e-03
4.060000000000000000e+02 4.675530830937500888e-03
4.070000000000000000e+02 4.556551789062498331e-03
4.080000000000000000e+02 4.437093867187496751e-03
4.090000000000000000e+02 4.319038460937497242e-03
4.100000000000000000e+02 4.204106530468748777e-03
4.110000000000000000e+02 4.094086318749999738e-03
4.120000000000000000e+02 3.990618613593750925e-03
4.130000000000000000e+02 3.895194676484374421e-03
4.140000000000000000e+02 3.809164560156249376e-03
4.150000000000000000e+02 3.733522029687498089e-03
4.160000000000000000e+02 3.668935898437499649e-03
4.170000000000000000e+02 3.615567281250000372e-03
4.180000000000000000e+02 3.573043195312500253e-03
4.190000000000000000e+02 3.540294328125000514e-03
4.200000000000000000e+02 3.515667421874999875e-03
4.210000000000000000e+02 3.496866250000000686e-03
4.220000000000000000e+02 3.481164531249998986e-03
4.230000000000000000e+02 3.465634921875000371e-03
4.240000000000000000e+02 3.447234171874999017e-03
4.250000000000000000e+02 3.423268117187497697e-03
4.260000000000000000e+02 3.391516537499999605e-03
4.270000000000000000e+02 3.350446714843748411e-03
4.280000000000000000e+02 3.299372914062499804e-03
4.290000000000000000e+02 3.238431561796875028e-03
4.300000000000000000e+02 3.168640242187498700e-03
4.310000000000000000e+02 3.091708414062501169e-03
4.320000000000000000e+02 3.009926249999999876e-03
4.330000000000000000e+02 2.925975343750000617e-03
4.340000000000000000e+02 2.842671382812500622e-03
4.350000000000000000e+02 2.762773828124998748e-03
4.360000000000000000e+02 2.688772890625001129e-03
4.370000000000000000e+02 2.622732578125000144e-03
4.380000000000000000e+02 2.566194453125001003e-03
4.390000000000000000e+02 2.520199296874999287e-03
4.400000000000000000e+02 2.485303906250000295e-03
4.410000000000000000e+02 2.461737812500000306e-03
4.420000000000000000e+02 2.449503156249999928e-03
4.430000000000000000e+02 2.448537132812502078e-03
4.440000000000000000e+02 2.458776625000000295e-03
4.450000000000000000e+02 2.480146281249998464e-03
4.460000000000000000e+02 2.512552210937499166e-03
4.470000000000000000e+02 2.555720339843750837e-03
4.480000000000000000e+02 2.609029013515625807e-03
4.490000000000000000e+02 2.671328863281249161e-03
4.500000000000000000e+02 2.740751553906250765e-03
4.510000000000000000e+02 2.814607070312501267e-03
4.520000000000000000e+02 2.889449609375000644e-03
4.530000000000000000e+02 2.961269284374999124e-03
4.540000000000000000e+02 3.026008196875000413e-03
4.550000000000000000e+02 3.080090820312499089e-03
4.560000000000000000e+02 3.121090221093747886e-03
4.570000000000000000e+02 3.148280281249998813e-03
4.580000000000000000e+02 3.162966404687499351e-03
4.590000000000000000e+02 3.168413489218749844e-03
4.600000000000000000e+02 3.169469203125002341e-03
4.610000000000000000e+02 3.171856890624999339e-03
4.620000000000000000e+02 3.181294460937500717e-03
4.630000000000000000e+02 3.202596796875001577e-03
4.640000000000000000e+02 3.238963984375000434e-03
4.650000000000000000e+02 3.291625390624999641e-03
4.660000000000000000e+02 3.359847210937499246e-03
4.670000000000000000e+02 3.441287171874998514e-03
4.680000000000000000e+02 3.532512273437501179e-03
4.690000000000000000e+02 3.629745015624999752e-03
4.700000000000000000e+02 3.729357648437499860e-03
4.710000000000000000e+02 3.828149023437500947e-03
4.720000000000000000e+02 3.923435234374998866e-03
4.730000000000000000e+02 4.012705359375002070e-03
4.740000000000000000e+02 4.093223495312500217e-03
4.750000000000000000e+02 4.161496578124999901e-03
4.760000000000000000e+02 4.213023101562500365e-03
4.770000000000000000e+02 4.242167023437500885e-03
4.780000000000000000e+02 4.242593730468749089e-03
4.790000000000000000e+02 4.207890257812500236e-03
4.800000000000000000e+02 4.132485453124998438e-03
4.810000000000000000e+02 4.012744648437501123e-03
4.820000000000000000e+02 3.848026416406248509e-03
4.830000000000000000e+02 3.641792755468749223e-03
4.840000000000000000e+02 3.402267265624999478e-03
4.850000000000000000e+02 3.142614187500000072e-03
4.860000000000000000e+02 2.880461906250000783e-03
4.870000000000000000e+02 2.636523098437500764e-03
4.880000000000000000e+02 2.432719644531249840e-03
4.890000000000000000e+02 2.289707344531250084e-03
4.900000000000000000e+02 2.224635597656250425e-03
4.910000000000000000e+02 2.248937851562498366e-03
4.920000000000000000e+02 2.366728375000000904e-03
4.930000000000000000e+02 2.573540624999999700e-03
4.940000000000000000e+02 2.855836397656250428e-03
4.950000000000000000e+02 3.191321914062501472e-03
4.960000000000000000e+02 3.550659593750000401e-03
4.970000000000000000e+02 3.900874523437498995e-03
4.980000000000000000e+02 4.210630562500002234e-03
4.990000000000000000e+02 4.456791664062499311e-03
5.000000000000000000e+02 4.630813546875000263e-03
5.010000000000000000e+02 4.742625406250000966e-03
5.020000000000000000e+02 4.821513437500000998e-03
5.030000000000000000e+02 4.912030156249998572e-03
5.040000000000000000e+02 5.066496203124997919e-03
5.050000000000000000e+02 5.334484875000001722e-03
5.060000000000000000e+02 5.750866781250001634e-03
5.070000000000000000e+02 6.325353617187498730e-03
5.080000000000000000e+02 7.039792570468750808e-03
5.090000000000000000e+02 7.866869906250000682e-03
5.100000000000000000e+02 8.833891906249996887e-03
5.110000000000000000e+02 1.017188176718750170e-02
