0.000000000000000000e+00 5.976755375000000065e-03
1.000000000000000000e+00 5.956940476562501245e-03
2.000000000000000000e+00 5.917465890624999322e-03
3.000000000000000000e+00 5.858684023437498757e-03
4.000000000000000000e+00 5.781079195312498545e-03
5.000000000000000000e+00 5.685345929687497628e-03
6.000000000000000000e+00 5.572315195312497506e-03
7.000000000000000000e+00 5.442921343749999689e-03
8.000000000000000000e+00 5.298261992187501719e-03
9.000000000000000000e+00 5.139572656250003362e-03
1.000000000000000000e+01 4.968166953124999487e-03
1.100000000000000000e+01 4.785453125000001945e-03
1.200000000000000000e+01 4.592936328124998246e-03
1.300000000000000000e+01 4.392171249999999270e-03
1.400000000000000000e+01 4.184761171874999859e-03
1.500000000000000000e+01 3.972344921875002599e-03
1.600000000000000000e+01 3.756587265624999027e-03
1.700000000000000000e+01 3.539134921874999718e-03
1.800000000000000000e+01 3.321640468749998722e-03
1.900000000000000000e+01 3.105727656250000489e-03
2.000000000000000000e+01 2.892985781249998983e-03
2.100000000000000000e+01 2.684929890624999493e-03
2.200000000000000000e+01 2.483062085937499594e-03
2.300000000000000000e+01 2.288765359374999274e-03
2.400000000000000000e+01 2.103370007812499585e-03
2.500000000000000000e+01 1.928110648437500766e-03
2.600000000000000000e+01 1.764138433593749177e-03
2.700000000000000000e+01 1.612480091406249443e-03
2.800000000000000000e+01 1.474087489843749774e-03
2.900000000000000000e+01 1.349776813523437431e-03
3.000000000000000000e+01 1.240269574218748729e-03
3.100000000000000000e+01 1.146167232031250136e-03
3.200000000000000000e+01 1.067966251171874586e-03
3.300000000000000000e+01 1.006031950781250068e-03
3.400000000000000000e+01 9.606284601562499557e-04
3.500000000000000000e+01 9.319008929687498796e-04
3.600000000000000000e+01 9.198823437500001574e-04
3.700000000000000000e+01 9.245019453125001433e-04
3.800000000000000000e+01 9.455810156250002343e-04
3.900000000000000000e+01 9.828294609374999252e-04
4.000000000000000000e+01 1.035861718749999955e-03
4.100000000000000000e+01 1.104204271093749785e-03
4.200000000000000000e+01 1.187276651562499613e-03
4.300000000000000000e+01 1.284426499999999924e-03
4.400000000000000000e+01 1.394902328124999558e-03
4.500000000000000000e+01 1.517889171875000040e-03
4.600000000000000000e+01 1.652485468750001033e-03
4.700000000000000000e+01 1.797721718750000660e-03
4.800000000000000000e+01 1.952581640625000855e-03
4.900000000000000000e+01 2.115973046875000568e-03
5.000000000000000000e+01 2.286761828125000867e-03
5.100000000000000000e+01 2.463762500000001455e-03
5.200000000000000000e+01 2.645752874999999886e-03
5.300000000000000000e+01 2.831488546874999773e-03
5.400000000000000000e+01 3.019668966015625223e-03
5.500000000000000000e+01 3.209013670312501395e-03
5.600000000000000000e+01 3.398217062500000218e-03
5.700000000000000000e+01 3.585953724999998635e-03
5.800000000000000000e+01 3.770950358593749656e-03
5.900000000000000000e+01 3.951897003929686659e-03
6.000000000000000000e+01 4.127549115625000348e-03
6.100000000000000000e+01 4.296718437500000355e-03
6.200000000000000000e+01 4.458180789062499323e-03
6.300000000000000000e+01 4.610839414062499822e-03
6.400000000000000000e+01 4.753680726562502581e-03
6.500000000000000000e+01 4.885701804687499032e-03
6.600000000000000000e+01 5.006058437499998764e-03
6.700000000000000000e+01 5.113952656250001123e-03
6.800000000000000000e+01 5.208751171874998788e-03
6.900000000000000000e+01 5.289892656250002288e-03
7.000000000000000000e+01 5.356943828124999425e-03
7.100000000000000000e+01 5.409623984374997002e-03
7.200000000000000000e+01 5.447825843750001180e-03
7.300000000000000000e+01 5.471473664062500436e-03
7.400000000000000000e+01 5.480750585937502889e-03
7.500000000000000000e+01 5.475923557031254184e-03
7.600000000000000000e+01 5.457438304687504613e-03
7.700000000000000000e+01 5.425845296874998863e-03
7.800000000000000000e+01 5.381872460937501060e-03
7.900000000000000000e+01 5.326379765624999173e-03
8.000000000000000000e+01 5.260289999999997329e-03
8.100000000000000000e+01 5.184682109375001596e-03
8.200000000000000000e+01 5.100748281249997684e-03
8.300000000000000000e+01 5.009735781249999124e-03
8.400000000000000000e+01 4.912958593749999943e-03
8.500000000000000000e+01 4.811780625000000415e-03
8.600000000000000000e+01 4.707634687500001844e-03
8.700000000000000000e+01 4.601884453125001592e-03
8.800000000000000000e+01 4.495961328124999969e-03
8.900000000000000000e+01 4.391233906250001720e-03
9.000000000000000000e+01 4.289022968750000331e-03
9.100000000000000000e+01 4.190569062499999858e-03
9.200000000000000000e+01 4.097038867187499656e-03
9.300000000000000000e+01 4.009461499999999491e-03
9.400000000000000000e+01 3.928771242187500262e-03
9.500000000000000000e+01 3.855738483671875168e-03
9.600000000000000000e+01 3.791014653749999984e-03
9.700000000000000000e+01 3.735051632812500834e-03
9.800000000000000000e+01 3.688171624999999742e-03
9.900000000000000000e+01 3.650526289062499923e-03
1.000000000000000000e+02 3.622084578125000804e-03
1.010000000000000000e+02 3.602652062499999558e-03
1.020000000000000000e+02 3.591962312499999161e-03
1.030000000000000000e+02 3.589438601562499817e-03
1.040000000000000000e+02 3.594556304687500543e-03
1.050000000000000000e+02 3.606600476562501004e-03
1.060000000000000000e+02 3.624782289062499635e-03
1.070000000000000000e+02 3.648246949218750430e-03
1.080000000000000000e+02 3.676107703125000136e-03
1.090000000000000000e+02 3.707460015625000955e-03
1.100000000000000000e+02 3.741387460937500940e-03
1.110000000000000000e+02 3.777079679687500319e-03
1.120000000000000000e+02 3.813660859374999948e-03
1.130000000000000000e+02 3.850464140625000416e-03
1.140000000000000000e+02 3.886836171874997158e-03
1.150000000000000000e+02 3.922239921875000923e-03
1.160000000000000000e+02 3.956302945312500235e-03
1.170000000000000000e+02 3.988761453124999717e-03
1.180000000000000000e+02 4.019492757812499761e-03
1.190000000000000000e+02 4.048526410156249450e-03
1.200000000000000000e+02 4.076000237656251211e-03
1.210000000000000000e+02 4.102207546874999354e-03
1.220000000000000000e+02 4.127571624999999689e-03
1.230000000000000000e+02 4.152571554687501526e-03
1.240000000000000000e+02 4.177837404687499874e-03
1.250000000000000000e+02 4.203990128124999656e-03
1.260000000000000000e+02 4.231801538749998051e-03
1.270000000000000000e+02 4.261933379687500925e-03
1.280000000000000000e+02 4.295154010937500717e-03
1.290000000000000000e+02 4.332161181249999556e-03
1.300000000000000000e+02 4.373612477265626138e-03
1.310000000000000000e+02 4.420128135234373777e-03
1.320000000000000000e+02 4.472164008671874677e-03
1.330000000000000000e+02 4.530155103906249175e-03
1.340000000000000000e+02 4.594369445312499606e-03
1.350000000000000000e+02 4.664937281249999929e-03
1.360000000000000000e+02 4.741939531250000291e-03
1.370000000000000000e+02 4.825182656249999563e-03
1.380000000000000000e+02 4.914442031249998885e-03
1.390000000000000000e+02 5.009311640624999895e-03
1.400000000000000000e+02 5.109245234375000416e-03
1.410000000000000000e+02 5.213568828124996550e-03
1.420000000000000000e+02 5.321525390624997319e-03
1.430000000000000000e+02 5.432266249999997965e-03
1.440000000000000000e+02 5.544744296874997563e-03
1.450000000000000000e+02 5.657985859375001640e-03
1.460000000000000000e+02 5.770873593749997234e-03
1.470000000000000000e+02 5.882239218750000796e-03
1.480000000000000000e+02 5.990996859374997548e-03
1.490000000000000000e+02 6.095893749999997668e-03
1.500000000000000000e+02 6.195895226562501273e-03
1.510000000000000000e+02 6.289716398437499890e-03
1.520000000000000000e+02 6.376370914062498563e-03
1.530000000000000000e+02 6.454784624999996938e-03
1.540000000000000000e+02 6.523996057812498500e-03
1.550000000000000000e+02 6.583075273437496468e-03
1.560000000000000000e+02 6.631222406250001505e-03
1.570000000000000000e+02 6.667761483593749594e-03
1.580000000000000000e+02 6.692082152343749833e-03
1.590000000000000000e+02 6.703724483593750429e-03
1.600000000000000000e+02 6.702323312499998582e-03
1.610000000000000000e+02 6.687740148437500316e-03
1.620000000000000000e+02 6.659917937499999947e-03
1.630000000000000000e+02 6.618988046875001405e-03
1.640000000000000000e+02 6.565278671874999125e-03
1.650000000000000000e+02 6.499199656249999429e-03
1.660000000000000000e+02 6.421497279687502294e-03
1.670000000000000000e+02 6.332929709375000743e-03
1.680000000000000000e+02 6.234553921640626113e-03
1.690000000000000000e+02 6.127628794531251970e-03
1.700000000000000000e+02 6.013482664843749180e-03
1.710000000000000000e+02 5.893688027343752488e-03
1.720000000000000000e+02 5.769971281250002061e-03
1.730000000000000000e+02 5.644152882812498821e-03
1.740000000000000000e+02 5.518271984374998121e-03
1.750000000000000000e+02 5.394315546875000367e-03
1.760000000000000000e+02 5.274495898437501183e-03
1.770000000000000000e+02 5.160954617187499607e-03
1.780000000000000000e+02 5.055900679687501051e-03
1.790000000000000000e+02 4.961487265624999095e-03
1.800000000000000000e+02 4.879824507812500871e-03
1.810000000000000000e+02 4.812915968750000432e-03
1.820000000000000000e+02 4.762627578124999442e-03
1.830000000000000000e+02 4.730639687499998795e-03
1.840000000000000000e+02 4.718449164062498390e-03
1.850000000000000000e+02 4.727267750000000747e-03
1.860000000000000000e+02 4.758119517968750246e-03
1.870000000000000000e+02 4.811652765624999627e-03
1.880000000000000000e+02 4.888223359375000812e-03
1.890000000000000000e+02 4.987889999999999165e-03
1.900000000000000000e+02 5.110364218749999070e-03
1.910000000000000000e+02 5.254955203124999849e-03
1.920000000000000000e+02 5.420755320312500673e-03
1.930000000000000000e+02 5.606446507812498821e-03
1.940000000000000000e+02 5.810442734374999044e-03
1.950000000000000000e+02 6.030793281460937461e-03
1.960000000000000000e+02 6.265473847656251316e-03
1.970000000000000000e+02 6.512069560937500980e-03
1.980000000000000000e+02 6.768073914062502222e-03
1.990000000000000000e+02 7.030840960937501452e-03
2.000000000000000000e+02 7.297626734374999813e-03
2.010000000000000000e+02 7.565613882812498130e-03
2.020000000000000000e+02 7.832129468749997325e-03
2.030000000000000000e+02 8.094353374999998380e-03
2.040000000000000000e+02 8.349765984374998493e-03
2.050000000000000000e+02 8.595914617187495194e-03
2.060000000000000000e+02 8.830566921874997977e-03
2.070000000000000000e+02 9.051738062499998377e-03
2.080000000000000000e+02 9.257687570312495701e-03
2.090000000000000000e+02 9.446956164062502576e-03
2.100000000000000000e+02 9.618481062499999873e-03
2.110000000000000000e+02 9.771437656250001394e-03
2.120000000000000000e+02 9.905372187500004200e-03
2.130000000000000000e+02 1.002024531250000385e-02
2.140000000000000000e+02 1.011622070312499615e-02
2.150000000000000000e+02 1.019386968750000261e-02
2.160000000000000000e+02 1.025399328125000016e-02
2.170000000000000000e+02 1.029770421875000203e-02
2.180000000000000000e+02 1.032632101562500418e-02
2.190000000000000000e+02 1.034138790625000436e-02
2.200000000000000000e+02 1.034461521093750329e-02
2.210000000000000000e+02 1.033779806250000217e-02
2.220000000000000000e+02 1.032289266406249094e-02
2.230000000000000000e+02 1.030180569531250270e-02
2.240000000000000000e+02 1.027651890625000397e-02
2.250000000000000000e+02 1.024892134374999660e-02
2.260000000000000000e+02 1.022085098281249986e-02
2.270000000000000000e+02 1.019411449140624794e-02
2.280000000000000000e+02 1.017032234531250155e-02
2.290000000000000000e+02 1.015087707265625340e-02
2.300000000000000000e+02 1.013713538906250294e-02
2.310000000000000000e+02 1.013014885937500546e-02
2.320000000000000000e+02 1.013086759687500255e-02
2.330000000000000000e+02 1.013989887187499890e-02
2.340000000000000000e+02 1.015782158203125049e-02
2.350000000000000000e+02 1.018477454259374658e-02
2.360000000000000000e+02 1.022091086015624976e-02
2.370000000000000000e+02 1.026600255468749882e-02
2.380000000000000000e+02 1.031967866406250170e-02
2.390000000000000000e+02 1.038145822656249238e-02
2.400000000000000000e+02 1.045059414062500351e-02
2.410000000000000000e+02 1.052620939062500101e-02
2.420000000000000000e+02 1.060733374218750420e-02
2.430000000000000000e+02 1.069282074999999485e-02
2.440000000000000000e+02 1.078154406249999357e-02
2.450000000000000000e+02 1.087217304687499234e-02
2.460000000000000000e+02 1.096349093750000232e-02
2.470000000000000000e+02 1.105422749999999781e-02
2.480000000000000000e+02 1.114309335937499826e-02
2.490000000000000000e+02 1.122887742187499496e-02
2.500000000000000000e+02 1.131049218750000175e-02
2.510000000000000000e+02 1.138701039062499712e-02
2.520000000000000000e+02 1.145749812499999992e-02
2.530000000000000000e+02 1.152128398437499493e-02
2.540000000000000000e+02 1.157790429687499852e-02
2.550000000000000000e+02 1.162702101562500083e-02
2.560000000000000000e+02 1.166845585937500464e-02
2.570000000000000000e+02 1.170246984374998835e-02
2.580000000000000000e+02 1.172926976562500140e-02
2.590000000000000000e+02 1.174946757812500228e-02
2.600000000000000000e+02 1.176373296875000279e-02
2.610000000000000000e+02 1.177307937499999860e-02
2.620000000000000000e+02 1.177852937500000266e-02
2.630000000000000000e+02 1.178139281249999427e-02
2.640000000000000000e+02 1.178311531250000183e-02
2.650000000000000000e+02 1.178506335937499518e-02
2.660000000000000000e+02 1.178898437500000562e-02
2.670000000000000000e+02 1.179647929687500062e-02
2.680000000000000000e+02 1.180921273437499433e-02
2.690000000000000000e+02 1.182887234375000138e-02
2.700000000000000000e+02 1.185704773437499734e-02
2.710000000000000000e+02 1.189527828125000117e-02
2.720000000000000000e+02 1.194506945312499846e-02
2.730000000000000000e+02 1.200773609374999711e-02
2.740000000000000000e+02 1.208433874999999963e-02
2.750000000000000000e+02 1.217592335937500193e-02
2.760000000000000000e+02 1.228329210937499465e-02
2.770000000000000000e+02 1.240680312499999570e-02
2.780000000000000000e+02 1.254692187499999861e-02
2.790000000000000000e+02 1.270374843749999712e-02
2.800000000000000000e+02 1.287709296874999833e-02
2.810000000000000000e+02 1.306657187500000379e-02
2.820000000000000000e+02 1.327155859375000156e-02
2.830000000000000000e+02 1.349140312499999897e-02
2.840000000000000000e+02 1.372500078124999461e-02
2.850000000000000000e+02 1.397112656249999661e-02
2.860000000000000000e+02 1.422838906250000097e-02
2.870000000000000000e+02 1.449528593750000656e-02
2.880000000000000000e+02 1.476996015624999943e-02
2.890000000000000000e+02 1.505042890625000671e-02
2.900000000000000000e+02 1.533468671874999023e-02
2.910000000000000000e+02 1.562038437500000085e-02
2.920000000000000000e+02 1.590515937500000185e-02
2.930000000000000000e+02 1.618649531250000370e-02
2.940000000000000000e+02 1.646189765625000190e-02
2.950000000000000000e+02 1.672885781249999759e-02
2.960000000000000000e+02 1.698490468749999649e-02
2.970000000000000000e+02 1.722767109375000424e-02
2.980000000000000000e+02 1.745489687499999013e-02
2.990000000000000000e+02 1.766469921875001015e-02
3.000000000000000000e+02 1.785531171875000614e-02
3.010000000000000000e+02 1.802521250000000200e-02
3.020000000000000000e+02 1.817330156249999731e-02
3.030000000000000000e+02 1.829858984375000094e-02
3.040000000000000000e+02 1.840058656249999799e-02
3.050000000000000000e+02 1.847890726562500044e-02
3.060000000000000000e+02 1.853341828124999494e-02
3.070000000000000000e+02 1.856431500000000137e-02
3.080000000000000000e+02 1.857182890625000068e-02
3.090000000000000000e+02 1.855656406250000973e-02
3.100000000000000000e+02 1.851916507812501056e-02
3.110000000000000000e+02 1.846041562500000746e-02
3.120000000000000000e+02 1.838133031249999244e-02
3.130000000000000000e+02 1.828298243750000468e-02
3.140000000000000000e+02 1.816673864062500615e-02
3.150000000000000000e+02 1.803394451562499723e-02
3.160000000000000000e+02 1.788616675781251608e-02
3.170000000000000000e+02 1.772501583593749652e-02
3.180000000000000000e+02 1.755212982031249119e-02
3.190000000000000000e+02 1.736927638281249645e-02
3.200000000000000000e+02 1.717808018750001386e-02
3.210000000000000000e+02 1.698025856796875344e-02
3.220000000000000000e+02 1.677723591640625442e-02
3.230000000000000000e+02 1.657041482890625125e-02
3.240000000000000000e+02 1.636111519609375828e-02
3.250000000000000000e+02 1.615026444218749246e-02
3.260000000000000000e+02 1.593873482812500214e-02
3.270000000000000000e+02 1.572714376640624995e-02
3.280000000000000000e+02 1.551591656562499588e-02
3.290000000000000000e+02 1.530532535937499314e-02
3.300000000000000000e+02 1.509546920937499676e-02
3.310000000000000000e+02 1.488626730468749736e-02
3.320000000000000000e+02 1.467767010937499547e-02
3.330000000000000000e+02 1.446938892187499791e-02
3.340000000000000000e+02 1.426126821874999784e-02
3.350000000000000000e+02 1.405305756249999871e-02
3.360000000000000000e+02 1.384458351718750695e-02
3.370000000000000000e+02 1.363558914609375693e-02
3.380000000000000000e+02 1.342608032734374061e-02
3.390000000000000000e+02 1.321596302421874924e-02
3.400000000000000000e+02 1.300530332812499176e-02
3.410000000000000000e+02 1.279418564843750640e-02
3.420000000000000000e+02 1.258275976328124962e-02
3.430000000000000000e+02 1.237130645312499444e-02
3.440000000000000000e+02 1.216011324218749939e-02
3.450000000000000000e+02 1.194936416640624346e-02
3.460000000000000000e+02 1.173940457031249877e-02
3.470000000000000000e+02 1.153043895312500476e-02
3.480000000000000000e+02 1.132268513281250132e-02
3.490000000000000000e+02 1.111604456250000345e-02
3.500000000000000000e+02 1.091055097656250944e-02
3.510000000000000000e+02 1.070595945312500206e-02
3.520000000000000000e+02 1.050190304687499861e-02
3.530000000000000000e+02 1.029778609374999536e-02
3.540000000000000000e+02 1.009302671875000890e-02
3.550000000000000000e+02 9.886960390624992615e-03
3.560000000000000000e+02 9.678815468749995751e-03
3.570000000000000000e+02 9.468060234375000675e-03
3.580000000000000000e+02 9.254296250000010673e-03
3.590000000000000000e+02 9.037315937499998397e-03
3.600000000000000000e+02 8.817317812499994231e-03
3.610000000000000000e+02 8.594782734375005714e-03
3.620000000000000000e+02 8.370634296874995134e-03
3.630000000000000000e+02 8.146166406250005682e-03
3.640000000000000000e+02 7.923097656250000995e-03
3.650000000000000000e+02 7.703461718750003080e-03
3.660000000000000000e+02 7.489566406249995034e-03
3.670000000000000000e+02 7.283978749999999586e-03
3.680000000000000000e+02 7.089384921875003208e-03
3.690000000000000000e+02 6.908621874999998878e-03
3.700000000000000000e+02 6.744458125000002587e-03
3.710000000000000000e+02 6.599596796874995785e-03
3.720000000000000000e+02 6.476525468750003560e-03
3.730000000000000000e+02 6.377509062499999055e-03
3.740000000000000000e+02 6.304447031249998598e-03
3.750000000000000000e+02 6.258824609374995414e-03
3.760000000000000000e+02 6.241707265625000278e-03
3.770000000000000000e+02 6.253463906250003763e-03
3.780000000000000000e+02 6.294106328125002696e-03
3.790000000000000000e+02 6.362961250000000180e-03
3.800000000000000000e+02 6.458848203125001734e-03
3.810000000000000000e+02 6.579975859374999174e-03
3.820000000000000000e+02 6.723970937500002229e-03
3.830000000000000000e+02 6.887918382812504604e-03
3.840000000000000000e+02 7.068325234374999745e-03
3.850000000000000000e+02 7.261156335937500421e-03
3.860000000000000000e+02 7.461869478906247438e-03
3.870000000000000000e+02 7.665430181093751960e-03
3.880000000000000000e+02 7.866482097656250436e-03
3.890000000000000000e+02 8.059387280468750109e-03
3.900000000000000000e+02 8.238443871874992150e-03
3.910000000000000000e+02 8.398082895312500643e-03
3.920000000000000000e+02 8.532990281249994494e-03
3.930000000000000000e+02 8.638477023437493574e-03
3.940000000000000000e+02 8.710470499999992469e-03
3.950000000000000000e+02 8.745764044531249837e-03
3.960000000000000000e+02 8.742002658984377936e-03
3.970000000000000000e+02 8.698000900781247338e-03
3.980000000000000000e+02 8.613377611718747023e-03
3.990000000000000000e+02 8.488921703124997428e-03
4.000000000000000000e+02 8.326073164062496035e-03
4.010000000000000000e+02 8.127262027343751943e-03
4.020000000000000000e+02 7.895643721093748013e-03
4.030000000000000000e+02 7.634948257812500423e-03
4.040000000000000000e+02 7.349370890625006071e-03
4.050000000000000000e+02 7.043526890624996969e-03
4.060000000000000000e+02 6.722233546875005551e-03
4.070000000000000000e+02 6.390649484375000161e-03
4.080000000000000000e+02 6.053883664062501523e-03
4.090000000000000000e+02 5.717304515624999604e-03
4.100000000000000000e+02 5.386210624999999454e-03
4.110000000000000000e+02 5.065659992187497226e-03
4.120000000000000000e+02 4.760621179687498858e-03
4.130000000000000000e+02 4.475443898437498833e-03
4.140000000000000000e+02 4.213883270312496210e-03
4.150000000000000000e+02 3.978680359375002043e-03
4.160000000000000000e+02 3.771621234375001352e-03
4.170000000000000000e+02 3.593324109375001414e-03
4.180000000000000000e+02 3.443247960937499685e-03
4.190000000000000000e+02 3.319874296875001147e-03
4.200000000000000000e+02 3.220886953124999126e-03
4.210000000000000000e+02 3.143445828124999050e-03
4.220000000000000000e+02 3.084432346328123530e-03
4.230000000000000000e+02 3.040744539062499238e-03
4.240000000000000000e+02 3.009504828124999216e-03
4.250000000000000000e+02 2.988191796874998998e-03
4.260000000000000000e+02 2.974797265624999805e-03
4.270000000000000000e+02 2.967798046874998031e-03
4.280000000000000000e+02 2.966200546875000146e-03
4.290000000000000000e+02 2.969434843749999518e-03
4.300000000000000000e+02 2.977244296874999828e-03
4.310000000000000000e+02 2.989559218749999591e-03
4.320000000000000000e+02 3.006333984375000271e-03
4.330000000000000000e+02 3.027403203124999585e-03
4.340000000000000000e+02 3.052392968750000917e-03
4.350000000000000000e+02 3.080679218749999681e-03
4.360000000000000000e+02 3.111467109375000081e-03
4.370000000000000000e+02 3.143822734374999723e-03
4.380000000000000000e+02 3.176836484374999034e-03
4.390000000000000000e+02 3.209713437499999659e-03
4.400000000000000000e+02 3.241920078124998356e-03
4.410000000000000000e+02 3.273212273437499376e-03
4.420000000000000000e+02 3.303683039062499296e-03
4.430000000000000000e+02 3.333744718750000086e-03
4.440000000000000000e+02 3.364035476562500862e-03
4.450000000000000000e+02 3.395250335937500304e-03
4.460000000000000000e+02 3.428026031250001101e-03
4.470000000000000000e+02 3.462661117187501147e-03
4.480000000000000000e+02 3.498987273437499049e-03
4.490000000000000000e+02 3.536325882812501372e-03
4.500000000000000000e+02 3.573532656250000879e-03
4.510000000000000000e+02 3.609146203125000903e-03
4.520000000000000000e+02 3.641783937499999940e-03
4.530000000000000000e+02 3.670368507812500625e-03
4.540000000000000000e+02 3.694543828125001518e-03
4.550000000000000000e+02 3.714707656249999906e-03
4.560000000000000000e+02 3.731999648437499609e-03
4.570000000000000000e+02 3.748066874999999090e-03
4.580000000000000000e+02 3.764651484374999680e-03
4.590000000000000000e+02 3.783155624999999522e-03
4.600000000000000000e+02 3.804227421875000948e-03
4.610000000000000000e+02 3.827555156250000631e-03
4.620000000000000000e+02 3.851908593749999062e-03
4.630000000000000000e+02 3.875419609375000286e-03
4.640000000000000000e+02 3.896176093750000277e-03
4.650000000000000000e+02 3.912827812499998503e-03
4.660000000000000000e+02 3.925420859374999759e-03
4.670000000000000000e+02 3.935815078124999151e-03
4.680000000000000000e+02 3.947799375000000770e-03
4.690000000000000000e+02 3.966806171875000148e-03
4.700000000000000000e+02 3.998977499999999650e-03
4.710000000000000000e+02 4.049979062500000393e-03
4.720000000000000000e+02 4.123651406249999665e-03
4.730000000000000000e+02 4.220904687500000654e-03
4.740000000000000000e+02 4.338867031250000575e-03
4.750000000000000000e+02 4.470756562499999046e-03
4.760000000000000000e+02 4.605953750000000776e-03
4.770000000000000000e+02 4.730893203124999363e-03
4.780000000000000000e+02 4.830251640625001647e-03
4.790000000000000000e+02 4.888655000000000431e-03
4.800000000000000000e+02 4.892409531250000061e-03
4.810000000000000000e+02 4.831583281249998522e-03
4.820000000000000000e+02 4.701362421874999073e-03
4.830000000000000000e+02 4.503289999999999203e-03
4.840000000000000000e+02 4.245614765625000016e-03
4.850000000000000000e+02 3.943161820312499066e-03
4.860000000000000000e+02 3.616682234375000280e-03
4.870000000000000000e+02 3.291766859375000638e-03
4.880000000000000000e+02 2.997225226562500160e-03
4.890000000000000000e+02 2.762596531250000563e-03
4.900000000000000000e+02 2.615167307812500154e-03
4.910000000000000000e+02 2.575943048437500781e-03
4.920000000000000000e+02 2.655790437499999657e-03
4.930000000000000000e+02 2.852490507812500877e-03
4.940000000000000000e+02 3.149430085937499676e-03
4.950000000000000000e+02 3.516986046875001434e-03
4.960000000000000000e+02 3.916417390625001257e-03
4.970000000000000000e+02 4.305812164062501439e-03
4.980000000000000000e+02 4.646875874999998636e-03
4.990000000000000000e+02 4.911737500000001692e-03
5.000000000000000000e+02 5.088900781249999089e-03
5.010000000000000000e+02 5.187718359374999394e-03
5.020000000000000000e+02 5.240152609375000638e-03
5.030000000000000000e+02 5.298389023437500775e-03
5.040000000000000000e+02 5.426563895312500052e-03
5.050000000000000000e+02 5.686687781249998887e-03
5.060000000000000000e+02 6.120804325000000524e-03
5.070000000000000000e+02 6.734256343749999915e-03
5.080000000000000000e+02 7.488282460937498858e-03
5.090000000000000000e+02 8.312657890625003640e-03
5.100000000000000000e+02 9.161867578124998149e-03
5.110000000000000000e+02 1.015770187500000116e-02
