0.000000000000000000e+00 7.174781874999995937e-03
1.000000000000000000e+00 7.152920625000001517e-03
2.000000000000000000e+00 7.109434765625000444e-03
3.000000000000000000e+00 7.044630234374999085e-03
4.000000000000000000e+00 6.959081562500000345e-03
5.000000000000000000e+00 6.853486953125000579e-03
6.000000000000000000e+00 6.728758124999999549e-03
7.000000000000000000e+00 6.585908046875000969e-03
8.000000000000000000e+00 6.426104218749999208e-03
9.000000000000000000e+00 6.250699531250000773e-03
1.000000000000000000e+01 6.061048515625000466e-03
1.100000000000000000e+01 5.858710937499999119e-03
1.200000000000000000e+01 5.645249921875000569e-03
1.300000000000000000e+01 5.422361562500000245e-03
1.400000000000000000e+01 5.191772578124998275e-03
1.500000000000000000e+01 4.955200546874998294e-03
1.600000000000000000e+01 4.714430703124999553e-03
1.700000000000000000e+01 4.471225468749998565e-03
1.800000000000000000e+01 4.227345000000002143e-03
1.900000000000000000e+01 3.984510234375000445e-03
2.000000000000000000e+01 3.744395546874999033e-03
2.100000000000000000e+01 3.508636874999999846e-03
2.200000000000000000e+01 3.278788124999999429e-03
2.300000000000000000e+01 3.056331249999999673e-03
2.400000000000000000e+01 2.842657453124999064e-03
2.500000000000000000e+01 2.639070171875001081e-03
2.600000000000000000e+01 2.446759101562500337e-03
2.700000000000000000e+01 2.266815152343750178e-03
2.800000000000000000e+01 2.100215835937500105e-03
2.900000000000000000e+01 1.947820777343750196e-03
3.000000000000000000e+01 1.810373843359374194e-03
3.100000000000000000e+01 1.688494572890625366e-03
3.200000000000000000e+01 1.582694049218750327e-03
3.300000000000000000e+01 1.493351741406250379e-03
3.400000000000000000e+01 1.420751949999999719e-03
3.500000000000000000e+01 1.365024623437500898e-03
3.600000000000000000e+01 1.326221671875000120e-03
3.700000000000000000e+01 1.304287382812499910e-03
3.800000000000000000e+01 1.299029710937499782e-03
3.900000000000000000e+01 1.310182164062500361e-03
4.000000000000000000e+01 1.337373437500000628e-03
4.100000000000000000e+01 1.380129078124999430e-03
4.200000000000000000e+01 1.437911320312501183e-03
4.300000000000000000e+01 1.510081109375000083e-03
4.400000000000000000e+01 1.595923820312499745e-03
4.500000000000000000e+01 1.694651226562500458e-03
4.600000000000000000e+01 1.805408070312500713e-03
4.700000000000000000e+01 1.927288515624999820e-03
4.800000000000000000e+01 2.059304609375001063e-03
4.900000000000000000e+01 2.200427890624999556e-03
5.000000000000000000e+01 2.349595781249999484e-03
5.100000000000000000e+01 2.505681320312500536e-03
5.200000000000000000e+01 2.667528890625000138e-03
5.300000000000000000e+01 2.833958265624999997e-03
5.400000000000000000e+01 3.003759145312501124e-03
5.500000000000000000e+01 3.175701213281250691e-03
5.600000000000000000e+01 3.348546950781249726e-03
5.700000000000000000e+01 3.521063555468751782e-03
5.800000000000000000e+01 3.692004303203125400e-03
5.900000000000000000e+01 3.860146534375000042e-03
6.000000000000000000e+01 4.024298867187500565e-03
6.100000000000000000e+01 4.183245882812498817e-03
6.200000000000000000e+01 4.335906835937500259e-03
6.300000000000000000e+01 4.481180562500001845e-03
6.400000000000000000e+01 4.617999765624997664e-03
6.500000000000000000e+01 4.745510000000003129e-03
6.600000000000000000e+01 4.862694296875001883e-03
6.700000000000000000e+01 4.968886171874999959e-03
6.800000000000000000e+01 5.063353515625000634e-03
6.900000000000000000e+01 5.145495859374999911e-03
7.000000000000000000e+01 5.214839843750004519e-03
7.100000000000000000e+01 5.271079765624999726e-03
7.200000000000000000e+01 5.313951640624994810e-03
7.300000000000000000e+01 5.343426234375000389e-03
7.400000000000000000e+01 5.359489585937501042e-03
7.500000000000000000e+01 5.362375113984373977e-03
7.600000000000000000e+01 5.352413003906248898e-03
7.700000000000000000e+01 5.330052039062499816e-03
7.800000000000000000e+01 5.295886843750000940e-03
7.900000000000000000e+01 5.250697343749997567e-03
8.000000000000000000e+01 5.195288281249996545e-03
8.100000000000000000e+01 5.130664843749999614e-03
8.200000000000000000e+01 5.057864609375003172e-03
8.300000000000000000e+01 4.978067968750002174e-03
8.400000000000000000e+01 4.892478124999999518e-03
8.500000000000000000e+01 4.802421953124999358e-03
8.600000000000000000e+01 4.709187734374997540e-03
8.700000000000000000e+01 4.614120078125001460e-03
8.800000000000000000e+01 4.518578750000000130e-03
8.900000000000000000e+01 4.423826875000000901e-03
9.000000000000000000e+01 4.331160312499998666e-03
9.100000000000000000e+01 4.241811796874998125e-03
9.200000000000000000e+01 4.156851796875000483e-03
9.300000000000000000e+01 4.077317955468750567e-03
9.400000000000000000e+01 4.004056046953126044e-03
9.500000000000000000e+01 3.937888322656250308e-03
9.600000000000000000e+01 3.879363914062502160e-03
9.700000000000000000e+01 3.828987429687502001e-03
9.800000000000000000e+01 3.787002781250000272e-03
9.900000000000000000e+01 3.753580328125000112e-03
1.000000000000000000e+02 3.728650906249999109e-03
1.010000000000000000e+02 3.712032953125000891e-03
1.020000000000000000e+02 3.703390148437501854e-03
1.030000000000000000e+02 3.702275679687499522e-03
1.040000000000000000e+02 3.708077609374998973e-03
1.050000000000000000e+02 3.720130187500000213e-03
1.060000000000000000e+02 3.737670908593749945e-03
1.070000000000000000e+02 3.759878007812498830e-03
1.080000000000000000e+02 3.785926892968749079e-03
1.090000000000000000e+02 3.814969132812498498e-03
1.100000000000000000e+02 3.846181296875001310e-03
1.110000000000000000e+02 3.878783546874999943e-03
1.120000000000000000e+02 3.912076374999999377e-03
1.130000000000000000e+02 3.945406632812499710e-03
1.140000000000000000e+02 3.978329062500000901e-03
1.150000000000000000e+02 4.010371796874999568e-03
1.160000000000000000e+02 4.041309070312501354e-03
1.170000000000000000e+02 4.070993617187500940e-03
1.180000000000000000e+02 4.099416953124998889e-03
1.190000000000000000e+02 4.126715750000000023e-03
1.200000000000000000e+02 4.153169354999998973e-03
1.210000000000000000e+02 4.179126222656250229e-03
1.220000000000000000e+02 4.205084523437500367e-03
1.230000000000000000e+02 4.231576273437501721e-03
1.240000000000000000e+02 4.259289898437499181e-03
1.250000000000000000e+02 4.288863429687499521e-03
1.260000000000000000e+02 4.320954945312499400e-03
1.270000000000000000e+02 4.356305610156247995e-03
1.280000000000000000e+02 4.395529552968751100e-03
1.290000000000000000e+02 4.439258521093750361e-03
1.300000000000000000e+02 4.488057460937500999e-03
1.310000000000000000e+02 4.542328882812501911e-03
1.320000000000000000e+02 4.602447593749998782e-03
1.330000000000000000e+02 4.668661367187499321e-03
1.340000000000000000e+02 4.741015460937499440e-03
1.350000000000000000e+02 4.819551875000001318e-03
1.360000000000000000e+02 4.904018437500000209e-03
1.370000000000000000e+02 4.994168046875000627e-03
1.380000000000000000e+02 5.089510624999999885e-03
1.390000000000000000e+02 5.189534843750000410e-03
1.400000000000000000e+02 5.293495468750001112e-03
1.410000000000000000e+02 5.400606718750000125e-03
1.420000000000000000e+02 5.510020468749999775e-03
1.430000000000000000e+02 5.620742578125002484e-03
1.440000000000000000e+02 5.731761249999998281e-03
1.450000000000000000e+02 5.841978281249997525e-03
1.460000000000000000e+02 5.950316953125003167e-03
1.470000000000000000e+02 6.055637226562499663e-03
1.480000000000000000e+02 6.156843617187500277e-03
1.490000000000000000e+02 6.252811820312498964e-03
1.500000000000000000e+02 6.342512101562501267e-03
1.510000000000000000e+02 6.424898015624998758e-03
1.520000000000000000e+02 6.499015796875002964e-03
1.530000000000000000e+02 6.563928008593749967e-03
1.540000000000000000e+02 6.618844374999999398e-03
1.550000000000000000e+02 6.662978556250002612e-03
1.560000000000000000e+02 6.695683454687498606e-03
1.570000000000000000e+02 6.716499620953127365e-03
1.580000000000000000e+02 6.724924878124999977e-03
1.590000000000000000e+02 6.720659967187502318e-03
1.600000000000000000e+02 6.703524531249999488e-03
1.610000000000000000e+02 6.673537695312499636e-03
1.620000000000000000e+02 6.630774351562496866e-03
1.630000000000000000e+02 6.575502679687500289e-03
1.640000000000000000e+02 6.508184226562498988e-03
1.650000000000000000e+02 6.429374907031251175e-03
1.660000000000000000e+02 6.339943730468747783e-03
1.670000000000000000e+02 6.240734120312497329e-03
1.680000000000000000e+02 6.132915024999998667e-03
1.690000000000000000e+02 6.017787192968748755e-03
1.700000000000000000e+02 5.896802604687499325e-03
1.710000000000000000e+02 5.771603843750003175e-03
1.720000000000000000e+02 5.643920539062501421e-03
1.730000000000000000e+02 5.515663171875000853e-03
1.740000000000000000e+02 5.388825289062503833e-03
1.750000000000000000e+02 5.265475249999999365e-03
1.760000000000000000e+02 5.147743328125000892e-03
1.770000000000000000e+02 5.037789492187499073e-03
1.780000000000000000e+02 4.937747812499998848e-03
1.790000000000000000e+02 4.849680039062500073e-03
1.800000000000000000e+02 4.775634398437498228e-03
1.810000000000000000e+02 4.717475546875001501e-03
1.820000000000000000e+02 4.676912343750002504e-03
1.830000000000000000e+02 4.655490000000000843e-03
1.840000000000000000e+02 4.654480234374999345e-03
1.850000000000000000e+02 4.674945539062499295e-03
1.860000000000000000e+02 4.717573921250001710e-03
1.870000000000000000e+02 4.782889793750000861e-03
1.880000000000000000e+02 4.870933249999997300e-03
1.890000000000000000e+02 4.981493898437498041e-03
1.900000000000000000e+02 5.113984960937501684e-03
1.910000000000000000e+02 5.267515007812499303e-03
1.920000000000000000e+02 5.440895914062499582e-03
1.930000000000000000e+02 5.632512352734374804e-03
1.940000000000000000e+02 5.840577556250000496e-03
1.950000000000000000e+02 6.063003632031247619e-03
1.960000000000000000e+02 6.297485257812498148e-03
1.970000000000000000e+02 6.541524656249998737e-03
1.980000000000000000e+02 6.792544687500000691e-03
1.990000000000000000e+02 7.047833171874997617e-03
2.000000000000000000e+02 7.304694193749995679e-03
2.010000000000000000e+02 7.560348124999998788e-03
2.020000000000000000e+02 7.812204421874998153e-03
2.030000000000000000e+02 8.057718453125002969e-03
2.040000000000000000e+02 8.294583765624996899e-03
2.050000000000000000e+02 8.520618195312497714e-03
2.060000000000000000e+02 8.733844757812499540e-03
2.070000000000000000e+02 8.932748179687498291e-03
2.080000000000000000e+02 9.115952851562501152e-03
2.090000000000000000e+02 9.282371250000002669e-03
2.100000000000000000e+02 9.431411265625001816e-03
2.110000000000000000e+02 9.562641648437501807e-03
2.120000000000000000e+02 9.676122671874998887e-03
2.130000000000000000e+02 9.772005734374998587e-03
2.140000000000000000e+02 9.850962859374996078e-03
2.150000000000000000e+02 9.913800664062508497e-03
2.160000000000000000e+02 9.961615718749997073e-03
2.170000000000000000e+02 9.995745156250002844e-03
2.180000000000000000e+02 1.001758862499999882e-02
2.190000000000000000e+02 1.002887114843749837e-02
2.200000000000000000e+02 1.003124567968750186e-02
2.210000000000000000e+02 1.002648378124999795e-02
2.220000000000000000e+02 1.001639669140624508e-02
2.230000000000000000e+02 1.000279264296874415e-02
2.240000000000000000e+02 9.987420562499998294e-03
2.250000000000000000e+02 9.971915195312503616e-03
2.260000000000000000e+02 9.957862148437501490e-03
2.270000000000000000e+02 9.946648156250004896e-03
2.280000000000000000e+02 9.939593632812503826e-03
2.290000000000000000e+02 9.937789406250001345e-03
2.300000000000000000e+02 9.942129718750003162e-03
2.310000000000000000e+02 9.953347476562504278e-03
2.320000000000000000e+02 9.971993765624994135e-03
2.330000000000000000e+02 9.998323257812493509e-03
2.340000000000000000e+02 1.003250050781250013e-02
2.350000000000000000e+02 1.007441203906250110e-02
2.360000000000000000e+02 1.012376744843749947e-02
2.370000000000000000e+02 1.018010625781250872e-02
2.380000000000000000e+02 1.024282706250000639e-02
2.390000000000000000e+02 1.031101965625000165e-02
2.400000000000000000e+02 1.038387071875000039e-02
2.410000000000000000e+02 1.046023398437499578e-02
2.420000000000000000e+02 1.053898197656249341e-02
2.430000000000000000e+02 1.061883474218750650e-02
2.440000000000000000e+02 1.069860101562499638e-02
2.450000000000000000e+02 1.077697570312499339e-02
2.460000000000000000e+02 1.085265171875000184e-02
2.470000000000000000e+02 1.092441437499999321e-02
2.480000000000000000e+02 1.099116875000000042e-02
2.490000000000000000e+02 1.105169664062500591e-02
2.500000000000000000e+02 1.110529390625000778e-02
2.510000000000000000e+02 1.115110156250001018e-02
2.520000000000000000e+02 1.118856507812499880e-02
2.530000000000000000e+02 1.121731984375000726e-02
2.540000000000000000e+02 1.123722578125000045e-02
2.550000000000000000e+02 1.124827578125000248e-02
2.560000000000000000e+02 1.125081484374999656e-02
2.570000000000000000e+02 1.124533015625000035e-02
2.580000000000000000e+02 1.123249437500000412e-02
2.590000000000000000e+02 1.121333445312499774e-02
2.600000000000000000e+02 1.118887445312499902e-02
2.610000000000000000e+02 1.116044695312500001e-02
2.620000000000000000e+02 1.112950023437500081e-02
2.630000000000000000e+02 1.109758656250000620e-02
2.640000000000000000e+02 1.106635124999999845e-02
2.650000000000000000e+02 1.103765875000000014e-02
2.660000000000000000e+02 1.101314093750000410e-02
2.670000000000000000e+02 1.099466625000000176e-02
2.680000000000000000e+02 1.098398085937499734e-02
2.690000000000000000e+02 1.098282460937500225e-02
2.700000000000000000e+02 1.099272523437500385e-02
2.710000000000000000e+02 1.101526046874999956e-02
2.720000000000000000e+02 1.105172140625000285e-02
2.730000000000000000e+02 1.110324203124999839e-02
2.740000000000000000e+02 1.117078671875000248e-02
2.750000000000000000e+02 1.125513750000000160e-02
2.760000000000000000e+02 1.135670390625000137e-02
2.770000000000000000e+02 1.147584531250000345e-02
2.780000000000000000e+02 1.161256874999999633e-02
2.790000000000000000e+02 1.176666874999999883e-02
2.800000000000000000e+02 1.193766328125000012e-02
2.810000000000000000e+02 1.212504453125000381e-02
2.820000000000000000e+02 1.232791406249999187e-02
2.830000000000000000e+02 1.254521953124999693e-02
2.840000000000000000e+02 1.277572421875000468e-02
2.850000000000000000e+02 1.301817812499999824e-02
2.860000000000000000e+02 1.327078984375000201e-02
2.870000000000000000e+02 1.353202265625000171e-02
2.880000000000000000e+02 1.379986796874999727e-02
2.890000000000000000e+02 1.407239062500000026e-02
2.900000000000000000e+02 1.434732812500000114e-02
2.910000000000000000e+02 1.462254609375000097e-02
2.920000000000000000e+02 1.489565312499999995e-02
2.930000000000000000e+02 1.516436328125000087e-02
2.940000000000000000e+02 1.542640312499999472e-02
2.950000000000000000e+02 1.567940000000000306e-02
2.960000000000000000e+02 1.592128359375000191e-02
2.970000000000000000e+02 1.615015937499999360e-02
2.980000000000000000e+02 1.636418515625000236e-02
2.990000000000000000e+02 1.656194921875000711e-02
3.000000000000000000e+02 1.674213359375000335e-02
3.010000000000000000e+02 1.690388843750000383e-02
3.020000000000000000e+02 1.704638656250000509e-02
3.030000000000000000e+02 1.716920234374999521e-02
3.040000000000000000e+02 1.727218468749998695e-02
3.050000000000000000e+02 1.735531734375000967e-02
3.060000000000000000e+02 1.741866453125000963e-02
3.070000000000000000e+02 1.746281328125001350e-02
3.080000000000000000e+02 1.748807085937499270e-02
3.090000000000000000e+02 1.749511296875000052e-02
3.100000000000000000e+02 1.748476093749999627e-02
3.110000000000000000e+02 1.745768303906250138e-02
3.120000000000000000e+02 1.741500285156248953e-02
3.130000000000000000e+02 1.735773487500000961e-02
3.140000000000000000e+02 1.728695553125000547e-02
3.150000000000000000e+02 1.720396181796874160e-02
3.160000000000000000e+02 1.711000239140624685e-02
3.170000000000000000e+02 1.700628789062500271e-02
3.180000000000000000e+02 1.689424862031249988e-02
3.190000000000000000e+02 1.677488035937500441e-02
3.200000000000000000e+02 1.664951183593750550e-02
3.210000000000000000e+02 1.651909788281250013e-02
3.220000000000000000e+02 1.638448150000000603e-02
3.230000000000000000e+02 1.624631807812498829e-02
3.240000000000000000e+02 1.610516770312500623e-02
3.250000000000000000e+02 1.596118748437500706e-02
3.260000000000000000e+02 1.581455278906250539e-02
3.270000000000000000e+02 1.566501453906250785e-02
3.280000000000000000e+02 1.551236689062499528e-02
3.290000000000000000e+02 1.535610535156251011e-02
3.300000000000000000e+02 1.519564800781250842e-02
3.310000000000000000e+02 1.503041564843749824e-02
3.320000000000000000e+02 1.485971522656249696e-02
3.330000000000000000e+02 1.468286667187499589e-02
3.340000000000000000e+02 1.449937090625000487e-02
3.350000000000000000e+02 1.430872604687500813e-02
3.360000000000000000e+02 1.411044913281249598e-02
3.370000000000000000e+02 1.390452887499999193e-02
3.380000000000000000e+02 1.369079833593749365e-02
3.390000000000000000e+02 1.346941999999999064e-02
3.400000000000000000e+02 1.324065210156250526e-02
3.410000000000000000e+02 1.300494607812500286e-02
3.420000000000000000e+02 1.276287392187500438e-02
3.430000000000000000e+02 1.251516515859374575e-02
3.440000000000000000e+02 1.226252316328125397e-02
3.450000000000000000e+02 1.200574078419531197e-02
3.460000000000000000e+02 1.174569623437499329e-02
3.470000000000000000e+02 1.148312504687499895e-02
3.480000000000000000e+02 1.121879282812500433e-02
3.490000000000000000e+02 1.095320750781250858e-02
3.500000000000000000e+02 1.068692341406249878e-02
3.510000000000000000e+02 1.042024062499999695e-02
3.520000000000000000e+02 1.015337828124999314e-02
3.530000000000000000e+02 9.886417656249996827e-03
3.540000000000000000e+02 9.619491406249999765e-03
3.550000000000000000e+02 9.352576796874999612e-03
3.560000000000000000e+02 9.085935390624997471e-03
3.570000000000000000e+02 8.819923593750002636e-03
3.580000000000000000e+02 8.555062890624999528e-03
3.590000000000000000e+02 8.292341093749997297e-03
3.600000000000000000e+02 8.032918359375003717e-03
3.610000000000000000e+02 7.778392656250003416e-03
3.620000000000000000e+02 7.530670468749998611e-03
3.630000000000000000e+02 7.292019296874999688e-03
3.640000000000000000e+02 7.064854843750000175e-03
3.650000000000000000e+02 6.851961718749998917e-03
3.660000000000000000e+02 6.656139375000005159e-03
3.670000000000000000e+02 6.480222109375002870e-03
3.680000000000000000e+02 6.327202656249997573e-03
3.690000000000000000e+02 6.199784531250000438e-03
3.700000000000000000e+02 6.100564296874999570e-03
3.710000000000000000e+02 6.031836406250002010e-03
3.720000000000000000e+02 5.995522437500002896e-03
3.730000000000000000e+02 5.993097664062496145e-03
3.740000000000000000e+02 6.025448351562496217e-03
3.750000000000000000e+02 6.093063164062498954e-03
3.760000000000000000e+02 6.195603960937498891e-03
3.770000000000000000e+02 6.332210929687501037e-03
3.780000000000000000e+02 6.501287398437501433e-03
3.790000000000000000e+02 6.700655031250001524e-03
3.800000000000000000e+02 6.927450687499999565e-03
3.810000000000000000e+02 7.178198304687505478e-03
3.820000000000000000e+02 7.448854717187499905e-03
3.830000000000000000e+02 7.734739227265627348e-03
3.840000000000000000e+02 8.030612335937502982e-03
3.850000000000000000e+02 8.330729765624999422e-03
3.860000000000000000e+02 8.628965023437502532e-03
3.870000000000000000e+02 8.918825504687507080e-03
3.880000000000000000e+02 9.193660501562500934e-03
3.890000000000000000e+02 9.446892632812498719e-03
3.900000000000000000e+02 9.672121848437506553e-03
3.910000000000000000e+02 9.863448017187501776e-03
3.920000000000000000e+02 1.001565066484375217e-02
3.930000000000000000e+02 1.012435906640624800e-02
3.940000000000000000e+02 1.018613318593749976e-02
3.950000000000000000e+02 1.019863378125000081e-02
3.960000000000000000e+02 1.016055660156249714e-02
3.970000000000000000e+02 1.007175717187500444e-02
3.980000000000000000e+02 9.933128421875003083e-03
3.990000000000000000e+02 9.746589101562494473e-03
4.000000000000000000e+02 9.514980312499990434e-03
4.010000000000000000e+02 9.241871484374995435e-03
4.020000000000000000e+02 8.931710156250001476e-03
4.030000000000000000e+02 8.589392578125002245e-03
4.040000000000000000e+02 8.220206328125001863e-03
4.050000000000000000e+02 7.830019140625003524e-03
4.060000000000000000e+02 7.424764765625000394e-03
4.070000000000000000e+02 7.010714921874998569e-03
4.080000000000000000e+02 6.594261953125002233e-03
4.090000000000000000e+02 6.181828750000003397e-03
4.100000000000000000e+02 5.779741953125003100e-03
4.110000000000000000e+02 5.394016406250001262e-03
4.120000000000000000e+02 5.030269609375003122e-03
4.130000000000000000e+02 4.693247812499999790e-03
4.140000000000000000e+02 4.386767187500002253e-03
4.150000000000000000e+02 4.113402265625001539e-03
4.160000000000000000e+02 3.874509218750000258e-03
4.170000000000000000e+02 3.670191718749999353e-03
4.180000000000000000e+02 3.499379218750000263e-03
4.190000000000000000e+02 3.360118851562500248e-03
4.200000000000000000e+02 3.249743015625000675e-03
4.210000000000000000e+02 3.165198507812498792e-03
4.220000000000000000e+02 3.103269148437499785e-03
4.230000000000000000e+02 3.060769609374999322e-03
4.240000000000000000e+02 3.034747734375001314e-03
4.250000000000000000e+02 3.022554296874999189e-03
4.260000000000000000e+02 3.021958515624999231e-03
4.270000000000000000e+02 3.031137343749999106e-03
4.280000000000000000e+02 3.048669296875000656e-03
4.290000000000000000e+02 3.073477109375000182e-03
4.300000000000000000e+02 3.104692421874999386e-03
4.310000000000000000e+02 3.141547109375000552e-03
4.320000000000000000e+02 3.183242031249999739e-03
4.330000000000000000e+02 3.228873515624998587e-03
4.340000000000000000e+02 3.277394843750000737e-03
4.350000000000000000e+02 3.327607265625001382e-03
4.360000000000000000e+02 3.378301015625000212e-03
4.370000000000000000e+02 3.428285851562501603e-03
4.380000000000000000e+02 3.476494414062499243e-03
4.390000000000000000e+02 3.522113609374998271e-03
4.400000000000000000e+02 3.564632171875000647e-03
4.410000000000000000e+02 3.603869450000000366e-03
4.420000000000000000e+02 3.640017992187498126e-03
4.430000000000000000e+02 3.673591323437499362e-03
4.440000000000000000e+02 3.705333187499999792e-03
4.450000000000000000e+02 3.736102492187499784e-03
4.460000000000000000e+02 3.766658156249999903e-03
4.470000000000000000e+02 3.797520468750000596e-03
4.480000000000000000e+02 3.828750039062500752e-03
4.490000000000000000e+02 3.860049062499999479e-03
4.500000000000000000e+02 3.890679609374998564e-03
4.510000000000000000e+02 3.919719609375000441e-03
4.520000000000000000e+02 3.946269921875000461e-03
4.530000000000000000e+02 3.969612578124999229e-03
4.540000000000000000e+02 3.989498515624999471e-03
4.550000000000000000e+02 4.006002187500001463e-03
4.560000000000000000e+02 4.019512968749999748e-03
4.570000000000000000e+02 4.030424999999998939e-03
4.580000000000000000e+02 4.038854609374999821e-03
4.590000000000000000e+02 4.044358906249999157e-03
4.600000000000000000e+02 4.045771562500000661e-03
4.610000000000000000e+02 4.041280781250001716e-03
4.620000000000000000e+02 4.028698593749999515e-03
4.630000000000000000e+02 4.006035781249998526e-03
4.640000000000000000e+02 3.972240624999998949e-03
4.650000000000000000e+02 3.928021484374998734e-03
4.660000000000000000e+02 3.876405156250001087e-03
4.670000000000000000e+02 3.823002265624999250e-03
4.680000000000000000e+02 3.775642578125001491e-03
4.690000000000000000e+02 3.743445781250000649e-03
4.700000000000000000e+02 3.735499999999999238e-03
4.710000000000000000e+02 3.759283124999999916e-03
4.720000000000000000e+02 3.819284296875000758e-03
4.730000000000000000e+02 3.915947812500000791e-03
4.740000000000000000e+02 4.045083671874999745e-03
4.750000000000000000e+02 4.197993515624999852e-03
4.760000000000000000e+02 4.361815546875000803e-03
4.770000000000000000e+02 4.520804921874998876e-03
4.780000000000000000e+02 4.657677890625001524e-03
4.790000000000000000e+02 4.755496640624998911e-03
4.800000000000000000e+02 4.799374296874998891e-03
4.810000000000000000e+02 4.778158515625002128e-03
4.820000000000000000e+02 4.685781382812497821e-03
4.830000000000000000e+02 4.522104499999998750e-03
4.840000000000000000e+02 4.293563593750001663e-03
4.850000000000000000e+02 4.013448937500000563e-03
4.860000000000000000e+02 3.701731478906250365e-03
4.870000000000000000e+02 3.384470039062500296e-03
4.880000000000000000e+02 3.092129539062498083e-03
4.890000000000000000e+02 2.856797367187500353e-03
4.900000000000000000e+02 2.708358781250001443e-03
4.910000000000000000e+02 2.669992306250000558e-03
4.920000000000000000e+02 2.754136351562499075e-03
4.930000000000000000e+02 2.959385820312499492e-03
4.940000000000000000e+02 3.269756179687499653e-03
4.950000000000000000e+02 3.656082578124999431e-03
4.960000000000000000e+02 4.079697320312499799e-03
4.970000000000000000e+02 4.497592273437499982e-03
4.980000000000000000e+02 4.868827968749999541e-03
4.990000000000000000e+02 5.161220351562498948e-03
5.000000000000000000e+02 5.358556953124998627e-03
5.010000000000000000e+02 5.466487085937498346e-03
5.020000000000000000e+02 5.515366554687502372e-03
5.030000000000000000e+02 5.558218078124999711e-03
5.040000000000000000e+02 5.661478914687501258e-03
5.050000000000000000e+02 5.890230796875002388e-03
5.060000000000000000e+02 6.290209851562499933e-03
5.070000000000000000e+02 6.871262140624999001e-03
5.080000000000000000e+02 7.598581679687501679e-03
5.090000000000000000e+02 8.404481703124997566e-03
5.100000000000000000e+02 9.242871539062502695e-03
5.110000000000000000e+02 1.023080742187499996e-02
