0.000000000000000000e+00 1.137024593750000229e-02
1.000000000000000000e+00 1.133686374999999698e-02
2.000000000000000000e+00 1.127034734375000243e-02
3.000000000000000000e+00 1.117122460937499881e-02
4.000000000000000000e+00 1.104030335937500849e-02
5.000000000000000000e+00 1.087859484375000227e-02
6.000000000000000000e+00 1.068727195312500072e-02
7.000000000000000000e+00 1.046798335937500560e-02
8.000000000000000000e+00 1.022226124999999798e-02
9.000000000000000000e+00 9.952015703125000751e-03
1.000000000000000000e+01 9.659266718749994970e-03
1.100000000000000000e+01 9.346207500000000210e-03
1.200000000000000000e+01 9.015082109374999292e-03
1.300000000000000000e+01 8.668328281250001904e-03
1.400000000000000000e+01 8.308274296875001186e-03
1.500000000000000000e+01 7.937503437500001771e-03
1.600000000000000000e+01 7.558485468749997355e-03
1.700000000000000000e+01 7.173796796874997057e-03
1.800000000000000000e+01 6.785846171875004572e-03
1.900000000000000000e+01 6.397076796874999818e-03
2.000000000000000000e+01 6.009858437500001371e-03
2.100000000000000000e+01 5.626471250000002547e-03
2.200000000000000000e+01 5.249087500000000975e-03
2.300000000000000000e+01 4.879755468749999263e-03
2.400000000000000000e+01 4.520385546875000174e-03
2.500000000000000000e+01 4.172753515625000562e-03
2.600000000000000000e+01 3.838483984375000088e-03
2.700000000000000000e+01 3.519032500000001534e-03
2.800000000000000000e+01 3.215700312499999991e-03
2.900000000000000000e+01 2.929601406249998912e-03
3.000000000000000000e+01 2.661718726562498950e-03
3.100000000000000000e+01 2.412825726562500654e-03
3.200000000000000000e+01 2.183566203125000393e-03
3.300000000000000000e+01 1.974416389843750268e-03
3.400000000000000000e+01 1.785690871406250477e-03
3.500000000000000000e+01 1.617572556250000335e-03
3.600000000000000000e+01 1.470112392187500555e-03
3.700000000000000000e+01 1.343221126562499108e-03
3.800000000000000000e+01 1.236703310937500595e-03
3.900000000000000000e+01 1.150261765624999676e-03
4.000000000000000000e+01 1.083499685156249582e-03
4.100000000000000000e+01 1.035938042500000617e-03
4.200000000000000000e+01 1.007023864843749686e-03
4.300000000000000000e+01 9.961364687499996498e-04
4.400000000000000000e+01 1.002601968749999807e-03
4.500000000000000000e+01 1.025700703125000113e-03
4.600000000000000000e+01 1.064666437500000340e-03
4.700000000000000000e+01 1.118706789062500579e-03
4.800000000000000000e+01 1.186997512578124659e-03
4.900000000000000000e+01 1.268676929687499559e-03
5.000000000000000000e+01 1.362869664062499710e-03
5.100000000000000000e+01 1.468683510937500783e-03
5.200000000000000000e+01 1.585207091406249909e-03
5.300000000000000000e+01 1.711485444140625756e-03
5.400000000000000000e+01 1.846583873984375271e-03
5.500000000000000000e+01 1.989518714062500550e-03
5.600000000000000000e+01 2.139287617187499591e-03
5.700000000000000000e+01 2.294890387890625386e-03
5.800000000000000000e+01 2.455278001406250091e-03
5.900000000000000000e+01 2.619413782031248909e-03
6.000000000000000000e+01 2.786207179687499869e-03
6.100000000000000000e+01 2.954585312500000293e-03
6.200000000000000000e+01 3.123440484375001377e-03
6.300000000000000000e+01 3.291663851562501297e-03
6.400000000000000000e+01 3.458163742187500035e-03
6.500000000000000000e+01 3.621817343750000952e-03
6.600000000000000000e+01 3.781546328125000040e-03
6.700000000000000000e+01 3.936296562499999423e-03
6.800000000000000000e+01 4.085029687500000943e-03
6.900000000000000000e+01 4.226781171875000111e-03
7.000000000000000000e+01 4.360655109374999248e-03
7.100000000000000000e+01 4.485775064062502704e-03
7.200000000000000000e+01 4.601440085937501950e-03
7.300000000000000000e+01 4.706964601562497845e-03
7.400000000000000000e+01 4.801839859374998701e-03
7.500000000000000000e+01 4.885645937499998731e-03
7.600000000000000000e+01 4.958127812500000113e-03
7.700000000000000000e+01 5.019186796875001015e-03
7.800000000000000000e+01 5.068796953124999477e-03
7.900000000000000000e+01 5.107168515625004970e-03
8.000000000000000000e+01 5.134603515624999032e-03
8.100000000000000000e+01 5.151594531250002981e-03
8.200000000000000000e+01 5.158710781249999100e-03
8.300000000000000000e+01 5.156717812499997736e-03
8.400000000000000000e+01 5.146423906249997585e-03
8.500000000000000000e+01 5.128855234375001917e-03
8.600000000000000000e+01 5.104927999999998162e-03
8.700000000000000000e+01 5.075732460937501175e-03
8.800000000000000000e+01 5.042387609375000718e-03
8.900000000000000000e+01 5.005984523437501457e-03
9.000000000000000000e+01 4.967572722656248170e-03
9.100000000000000000e+01 4.928256929687498643e-03
9.200000000000000000e+01 4.888911112265625740e-03
9.300000000000000000e+01 4.850459117187500696e-03
9.400000000000000000e+01 4.813665719531249644e-03
9.500000000000000000e+01 4.779151742187497803e-03
9.600000000000000000e+01 4.747426820312499254e-03
9.700000000000000000e+01 4.718818284375000602e-03
9.800000000000000000e+01 4.693561045312500020e-03
9.900000000000000000e+01 4.671685203124998666e-03
1.000000000000000000e+02 4.653156898437499182e-03
1.010000000000000000e+02 4.637739476562500497e-03
1.020000000000000000e+02 4.625084171874999268e-03
1.030000000000000000e+02 4.614804304687499317e-03
1.040000000000000000e+02 4.606400648437500821e-03
1.050000000000000000e+02 4.599329507812501341e-03
1.060000000000000000e+02 4.593033039062496999e-03
1.070000000000000000e+02 4.586969617187500528e-03
1.080000000000000000e+02 4.580589367187501253e-03
1.090000000000000000e+02 4.573502906249998778e-03
1.100000000000000000e+02 4.565256679687500901e-03
1.110000000000000000e+02 4.555679796874999993e-03
1.120000000000000000e+02 4.544626960937500106e-03
1.130000000000000000e+02 4.532086437500000911e-03
1.140000000000000000e+02 4.518292026562500605e-03
1.150000000000000000e+02 4.503551422656249144e-03
1.160000000000000000e+02 4.488301371093749575e-03
1.170000000000000000e+02 4.473279437500000781e-03
1.180000000000000000e+02 4.459220453125000913e-03
1.190000000000000000e+02 4.446996924218749210e-03
1.200000000000000000e+02 4.437655801562499086e-03
1.210000000000000000e+02 4.432207757632815499e-03
1.220000000000000000e+02 4.431729463281249871e-03
1.230000000000000000e+02 4.437311539062500573e-03
1.240000000000000000e+02 4.449969749999998538e-03
1.250000000000000000e+02 4.470728585937499243e-03
1.260000000000000000e+02 4.500339859375000751e-03
1.270000000000000000e+02 4.539566210937501928e-03
1.280000000000000000e+02 4.588928593749999618e-03
1.290000000000000000e+02 4.648742648437499854e-03
1.300000000000000000e+02 4.719115100000001624e-03
1.310000000000000000e+02 4.799885179687499517e-03
1.320000000000000000e+02 4.890684906249998833e-03
1.330000000000000000e+02 4.990939117187499947e-03
1.340000000000000000e+02 5.099766554687500293e-03
1.350000000000000000e+02 5.216121875000001053e-03
1.360000000000000000e+02 5.338721406250002653e-03
1.370000000000000000e+02 5.466141562500001320e-03
1.380000000000000000e+02 5.596827812500002573e-03
1.390000000000000000e+02 5.729128749999998736e-03
1.400000000000000000e+02 5.861253046874997236e-03
1.410000000000000000e+02 5.991465078124999163e-03
1.420000000000000000e+02 6.118017968749999390e-03
1.430000000000000000e+02 6.239201640625000739e-03
1.440000000000000000e+02 6.353358898437503136e-03
1.450000000000000000e+02 6.459005164062499131e-03
1.460000000000000000e+02 6.554798289062497597e-03
1.470000000000000000e+02 6.639462089843750116e-03
1.480000000000000000e+02 6.711963281249998595e-03
1.490000000000000000e+02 6.771450382812500488e-03
1.500000000000000000e+02 6.817307624999997817e-03
1.510000000000000000e+02 6.849058609375000863e-03
1.520000000000000000e+02 6.866433599218751786e-03
1.530000000000000000e+02 6.869377879687500223e-03
1.540000000000000000e+02 6.858033406250001879e-03
1.550000000000000000e+02 6.832717484374998748e-03
1.560000000000000000e+02 6.793858765625000740e-03
1.570000000000000000e+02 6.742237468750002238e-03
1.580000000000000000e+02 6.678556890625001255e-03
1.590000000000000000e+02 6.603831031250000962e-03
1.600000000000000000e+02 6.519120093749997125e-03
1.610000000000000000e+02 6.425739218749998774e-03
1.620000000000000000e+02 6.325056718749998662e-03
1.630000000000000000e+02 6.218560546875002461e-03
1.640000000000000000e+02 6.107893359375002502e-03
1.650000000000000000e+02 5.994800937499999288e-03
1.660000000000000000e+02 5.881118984374999331e-03
1.670000000000000000e+02 5.768814843750001004e-03
1.680000000000000000e+02 5.659901875000000575e-03
1.690000000000000000e+02 5.556476250000000165e-03
1.700000000000000000e+02 5.460628828125000354e-03
1.710000000000000000e+02 5.374538828124999015e-03
1.720000000000000000e+02 5.300303671875001080e-03
1.730000000000000000e+02 5.240017578125001456e-03
1.740000000000000000e+02 5.195620460937499727e-03
1.750000000000000000e+02 5.169010140624999416e-03
1.760000000000000000e+02 5.161853250000000837e-03
1.770000000000000000e+02 5.175629435156248875e-03
1.780000000000000000e+02 5.211615962499998277e-03
1.790000000000000000e+02 5.270730250000000248e-03
1.800000000000000000e+02 5.353615531250001391e-03
1.810000000000000000e+02 5.460483999999999824e-03
1.820000000000000000e+02 5.591369262500002317e-03
1.830000000000000000e+02 5.745654958593751464e-03
1.840000000000000000e+02 5.922566657812499552e-03
1.850000000000000000e+02 6.120765089062499796e-03
1.860000000000000000e+02 6.338553487500001547e-03
1.870000000000000000e+02 6.573876189843750294e-03
1.880000000000000000e+02 6.824373046874999439e-03
1.890000000000000000e+02 7.087317750000000569e-03
1.900000000000000000e+02 7.359617437499999491e-03
1.910000000000000000e+02 7.638202453125002116e-03
1.920000000000000000e+02 7.919555546874998408e-03
1.930000000000000000e+02 8.200223976562504014e-03
1.940000000000000000e+02 8.476698703125000456e-03
1.950000000000000000e+02 8.745329601562497335e-03
1.960000000000000000e+02 9.002816140625003252e-03
1.970000000000000000e+02 9.245730968749999237e-03
1.980000000000000000e+02 9.471029931250001324e-03
1.990000000000000000e+02 9.675832296875004276e-03
2.000000000000000000e+02 9.857654531250002738e-03
2.010000000000000000e+02 1.001428890624999658e-02
2.020000000000000000e+02 1.014389900000000309e-02
2.030000000000000000e+02 1.024520453124999793e-02
2.040000000000000000e+02 1.031727115625000017e-02
2.050000000000000000e+02 1.035960290625000287e-02
2.060000000000000000e+02 1.037226071093749410e-02
2.070000000000000000e+02 1.035557128906250055e-02
2.080000000000000000e+02 1.031051960156250009e-02
2.090000000000000000e+02 1.023840235156250021e-02
2.100000000000000000e+02 1.014091522656250348e-02
2.110000000000000000e+02 1.002017531249999559e-02
2.120000000000000000e+02 9.878477507812500474e-03
2.130000000000000000e+02 9.718613242187501902e-03
2.140000000000000000e+02 9.543404546875002004e-03
2.150000000000000000e+02 9.356023578125004236e-03
2.160000000000000000e+02 9.159571539062499532e-03
2.170000000000000000e+02 8.957501392187495678e-03
2.180000000000000000e+02 8.752989049218751552e-03
2.190000000000000000e+02 8.549355525781248202e-03
2.200000000000000000e+02 8.349839372656250869e-03
2.210000000000000000e+02 8.157481360937504991e-03
2.220000000000000000e+02 7.975154382812498638e-03
2.230000000000000000e+02 7.805419281249999924e-03
2.240000000000000000e+02 7.650752703125001178e-03
2.250000000000000000e+02 7.513175906249996462e-03
2.260000000000000000e+02 7.394473773437502777e-03
2.270000000000000000e+02 7.295983273437501616e-03
2.280000000000000000e+02 7.218794223437502607e-03
2.290000000000000000e+02 7.163544881249995708e-03
2.300000000000000000e+02 7.130475765625001600e-03
2.310000000000000000e+02 7.119560507812500855e-03
2.320000000000000000e+02 7.130342476562503452e-03
2.330000000000000000e+02 7.162060382812498321e-03
2.340000000000000000e+02 7.213657539062496085e-03
2.350000000000000000e+02 7.283753023437502389e-03
2.360000000000000000e+02 7.370753125000000655e-03
2.370000000000000000e+02 7.472925996875001871e-03
2.380000000000000000e+02 7.588280745312501151e-03
2.390000000000000000e+02 7.714749937500000286e-03
2.400000000000000000e+02 7.850168734374999430e-03
2.410000000000000000e+02 7.992407890625000816e-03
2.420000000000000000e+02 8.139251796875000139e-03
2.430000000000000000e+02 8.288573695312502487e-03
2.440000000000000000e+02 8.438398749999999338e-03
2.450000000000000000e+02 8.586785312500006331e-03
2.460000000000000000e+02 8.732058281249994655e-03
2.470000000000000000e+02 8.872615234374998938e-03
2.480000000000000000e+02 9.007128984374999578e-03
2.490000000000000000e+02 9.134583046875000348e-03
2.500000000000000000e+02 9.254022578124998163e-03
2.510000000000000000e+02 9.364910468750002950e-03
2.520000000000000000e+02 9.466956953124994190e-03
2.530000000000000000e+02 9.560042187499999400e-03
2.540000000000000000e+02 9.644352265624997825e-03
2.550000000000000000e+02 9.720311562499996810e-03
2.560000000000000000e+02 9.788641328125000096e-03
2.570000000000000000e+02 9.850101718750002219e-03
2.580000000000000000e+02 9.905751328124998492e-03
2.590000000000000000e+02 9.956757421875000319e-03
2.600000000000000000e+02 1.000446789062499689e-02
2.610000000000000000e+02 1.005023171875000718e-02
2.620000000000000000e+02 1.009547890625000187e-02
2.630000000000000000e+02 1.014166640625000643e-02
2.640000000000000000e+02 1.019022421875000715e-02
2.650000000000000000e+02 1.024253203124999949e-02
2.660000000000000000e+02 1.029977968749999986e-02
2.670000000000000000e+02 1.036323515624999747e-02
2.680000000000000000e+02 1.043381874999999535e-02
2.690000000000000000e+02 1.051230546875000019e-02
2.700000000000000000e+02 1.059938749999999631e-02
2.710000000000000000e+02 1.069545859374999679e-02
2.720000000000000000e+02 1.080073593749999658e-02
2.730000000000000000e+02 1.091524296875000417e-02
2.740000000000000000e+02 1.103883046875000357e-02
2.750000000000000000e+02 1.117114140624999793e-02
2.760000000000000000e+02 1.131165312500000304e-02
2.770000000000000000e+02 1.145973124999999891e-02
2.780000000000000000e+02 1.161465937500000094e-02
2.790000000000000000e+02 1.177554218749999639e-02
2.800000000000000000e+02 1.194146328125000010e-02
2.810000000000000000e+02 1.211137656250000152e-02
2.820000000000000000e+02 1.228420781250000142e-02
2.830000000000000000e+02 1.245891406250000319e-02
2.840000000000000000e+02 1.263430546875000428e-02
2.850000000000000000e+02 1.280931249999999778e-02
2.860000000000000000e+02 1.298283593749999590e-02
2.870000000000000000e+02 1.315371953124999140e-02
2.880000000000000000e+02 1.332105703125000332e-02
2.890000000000000000e+02 1.348384062500000181e-02
2.900000000000000000e+02 1.364133906250000056e-02
2.910000000000000000e+02 1.379284140624999905e-02
2.920000000000000000e+02 1.393796015625000176e-02
2.930000000000000000e+02 1.407636796875000144e-02
2.940000000000000000e+02 1.420800078124999713e-02
2.950000000000000000e+02 1.433293750000000887e-02
2.960000000000000000e+02 1.445165624999999315e-02
2.970000000000000000e+02 1.456445937499999989e-02
2.980000000000000000e+02 1.467210312499999877e-02
2.990000000000000000e+02 1.477533515625000828e-02
3.000000000000000000e+02 1.487510078124999920e-02
3.010000000000000000e+02 1.497223984374999872e-02
3.020000000000000000e+02 1.506785781249999831e-02
3.030000000000000000e+02 1.516274609375000207e-02
3.040000000000000000e+02 1.525799140624999398e-02
3.050000000000000000e+02 1.535438750000000206e-02
3.060000000000000000e+02 1.545260468750000310e-02
3.070000000000000000e+02 1.555350546874999414e-02
3.080000000000000000e+02 1.565746015624999016e-02
3.090000000000000000e+02 1.576485937500000239e-02
3.100000000000000000e+02 1.587598984375000397e-02
3.110000000000000000e+02 1.599082578124999890e-02
3.120000000000000000e+02 1.610923437499999639e-02
3.130000000000000000e+02 1.623090156249999347e-02
3.140000000000000000e+02 1.635533046874999494e-02
3.150000000000000000e+02 1.648166406249999133e-02
3.160000000000000000e+02 1.660904843749999929e-02
3.170000000000000000e+02 1.673622031249998032e-02
3.180000000000000000e+02 1.686173828124999663e-02
3.190000000000000000e+02 1.698396874999998779e-02
3.200000000000000000e+02 1.710085718749999525e-02
3.210000000000000000e+02 1.721029804687499928e-02
3.220000000000000000e+02 1.730972304687502031e-02
3.230000000000000000e+02 1.739654179687500843e-02
3.240000000000000000e+02 1.746780242187499430e-02
3.250000000000000000e+02 1.752055445312498960e-02
3.260000000000000000e+02 1.755175578125000094e-02
3.270000000000000000e+02 1.755832734374999232e-02
3.280000000000000000e+02 1.753752273437500508e-02
3.290000000000000000e+02 1.748667578124999886e-02
3.300000000000000000e+02 1.740357664062499796e-02
3.310000000000000000e+02 1.728640015624998555e-02
3.320000000000000000e+02 1.713381914062499928e-02
3.330000000000000000e+02 1.694514414062500696e-02
3.340000000000000000e+02 1.672020453125000472e-02
3.350000000000000000e+02 1.645939548437498970e-02
3.360000000000000000e+02 1.616371827343749887e-02
3.370000000000000000e+02 1.583473885859375263e-02
3.380000000000000000e+02 1.547449597734375064e-02
3.390000000000000000e+02 1.508534668750000085e-02
3.400000000000000000e+02 1.467013457031249649e-02
3.410000000000000000e+02 1.423190457031249176e-02
3.420000000000000000e+02 1.377409244531249861e-02
3.430000000000000000e+02 1.329989709374999884e-02
3.440000000000000000e+02 1.281299653125000243e-02
3.450000000000000000e+02 1.231680820312500667e-02
3.460000000000000000e+02 1.181469296875000720e-02
3.470000000000000000e+02 1.130996265624999858e-02
3.480000000000000000e+02 1.080579601562499902e-02
3.490000000000000000e+02 1.030518640624999288e-02
3.500000000000000000e+02 9.811036249999993339e-03
3.510000000000000000e+02 9.326156562500005284e-03
3.520000000000000000e+02 8.853284374999994058e-03
3.530000000000000000e+02 8.395164921874996578e-03
3.540000000000000000e+02 7.954515234374993915e-03
3.550000000000000000e+02 7.534132421875001755e-03
3.560000000000000000e+02 7.136848281250001043e-03
3.570000000000000000e+02 6.765478140625002211e-03
3.580000000000000000e+02 6.422848953125000898e-03
3.590000000000000000e+02 6.111855718749993789e-03
3.600000000000000000e+02 5.835167171875000822e-03
3.610000000000000000e+02 5.595404407031250721e-03
3.620000000000000000e+02 5.395011447656247912e-03
3.630000000000000000e+02 5.236279385937500641e-03
3.640000000000000000e+02 5.121135937500003593e-03
3.650000000000000000e+02 5.051259267187496738e-03
3.660000000000000000e+02 5.027821591406247785e-03
3.670000000000000000e+02 5.051697987500002734e-03
3.680000000000000000e+02 5.123078235937504436e-03
3.690000000000000000e+02 5.241680570312498046e-03
3.700000000000000000e+02 5.406508201562501038e-03
3.710000000000000000e+02 5.615988153906252903e-03
3.720000000000000000e+02 5.867761061171870504e-03
3.730000000000000000e+02 6.158839964843750188e-03
3.740000000000000000e+02 6.485600289062498983e-03
3.750000000000000000e+02 6.843885648437501683e-03
3.760000000000000000e+02 7.228987335937496657e-03
3.770000000000000000e+02 7.635557476562502416e-03
3.780000000000000000e+02 8.057967664062502117e-03
3.790000000000000000e+02 8.490112210937502887e-03
3.800000000000000000e+02 8.925551874999991184e-03
3.810000000000000000e+02 9.357623671874995552e-03
3.820000000000000000e+02 9.779442187499999203e-03
3.830000000000000000e+02 1.018415046875000007e-02
3.840000000000000000e+02 1.056495578124999959e-02
3.850000000000000000e+02 1.091544796875000035e-02
3.860000000000000000e+02 1.122961796874998898e-02
3.870000000000000000e+02 1.150207171874999788e-02
3.880000000000000000e+02 1.172824577343750153e-02
3.890000000000000000e+02 1.190419975000000553e-02
3.900000000000000000e+02 1.202703708593749581e-02
3.910000000000000000e+02 1.209452067968750343e-02
3.920000000000000000e+02 1.210545915624999802e-02
3.930000000000000000e+02 1.205954937500000081e-02
3.940000000000000000e+02 1.195724132812500673e-02
3.950000000000000000e+02 1.179999242187500068e-02
3.960000000000000000e+02 1.159006124999998992e-02
3.970000000000000000e+02 1.133049515624999851e-02
3.980000000000000000e+02 1.102499367187500037e-02
3.990000000000000000e+02 1.067801953124999752e-02
4.000000000000000000e+02 1.029455720312499878e-02
4.010000000000000000e+02 9.880046359375000212e-03
4.020000000000000000e+02 9.440435926562500829e-03
4.030000000000000000e+02 8.981988135937493678e-03
4.040000000000000000e+02 8.511364781249999151e-03
4.050000000000000000e+02 8.035442484375002192e-03
4.060000000000000000e+02 7.561096718749997676e-03
4.070000000000000000e+02 7.095201617187500524e-03
4.080000000000000000e+02 6.644241187500001151e-03
4.090000000000000000e+02 6.213939890624999018e-03
4.100000000000000000e+02 5.809356164062497857e-03
4.110000000000000000e+02 5.434416560156248716e-03
4.120000000000000000e+02 5.091973939062499274e-03
4.130000000000000000e+02 4.783676413281250962e-03
4.140000000000000000e+02 4.510178898437498980e-03
4.150000000000000000e+02 4.271017546874998627e-03
4.160000000000000000e+02 4.064834664062499242e-03
4.170000000000000000e+02 3.889524648437500415e-03
4.180000000000000000e+02 3.742379210937501078e-03
4.190000000000000000e+02 3.620338953124999353e-03
4.200000000000000000e+02 3.520253929687501126e-03
4.210000000000000000e+02 3.439218625000000501e-03
4.220000000000000000e+02 3.374756320312499204e-03
4.230000000000000000e+02 3.325069843750000798e-03
4.240000000000000000e+02 3.289049070312501533e-03
4.250000000000000000e+02 3.266212305468750229e-03
4.260000000000000000e+02 3.256532402343750680e-03
4.270000000000000000e+02 3.260107360156250678e-03
4.280000000000000000e+02 3.276971554687499542e-03
4.290000000000000000e+02 3.306779484375001188e-03
4.300000000000000000e+02 3.348695749999999662e-03
4.310000000000000000e+02 3.401210336484374215e-03
4.320000000000000000e+02 3.462138142187500944e-03
4.330000000000000000e+02 3.528575077343750269e-03
4.340000000000000000e+02 3.596999773437501140e-03
4.350000000000000000e+02 3.663363672656250354e-03
4.360000000000000000e+02 3.723345859375001583e-03
4.370000000000000000e+02 3.772734328906251003e-03
4.380000000000000000e+02 3.807835812500000739e-03
4.390000000000000000e+02 3.826055593750001069e-03
4.400000000000000000e+02 3.826226968749999770e-03
4.410000000000000000e+02 3.808860968749999774e-03
4.420000000000000000e+02 3.776065039062498786e-03
4.430000000000000000e+02 3.731302867187502072e-03
4.440000000000000000e+02 3.678742999999999076e-03
4.450000000000000000e+02 3.622657903124999312e-03
4.460000000000000000e+02 3.566922335937500622e-03
4.470000000000000000e+02 3.514417953125000514e-03
4.480000000000000000e+02 3.467000671875000110e-03
4.490000000000000000e+02 3.425409828125000351e-03
4.500000000000000000e+02 3.389549160156250622e-03
4.510000000000000000e+02 3.358737907031250115e-03
4.520000000000000000e+02 3.332076530468749444e-03
4.530000000000000000e+02 3.308573182031250299e-03
4.540000000000000000e+02 3.287223929687500736e-03
4.550000000000000000e+02 3.266804800000000595e-03
4.560000000000000000e+02 3.245585281249998601e-03
4.570000000000000000e+02 3.221075296874999737e-03
4.580000000000000000e+02 3.189985296875000494e-03
4.590000000000000000e+02 3.148587757812499385e-03
4.600000000000000000e+02 3.093483820312501690e-03
4.610000000000000000e+02 3.022569093749999207e-03
4.620000000000000000e+02 2.935968171874999214e-03
4.630000000000000000e+02 2.836586757812500567e-03
4.640000000000000000e+02 2.730070273437499879e-03
4.650000000000000000e+02 2.624084953124999984e-03
4.660000000000000000e+02 2.527195679687499735e-03
4.670000000000000000e+02 2.447591656249999918e-03
4.680000000000000000e+02 2.392003460937499725e-03
4.690000000000000000e+02 2.365064812500000929e-03
4.700000000000000000e+02 2.369139056250000024e-03
4.710000000000000000e+02 2.404576771093749898e-03
4.720000000000000000e+02 2.470220937499999908e-03
4.730000000000000000e+02 2.563927421874999911e-03
4.740000000000000000e+02 2.682843401562500559e-03
4.750000000000000000e+02 2.823390618749999862e-03
4.760000000000000000e+02 2.980851967187499434e-03
4.770000000000000000e+02 3.148714880468748197e-03
4.780000000000000000e+02 3.318122039062499501e-03
4.790000000000000000e+02 3.477630432812498732e-03
4.800000000000000000e+02 3.613632287500000238e-03
4.810000000000000000e+02 3.711654050000000662e-03
4.820000000000000000e+02 3.758265620156250354e-03
4.830000000000000000e+02 3.743498257187500081e-03
4.840000000000000000e+02 3.663186460156250476e-03
4.850000000000000000e+02 3.520636361718750169e-03
4.860000000000000000e+02 3.327367820312500130e-03
4.870000000000000000e+02 3.102468046874999261e-03
4.880000000000000000e+02 2.871001992187499022e-03
4.890000000000000000e+02 2.661412515625001182e-03
4.900000000000000000e+02 2.502553994531250131e-03
4.910000000000000000e+02 2.420363304687500085e-03
4.920000000000000000e+02 2.434581507812499847e-03
4.930000000000000000e+02 2.555416328124999418e-03
4.940000000000000000e+02 2.780942578125001220e-03
4.950000000000000000e+02 3.095881562499999684e-03
4.960000000000000000e+02 3.472721460937501069e-03
4.970000000000000000e+02 3.875786650781249624e-03
4.980000000000000000e+02 4.267884610156251479e-03
4.990000000000000000e+02 4.617820851562502715e-03
5.000000000000000000e+02 4.907323578125001758e-03
5.010000000000000000e+02 5.136103828125000367e-03
5.020000000000000000e+02 5.323706468750000718e-03
5.030000000000000000e+02 5.508221741406248671e-03
5.040000000000000000e+02 5.739797390624999836e-03
5.050000000000000000e+02 6.069480445312499042e-03
5.060000000000000000e+02 6.533354765624999928e-03
5.070000000000000000e+02 7.138088828125000763e-03
5.080000000000000000e+02 7.853455859374998752e-03
5.090000000000000000e+02 8.621437429687500015e-03
5.100000000000000000e+02 9.398902000000000645e-03
5.110000000000000000e+02 1.026907070312499740e-02
