0.000000000000000000e+00 1.161752531250000338e-02
1.000000000000000000e+00 1.158072789062500156e-02
2.000000000000000000e+00 1.150738492187500413e-02
3.000000000000000000e+00 1.139822898437499454e-02
4.000000000000000000e+00 1.125402367187500197e-02
5.000000000000000000e+00 1.107621179687500075e-02
6.000000000000000000e+00 1.086608445312500434e-02
7.000000000000000000e+00 1.062554273437500349e-02
8.000000000000000000e+00 1.035655382812499838e-02
9.000000000000000000e+00 1.006129117187500033e-02
1.000000000000000000e+01 9.742183437500001250e-03
1.100000000000000000e+01 9.401882265624999721e-03
1.200000000000000000e+01 9.042977812500000226e-03
1.300000000000000000e+01 8.668338281249998375e-03
1.400000000000000000e+01 8.280781484375004595e-03
1.500000000000000000e+01 7.883302890624999115e-03
1.600000000000000000e+01 7.478818125000002461e-03
1.700000000000000000e+01 7.070232890624998309e-03
1.800000000000000000e+01 6.660423437500000154e-03
1.900000000000000000e+01 6.252135937499998450e-03
2.000000000000000000e+01 5.848152343749998643e-03
2.100000000000000000e+01 5.450987499999999757e-03
2.200000000000000000e+01 5.063090625000000664e-03
2.300000000000000000e+01 4.686695312500000106e-03
2.400000000000000000e+01 4.323910937499999760e-03
2.500000000000000000e+01 3.976607031250001777e-03
2.600000000000000000e+01 3.646494531250001579e-03
2.700000000000000000e+01 3.335014062500002430e-03
2.800000000000000000e+01 3.043440624999999358e-03
2.900000000000000000e+01 2.772804609375001655e-03
3.000000000000000000e+01 2.523945390625000756e-03
3.100000000000000000e+01 2.297461171874999684e-03
3.200000000000000000e+01 2.093772890625000219e-03
3.300000000000000000e+01 1.913072421875000248e-03
3.400000000000000000e+01 1.755403593750000770e-03
3.500000000000000000e+01 1.620606531250000067e-03
3.600000000000000000e+01 1.508391312500000254e-03
3.700000000000000000e+01 1.418291693984375301e-03
3.800000000000000000e+01 1.349739011718750509e-03
3.900000000000000000e+01 1.302047929687500565e-03
4.000000000000000000e+01 1.274435624999999865e-03
4.100000000000000000e+01 1.266043593750000237e-03
4.200000000000000000e+01 1.275941250000000790e-03
4.300000000000000000e+01 1.303165265624999869e-03
4.400000000000000000e+01 1.346698867187500533e-03
4.500000000000000000e+01 1.405525843750000123e-03
4.600000000000000000e+01 1.478589542109374523e-03
4.700000000000000000e+01 1.564847581249999807e-03
4.800000000000000000e+01 1.663266812499999839e-03
4.900000000000000000e+01 1.772795992187499664e-03
5.000000000000000000e+01 1.892423515625000878e-03
5.100000000000000000e+01 2.021138671875000094e-03
5.200000000000000000e+01 2.157941015624999584e-03
5.300000000000000000e+01 2.301865156250000512e-03
5.400000000000000000e+01 2.451928906250000744e-03
5.500000000000000000e+01 2.607182874999999529e-03
5.600000000000000000e+01 2.766685304687499687e-03
5.700000000000000000e+01 2.929481734374999452e-03
5.800000000000000000e+01 3.094630000000000991e-03
5.900000000000000000e+01 3.261202734374999985e-03
6.000000000000000000e+01 3.428246187499998411e-03
6.100000000000000000e+01 3.594812054687499935e-03
6.200000000000000000e+01 3.759965732812502182e-03
6.300000000000000000e+01 3.922749125000000482e-03
6.400000000000000000e+01 4.082233127343749476e-03
6.500000000000000000e+01 4.237478726562501387e-03
6.600000000000000000e+01 4.387574609374998366e-03
6.700000000000000000e+01 4.531627156250000663e-03
6.800000000000000000e+01 4.668801156250000986e-03
6.900000000000000000e+01 4.798267382031247939e-03
7.000000000000000000e+01 4.919299359374999618e-03
7.100000000000000000e+01 5.031182039062502727e-03
7.200000000000000000e+01 5.133337820312500188e-03
7.300000000000000000e+01 5.225280156250000467e-03
7.400000000000000000e+01 5.306569140625000056e-03
7.500000000000000000e+01 5.376963203124999688e-03
7.600000000000000000e+01 5.436233671875001332e-03
7.700000000000000000e+01 5.484409843750001276e-03
7.800000000000000000e+01 5.521565312499999816e-03
7.900000000000000000e+01 5.547944921874999047e-03
8.000000000000000000e+01 5.563903593749999071e-03
8.100000000000000000e+01 5.569951015624999627e-03
8.200000000000000000e+01 5.566697117187499946e-03
8.300000000000000000e+01 5.554865023437501916e-03
8.400000000000000000e+01 5.535247148437501090e-03
8.500000000000000000e+01 5.508780976562499716e-03
8.600000000000000000e+01 5.476406605468748558e-03
8.700000000000000000e+01 5.439090914062499893e-03
8.800000000000000000e+01 5.397881851562498674e-03
8.900000000000000000e+01 5.353754609375002346e-03
9.000000000000000000e+01 5.307683578125001536e-03
9.100000000000000000e+01 5.260577765624998951e-03
9.200000000000000000e+01 5.213292343749998531e-03
9.300000000000000000e+01 5.166564296874998768e-03
9.400000000000000000e+01 5.121048984374999488e-03
9.500000000000000000e+01 5.077259375000000435e-03
9.600000000000000000e+01 5.035552109374999939e-03
9.700000000000000000e+01 4.996250632812501875e-03
9.800000000000000000e+01 4.959424093749999554e-03
9.900000000000000000e+01 4.925051937499997506e-03
1.000000000000000000e+02 4.893019140625001415e-03
1.010000000000000000e+02 4.863103921875001380e-03
1.020000000000000000e+02 4.834945218749999232e-03
1.030000000000000000e+02 4.808155976562501592e-03
1.040000000000000000e+02 4.782294569531247985e-03
1.050000000000000000e+02 4.756884749218750694e-03
1.060000000000000000e+02 4.731536041406251419e-03
1.070000000000000000e+02 4.705823413281249971e-03
1.080000000000000000e+02 4.679414093750001481e-03
1.090000000000000000e+02 4.652139773437499390e-03
1.100000000000000000e+02 4.623899476562499423e-03
1.110000000000000000e+02 4.594713703125001200e-03
1.120000000000000000e+02 4.564825460937498892e-03
1.130000000000000000e+02 4.534586687500002412e-03
1.140000000000000000e+02 4.504577539062500427e-03
1.150000000000000000e+02 4.475541226562499211e-03
1.160000000000000000e+02 4.448335953124999374e-03
1.170000000000000000e+02 4.423966585937498704e-03
1.180000000000000000e+02 4.403544467968749376e-03
1.190000000000000000e+02 4.388299587500001792e-03
1.200000000000000000e+02 4.379396101562499539e-03
1.210000000000000000e+02 4.378089343749999758e-03
1.220000000000000000e+02 4.385552179687499282e-03
1.230000000000000000e+02 4.402791515625001546e-03
1.240000000000000000e+02 4.430781664062500257e-03
1.250000000000000000e+02 4.470206695312500290e-03
1.260000000000000000e+02 4.521561796874999477e-03
1.270000000000000000e+02 4.585115078125000243e-03
1.280000000000000000e+02 4.660804765624999325e-03
1.290000000000000000e+02 4.748326406249999548e-03
1.300000000000000000e+02 4.846972890624999704e-03
1.310000000000000000e+02 4.955861093749998857e-03
1.320000000000000000e+02 5.073734375000000553e-03
1.330000000000000000e+02 5.199127843750001726e-03
1.340000000000000000e+02 5.330316726562502744e-03
1.350000000000000000e+02 5.465415781249999966e-03
1.360000000000000000e+02 5.602409312500000738e-03
1.370000000000000000e+02 5.739183765625001030e-03
1.380000000000000000e+02 5.873605749999999230e-03
1.390000000000000000e+02 6.003607585937500123e-03
1.400000000000000000e+02 6.127139531250002519e-03
1.410000000000000000e+02 6.242355109375001890e-03
1.420000000000000000e+02 6.347507101562501093e-03
1.430000000000000000e+02 6.441128609375000071e-03
1.440000000000000000e+02 6.522038359374997610e-03
1.450000000000000000e+02 6.589194968750000832e-03
1.460000000000000000e+02 6.642029878906250545e-03
1.470000000000000000e+02 6.680023406249999129e-03
1.480000000000000000e+02 6.703263601562503907e-03
1.490000000000000000e+02 6.711771421875000268e-03
1.500000000000000000e+02 6.706034359374999851e-03
1.510000000000000000e+02 6.686736156250000333e-03
1.520000000000000000e+02 6.654647554687496101e-03
1.530000000000000000e+02 6.610911210937503273e-03
1.540000000000000000e+02 6.556618174218748103e-03
1.550000000000000000e+02 6.493132383593750064e-03
1.560000000000000000e+02 6.421758036718749202e-03
1.570000000000000000e+02 6.343884414062501455e-03
1.580000000000000000e+02 6.261026835937498307e-03
1.590000000000000000e+02 6.174645695312501459e-03
1.600000000000000000e+02 6.086161921874998736e-03
1.610000000000000000e+02 5.997131015624999721e-03
1.620000000000000000e+02 5.908937499999999260e-03
1.630000000000000000e+02 5.822979531250001284e-03
1.640000000000000000e+02 5.740757187500001614e-03
1.650000000000000000e+02 5.663567343750001114e-03
1.660000000000000000e+02 5.592838351562498880e-03
1.670000000000000000e+02 5.529808171874996646e-03
1.680000000000000000e+02 5.475806890625001429e-03
1.690000000000000000e+02 5.432078531250001362e-03
1.700000000000000000e+02 5.399730117187502912e-03
1.710000000000000000e+02 5.379927281249999478e-03
1.720000000000000000e+02 5.373560757812498832e-03
1.730000000000000000e+02 5.381560799218748116e-03
1.740000000000000000e+02 5.404627550000002528e-03
1.750000000000000000e+02 5.443346109374998590e-03
1.760000000000000000e+02 5.498015562499999898e-03
1.770000000000000000e+02 5.568825171874999813e-03
1.780000000000000000e+02 5.655627523437498083e-03
1.790000000000000000e+02 5.758092734374999425e-03
1.800000000000000000e+02 5.875587109374997598e-03
1.810000000000000000e+02 6.007161093750000395e-03
1.820000000000000000e+02 6.151661093750000926e-03
1.830000000000000000e+02 6.307479921875002067e-03
1.840000000000000000e+02 6.473027499999999858e-03
1.850000000000000000e+02 6.646175781250001149e-03
1.860000000000000000e+02 6.824767499999997815e-03
1.870000000000000000e+02 7.006410624999999046e-03
1.880000000000000000e+02 7.188425078124998681e-03
1.890000000000000000e+02 7.368180624999997284e-03
1.900000000000000000e+02 7.542982734375004543e-03
1.910000000000000000e+02 7.710088750000001698e-03
1.920000000000000000e+02 7.866736718750001398e-03
1.930000000000000000e+02 8.010426640624996805e-03
1.940000000000000000e+02 8.138609062499999741e-03
1.950000000000000000e+02 8.249151406249996890e-03
1.960000000000000000e+02 8.340032578125001692e-03
1.970000000000000000e+02 8.409568203125002139e-03
1.980000000000000000e+02 8.456389531250000507e-03
1.990000000000000000e+02 8.479573828124996326e-03
2.000000000000000000e+02 8.478524687500000809e-03
2.010000000000000000e+02 8.453085937499998578e-03
2.020000000000000000e+02 8.403535953125004440e-03
2.030000000000000000e+02 8.330571015624997980e-03
2.040000000000000000e+02 8.235251507812499372e-03
2.050000000000000000e+02 8.119150609375000438e-03
2.060000000000000000e+02 7.984126390624998737e-03
2.070000000000000000e+02 7.832394882812503123e-03
2.080000000000000000e+02 7.666448617187496609e-03
2.090000000000000000e+02 7.489178531249997099e-03
2.100000000000000000e+02 7.303447265624997929e-03
2.110000000000000000e+02 7.112476781249998242e-03
2.120000000000000000e+02 6.919468453124999995e-03
2.130000000000000000e+02 6.727762273437499184e-03
2.140000000000000000e+02 6.540535164062497193e-03
2.150000000000000000e+02 6.360963421875006144e-03
2.160000000000000000e+02 6.192067281249999736e-03
2.170000000000000000e+02 6.036744601562499604e-03
2.180000000000000000e+02 5.897549100781248992e-03
2.190000000000000000e+02 5.776817757031249383e-03
2.200000000000000000e+02 5.676545915625001888e-03
2.210000000000000000e+02 5.598393390624998613e-03
2.220000000000000000e+02 5.543645235937501997e-03
2.230000000000000000e+02 5.513200898437499962e-03
2.240000000000000000e+02 5.507621796875000753e-03
2.250000000000000000e+02 5.526960492187502592e-03
2.260000000000000000e+02 5.570968640625000023e-03
2.270000000000000000e+02 5.638955468750003405e-03
2.280000000000000000e+02 5.729933500000001893e-03
2.290000000000000000e+02 5.842523429687498764e-03
2.300000000000000000e+02 5.975078804687496310e-03
2.310000000000000000e+02 6.125641692968750336e-03
2.320000000000000000e+02 6.291998093750000853e-03
2.330000000000000000e+02 6.471828992187499477e-03
2.340000000000000000e+02 6.662508671875002828e-03
2.350000000000000000e+02 6.861456171874999628e-03
2.360000000000000000e+02 7.065971015624999442e-03
2.370000000000000000e+02 7.273320078124999311e-03
2.380000000000000000e+02 7.480756875000002873e-03
2.390000000000000000e+02 7.685716562500002728e-03
2.400000000000000000e+02 7.885678671875000212e-03
2.410000000000000000e+02 8.078321875000000693e-03
2.420000000000000000e+02 8.261473593750004105e-03
2.430000000000000000e+02 8.433247656250003610e-03
2.440000000000000000e+02 8.592047109374998867e-03
2.450000000000000000e+02 8.736526015625000960e-03
2.460000000000000000e+02 8.865540937500004590e-03
2.470000000000000000e+02 8.978381640625003254e-03
2.480000000000000000e+02 9.074688437500004132e-03
2.490000000000000000e+02 9.154342499999999078e-03
2.500000000000000000e+02 9.217524921874995988e-03
2.510000000000000000e+02 9.264790156249997494e-03
2.520000000000000000e+02 9.296943046874997160e-03
2.530000000000000000e+02 9.314937578124992887e-03
2.540000000000000000e+02 9.320106171874998485e-03
2.550000000000000000e+02 9.313909765625003057e-03
2.560000000000000000e+02 9.297884609374997694e-03
2.570000000000000000e+02 9.273853984375001955e-03
2.580000000000000000e+02 9.243601406249997779e-03
2.590000000000000000e+02 9.208952187499999317e-03
2.600000000000000000e+02 9.171804765624997843e-03
2.610000000000000000e+02 9.133840234375002753e-03
2.620000000000000000e+02 9.096909687499998148e-03
2.630000000000000000e+02 9.062553593749999789e-03
2.640000000000000000e+02 9.032274999999999332e-03
2.650000000000000000e+02 9.007322656249998685e-03
2.660000000000000000e+02 8.988830468749996888e-03
2.670000000000000000e+02 8.977675781250001388e-03
2.680000000000000000e+02 8.974624218749997773e-03
2.690000000000000000e+02 8.980110156250000267e-03
2.700000000000000000e+02 8.994435937499998049e-03
2.710000000000000000e+02 9.017764062500002731e-03
2.720000000000000000e+02 9.050032031250000372e-03
2.730000000000000000e+02 9.091008593749999936e-03
2.740000000000000000e+02 9.140414062499997716e-03
2.750000000000000000e+02 9.197825000000001486e-03
2.760000000000000000e+02 9.262752343749999784e-03
2.770000000000000000e+02 9.334711718750002968e-03
2.780000000000000000e+02 9.413071875000003294e-03
2.790000000000000000e+02 9.497283593749994077e-03
2.800000000000000000e+02 9.586745312499998783e-03
2.810000000000000000e+02 9.680974218750000929e-03
2.820000000000000000e+02 9.779371874999996314e-03
2.830000000000000000e+02 9.881589062499999618e-03
2.840000000000000000e+02 9.987240624999999331e-03
2.850000000000000000e+02 1.009598749999999871e-02
2.860000000000000000e+02 1.020777734375000016e-02
2.870000000000000000e+02 1.032257421874999831e-02
2.880000000000000000e+02 1.044054374999999618e-02
2.890000000000000000e+02 1.056195546875000717e-02
2.900000000000000000e+02 1.068728281249999891e-02
2.910000000000000000e+02 1.081720078124999602e-02
2.920000000000000000e+02 1.095240546875000595e-02
2.930000000000000000e+02 1.109379218750000153e-02
2.940000000000000000e+02 1.124237265625000100e-02
2.950000000000000000e+02 1.139916796875000207e-02
2.960000000000000000e+02 1.156529140625000771e-02
2.970000000000000000e+02 1.174177656249999688e-02
2.980000000000000000e+02 1.192971406249999922e-02
2.990000000000000000e+02 1.213003593750000206e-02
3.000000000000000000e+02 1.234359609375000784e-02
3.010000000000000000e+02 1.257124218749999280e-02
3.020000000000000000e+02 1.281336250000000322e-02
3.030000000000000000e+02 1.307041093750000230e-02
3.040000000000000000e+02 1.334249062500000513e-02
3.050000000000000000e+02 1.362938437500000287e-02
3.060000000000000000e+02 1.393064843749999664e-02
3.070000000000000000e+02 1.424569687500000514e-02
3.080000000000000000e+02 1.457346874999999355e-02
3.090000000000000000e+02 1.491273515625000240e-02
3.100000000000000000e+02 1.526191093750000997e-02
3.110000000000000000e+02 1.561923281250000330e-02
3.120000000000000000e+02 1.598262890625000779e-02
3.130000000000000000e+02 1.634989296875001205e-02
3.140000000000000000e+02 1.671840312499999273e-02
3.150000000000000000e+02 1.708549062500001881e-02
3.160000000000000000e+02 1.744823828125002113e-02
3.170000000000000000e+02 1.780331796874998901e-02
3.180000000000000000e+02 1.814719609374999126e-02
3.190000000000000000e+02 1.847625234375000272e-02
3.200000000000000000e+02 1.878645156250000406e-02
3.210000000000000000e+02 1.907351171874998794e-02
3.220000000000000000e+02 1.933312656250001441e-02
3.230000000000000000e+02 1.956082968750001011e-02
3.240000000000000000e+02 1.975202187499999415e-02
3.250000000000000000e+02 1.990257523437499385e-02
3.260000000000000000e+02 2.000848257812500378e-02
3.270000000000000000e+02 2.006597124999998788e-02
3.280000000000000000e+02 2.007213546875000545e-02
3.290000000000000000e+02 2.002443953125000384e-02
3.300000000000000000e+02 1.992119437499999951e-02
3.310000000000000000e+02 1.976151139062500353e-02
3.320000000000000000e+02 1.954531998437499668e-02
3.330000000000000000e+02 1.927313206250000008e-02
3.340000000000000000e+02 1.894661013281250320e-02
3.350000000000000000e+02 1.856784210156248865e-02
3.360000000000000000e+02 1.813979335156250261e-02
3.370000000000000000e+02 1.766581102343750195e-02
3.380000000000000000e+02 1.715004322656249816e-02
3.390000000000000000e+02 1.659700557031250009e-02
3.400000000000000000e+02 1.601154929687500367e-02
3.410000000000000000e+02 1.539882109375000259e-02
3.420000000000000000e+02 1.476428624999999092e-02
3.430000000000000000e+02 1.411345109374999469e-02
3.440000000000000000e+02 1.345183695312500601e-02
3.450000000000000000e+02 1.278504335937500312e-02
3.460000000000000000e+02 1.211847257812500092e-02
3.470000000000000000e+02 1.145748304687499788e-02
3.480000000000000000e+02 1.080720765625000496e-02
3.490000000000000000e+02 1.017266570312500354e-02
3.500000000000000000e+02 9.558641640625000629e-03
3.510000000000000000e+02 8.969772734374992229e-03
3.520000000000000000e+02 8.410421562499999226e-03
3.530000000000000000e+02 7.884819609375004826e-03
3.540000000000000000e+02 7.396876359375001257e-03
3.550000000000000000e+02 6.950232781250001955e-03
3.560000000000000000e+02 6.548303968749999600e-03
3.570000000000000000e+02 6.194030945312496358e-03
3.580000000000000000e+02 5.890038182812497997e-03
3.590000000000000000e+02 5.638564167968750443e-03
3.600000000000000000e+02 5.441407187499998702e-03
3.610000000000000000e+02 5.299778364843750478e-03
3.620000000000000000e+02 5.214514835937500599e-03
3.630000000000000000e+02 5.185854349999997025e-03
3.640000000000000000e+02 5.213412793750000357e-03
3.650000000000000000e+02 5.296242445312500033e-03
3.660000000000000000e+02 5.432738159218748752e-03
3.670000000000000000e+02 5.620592722656247986e-03
3.680000000000000000e+02 5.856815922656249604e-03
3.690000000000000000e+02 6.137833862656249910e-03
3.700000000000000000e+02 6.459419578124998493e-03
3.710000000000000000e+02 6.816761911718748415e-03
3.720000000000000000e+02 7.204808780703121987e-03
3.730000000000000000e+02 7.617843304687499199e-03
3.740000000000000000e+02 8.050127943750004164e-03
3.750000000000000000e+02 8.495503182031256123e-03
3.760000000000000000e+02 8.947869174531249484e-03
3.770000000000000000e+02 9.400931964999997836e-03
3.780000000000000000e+02 9.848460855468742572e-03
3.790000000000000000e+02 1.028417802499999659e-02
3.800000000000000000e+02 1.070208067109374925e-02
3.810000000000000000e+02 1.109645062500000563e-02
3.820000000000000000e+02 1.146184714062499325e-02
3.830000000000000000e+02 1.179350986718750299e-02
3.840000000000000000e+02 1.208712958593750712e-02
3.850000000000000000e+02 1.233912101562499933e-02
3.860000000000000000e+02 1.254650137499999270e-02
3.870000000000000000e+02 1.270711054687500077e-02
3.880000000000000000e+02 1.281915945312499597e-02
3.890000000000000000e+02 1.288161296874999924e-02
3.900000000000000000e+02 1.289406046874999774e-02
3.910000000000000000e+02 1.285650570312499817e-02
3.920000000000000000e+02 1.276974484374999823e-02
3.930000000000000000e+02 1.263503015625000274e-02
3.940000000000000000e+02 1.245436570312500463e-02
3.950000000000000000e+02 1.223012820312500103e-02
3.960000000000000000e+02 1.196541328125000185e-02
3.970000000000000000e+02 1.166362883593748817e-02
3.980000000000000000e+02 1.132853696875000052e-02
3.990000000000000000e+02 1.096435506250000025e-02
4.000000000000000000e+02 1.057550101562500233e-02
4.010000000000000000e+02 1.016672734375000456e-02
4.020000000000000000e+02 9.743006328125001364e-03
4.030000000000000000e+02 9.309586718750003861e-03
4.040000000000000000e+02 8.871809453124998926e-03
4.050000000000000000e+02 8.435009687500001629e-03
4.060000000000000000e+02 8.004325937500000876e-03
4.070000000000000000e+02 7.584434921875003559e-03
4.080000000000000000e+02 7.179509843750002743e-03
4.090000000000000000e+02 6.792972968750002512e-03
4.100000000000000000e+02 6.427362421874999177e-03
4.110000000000000000e+02 6.084337187500000327e-03
4.120000000000000000e+02 5.764585234374999465e-03
4.130000000000000000e+02 5.467865703124998901e-03
4.140000000000000000e+02 5.193107031249999742e-03
4.150000000000000000e+02 4.938605234374998133e-03
4.160000000000000000e+02 4.702280624999999326e-03
4.170000000000000000e+02 4.482027031249997788e-03
4.180000000000000000e+02 4.276043828125000203e-03
4.190000000000000000e+02 4.083245000000001838e-03
4.200000000000000000e+02 3.903443515624999225e-03
4.210000000000000000e+02 3.737415781250000464e-03
4.220000000000000000e+02 3.586804609374999540e-03
4.230000000000000000e+02 3.453853046875001928e-03
4.240000000000000000e+02 3.341068968749999913e-03
4.250000000000000000e+02 3.250820835937498661e-03
4.260000000000000000e+02 3.185015148437500814e-03
4.270000000000000000e+02 3.144736773437498481e-03
4.280000000000000000e+02 3.130084785937500835e-03
4.290000000000000000e+02 3.139932862500000900e-03
4.300000000000000000e+02 3.171793734374999188e-03
4.310000000000000000e+02 3.221742820312499447e-03
4.320000000000000000e+02 3.284530152343750377e-03
4.330000000000000000e+02 3.353731556249999607e-03
4.340000000000000000e+02 3.422229495312499505e-03
4.350000000000000000e+02 3.482959500000001787e-03
4.360000000000000000e+02 3.529543140624998628e-03
4.370000000000000000e+02 3.557113078125000161e-03
4.380000000000000000e+02 3.562917367187501405e-03
4.390000000000000000e+02 3.546477374999998638e-03
4.400000000000000000e+02 3.509588257812499765e-03
4.410000000000000000e+02 3.455799195312501699e-03
4.420000000000000000e+02 3.389717367187500014e-03
4.430000000000000000e+02 3.316299312500000686e-03
4.440000000000000000e+02 3.240135570312501108e-03
4.450000000000000000e+02 3.165098414062499435e-03
4.460000000000000000e+02 3.093997562499999944e-03
4.470000000000000000e+02 3.028641666406248645e-03
4.480000000000000000e+02 2.970032507812498702e-03
4.490000000000000000e+02 2.918695437500000434e-03
4.500000000000000000e+02 2.874986404687500472e-03
4.510000000000000000e+02 2.839309140624999422e-03
4.520000000000000000e+02 2.812057320312501534e-03
4.530000000000000000e+02 2.793370525781250016e-03
4.540000000000000000e+02 2.782652593749999296e-03
4.550000000000000000e+02 2.778201439062501308e-03
4.560000000000000000e+02 2.777102664062498609e-03
4.570000000000000000e+02 2.775504953124999317e-03
4.580000000000000000e+02 2.769338218749999546e-03
4.590000000000000000e+02 2.755212304687499128e-03
4.600000000000000000e+02 2.731207656249999473e-03
4.610000000000000000e+02 2.697319890624999637e-03
4.620000000000000000e+02 2.655326374999999323e-03
4.630000000000000000e+02 2.608187742187498617e-03
4.640000000000000000e+02 2.559234570312500859e-03
4.650000000000000000e+02 2.511410250000000247e-03
4.660000000000000000e+02 2.466801587499999841e-03
4.670000000000000000e+02 2.426755994531249079e-03
4.680000000000000000e+02 2.392366703125000868e-03
4.690000000000000000e+02 2.365352554687499310e-03
4.700000000000000000e+02 2.348915585937499939e-03
4.710000000000000000e+02 2.348377132734374723e-03
4.720000000000000000e+02 2.371167914062501016e-03
4.730000000000000000e+02 2.426083203125000212e-03
4.740000000000000000e+02 2.521773203124998749e-03
4.750000000000000000e+02 2.664732382812499533e-03
4.760000000000000000e+02 2.857173687500000250e-03
4.770000000000000000e+02 3.095355296874999999e-03
4.780000000000000000e+02 3.368804148437500121e-03
4.790000000000000000e+02 3.660619921874999454e-03
4.800000000000000000e+02 3.949061093750000188e-03
4.810000000000000000e+02 4.209954843749999683e-03
4.820000000000000000e+02 4.419585937499997952e-03
4.830000000000000000e+02 4.557557031249998523e-03
4.840000000000000000e+02 4.608987109374997927e-03
4.850000000000000000e+02 4.566436406249998158e-03
4.860000000000000000e+02 4.430997265624996712e-03
4.870000000000000000e+02 4.213085624999999765e-03
4.880000000000000000e+02 3.932584062500000220e-03
4.890000000000000000e+02 3.618128820312501055e-03
4.900000000000000000e+02 3.304987273437499321e-03
4.910000000000000000e+02 3.031402507812499831e-03
4.920000000000000000e+02 2.833520468750000149e-03
4.930000000000000000e+02 2.739803593750000845e-03
4.940000000000000000e+02 2.766199765624999599e-03
4.950000000000000000e+02 2.913115781249999998e-03
4.960000000000000000e+02 3.164801718750000561e-03
4.970000000000000000e+02 3.491334609374999697e-03
4.980000000000000000e+02 3.853018367187500612e-03
4.990000000000000000e+02 4.207008476562501195e-03
5.000000000000000000e+02 4.516149765625001450e-03
5.010000000000000000e+02 4.758458437500000769e-03
5.020000000000000000e+02 4.934874765624999715e-03
5.030000000000000000e+02 5.072214320312500718e-03
5.040000000000000000e+02 5.218913164062498333e-03
5.050000000000000000e+02 5.434074804687501203e-03
5.060000000000000000e+02 5.771717187499998160e-03
5.070000000000000000e+02 6.263759921874998901e-03
5.080000000000000000e+02 6.906399296874999108e-03
5.090000000000000000e+02 7.658657890625002705e-03
5.100000000000000000e+02 8.470891874999999030e-03
5.110000000000000000e+02 9.376445937500001854e-03
