0.000000000000000000e+00 1.132560304687500047e-02
1.000000000000000000e+00 1.129025765625000198e-02
2.000000000000000000e+00 1.121977757812500295e-02
3.000000000000000000e+00 1.111470859375000148e-02
4.000000000000000000e+00 1.097611687500000058e-02
5.000000000000000000e+00 1.080490765625000127e-02
6.000000000000000000e+00 1.060271218750000015e-02
7.000000000000000000e+00 1.037104648437499853e-02
8.000000000000000000e+00 1.011189765625000216e-02
9.000000000000000000e+00 9.827227734375002660e-03
1.000000000000000000e+01 9.519364687499998548e-03
1.100000000000000000e+01 9.190767187499993690e-03
1.200000000000000000e+01 8.843919921874995177e-03
1.300000000000000000e+01 8.481508046875000859e-03
1.400000000000000000e+01 8.106223125000000876e-03
1.500000000000000000e+01 7.720807109374998312e-03
1.600000000000000000e+01 7.328124531250000684e-03
1.700000000000000000e+01 6.930870312500001136e-03
1.800000000000000000e+01 6.531773671874999479e-03
1.900000000000000000e+01 6.133488515624998735e-03
2.000000000000000000e+01 5.738626093750001829e-03
2.100000000000000000e+01 5.349602500000000781e-03
2.200000000000000000e+01 4.968793906249998650e-03
2.300000000000000000e+01 4.598339062500000733e-03
2.400000000000000000e+01 4.240282812500001039e-03
2.500000000000000000e+01 3.896460156250000379e-03
2.600000000000000000e+01 3.568539062499999012e-03
2.700000000000000000e+01 3.257970468749999977e-03
2.800000000000000000e+01 2.966031875000000022e-03
2.900000000000000000e+01 2.693799140624999252e-03
3.000000000000000000e+01 2.442138437500000151e-03
3.100000000000000000e+01 2.211729765624999549e-03
3.200000000000000000e+01 2.003051562499998453e-03
3.300000000000000000e+01 1.816415148437500182e-03
3.400000000000000000e+01 1.651960023437500048e-03
3.500000000000000000e+01 1.509651585937500434e-03
3.600000000000000000e+01 1.389301015624999679e-03
3.700000000000000000e+01 1.290612070312499539e-03
3.800000000000000000e+01 1.213134599140624744e-03
3.900000000000000000e+01 1.156324523437500832e-03
4.000000000000000000e+01 1.119543953125000119e-03
4.100000000000000000e+01 1.102070281250000418e-03
4.200000000000000000e+01 1.103121929687500254e-03
4.300000000000000000e+01 1.121861945312499758e-03
4.400000000000000000e+01 1.157397270312499711e-03
4.500000000000000000e+01 1.208825226562499841e-03
4.600000000000000000e+01 1.275211133593749180e-03
4.700000000000000000e+01 1.355595247656249478e-03
4.800000000000000000e+01 1.449025593749999957e-03
4.900000000000000000e+01 1.554543335937500501e-03
5.000000000000000000e+01 1.671177398437499826e-03
5.100000000000000000e+01 1.797972421874999456e-03
5.200000000000000000e+01 1.933961812499999456e-03
5.300000000000000000e+01 2.078186007812500308e-03
5.400000000000000000e+01 2.229687078124999687e-03
5.500000000000000000e+01 2.387498414062501351e-03
5.600000000000000000e+01 2.550652890624998705e-03
5.700000000000000000e+01 2.718173257812500025e-03
5.800000000000000000e+01 2.889076148437500543e-03
5.900000000000000000e+01 3.062365312499999454e-03
6.000000000000000000e+01 3.237038390624999169e-03
6.100000000000000000e+01 3.412073172031250198e-03
6.200000000000000000e+01 3.586451735156249727e-03
6.300000000000000000e+01 3.759138603125000873e-03
6.400000000000000000e+01 3.929106070312499664e-03
6.500000000000000000e+01 4.095323890625000504e-03
6.600000000000000000e+01 4.256791179687499475e-03
6.700000000000000000e+01 4.412508281250002336e-03
6.800000000000000000e+01 4.561535054687500430e-03
6.900000000000000000e+01 4.702951984374998534e-03
7.000000000000000000e+01 4.835916070312498011e-03
7.100000000000000000e+01 4.959646382812501163e-03
7.200000000000000000e+01 5.073486937500004158e-03
7.300000000000000000e+01 5.176839218750001539e-03
7.400000000000000000e+01 5.269184609375000654e-03
7.500000000000000000e+01 5.350206718750000201e-03
7.600000000000000000e+01 5.419700781249999974e-03
7.700000000000000000e+01 5.477545625000000001e-03
7.800000000000000000e+01 5.523809921875000133e-03
7.900000000000000000e+01 5.558733203125000057e-03
8.000000000000000000e+01 5.582631406249998277e-03
8.100000000000000000e+01 5.596006171874999199e-03
8.200000000000000000e+01 5.599474375000002523e-03
8.300000000000000000e+01 5.593750000000001499e-03
8.400000000000000000e+01 5.579687726562500109e-03
8.500000000000000000e+01 5.558219273437499733e-03
8.600000000000000000e+01 5.530335398437502548e-03
8.700000000000000000e+01 5.497059570312498936e-03
8.800000000000000000e+01 5.459424999218750324e-03
8.900000000000000000e+01 5.418524187499998250e-03
9.000000000000000000e+01 5.375357632812500196e-03
9.100000000000000000e+01 5.330905921875002049e-03
9.200000000000000000e+01 5.286059304687501861e-03
9.300000000000000000e+01 5.241608539062498663e-03
9.400000000000000000e+01 5.198255250000000452e-03
9.500000000000000000e+01 5.156583703124998502e-03
9.600000000000000000e+01 5.116997960937501311e-03
9.700000000000000000e+01 5.079839632812496036e-03
9.800000000000000000e+01 5.045196867187498949e-03
9.900000000000000000e+01 5.013128359375000620e-03
1.000000000000000000e+02 4.983538569531250316e-03
1.010000000000000000e+02 4.956172015625003036e-03
1.020000000000000000e+02 4.930740499999999166e-03
1.030000000000000000e+02 4.906793750000000912e-03
1.040000000000000000e+02 4.883950132812501198e-03
1.050000000000000000e+02 4.861673542968749338e-03
1.060000000000000000e+02 4.839497675000001102e-03
1.070000000000000000e+02 4.817049359374998840e-03
1.080000000000000000e+02 4.793889050781252430e-03
1.090000000000000000e+02 4.769748905468751930e-03
1.100000000000000000e+02 4.744518178125000513e-03
1.110000000000000000e+02 4.718101109374999227e-03
1.120000000000000000e+02 4.690623460937497040e-03
1.130000000000000000e+02 4.662402703124999583e-03
1.140000000000000000e+02 4.633895117187500877e-03
1.150000000000000000e+02 4.605706187499999243e-03
1.160000000000000000e+02 4.578606210156251598e-03
1.170000000000000000e+02 4.553488348437498973e-03
1.180000000000000000e+02 4.531449317187500117e-03
1.190000000000000000e+02 4.513592335937497736e-03
1.200000000000000000e+02 4.501121968749998911e-03
1.210000000000000000e+02 4.495227937499999583e-03
1.220000000000000000e+02 4.497087648437500182e-03
1.230000000000000000e+02 4.507836835937499217e-03
1.240000000000000000e+02 4.528471671874999271e-03
1.250000000000000000e+02 4.559833156250000033e-03
1.260000000000000000e+02 4.602595546875000269e-03
1.270000000000000000e+02 4.657173281250000414e-03
1.280000000000000000e+02 4.723763984375000530e-03
1.290000000000000000e+02 4.802234374999997911e-03
1.300000000000000000e+02 4.892257421875000761e-03
1.310000000000000000e+02 4.993104062500000780e-03
1.320000000000000000e+02 5.103890296874997491e-03
1.330000000000000000e+02 5.223302929687499707e-03
1.340000000000000000e+02 5.349957218750001423e-03
1.350000000000000000e+02 5.482161804687501680e-03
1.360000000000000000e+02 5.618079312499998750e-03
1.370000000000000000e+02 5.755721723437501845e-03
1.380000000000000000e+02 5.893103972656249176e-03
1.390000000000000000e+02 6.028047978125003654e-03
1.400000000000000000e+02 6.158705502343749492e-03
1.410000000000000000e+02 6.282958527343749343e-03
1.420000000000000000e+02 6.399050046875001153e-03
1.430000000000000000e+02 6.505324429687498952e-03
1.440000000000000000e+02 6.600250757812499598e-03
1.450000000000000000e+02 6.682651312499999358e-03
1.460000000000000000e+02 6.751522523437500194e-03
1.470000000000000000e+02 6.806108835937501461e-03
1.480000000000000000e+02 6.845984273437499476e-03
1.490000000000000000e+02 6.870901117187504063e-03
1.500000000000000000e+02 6.880957281250001632e-03
1.510000000000000000e+02 6.876438414062503376e-03
1.520000000000000000e+02 6.857873156249999491e-03
1.530000000000000000e+02 6.825927976562496530e-03
1.540000000000000000e+02 6.781582117187498829e-03
1.550000000000000000e+02 6.725825916406254212e-03
1.560000000000000000e+02 6.659854021093749785e-03
1.570000000000000000e+02 6.584957641406249951e-03
1.580000000000000000e+02 6.502447164062501173e-03
1.590000000000000000e+02 6.413813242187501804e-03
1.600000000000000000e+02 6.320588492187501073e-03
1.610000000000000000e+02 6.224216617187497587e-03
1.620000000000000000e+02 6.126336015624999146e-03
1.630000000000000000e+02 6.028522812499998405e-03
1.640000000000000000e+02 5.932389296874999995e-03
1.650000000000000000e+02 5.839613124999999509e-03
1.660000000000000000e+02 5.751746875000000696e-03
1.670000000000000000e+02 5.670472187500000087e-03
1.680000000000000000e+02 5.597392851562500715e-03
1.690000000000000000e+02 5.534101625000001877e-03
1.700000000000000000e+02 5.482108218749999311e-03
1.710000000000000000e+02 5.442876028124999863e-03
1.720000000000000000e+02 5.417813015625000048e-03
1.730000000000000000e+02 5.408148367187498931e-03
1.740000000000000000e+02 5.415036824218750350e-03
1.750000000000000000e+02 5.439313661484376262e-03
1.760000000000000000e+02 5.481760762500000224e-03
1.770000000000000000e+02 5.542890023437501042e-03
1.780000000000000000e+02 5.622870257812498211e-03
1.790000000000000000e+02 5.721641960937499244e-03
1.800000000000000000e+02 5.838835804687499478e-03
1.810000000000000000e+02 5.973785875000000960e-03
1.820000000000000000e+02 6.125392890625002904e-03
1.830000000000000000e+02 6.292375984374999273e-03
1.840000000000000000e+02 6.473049296874999227e-03
1.850000000000000000e+02 6.665349140624999592e-03
1.860000000000000000e+02 6.867117109374997613e-03
1.870000000000000000e+02 7.075812890624999865e-03
1.880000000000000000e+02 7.288645625000002119e-03
1.890000000000000000e+02 7.502800468750001062e-03
1.900000000000000000e+02 7.715227734374999029e-03
1.910000000000000000e+02 7.922807421875000672e-03
1.920000000000000000e+02 8.122549843750001899e-03
1.930000000000000000e+02 8.311313906249999384e-03
1.940000000000000000e+02 8.486247882812499033e-03
1.950000000000000000e+02 8.644546328124998874e-03
1.960000000000000000e+02 8.783659953124998282e-03
1.970000000000000000e+02 8.901396257812495966e-03
1.980000000000000000e+02 8.995698749999999494e-03
1.990000000000000000e+02 9.065028453124998609e-03
2.000000000000000000e+02 9.108203851562496345e-03
2.010000000000000000e+02 9.124428664062498098e-03
2.020000000000000000e+02 9.113454351562499597e-03
2.030000000000000000e+02 9.075316859374999920e-03
2.040000000000000000e+02 9.010611617187505931e-03
2.050000000000000000e+02 8.920401453124999006e-03
2.060000000000000000e+02 8.806019695312505488e-03
2.070000000000000000e+02 8.669464132812497101e-03
2.080000000000000000e+02 8.512853187499998947e-03
2.090000000000000000e+02 8.338785515625002365e-03
2.100000000000000000e+02 8.150066515625000244e-03
2.110000000000000000e+02 7.949780492187497397e-03
2.120000000000000000e+02 7.741266249999998253e-03
2.130000000000000000e+02 7.527788811718744838e-03
2.140000000000000000e+02 7.312893718749998752e-03
2.150000000000000000e+02 7.099941394531247320e-03
2.160000000000000000e+02 6.892405203124997611e-03
2.170000000000000000e+02 6.693553678124998518e-03
2.180000000000000000e+02 6.506503489843747448e-03
2.190000000000000000e+02 6.334190976562500096e-03
2.200000000000000000e+02 6.179141601562502042e-03
2.210000000000000000e+02 6.043839799999997306e-03
2.220000000000000000e+02 5.930167164062497172e-03
2.230000000000000000e+02 5.839759359375002769e-03
2.240000000000000000e+02 5.773851281250004172e-03
2.250000000000000000e+02 5.733277070312501646e-03
2.260000000000000000e+02 5.718404812499998553e-03
2.270000000000000000e+02 5.729326218750000616e-03
2.280000000000000000e+02 5.765586625000001901e-03
2.290000000000000000e+02 5.826427820312498826e-03
2.300000000000000000e+02 5.910727179687500291e-03
2.310000000000000000e+02 6.017035683593748019e-03
2.320000000000000000e+02 6.143551244609374122e-03
2.330000000000000000e+02 6.288316890625002958e-03
2.340000000000000000e+02 6.449036929687498865e-03
2.350000000000000000e+02 6.623306367187501570e-03
2.360000000000000000e+02 6.808590156249994495e-03
2.370000000000000000e+02 7.002237109375000074e-03
2.380000000000000000e+02 7.201530312500004430e-03
2.390000000000000000e+02 7.403902031250001251e-03
2.400000000000000000e+02 7.606687867187498890e-03
2.410000000000000000e+02 7.807333210937496271e-03
2.420000000000000000e+02 8.003565156249999729e-03
2.430000000000000000e+02 8.193126328124997887e-03
2.440000000000000000e+02 8.374053046874998033e-03
2.450000000000000000e+02 8.544626406250001999e-03
2.460000000000000000e+02 8.703318046875008901e-03
2.470000000000000000e+02 8.849025859375001662e-03
2.480000000000000000e+02 8.980795156250000535e-03
2.490000000000000000e+02 9.098103750000001086e-03
2.500000000000000000e+02 9.200662890625000909e-03
2.510000000000000000e+02 9.288438828125000421e-03
2.520000000000000000e+02 9.361815078125002021e-03
2.530000000000000000e+02 9.421378281250000070e-03
2.540000000000000000e+02 9.467971328124996297e-03
2.550000000000000000e+02 9.502659531250000693e-03
2.560000000000000000e+02 9.526688359375002149e-03
2.570000000000000000e+02 9.541558203125003260e-03
2.580000000000000000e+02 9.548798281249996217e-03
2.590000000000000000e+02 9.550078984375003424e-03
2.600000000000000000e+02 9.547071875000000263e-03
2.610000000000000000e+02 9.541507031250000270e-03
2.620000000000000000e+02 9.535111718749997647e-03
2.630000000000000000e+02 9.529442187500005920e-03
2.640000000000000000e+02 9.526061718750002821e-03
2.650000000000000000e+02 9.526364062500000673e-03
2.660000000000000000e+02 9.531510937500002958e-03
2.670000000000000000e+02 9.542559374999998872e-03
2.680000000000000000e+02 9.560431249999995842e-03
2.690000000000000000e+02 9.585720312499998799e-03
2.700000000000000000e+02 9.618826562500001898e-03
2.710000000000000000e+02 9.660113281250005610e-03
2.720000000000000000e+02 9.709577343749999437e-03
2.730000000000000000e+02 9.767125000000001500e-03
2.740000000000000000e+02 9.832498437499996580e-03
2.750000000000000000e+02 9.905363281249997612e-03
2.760000000000000000e+02 9.985251562500000247e-03
2.770000000000000000e+02 1.007161328124999908e-02
2.780000000000000000e+02 1.016384375000000014e-02
2.790000000000000000e+02 1.026115625000000031e-02
2.800000000000000000e+02 1.036305468749999618e-02
2.810000000000000000e+02 1.046875624999999907e-02
2.820000000000000000e+02 1.057759921874999558e-02
2.830000000000000000e+02 1.068899687500000223e-02
2.840000000000000000e+02 1.080221484375000311e-02
2.850000000000000000e+02 1.091679453124999588e-02
2.860000000000000000e+02 1.103233515624999980e-02
2.870000000000000000e+02 1.114838593749999801e-02
2.880000000000000000e+02 1.126478281249999880e-02
2.890000000000000000e+02 1.138151015625000172e-02
2.900000000000000000e+02 1.149858828124999954e-02
2.910000000000000000e+02 1.161640703124999785e-02
2.920000000000000000e+02 1.173526250000000125e-02
2.930000000000000000e+02 1.185583515625000285e-02
2.940000000000000000e+02 1.197893671874999608e-02
2.950000000000000000e+02 1.210535624999999234e-02
2.960000000000000000e+02 1.223600859374999843e-02
2.970000000000000000e+02 1.237211328125000474e-02
2.980000000000000000e+02 1.251462265625000181e-02
2.990000000000000000e+02 1.266461953124999214e-02
3.000000000000000000e+02 1.282315546874999816e-02
3.010000000000000000e+02 1.299111953124999601e-02
3.020000000000000000e+02 1.316945312500000104e-02
3.030000000000000000e+02 1.335878984375000501e-02
3.040000000000000000e+02 1.355958437500000453e-02
3.050000000000000000e+02 1.377226796874999465e-02
3.060000000000000000e+02 1.399692968750000308e-02
3.070000000000000000e+02 1.423336171874999695e-02
3.080000000000000000e+02 1.448123437499999888e-02
3.090000000000000000e+02 1.473988749999999640e-02
3.100000000000000000e+02 1.500837499999999741e-02
3.110000000000000000e+02 1.528561406249999942e-02
3.120000000000000000e+02 1.557010859374999973e-02
3.130000000000000000e+02 1.586019921875000960e-02
3.140000000000000000e+02 1.615403984374999199e-02
3.150000000000000000e+02 1.644946796874999576e-02
3.160000000000000000e+02 1.674410000000000481e-02
3.170000000000000000e+02 1.703530000000001363e-02
3.180000000000000000e+02 1.732013281249999981e-02
3.190000000000000000e+02 1.759548828124999839e-02
3.200000000000000000e+02 1.785790468750000221e-02
3.210000000000000000e+02 1.810373437499999613e-02
3.220000000000000000e+02 1.832900156249999551e-02
3.230000000000000000e+02 1.852976249999999103e-02
3.240000000000000000e+02 1.870182499999998443e-02
3.250000000000000000e+02 1.884112656250000115e-02
3.260000000000000000e+02 1.894383539062499677e-02
3.270000000000000000e+02 1.900622179687500371e-02
3.280000000000000000e+02 1.902502742187498971e-02
3.290000000000000000e+02 1.899767453125000838e-02
3.300000000000000000e+02 1.892194968750000872e-02
3.310000000000000000e+02 1.879649070312500517e-02
3.320000000000000000e+02 1.862060528125001474e-02
3.330000000000000000e+02 1.839440364062499764e-02
3.340000000000000000e+02 1.811864247289062674e-02
3.350000000000000000e+02 1.779488739140626385e-02
3.360000000000000000e+02 1.742528458828125973e-02
3.370000000000000000e+02 1.701267768749999479e-02
3.380000000000000000e+02 1.656026121875000048e-02
3.390000000000000000e+02 1.607202115625000136e-02
3.400000000000000000e+02 1.555191335937500426e-02
3.410000000000000000e+02 1.500448812500000152e-02
3.420000000000000000e+02 1.443445414062499189e-02
3.430000000000000000e+02 1.384652453124999259e-02
3.440000000000000000e+02 1.324557398437500519e-02
3.450000000000000000e+02 1.263648085937500200e-02
3.460000000000000000e+02 1.202397015625000440e-02
3.470000000000000000e+02 1.141267757812500054e-02
3.480000000000000000e+02 1.080713140624999652e-02
3.490000000000000000e+02 1.021169523437500705e-02
3.500000000000000000e+02 9.630581328125000298e-03
3.510000000000000000e+02 9.067869921874999184e-03
3.520000000000000000e+02 8.527606328124997734e-03
3.530000000000000000e+02 8.013540624999995754e-03
3.540000000000000000e+02 7.529437054687500123e-03
3.550000000000000000e+02 7.078856523437498764e-03
3.560000000000000000e+02 6.665128984375002716e-03
3.570000000000000000e+02 6.291444843749998891e-03
3.580000000000000000e+02 5.960756582031249799e-03
3.590000000000000000e+02 5.675697135937499485e-03
3.600000000000000000e+02 5.438563050781246820e-03
3.610000000000000000e+02 5.251401260937499198e-03
3.620000000000000000e+02 5.115779507812499502e-03
3.630000000000000000e+02 5.032810046874999950e-03
3.640000000000000000e+02 5.003156007031253107e-03
3.650000000000000000e+02 5.027035667187495366e-03
3.660000000000000000e+02 5.103869382812501777e-03
3.670000000000000000e+02 5.232716328124997762e-03
3.680000000000000000e+02 5.411743572656248051e-03
3.690000000000000000e+02 5.638588892187502630e-03
3.700000000000000000e+02 5.910234781249999042e-03
3.710000000000000000e+02 6.222910866406251330e-03
3.720000000000000000e+02 6.572410850000001692e-03
3.730000000000000000e+02 6.953908039062498860e-03
3.740000000000000000e+02 7.362250858593748920e-03
3.750000000000000000e+02 7.791786765625002831e-03
3.760000000000000000e+02 8.236676054687502857e-03
3.770000000000000000e+02 8.690741523437505237e-03
3.780000000000000000e+02 9.147692148437497339e-03
3.790000000000000000e+02 9.601067132812505373e-03
3.800000000000000000e+02 1.004441540624999990e-02
3.810000000000000000e+02 1.047136081484374356e-02
3.820000000000000000e+02 1.087560925781250014e-02
3.830000000000000000e+02 1.125140012890624673e-02
3.840000000000000000e+02 1.159326432656250343e-02
3.850000000000000000e+02 1.189642629531249482e-02
3.860000000000000000e+02 1.215676619843749848e-02
3.870000000000000000e+02 1.237078758203125593e-02
3.880000000000000000e+02 1.253568078124999916e-02
3.890000000000000000e+02 1.264950405468749997e-02
3.900000000000000000e+02 1.271083616406249416e-02
3.910000000000000000e+02 1.271903062499999196e-02
3.920000000000000000e+02 1.267409820312499769e-02
3.930000000000000000e+02 1.257682757812499975e-02
3.940000000000000000e+02 1.242862171874999783e-02
3.950000000000000000e+02 1.223168585937501468e-02
3.960000000000000000e+02 1.198877671093749597e-02
3.970000000000000000e+02 1.170324552343749054e-02
3.980000000000000000e+02 1.137900117968750242e-02
3.990000000000000000e+02 1.102034363281249180e-02
4.000000000000000000e+02 1.063204633593749747e-02
4.010000000000000000e+02 1.021918284062500043e-02
4.020000000000000000e+02 9.787209343750000526e-03
4.030000000000000000e+02 9.341899749999993396e-03
4.040000000000000000e+02 8.889152773437500668e-03
4.050000000000000000e+02 8.434950078124997877e-03
4.060000000000000000e+02 7.985282062499999764e-03
4.070000000000000000e+02 7.545682414062497567e-03
4.080000000000000000e+02 7.121143984375003302e-03
4.090000000000000000e+02 6.716063515625000577e-03
4.100000000000000000e+02 6.333848437500000199e-03
4.110000000000000000e+02 5.977014531249998965e-03
4.120000000000000000e+02 5.647066328124999458e-03
4.130000000000000000e+02 5.344500234375000602e-03
4.140000000000000000e+02 5.068944296874999984e-03
4.150000000000000000e+02 4.819091015624998864e-03
4.160000000000000000e+02 4.593038984374997989e-03
4.170000000000000000e+02 4.388503593749995546e-03
4.180000000000000000e+02 4.203071484375001110e-03
4.190000000000000000e+02 4.034672343749998516e-03
4.200000000000000000e+02 3.881791874999999427e-03
4.210000000000000000e+02 3.743732726562498583e-03
4.220000000000000000e+02 3.620694851562501326e-03
4.230000000000000000e+02 3.513613273437499272e-03
4.240000000000000000e+02 3.423972898437500131e-03
4.250000000000000000e+02 3.353442624999999552e-03
4.260000000000000000e+02 3.303528046875000429e-03
4.270000000000000000e+02 3.275235671875001853e-03
4.280000000000000000e+02 3.268831187500000155e-03
4.290000000000000000e+02 3.283637113281250106e-03
4.300000000000000000e+02 3.317867093750001203e-03
4.310000000000000000e+02 3.368581053906250389e-03
4.320000000000000000e+02 3.431626282812500102e-03
4.330000000000000000e+02 3.501776808593749964e-03
4.340000000000000000e+02 3.572993546874999714e-03
4.350000000000000000e+02 3.638793753124999406e-03
4.360000000000000000e+02 3.693056671874996727e-03
4.370000000000000000e+02 3.730492031249999299e-03
4.380000000000000000e+02 3.747560507812499123e-03
4.390000000000000000e+02 3.742717226562500537e-03
4.400000000000000000e+02 3.716722078125000821e-03
4.410000000000000000e+02 3.672267710937501036e-03
4.420000000000000000e+02 3.613581250000000994e-03
4.430000000000000000e+02 3.545641828124999981e-03
4.440000000000000000e+02 3.473421664062499841e-03
4.450000000000000000e+02 3.401270421875001154e-03
4.460000000000000000e+02 3.332595179687499951e-03
4.470000000000000000e+02 3.269608992187500798e-03
4.480000000000000000e+02 3.213507101562500592e-03
4.490000000000000000e+02 3.164683726562500434e-03
4.500000000000000000e+02 3.123156710156249974e-03
4.510000000000000000e+02 3.088803804687500001e-03
4.520000000000000000e+02 3.061531015624999272e-03
4.530000000000000000e+02 3.041186832031249863e-03
4.540000000000000000e+02 3.027217252343751379e-03
4.550000000000000000e+02 3.018247515624998371e-03
4.560000000000000000e+02 3.011807439062500792e-03
4.570000000000000000e+02 3.004327812499999785e-03
4.580000000000000000e+02 2.991653033593750111e-03
4.590000000000000000e+02 2.969868585937499115e-03
4.600000000000000000e+02 2.936260429687499555e-03
4.610000000000000000e+02 2.890106624999999596e-03
4.620000000000000000e+02 2.832986935937500256e-03
4.630000000000000000e+02 2.768494032031249431e-03
4.640000000000000000e+02 2.701461304687499676e-03
4.650000000000000000e+02 2.636997063281249030e-03
4.660000000000000000e+02 2.579591161718751673e-03
4.670000000000000000e+02 2.532677828124999236e-03
4.680000000000000000e+02 2.498568898437498499e-03
4.690000000000000000e+02 2.478982187500000569e-03
4.700000000000000000e+02 2.475709531249998836e-03
4.710000000000000000e+02 2.491380242187500160e-03
4.720000000000000000e+02 2.529824054687499282e-03
4.730000000000000000e+02 2.595959531249998533e-03
4.740000000000000000e+02 2.694930624999999566e-03
4.750000000000000000e+02 2.830717656249999610e-03
4.760000000000000000e+02 3.004413046875000024e-03
4.770000000000000000e+02 3.212648015625000665e-03
4.780000000000000000e+02 3.446580445312500719e-03
4.790000000000000000e+02 3.691812062499999145e-03
4.800000000000000000e+02 3.929479296875001623e-03
4.810000000000000000e+02 4.138303906249998949e-03
4.820000000000000000e+02 4.297355000000000966e-03
4.830000000000000000e+02 4.389007656249997377e-03
4.840000000000000000e+02 4.401371640624999505e-03
4.850000000000000000e+02 4.330222968750000248e-03
4.860000000000000000e+02 4.179834687499999965e-03
4.870000000000000000e+02 3.963187968749998583e-03
4.880000000000000000e+02 3.701322109375001623e-03
4.890000000000000000e+02 3.422110717187500702e-03
4.900000000000000000e+02 3.158147367187497459e-03
4.910000000000000000e+02 2.943420179687499666e-03
4.920000000000000000e+02 2.808974062500000507e-03
4.930000000000000000e+02 2.778093359374998218e-03
4.940000000000000000e+02 2.861918046875001030e-03
4.950000000000000000e+02 3.056923671875000099e-03
4.960000000000000000e+02 3.344926718749997689e-03
4.970000000000000000e+02 3.695778625000001663e-03
4.980000000000000000e+02 4.072319539062500826e-03
4.990000000000000000e+02 4.436575570312499377e-03
5.000000000000000000e+02 4.757416171874999031e-03
5.010000000000000000e+02 5.017831562500000078e-03
5.020000000000000000e+02 5.221384218750000673e-03
5.030000000000000000e+02 5.394353999999998775e-03
5.040000000000000000e+02 5.581904804687502775e-03
5.050000000000000000e+02 5.837514148437500383e-03
5.060000000000000000e+02 6.207875781249999440e-03
5.070000000000000000e+02 6.717818749999999138e-03
5.080000000000000000e+02 7.359254765624998265e-03
5.090000000000000000e+02 8.093480234375005633e-03
5.100000000000000000e+02 8.883157812500000472e-03
5.110000000000000000e+02 9.790751875000001589e-03
