0.000000000000000000e+00 1.448088195312499833e-02
1.000000000000000000e+00 1.443217960937499995e-02
2.000000000000000000e+00 1.433535062500000158e-02
3.000000000000000000e+00 1.419103421874999896e-02
4.000000000000000000e+00 1.400073679687500149e-02
5.000000000000000000e+00 1.376606359375000428e-02
6.000000000000000000e+00 1.348924734375000350e-02
7.000000000000000000e+00 1.317264296875000559e-02
8.000000000000000000e+00 1.281911406250000295e-02
9.000000000000000000e+00 1.243166015625000488e-02
1.000000000000000000e+01 1.201372343749999849e-02
1.100000000000000000e+01 1.156885312499999520e-02
1.200000000000000000e+01 1.110082109374999938e-02
1.300000000000000000e+01 1.061350156250000058e-02
1.400000000000000000e+01 1.011081171875000823e-02
1.500000000000000000e+01 9.596824218749995875e-03
1.600000000000000000e+01 9.075531250000002867e-03
1.700000000000000000e+01 8.550884375000001453e-03
1.800000000000000000e+01 8.026783593750003165e-03
1.900000000000000000e+01 7.506953906250000627e-03
2.000000000000000000e+01 6.995018750000000021e-03
2.100000000000000000e+01 6.494318750000001132e-03
2.200000000000000000e+01 6.008072656249999373e-03
2.300000000000000000e+01 5.539148437499999585e-03
2.400000000000000000e+01 5.090210937499999033e-03
2.500000000000000000e+01 4.663581249999998977e-03
2.600000000000000000e+01 4.261279687500001134e-03
2.700000000000000000e+01 3.885041406249999021e-03
2.800000000000000000e+01 3.536253906249999576e-03
2.900000000000000000e+01 3.215992187500002486e-03
3.000000000000000000e+01 2.924994531249998191e-03
3.100000000000000000e+01 2.663713281250000130e-03
3.200000000000000000e+01 2.432289921874999320e-03
3.300000000000000000e+01 2.230572031250000527e-03
3.400000000000000000e+01 2.058154296874998949e-03
3.500000000000000000e+01 1.914378359375000244e-03
3.600000000000000000e+01 1.798352835937500234e-03
3.700000000000000000e+01 1.709011656250000386e-03
3.800000000000000000e+01 1.645087015625000147e-03
3.900000000000000000e+01 1.605176523437500200e-03
4.000000000000000000e+01 1.587754466406250242e-03
4.100000000000000000e+01 1.591206160937500480e-03
4.200000000000000000e+01 1.613844351562500378e-03
4.300000000000000000e+01 1.653931531250000132e-03
4.400000000000000000e+01 1.709725179687500820e-03
4.500000000000000000e+01 1.779480408593749497e-03
4.600000000000000000e+01 1.861485232031250296e-03
4.700000000000000000e+01 1.954056406328125682e-03
4.800000000000000000e+01 2.055578667968749502e-03
4.900000000000000000e+01 2.164519749999998903e-03
5.000000000000000000e+01 2.279423484374998917e-03
5.100000000000000000e+01 2.398924382812500644e-03
5.200000000000000000e+01 2.521775828125000837e-03
5.300000000000000000e+01 2.646811640624999445e-03
5.400000000000000000e+01 2.772983906250000088e-03
5.500000000000000000e+01 2.899366953124999941e-03
5.600000000000000000e+01 3.025100000000000618e-03
5.700000000000000000e+01 3.149455000000001958e-03
5.800000000000000000e+01 3.271775234374998780e-03
5.900000000000000000e+01 3.391485468749998958e-03
6.000000000000000000e+01 3.508097421875001030e-03
6.100000000000000000e+01 3.621164687500001006e-03
6.200000000000000000e+01 3.730323593749999920e-03
6.300000000000000000e+01 3.835225000000001567e-03
6.400000000000000000e+01 3.935568515625000562e-03
6.500000000000000000e+01 4.031090781249999783e-03
6.600000000000000000e+01 4.121529453125000707e-03
6.700000000000000000e+01 4.206637578124998444e-03
6.800000000000000000e+01 4.286206484375000049e-03
6.900000000000000000e+01 4.359992031250002620e-03
7.000000000000000000e+01 4.427771101562499347e-03
7.100000000000000000e+01 4.489347789062497936e-03
7.200000000000000000e+01 4.544532350000001636e-03
7.300000000000000000e+01 4.593142109375000955e-03
7.400000000000000000e+01 4.635035593750004047e-03
7.500000000000000000e+01 4.670083828125001085e-03
7.600000000000000000e+01 4.698219218750001626e-03
7.700000000000000000e+01 4.719390312499999358e-03
7.800000000000000000e+01 4.733658046875002107e-03
7.900000000000000000e+01 4.741168367187501356e-03
8.000000000000000000e+01 4.741977031249997900e-03
8.100000000000000000e+01 4.736450984375000471e-03
8.200000000000000000e+01 4.724854843750000977e-03
8.300000000000000000e+01 4.707617812500001185e-03
8.400000000000000000e+01 4.685213671875001519e-03
8.500000000000000000e+01 4.658218046875001704e-03
8.600000000000000000e+01 4.627237890625000155e-03
8.700000000000000000e+01 4.592946328124999054e-03
8.800000000000000000e+01 4.555989531250000460e-03
8.900000000000000000e+01 4.517068281249998936e-03
9.000000000000000000e+01 4.476996328124998974e-03
9.100000000000000000e+01 4.436315078124997494e-03
9.200000000000000000e+01 4.395687031249998801e-03
9.300000000000000000e+01 4.355731249999998840e-03
9.400000000000000000e+01 4.316833593749999642e-03
9.500000000000000000e+01 4.279447734374999639e-03
9.600000000000000000e+01 4.243779999999999081e-03
9.700000000000000000e+01 4.209958203125000083e-03
9.800000000000000000e+01 4.178050390624999354e-03
9.900000000000000000e+01 4.147911953124998850e-03
1.000000000000000000e+02 4.119317734374999124e-03
1.010000000000000000e+02 4.091953437500000373e-03
1.020000000000000000e+02 4.065414624999999504e-03
1.030000000000000000e+02 4.039276507812499147e-03
1.040000000000000000e+02 4.013020242187498310e-03
1.050000000000000000e+02 3.986179156249998468e-03
1.060000000000000000e+02 3.958345296874999676e-03
1.070000000000000000e+02 3.929185499999999706e-03
1.080000000000000000e+02 3.898432718750001209e-03
1.090000000000000000e+02 3.866000179687500201e-03
1.100000000000000000e+02 3.831996896093749390e-03
1.110000000000000000e+02 3.796668570312501222e-03
1.120000000000000000e+02 3.760480882812498957e-03
1.130000000000000000e+02 3.724147727343749600e-03
1.140000000000000000e+02 3.688546734609375946e-03
1.150000000000000000e+02 3.654722865624999636e-03
1.160000000000000000e+02 3.623905742187500008e-03
1.170000000000000000e+02 3.597445927343748996e-03
1.180000000000000000e+02 3.576751406250002364e-03
1.190000000000000000e+02 3.563253843749998855e-03
1.200000000000000000e+02 3.558425115625000936e-03
1.210000000000000000e+02 3.563493554687499534e-03
1.220000000000000000e+02 3.579679140625000033e-03
1.230000000000000000e+02 3.607922117187498806e-03
1.240000000000000000e+02 3.648935539062498484e-03
1.250000000000000000e+02 3.703077929687501393e-03
1.260000000000000000e+02 3.770378890624999976e-03
1.270000000000000000e+02 3.850586289062499657e-03
1.280000000000000000e+02 3.942972929687500044e-03
1.290000000000000000e+02 4.046502123437498502e-03
1.300000000000000000e+02 4.159795539062500352e-03
1.310000000000000000e+02 4.281124226562496929e-03
1.320000000000000000e+02 4.408540890624998952e-03
1.330000000000000000e+02 4.539865156249997882e-03
1.340000000000000000e+02 4.672781093749999934e-03
1.350000000000000000e+02 4.804915624999997817e-03
1.360000000000000000e+02 4.933911640625001857e-03
1.370000000000000000e+02 5.057493671874998924e-03
1.380000000000000000e+02 5.173471093750001484e-03
1.390000000000000000e+02 5.280044062499997595e-03
1.400000000000000000e+02 5.375476562500001998e-03
1.410000000000000000e+02 5.458485546874999178e-03
1.420000000000000000e+02 5.528166484375001202e-03
1.430000000000000000e+02 5.583851249999998920e-03
1.440000000000000000e+02 5.625374843750000249e-03
1.450000000000000000e+02 5.652843671875001225e-03
1.460000000000000000e+02 5.666741953124998510e-03
1.470000000000000000e+02 5.667821015624999528e-03
1.480000000000000000e+02 5.657112812500001038e-03
1.490000000000000000e+02 5.635811796875001001e-03
1.500000000000000000e+02 5.605280156250000596e-03
1.510000000000000000e+02 5.566975156249999099e-03
1.520000000000000000e+02 5.522392765625000130e-03
1.530000000000000000e+02 5.472944390624998913e-03
1.540000000000000000e+02 5.420095382812501958e-03
1.550000000000000000e+02 5.365130218749999957e-03
1.560000000000000000e+02 5.309268496875001013e-03
1.570000000000000000e+02 5.253557023437502652e-03
1.580000000000000000e+02 5.198975685937499286e-03
1.590000000000000000e+02 5.146289062499996569e-03
1.600000000000000000e+02 5.096219345624998162e-03
1.610000000000000000e+02 5.049321820312500930e-03
1.620000000000000000e+02 5.006213402343751007e-03
1.630000000000000000e+02 4.967239179687501886e-03
1.640000000000000000e+02 4.932894039062499930e-03
1.650000000000000000e+02 4.903675921875001384e-03
1.660000000000000000e+02 4.879906343750002248e-03
1.670000000000000000e+02 4.862124234375001831e-03
1.680000000000000000e+02 4.850801570312501289e-03
1.690000000000000000e+02 4.846463296874999049e-03
1.700000000000000000e+02 4.849598523437499177e-03
1.710000000000000000e+02 4.860817039062499678e-03
1.720000000000000000e+02 4.880559585937500368e-03
1.730000000000000000e+02 4.909268703124999682e-03
1.740000000000000000e+02 4.947376867187500485e-03
1.750000000000000000e+02 4.995099249999999241e-03
1.760000000000000000e+02 5.052606562500001723e-03
1.770000000000000000e+02 5.119785679687498953e-03
1.780000000000000000e+02 5.196508140624997614e-03
1.790000000000000000e+02 5.282238765624998160e-03
1.800000000000000000e+02 5.376371742187500274e-03
1.810000000000000000e+02 5.478031937499999900e-03
1.820000000000000000e+02 5.586105140625000423e-03
1.830000000000000000e+02 5.699285500000002454e-03
1.840000000000000000e+02 5.816093086718751581e-03
1.850000000000000000e+02 5.934894335937502229e-03
1.860000000000000000e+02 6.053877360156252954e-03
1.870000000000000000e+02 6.171216914062497769e-03
1.880000000000000000e+02 6.284932437500000656e-03
1.890000000000000000e+02 6.393153057031251627e-03
1.900000000000000000e+02 6.494003273437499134e-03
1.910000000000000000e+02 6.585695539062500284e-03
1.920000000000000000e+02 6.666595695312504607e-03
1.930000000000000000e+02 6.735219640624997249e-03
1.940000000000000000e+02 6.790334468749998319e-03
1.950000000000000000e+02 6.830901679687499325e-03
1.960000000000000000e+02 6.856272195312498006e-03
1.970000000000000000e+02 6.865942085937498315e-03
1.980000000000000000e+02 6.859824453124998937e-03
1.990000000000000000e+02 6.838132273437499443e-03
2.000000000000000000e+02 6.801429218749998479e-03
2.010000000000000000e+02 6.750471328124999469e-03
2.020000000000000000e+02 6.686429765625002443e-03
2.030000000000000000e+02 6.610738828124996212e-03
2.040000000000000000e+02 6.525018359374998127e-03
2.050000000000000000e+02 6.431116249999999611e-03
2.060000000000000000e+02 6.331071250000001351e-03
2.070000000000000000e+02 6.227057109374998026e-03
2.080000000000000000e+02 6.121373124999997598e-03
2.090000000000000000e+02 6.016293593750002104e-03
2.100000000000000000e+02 5.914165156250000659e-03
2.110000000000000000e+02 5.817245390624999762e-03
2.120000000000000000e+02 5.727793984375001771e-03
2.130000000000000000e+02 5.647873085937497872e-03
2.140000000000000000e+02 5.579431046874999689e-03
2.150000000000000000e+02 5.524165992187501581e-03
2.160000000000000000e+02 5.483646132812500587e-03
2.170000000000000000e+02 5.459086125000000081e-03
2.180000000000000000e+02 5.451483726562502893e-03
2.190000000000000000e+02 5.461507578125000123e-03
2.200000000000000000e+02 5.489473071093746263e-03
2.210000000000000000e+02 5.535506187500003304e-03
2.220000000000000000e+02 5.599197101562499931e-03
2.230000000000000000e+02 5.679949546874996785e-03
2.240000000000000000e+02 5.776778015624997598e-03
2.250000000000000000e+02 5.888463640625000127e-03
2.260000000000000000e+02 6.013415725000001259e-03
2.270000000000000000e+02 6.149819922656250826e-03
2.280000000000000000e+02 6.295681671093750903e-03
2.290000000000000000e+02 6.448790804687502647e-03
2.300000000000000000e+02 6.606897890625000429e-03
2.310000000000000000e+02 6.767525703125001728e-03
2.320000000000000000e+02 6.928291640625002315e-03
2.330000000000000000e+02 7.086861171874994994e-03
2.340000000000000000e+02 7.240953281250002947e-03
2.350000000000000000e+02 7.388431250000002462e-03
2.360000000000000000e+02 7.527418359375001242e-03
2.370000000000000000e+02 7.656102109375003545e-03
2.380000000000000000e+02 7.773233984375001702e-03
2.390000000000000000e+02 7.877611640624998871e-03
2.400000000000000000e+02 7.968480078124999533e-03
2.410000000000000000e+02 8.045455624999999639e-03
2.420000000000000000e+02 8.108339921874993875e-03
2.430000000000000000e+02 8.157435078124997130e-03
2.440000000000000000e+02 8.193266796874997676e-03
2.450000000000000000e+02 8.216752421875000989e-03
2.460000000000000000e+02 8.229007421874998465e-03
2.470000000000000000e+02 8.231357187499998077e-03
2.480000000000000000e+02 8.225523953124994070e-03
2.490000000000000000e+02 8.213066249999996168e-03
2.500000000000000000e+02 8.196010851562495966e-03
2.510000000000000000e+02 8.176204882812504807e-03
2.520000000000000000e+02 8.155694882812499977e-03
2.530000000000000000e+02 8.136354688281249858e-03
2.540000000000000000e+02 8.120069421874999069e-03
2.550000000000000000e+02 8.108656886781247936e-03
2.560000000000000000e+02 8.103660539062499876e-03
2.570000000000000000e+02 8.106592504687497661e-03
2.580000000000000000e+02 8.118611209374997778e-03
2.590000000000000000e+02 8.140681709374998284e-03
2.600000000000000000e+02 8.173533574218745656e-03
2.610000000000000000e+02 8.217550195312502831e-03
2.620000000000000000e+02 8.272872976562498093e-03
2.630000000000000000e+02 8.339394968749993392e-03
2.640000000000000000e+02 8.416712359374996580e-03
2.650000000000000000e+02 8.504168906250001575e-03
2.660000000000000000e+02 8.600982460937500046e-03
2.670000000000000000e+02 8.706101640624998306e-03
2.680000000000000000e+02 8.818479921875000543e-03
2.690000000000000000e+02 8.936754296875003625e-03
2.700000000000000000e+02 9.059790703125000788e-03
2.710000000000000000e+02 9.186255078125000334e-03
2.720000000000000000e+02 9.314887656250001383e-03
2.730000000000000000e+02 9.444538046875000994e-03
2.740000000000000000e+02 9.574102187500000902e-03
2.750000000000000000e+02 9.702671250000001121e-03
2.760000000000000000e+02 9.829363281250003137e-03
2.770000000000000000e+02 9.953745312499996320e-03
2.780000000000000000e+02 1.007531406250000358e-02
2.790000000000000000e+02 1.019396953124999949e-02
2.800000000000000000e+02 1.030977656250000631e-02
2.810000000000000000e+02 1.042308437500000066e-02
2.820000000000000000e+02 1.053449999999999352e-02
2.830000000000000000e+02 1.064502265624999930e-02
2.840000000000000000e+02 1.075555312499999576e-02
2.850000000000000000e+02 1.086757109375000377e-02
2.860000000000000000e+02 1.098253046874999792e-02
2.870000000000000000e+02 1.110221796875000486e-02
2.880000000000000000e+02 1.122829531250000082e-02
2.890000000000000000e+02 1.136267812499999752e-02
2.900000000000000000e+02 1.150714765625000281e-02
2.910000000000000000e+02 1.166367343749999223e-02
2.920000000000000000e+02 1.183378828125000552e-02
2.930000000000000000e+02 1.201924296875000152e-02
2.940000000000000000e+02 1.222141874999999912e-02
2.950000000000000000e+02 1.244149921874999898e-02
2.960000000000000000e+02 1.268056953124999976e-02
2.970000000000000000e+02 1.293928046874999634e-02
2.980000000000000000e+02 1.321827812500000164e-02
2.990000000000000000e+02 1.351752187499999890e-02
3.000000000000000000e+02 1.383679765625000189e-02
3.010000000000000000e+02 1.417573828124999574e-02
3.020000000000000000e+02 1.453336328124999084e-02
3.030000000000000000e+02 1.490836953124999829e-02
3.040000000000000000e+02 1.529932187499999895e-02
3.050000000000000000e+02 1.570427187499999835e-02
3.060000000000000000e+02 1.612128984375001128e-02
3.070000000000000000e+02 1.654791953125000700e-02
3.080000000000000000e+02 1.698178437500000651e-02
3.090000000000000000e+02 1.742035234375000421e-02
3.100000000000000000e+02 1.786076093750000801e-02
3.110000000000000000e+02 1.830037109375001400e-02
3.120000000000000000e+02 1.873620703125000730e-02
3.130000000000000000e+02 1.916512421875000288e-02
3.140000000000000000e+02 1.958392890624997135e-02
3.150000000000000000e+02 1.998904765625000857e-02
3.160000000000000000e+02 2.037675468749999136e-02
3.170000000000000000e+02 2.074291796875000690e-02
3.180000000000000000e+02 2.108332515624999903e-02
3.190000000000000000e+02 2.139344570312499624e-02
3.200000000000000000e+02 2.166862734375001043e-02
3.210000000000000000e+02 2.190435835937499381e-02
3.220000000000000000e+02 2.209602874999999980e-02
3.230000000000000000e+02 2.223937351562498693e-02
3.240000000000000000e+02 2.233064656250000057e-02
3.250000000000000000e+02 2.236638953125000273e-02
3.260000000000000000e+02 2.234385367187500734e-02
3.270000000000000000e+02 2.226098171874999962e-02
3.280000000000000000e+02 2.211627804687498616e-02
3.290000000000000000e+02 2.190931031249998898e-02
3.300000000000000000e+02 2.164006468750001924e-02
3.310000000000000000e+02 2.130961054687498593e-02
3.320000000000000000e+02 2.091938328125000565e-02
3.330000000000000000e+02 2.047204257812498818e-02
3.340000000000000000e+02 1.997051976562502079e-02
3.350000000000000000e+02 1.941891531249999303e-02
3.360000000000000000e+02 1.882146390625000915e-02
3.370000000000000000e+02 1.818346914062500194e-02
3.380000000000000000e+02 1.751054843750001269e-02
3.390000000000000000e+02 1.680890765625000366e-02
3.400000000000000000e+02 1.608508179687500109e-02
3.410000000000000000e+02 1.534600248437499766e-02
3.420000000000000000e+02 1.459868077343750431e-02
3.430000000000000000e+02 1.385034241406249769e-02
3.440000000000000000e+02 1.310813529687500020e-02
3.450000000000000000e+02 1.237913010937499551e-02
3.460000000000000000e+02 1.167016708515624529e-02
3.470000000000000000e+02 1.098795649765624272e-02
3.480000000000000000e+02 1.033866216874999334e-02
3.490000000000000000e+02 9.728129242187496042e-03
3.500000000000000000e+02 9.161626531249992753e-03
3.510000000000000000e+02 8.643821773437506198e-03
3.520000000000000000e+02 8.178812182031250030e-03
3.530000000000000000e+02 7.769820407031250917e-03
3.540000000000000000e+02 7.419423281249999495e-03
3.550000000000000000e+02 7.129345009375001249e-03
3.560000000000000000e+02 6.900486093749999029e-03
3.570000000000000000e+02 6.732852062499999207e-03
3.580000000000000000e+02 6.625612835937501853e-03
3.590000000000000000e+02 6.577028648437501131e-03
3.600000000000000000e+02 6.584501492187498639e-03
3.610000000000000000e+02 6.644689359374999008e-03
3.620000000000000000e+02 6.753289671874993134e-03
3.630000000000000000e+02 6.905415842187499244e-03
3.640000000000000000e+02 7.095383884374998826e-03
3.650000000000000000e+02 7.317118021953125141e-03
3.660000000000000000e+02 7.564087521875001267e-03
3.670000000000000000e+02 7.829514484375001138e-03
3.680000000000000000e+02 8.106711609374995728e-03
3.690000000000000000e+02 8.388981093750006238e-03
3.700000000000000000e+02 8.669954843750006176e-03
3.710000000000000000e+02 8.943811953125000228e-03
3.720000000000000000e+02 9.205184296875005417e-03
3.730000000000000000e+02 9.449290781249996066e-03
3.740000000000000000e+02 9.672232812500002400e-03
3.750000000000000000e+02 9.870682499999998416e-03
3.760000000000000000e+02 1.004225015625000508e-02
3.770000000000000000e+02 1.018533054687499606e-02
3.780000000000000000e+02 1.029914484374999835e-02
3.790000000000000000e+02 1.038381617187500959e-02
3.800000000000000000e+02 1.044011265624999844e-02
3.810000000000000000e+02 1.046939015624999761e-02
3.820000000000000000e+02 1.047343523437500867e-02
3.830000000000000000e+02 1.045439437499999687e-02
3.840000000000000000e+02 1.041438171874999215e-02
3.850000000000000000e+02 1.035557429687500135e-02
3.860000000000000000e+02 1.027999078125000319e-02
3.870000000000000000e+02 1.018968890625000269e-02
3.880000000000000000e+02 1.008645703125000265e-02
3.890000000000000000e+02 9.972096640625002437e-03
3.900000000000000000e+02 9.848268593749999120e-03
3.910000000000000000e+02 9.716654531250000504e-03
3.920000000000000000e+02 9.578612187500001873e-03
3.930000000000000000e+02 9.435475624999996661e-03
3.940000000000000000e+02 9.288089843750001531e-03
3.950000000000000000e+02 9.137160156250002593e-03
3.960000000000000000e+02 8.983191406250000399e-03
3.970000000000000000e+02 8.826485156249999284e-03
3.980000000000000000e+02 8.667213281250005924e-03
3.990000000000000000e+02 8.505805312500005003e-03
4.000000000000000000e+02 8.342535546875005231e-03
4.010000000000000000e+02 8.178019296875001926e-03
4.020000000000000000e+02 8.012691328124999998e-03
4.030000000000000000e+02 7.847066874999999303e-03
4.040000000000000000e+02 7.681291015624998504e-03
4.050000000000000000e+02 7.515157499999999477e-03
4.060000000000000000e+02 7.347902906249998561e-03
4.070000000000000000e+02 7.178019398437499900e-03
4.080000000000000000e+02 7.003453569531254384e-03
4.090000000000000000e+02 6.821526379687501557e-03
4.100000000000000000e+02 6.629167867187505010e-03
4.110000000000000000e+02 6.423311664062499558e-03
4.120000000000000000e+02 6.201211453124997469e-03
4.130000000000000000e+02 5.960972335937501920e-03
4.140000000000000000e+02 5.701857556484376220e-03
4.150000000000000000e+02 5.424769187500001061e-03
4.160000000000000000e+02 5.132059429687498703e-03
4.170000000000000000e+02 4.827814218750000469e-03
4.180000000000000000e+02 4.517292656250002265e-03
4.190000000000000000e+02 4.206831562500003459e-03
4.200000000000000000e+02 3.903231875000000902e-03
4.210000000000000000e+02 3.613495000000000422e-03
4.220000000000000000e+02 3.344341250000000109e-03
4.230000000000000000e+02 3.101811171875001535e-03
4.240000000000000000e+02 2.890948828124999953e-03
4.250000000000000000e+02 2.715350625000000594e-03
4.260000000000000000e+02 2.576795781250000236e-03
4.270000000000000000e+02 2.474959296875001245e-03
4.280000000000000000e+02 2.407225156250001035e-03
4.290000000000000000e+02 2.368777546874999574e-03
4.300000000000000000e+02 2.352978992187498754e-03
4.310000000000000000e+02 2.351990671875000063e-03
4.320000000000000000e+02 2.357602008593750152e-03
4.330000000000000000e+02 2.362076596874999792e-03
4.340000000000000000e+02 2.358897937499999931e-03
4.350000000000000000e+02 2.343305074218750891e-03
4.360000000000000000e+02 2.312524218749999281e-03
4.370000000000000000e+02 2.265798749999999463e-03
4.380000000000000000e+02 2.204180410156250571e-03
4.390000000000000000e+02 2.130138406249999523e-03
4.400000000000000000e+02 2.047092642187500148e-03
4.410000000000000000e+02 1.958860773437499578e-03
4.420000000000000000e+02 1.869122054687499942e-03
4.430000000000000000e+02 1.781010835937500616e-03
4.440000000000000000e+02 1.696972937499999874e-03
4.450000000000000000e+02 1.618826203125000186e-03
4.460000000000000000e+02 1.548086789062499535e-03
4.470000000000000000e+02 1.486303601562500350e-03
4.480000000000000000e+02 1.435305351562499599e-03
4.490000000000000000e+02 1.397257007812499402e-03
4.500000000000000000e+02 1.374401437500000558e-03
4.510000000000000000e+02 1.368732000000000108e-03
4.520000000000000000e+02 1.381531782031249298e-03
4.530000000000000000e+02 1.413157036718749740e-03
4.540000000000000000e+02 1.462948185156249647e-03
4.550000000000000000e+02 1.529375129687500457e-03
4.560000000000000000e+02 1.610255609375000002e-03
4.570000000000000000e+02 1.702916294531250365e-03
4.580000000000000000e+02 1.804111351562499984e-03
4.590000000000000000e+02 1.909852917968749703e-03
4.600000000000000000e+02 2.015091554687499596e-03
4.610000000000000000e+02 2.113533178906251697e-03
4.620000000000000000e+02 2.197621312499999265e-03
4.630000000000000000e+02 2.258895221875000057e-03
4.640000000000000000e+02 2.288857031249999594e-03
4.650000000000000000e+02 2.280189757812498257e-03
4.660000000000000000e+02 2.228499859375000520e-03
4.670000000000000000e+02 2.133989539062498830e-03
4.680000000000000000e+02 2.002763592968750343e-03
4.690000000000000000e+02 1.847180453125000328e-03
4.700000000000000000e+02 1.684924054687500158e-03
4.710000000000000000e+02 1.536963631249999886e-03
4.720000000000000000e+02 1.424700812500000104e-03
4.730000000000000000e+02 1.367107429687500642e-03
4.740000000000000000e+02 1.378495257812498978e-03
4.750000000000000000e+02 1.467270054687499657e-03
4.760000000000000000e+02 1.635690078124999716e-03
4.770000000000000000e+02 1.880153007812500505e-03
4.780000000000000000e+02 2.191612906250000291e-03
4.790000000000000000e+02 2.555663363281251120e-03
4.800000000000000000e+02 2.952361010156250107e-03
4.810000000000000000e+02 3.356250523437500233e-03
4.820000000000000000e+02 3.737158781249998261e-03
4.830000000000000000e+02 4.062330917187500709e-03
4.840000000000000000e+02 4.299901171874998679e-03
4.850000000000000000e+02 4.423443695312500278e-03
4.860000000000000000e+02 4.416067195312499763e-03
4.870000000000000000e+02 4.274238179687498036e-03
4.880000000000000000e+02 4.009436546875000049e-03
4.890000000000000000e+02 3.648182414062500246e-03
4.900000000000000000e+02 3.229717796875000452e-03
4.910000000000000000e+02 2.801780250000000545e-03
4.920000000000000000e+02 2.414718601562500927e-03
4.930000000000000000e+02 2.114415156250000049e-03
4.940000000000000000e+02 1.934988804687500560e-03
4.950000000000000000e+02 1.892463601562500378e-03
4.960000000000000000e+02 1.981252703124999383e-03
4.970000000000000000e+02 2.174893898437500403e-03
4.980000000000000000e+02 2.431628425000000818e-03
4.990000000000000000e+02 2.703855023437497836e-03
5.000000000000000000e+02 2.949398517890625560e-03
5.010000000000000000e+02 3.142166828124998319e-03
5.020000000000000000e+02 3.280292656249998978e-03
5.030000000000000000e+02 3.389507812499999509e-03
5.040000000000000000e+02 3.520130312500000056e-03
5.050000000000000000e+02 3.735732187500001057e-03
5.060000000000000000e+02 4.094518648437500859e-03
5.070000000000000000e+02 4.628145312500000878e-03
5.080000000000000000e+02 5.323861562500000616e-03
5.090000000000000000e+02 6.118533046875001928e-03
5.100000000000000000e+02 6.916514921875001158e-03
5.110000000000000000e+02 7.659110234375000534e-03
