0.000000000000000000e+00 1.446523890625000565e-02
1.000000000000000000e+00 1.441602148437499259e-02
2.000000000000000000e+00 1.431801749999998645e-02
3.000000000000000000e+00 1.417211656250000340e-02
4.000000000000000000e+00 1.397970195312500490e-02
5.000000000000000000e+00 1.374250484374999956e-02
6.000000000000000000e+00 1.346266648437500699e-02
7.000000000000000000e+00 1.314266679687499384e-02
8.000000000000000000e+00 1.278535398437500269e-02
9.000000000000000000e+00 1.239390500000000020e-02
1.000000000000000000e+01 1.197174226562499298e-02
1.100000000000000000e+01 1.152251734375000190e-02
1.200000000000000000e+01 1.105002500000000151e-02
1.300000000000000000e+01 1.055816874999999933e-02
1.400000000000000000e+01 1.005106093750000179e-02
1.500000000000000000e+01 9.532774218750006759e-03
1.600000000000000000e+01 9.007336718749998222e-03
1.700000000000000000e+01 8.478814843749999872e-03
1.800000000000000000e+01 7.951087499999998781e-03
1.900000000000000000e+01 7.428041406249998729e-03
2.000000000000000000e+01 6.913294531250000104e-03
2.100000000000000000e+01 6.410279687500000136e-03
2.200000000000000000e+01 5.922191406250000047e-03
2.300000000000000000e+01 5.452007031250001752e-03
2.400000000000000000e+01 5.002332031249997341e-03
2.500000000000000000e+01 4.575570312500003463e-03
2.600000000000000000e+01 4.173792187499998120e-03
2.700000000000000000e+01 3.798682031249999824e-03
2.800000000000000000e+01 3.451655468749999841e-03
2.900000000000000000e+01 3.133767968749998165e-03
3.000000000000000000e+01 2.845766640625000104e-03
3.100000000000000000e+01 2.588066328125000672e-03
3.200000000000000000e+01 2.360792890625000844e-03
3.300000000000000000e+01 2.163765703125000283e-03
3.400000000000000000e+01 1.996534374999999265e-03
3.500000000000000000e+01 1.858403437500000211e-03
3.600000000000000000e+01 1.748440546874999472e-03
3.700000000000000000e+01 1.665512656250000808e-03
3.800000000000000000e+01 1.608304148437499992e-03
3.900000000000000000e+01 1.575359835937500345e-03
4.000000000000000000e+01 1.565078789843750645e-03
4.100000000000000000e+01 1.575798101562499729e-03
4.200000000000000000e+01 1.605750117187499911e-03
4.300000000000000000e+01 1.653147820312499345e-03
4.400000000000000000e+01 1.716180023437500080e-03
4.500000000000000000e+01 1.793032979687500137e-03
4.600000000000000000e+01 1.881933301171875329e-03
4.700000000000000000e+01 1.981155523437500010e-03
4.800000000000000000e+01 2.089022820312500060e-03
4.900000000000000000e+01 2.203956320312500453e-03
5.000000000000000000e+01 2.324456273437499557e-03
5.100000000000000000e+01 2.449126031250000671e-03
5.200000000000000000e+01 2.576675468750002848e-03
5.300000000000000000e+01 2.705940859374999542e-03
5.400000000000000000e+01 2.835853359374999102e-03
5.500000000000000000e+01 2.965458828125000675e-03
5.600000000000000000e+01 3.093933593750001956e-03
5.700000000000000000e+01 3.220522968750000759e-03
5.800000000000000000e+01 3.344600781249999245e-03
5.900000000000000000e+01 3.465615312499998983e-03
6.000000000000000000e+01 3.583098281250000992e-03
6.100000000000000000e+01 3.696641093750000894e-03
6.200000000000000000e+01 3.805895156250002197e-03
6.300000000000000000e+01 3.910575937500000709e-03
6.400000000000000000e+01 4.010407890625001387e-03
6.500000000000000000e+01 4.105156250000000298e-03
6.600000000000000000e+01 4.194617656250000833e-03
6.700000000000000000e+01 4.278574609375000379e-03
6.800000000000000000e+01 4.356835859374998988e-03
6.900000000000000000e+01 4.429194218749999898e-03
7.000000000000000000e+01 4.495487140624998025e-03
7.100000000000000000e+01 4.555506515625001862e-03
7.200000000000000000e+01 4.609115187656246011e-03
7.300000000000000000e+01 4.656103039062501475e-03
7.400000000000000000e+01 4.696367609375002618e-03
7.500000000000000000e+01 4.729750703125000511e-03
7.600000000000000000e+01 4.756252500000001347e-03
7.700000000000000000e+01 4.775799375000001380e-03
7.800000000000000000e+01 4.788388828125000191e-03
7.900000000000000000e+01 4.794204062499998927e-03
8.000000000000000000e+01 4.793353515625000359e-03
8.100000000000000000e+01 4.786108750000001195e-03
8.200000000000000000e+01 4.772755468750001541e-03
8.300000000000000000e+01 4.753734296875001923e-03
8.400000000000000000e+01 4.729512421875001031e-03
8.500000000000000000e+01 4.700658515625000949e-03
8.600000000000000000e+01 4.667764140625001688e-03
8.700000000000000000e+01 4.631502578125001879e-03
8.800000000000000000e+01 4.592563281249999879e-03
8.900000000000000000e+01 4.551685546874997303e-03
9.000000000000000000e+01 4.509548281250000228e-03
9.100000000000000000e+01 4.466828671874998290e-03
9.200000000000000000e+01 4.424194843749998905e-03
9.300000000000000000e+01 4.382198281249999328e-03
9.400000000000000000e+01 4.341350859375001613e-03
9.500000000000000000e+01 4.301982812500000641e-03
9.600000000000000000e+01 4.264407343749999392e-03
9.700000000000000000e+01 4.228726796874997772e-03
9.800000000000000000e+01 4.194999921874999552e-03
9.900000000000000000e+01 4.163138671874999468e-03
1.000000000000000000e+02 4.132850078125001672e-03
1.010000000000000000e+02 4.103858750000001498e-03
1.020000000000000000e+02 4.075742382812501570e-03
1.030000000000000000e+02 4.048104757812502272e-03
1.040000000000000000e+02 4.020367742187500211e-03
1.050000000000000000e+02 3.992113070312501739e-03
1.060000000000000000e+02 3.962920882812500170e-03
1.070000000000000000e+02 3.932404101562501052e-03
1.080000000000000000e+02 3.900344273437500106e-03
1.090000000000000000e+02 3.866708862500000191e-03
1.100000000000000000e+02 3.831521944531249713e-03
1.110000000000000000e+02 3.795099234375001740e-03
1.120000000000000000e+02 3.757908390625001871e-03
1.130000000000000000e+02 3.720694918750000208e-03
1.140000000000000000e+02 3.684312644453123595e-03
1.150000000000000000e+02 3.649869038281250162e-03
1.160000000000000000e+02 3.618653523437498961e-03
1.170000000000000000e+02 3.591951890625000744e-03
1.180000000000000000e+02 3.571255632812501794e-03
1.190000000000000000e+02 3.558024117187500064e-03
1.200000000000000000e+02 3.553660820312499503e-03
1.210000000000000000e+02 3.559497406249998493e-03
1.220000000000000000e+02 3.576711687499999417e-03
1.230000000000000000e+02 3.606183664062500085e-03
1.240000000000000000e+02 3.648664210937499919e-03
1.250000000000000000e+02 3.704463687499999925e-03
1.260000000000000000e+02 3.773629046874998807e-03
1.270000000000000000e+02 3.855764011718749908e-03
1.280000000000000000e+02 3.950170765625000274e-03
1.290000000000000000e+02 4.055713734375000767e-03
1.300000000000000000e+02 4.170980812499999052e-03
1.310000000000000000e+02 4.294162921874998019e-03
1.320000000000000000e+02 4.423270171874999455e-03
1.330000000000000000e+02 4.556069640625000361e-03
1.340000000000000000e+02 4.690202265624998645e-03
1.350000000000000000e+02 4.823225078125002556e-03
1.360000000000000000e+02 4.952793515624998033e-03
1.370000000000000000e+02 5.076561796874998547e-03
1.380000000000000000e+02 5.192390625000001259e-03
1.390000000000000000e+02 5.298386249999996814e-03
1.400000000000000000e+02 5.392963046875000159e-03
1.410000000000000000e+02 5.474774531250001415e-03
1.420000000000000000e+02 5.542952890624999393e-03
1.430000000000000000e+02 5.596925781250000446e-03
1.440000000000000000e+02 5.636527109374997457e-03
1.450000000000000000e+02 5.661952343749997694e-03
1.460000000000000000e+02 5.673702890624999183e-03
1.470000000000000000e+02 5.672602499999998549e-03
1.480000000000000000e+02 5.659765624999999432e-03
1.490000000000000000e+02 5.636442421875002134e-03
1.500000000000000000e+02 5.604018515625004172e-03
1.510000000000000000e+02 5.563970468749999433e-03
1.520000000000000000e+02 5.517843617187501333e-03
1.530000000000000000e+02 5.467090742187499797e-03
1.540000000000000000e+02 5.413193796875001053e-03
1.550000000000000000e+02 5.357456523437498230e-03
1.560000000000000000e+02 5.301056203124998763e-03
1.570000000000000000e+02 5.245087328906250165e-03
1.580000000000000000e+02 5.190498125000000788e-03
1.590000000000000000e+02 5.138070020312502338e-03
1.600000000000000000e+02 5.088450070312501919e-03
1.610000000000000000e+02 5.042262081250003733e-03
1.620000000000000000e+02 4.999967904687502990e-03
1.630000000000000000e+02 4.962039375000000356e-03
1.640000000000000000e+02 4.928907443749997418e-03
1.650000000000000000e+02 4.900949226562498727e-03
1.660000000000000000e+02 4.878617187499997322e-03
1.670000000000000000e+02 4.862335148437500754e-03
1.680000000000000000e+02 4.852566562499999701e-03
1.690000000000000000e+02 4.849785921874998768e-03
1.700000000000000000e+02 4.854543867187498252e-03
1.710000000000000000e+02 4.867279226562502663e-03
1.720000000000000000e+02 4.888484648437500975e-03
1.730000000000000000e+02 4.918562453124998915e-03
1.740000000000000000e+02 4.957856484374999380e-03
1.750000000000000000e+02 5.006527609375002047e-03
1.760000000000000000e+02 5.064688062499998582e-03
1.770000000000000000e+02 5.132209757812501542e-03
1.780000000000000000e+02 5.208834257812499507e-03
1.790000000000000000e+02 5.294030507812498565e-03
1.800000000000000000e+02 5.387084695312500601e-03
1.810000000000000000e+02 5.487069898437498677e-03
1.820000000000000000e+02 5.592816117187499741e-03
1.830000000000000000e+02 5.702987664062499074e-03
1.840000000000000000e+02 5.816055031250000514e-03
1.850000000000000000e+02 5.930368781249997084e-03
1.860000000000000000e+02 6.044087851562499406e-03
1.870000000000000000e+02 6.155400804687501636e-03
1.880000000000000000e+02 6.262373801562501167e-03
1.890000000000000000e+02 6.363130164062500392e-03
1.900000000000000000e+02 6.455830346875002755e-03
1.910000000000000000e+02 6.538852510156251824e-03
1.920000000000000000e+02 6.610530562500002184e-03
1.930000000000000000e+02 6.669466945312499916e-03
1.940000000000000000e+02 6.714580328125000636e-03
1.950000000000000000e+02 6.744973093750002147e-03
1.960000000000000000e+02 6.760003851562498139e-03
1.970000000000000000e+02 6.759383281250001471e-03
1.980000000000000000e+02 6.743090625000000733e-03
1.990000000000000000e+02 6.711487492187498578e-03
2.000000000000000000e+02 6.665187500000000105e-03
2.010000000000000000e+02 6.605129765625002147e-03
2.020000000000000000e+02 6.532570546874998108e-03
2.030000000000000000e+02 6.448955624999999810e-03
2.040000000000000000e+02 6.356057421874999371e-03
2.050000000000000000e+02 6.255842734374999353e-03
2.060000000000000000e+02 6.150336953125000970e-03
2.070000000000000000e+02 6.041786875000001653e-03
2.080000000000000000e+02 5.932537578125000009e-03
2.090000000000000000e+02 5.824883671875002132e-03
2.100000000000000000e+02 5.721213671875000246e-03
2.110000000000000000e+02 5.623832890624999581e-03
2.120000000000000000e+02 5.534876015625002366e-03
2.130000000000000000e+02 5.456443195312499737e-03
2.140000000000000000e+02 5.390481835937499695e-03
2.150000000000000000e+02 5.338636101562501367e-03
2.160000000000000000e+02 5.302364078125000775e-03
2.170000000000000000e+02 5.282878570312499016e-03
2.180000000000000000e+02 5.281053937500000336e-03
2.190000000000000000e+02 5.297420921874998814e-03
2.200000000000000000e+02 5.332320640624999865e-03
2.210000000000000000e+02 5.385630703125001556e-03
2.220000000000000000e+02 5.456856687499998283e-03
2.230000000000000000e+02 5.545259515624998727e-03
2.240000000000000000e+02 5.649794453124998977e-03
2.250000000000000000e+02 5.768983710937499940e-03
2.260000000000000000e+02 5.901161563281249155e-03
2.270000000000000000e+02 6.044405363281248923e-03
2.280000000000000000e+02 6.196610880468751692e-03
2.290000000000000000e+02 6.355441812500001175e-03
2.300000000000000000e+02 6.518518671875001003e-03
2.310000000000000000e+02 6.683423281250002422e-03
2.320000000000000000e+02 6.847679609374997256e-03
2.330000000000000000e+02 7.008894218749998906e-03
2.340000000000000000e+02 7.164804999999997183e-03
2.350000000000000000e+02 7.313363828125001541e-03
2.360000000000000000e+02 7.452667968750001717e-03
2.370000000000000000e+02 7.581097421875002129e-03
2.380000000000000000e+02 7.697389062500000628e-03
2.390000000000000000e+02 7.800460624999997448e-03
2.400000000000000000e+02 7.889798828125000815e-03
2.410000000000000000e+02 7.964986953125001087e-03
2.420000000000000000e+02 8.026039609375002284e-03
2.430000000000000000e+02 8.073421328124996688e-03
2.440000000000000000e+02 8.107807421874996603e-03
2.450000000000000000e+02 8.130192265625002523e-03
2.460000000000000000e+02 8.141825937500006549e-03
2.470000000000000000e+02 8.144177062500002409e-03
2.480000000000000000e+02 8.139011335937494651e-03
2.490000000000000000e+02 8.128085695312502190e-03
2.500000000000000000e+02 8.113365695312499404e-03
2.510000000000000000e+02 8.096792842968752318e-03
2.520000000000000000e+02 8.080343179687497768e-03
2.530000000000000000e+02 8.066042775000002371e-03
2.540000000000000000e+02 8.055653677343749958e-03
2.550000000000000000e+02 8.050946398437494600e-03
2.560000000000000000e+02 8.053439535937503488e-03
2.570000000000000000e+02 8.064461124999996663e-03
2.580000000000000000e+02 8.085150269140622264e-03
2.590000000000000000e+02 8.116270796875003565e-03
2.600000000000000000e+02 8.158419753906255220e-03
2.610000000000000000e+02 8.211794937499999197e-03
2.620000000000000000e+02 8.276460601562497105e-03
2.630000000000000000e+02 8.352023046874995291e-03
2.640000000000000000e+02 8.437934648437497506e-03
2.650000000000000000e+02 8.533502210937501942e-03
2.660000000000000000e+02 8.637650859375001905e-03
2.670000000000000000e+02 8.749266562500000038e-03
2.680000000000000000e+02 8.867066015625001130e-03
2.690000000000000000e+02 8.989762265625001261e-03
2.700000000000000000e+02 9.115976718750001817e-03
2.710000000000000000e+02 9.244397031249998800e-03
2.720000000000000000e+02 9.373672109374996467e-03
2.730000000000000000e+02 9.502709374999997877e-03
2.740000000000000000e+02 9.630251562499999099e-03
2.750000000000000000e+02 9.755590625000002888e-03
2.760000000000000000e+02 9.877862500000000878e-03
2.770000000000000000e+02 9.996538281249998242e-03
2.780000000000000000e+02 1.011137031249999783e-02
2.790000000000000000e+02 1.022229609375000133e-02
2.800000000000000000e+02 1.032953124999999930e-02
2.810000000000000000e+02 1.043358984375000222e-02
2.820000000000000000e+02 1.053520703124999520e-02
2.830000000000000000e+02 1.063544999999999248e-02
2.840000000000000000e+02 1.073562968749999444e-02
2.850000000000000000e+02 1.083720000000000343e-02
2.860000000000000000e+02 1.094186640625000040e-02
2.870000000000000000e+02 1.105148203125000221e-02
2.880000000000000000e+02 1.116797109375000131e-02
2.890000000000000000e+02 1.129335624999999732e-02
2.900000000000000000e+02 1.142944765625000109e-02
2.910000000000000000e+02 1.157833437500000243e-02
2.920000000000000000e+02 1.174169062500000742e-02
2.930000000000000000e+02 1.192122265625000267e-02
2.940000000000000000e+02 1.211839609375000432e-02
2.950000000000000000e+02 1.233440000000000057e-02
2.960000000000000000e+02 1.257031015624999679e-02
2.970000000000000000e+02 1.282674765624999824e-02
2.980000000000000000e+02 1.310425937500000332e-02
2.990000000000000000e+02 1.340266953124999612e-02
3.000000000000000000e+02 1.372200859374999964e-02
3.010000000000000000e+02 1.406142734375000029e-02
3.020000000000000000e+02 1.442005703125000433e-02
3.030000000000000000e+02 1.479643671875000184e-02
3.040000000000000000e+02 1.518903750000000219e-02
3.050000000000000000e+02 1.559587109375000849e-02
3.060000000000000000e+02 1.601472343749999611e-02
3.070000000000000000e+02 1.644325078124999479e-02
3.080000000000000000e+02 1.687895703124999217e-02
3.090000000000000000e+02 1.731926718749999400e-02
3.100000000000000000e+02 1.776138749999999281e-02
3.110000000000000000e+02 1.820245468750001511e-02
3.120000000000000000e+02 1.863964765625000103e-02
3.130000000000000000e+02 1.906973906250001086e-02
3.140000000000000000e+02 1.948955546874999931e-02
3.150000000000000000e+02 1.989541640625000496e-02
3.160000000000000000e+02 2.028361171875000396e-02
3.170000000000000000e+02 2.065003953124998695e-02
3.180000000000000000e+02 2.099036390625000359e-02
3.190000000000000000e+02 2.130010273437501350e-02
3.200000000000000000e+02 2.157457812500000391e-02
3.210000000000000000e+02 2.180930976562498597e-02
3.220000000000000000e+02 2.199980398437499998e-02
3.230000000000000000e+02 2.214176195312499845e-02
3.240000000000000000e+02 2.223148265624999911e-02
3.250000000000000000e+02 2.226560210937499062e-02
3.260000000000000000e+02 2.224150632812500056e-02
3.270000000000000000e+02 2.215704914062500280e-02
3.280000000000000000e+02 2.201105453125000444e-02
3.290000000000000000e+02 2.180288749999998582e-02
3.300000000000000000e+02 2.153266343749999506e-02
3.310000000000000000e+02 2.120141843750000810e-02
3.320000000000000000e+02 2.081079218749999626e-02
3.330000000000000000e+02 2.036326078124999980e-02
3.340000000000000000e+02 1.986188703124999733e-02
3.350000000000000000e+02 1.931061882812501115e-02
3.360000000000000000e+02 1.871392585937501143e-02
3.370000000000000000e+02 1.807696367187499806e-02
3.380000000000000000e+02 1.740548289062501461e-02
3.390000000000000000e+02 1.670565249999998725e-02
3.400000000000000000e+02 1.598412203125000250e-02
3.410000000000000000e+02 1.524780179687499487e-02
3.420000000000000000e+02 1.450375962500000809e-02
3.430000000000000000e+02 1.375930026562499457e-02
3.440000000000000000e+02 1.302158526562499467e-02
3.450000000000000000e+02 1.229781268749999788e-02
3.460000000000000000e+02 1.159478477343749668e-02
3.470000000000000000e+02 1.091924851718749194e-02
3.480000000000000000e+02 1.027743632812499336e-02
3.490000000000000000e+02 9.675114867187509585e-03
3.500000000000000000e+02 9.117566140625000051e-03
3.510000000000000000e+02 8.609380453125007812e-03
3.520000000000000000e+02 8.154609819531241643e-03
3.530000000000000000e+02 7.756301123437497370e-03
3.540000000000000000e+02 7.416936259375003088e-03
3.550000000000000000e+02 7.138085631796876711e-03
3.560000000000000000e+02 6.920375226562499975e-03
3.570000000000000000e+02 6.763689109374998454e-03
3.580000000000000000e+02 6.666930835937500376e-03
3.590000000000000000e+02 6.628109148437502825e-03
3.600000000000000000e+02 6.644370070312499883e-03
3.610000000000000000e+02 6.712014945312498072e-03
3.620000000000000000e+02 6.826551215625002375e-03
3.630000000000000000e+02 6.982771191406250688e-03
3.640000000000000000e+02 7.174787645390627404e-03
3.650000000000000000e+02 7.396277639843749745e-03
3.660000000000000000e+02 7.640565328125000465e-03
3.670000000000000000e+02 7.900790062499999516e-03
3.680000000000000000e+02 8.170165648437501676e-03
3.690000000000000000e+02 8.442057984374997520e-03
3.700000000000000000e+02 8.710244898437495206e-03
3.710000000000000000e+02 8.968999164062498031e-03
3.720000000000000000e+02 9.213212109374997044e-03
3.730000000000000000e+02 9.438427109375001345e-03
3.740000000000000000e+02 9.640967031250008076e-03
3.750000000000000000e+02 9.818068593750006734e-03
3.760000000000000000e+02 9.967636796874998484e-03
3.770000000000000000e+02 1.008862140625000139e-02
3.780000000000000000e+02 1.018073937500000269e-02
3.790000000000000000e+02 1.024449070312499592e-02
3.800000000000000000e+02 1.028112976562500433e-02
3.810000000000000000e+02 1.029245250000000722e-02
3.820000000000000000e+02 1.028054179687500069e-02
3.830000000000000000e+02 1.024777281250000179e-02
3.840000000000000000e+02 1.019648093749999165e-02
3.850000000000000000e+02 1.012892593750000340e-02
3.860000000000000000e+02 1.004726218750000115e-02
3.870000000000000000e+02 9.953519296874999492e-03
3.880000000000000000e+02 9.849555390625000517e-03
3.890000000000000000e+02 9.737084531249995401e-03
3.900000000000000000e+02 9.617731406249999809e-03
3.910000000000000000e+02 9.492926093750004776e-03
3.920000000000000000e+02 9.364052499999999182e-03
3.930000000000000000e+02 9.231980078124996797e-03
3.940000000000000000e+02 9.097478281249998106e-03
3.950000000000000000e+02 8.960943281250001446e-03
3.960000000000000000e+02 8.822532656249999772e-03
3.970000000000000000e+02 8.682355078125000500e-03
3.980000000000000000e+02 8.540340468750002786e-03
3.990000000000000000e+02 8.396653749999996585e-03
4.000000000000000000e+02 8.251475781249996422e-03
4.010000000000000000e+02 8.105108750000001097e-03
4.020000000000000000e+02 7.957814375000000356e-03
4.030000000000000000e+02 7.809751718749997212e-03
4.040000000000000000e+02 7.660827250000000130e-03
4.050000000000000000e+02 7.510438828124999487e-03
4.060000000000000000e+02 7.357424046875002573e-03
4.070000000000000000e+02 7.200031418750000786e-03
4.080000000000000000e+02 7.035690257812497739e-03
4.090000000000000000e+02 6.861551117187501478e-03
4.100000000000000000e+02 6.674343281249999101e-03
4.110000000000000000e+02 6.470949648437502623e-03
4.120000000000000000e+02 6.248792156249999459e-03
4.130000000000000000e+02 6.006231164062495256e-03
4.140000000000000000e+02 5.743002109375000032e-03
4.150000000000000000e+02 5.460464406250002331e-03
4.160000000000000000e+02 5.161536093749996904e-03
4.170000000000000000e+02 4.850762031250001501e-03
4.180000000000000000e+02 4.533909765625000927e-03
4.190000000000000000e+02 4.217584062500004220e-03
4.200000000000000000e+02 3.908923906250000302e-03
4.210000000000000000e+02 3.615085234375002132e-03
4.220000000000000000e+02 3.342891953124999243e-03
4.230000000000000000e+02 3.098439140625002235e-03
4.240000000000000000e+02 2.886714140625000220e-03
4.250000000000000000e+02 2.711155078124999774e-03
4.260000000000000000e+02 2.573304765624999813e-03
4.270000000000000000e+02 2.472488515625000279e-03
4.280000000000000000e+02 2.405717890624999022e-03
4.290000000000000000e+02 2.367828093749999724e-03
4.300000000000000000e+02 2.351894694531249559e-03
4.310000000000000000e+02 2.349916406250000291e-03
4.320000000000000000e+02 2.353672359374999606e-03
4.330000000000000000e+02 2.355543793750000496e-03
4.340000000000000000e+02 2.349219945312499332e-03
4.350000000000000000e+02 2.330186464843749146e-03
4.360000000000000000e+02 2.295976961718749695e-03
4.370000000000000000e+02 2.246087531250000931e-03
4.380000000000000000e+02 2.181808623437500767e-03
4.390000000000000000e+02 2.105805453124999418e-03
4.400000000000000000e+02 2.021633109375000487e-03
4.410000000000000000e+02 1.933132843750000806e-03
4.420000000000000000e+02 1.843932031249999933e-03
4.430000000000000000e+02 1.757050937499999958e-03
4.440000000000000000e+02 1.674783539062499500e-03
4.450000000000000000e+02 1.598851812499999881e-03
4.460000000000000000e+02 1.530746273437500219e-03
4.470000000000000000e+02 1.472056929687499743e-03
4.480000000000000000e+02 1.424726015625000283e-03
4.490000000000000000e+02 1.391018921874999674e-03
4.500000000000000000e+02 1.373272685937499543e-03
4.510000000000000000e+02 1.373495838281250155e-03
4.520000000000000000e+02 1.392985244218750054e-03
4.530000000000000000e+02 1.432074895937499081e-03
4.540000000000000000e+02 1.490073376562500761e-03
4.550000000000000000e+02 1.565425626562500080e-03
4.560000000000000000e+02 1.655875512500000349e-03
4.570000000000000000e+02 1.758580119531248870e-03
4.580000000000000000e+02 1.870005425000001009e-03
4.590000000000000000e+02 1.985708346875000169e-03
4.600000000000000000e+02 2.100077575000000411e-03
4.610000000000000000e+02 2.206150090624998863e-03
4.620000000000000000e+02 2.295718570312500761e-03
4.630000000000000000e+02 2.359739351562501353e-03
4.640000000000000000e+02 2.389320656250000854e-03
4.650000000000000000e+02 2.377055679687498438e-03
4.660000000000000000e+02 2.318860906249999802e-03
4.670000000000000000e+02 2.215649851562499426e-03
4.680000000000000000e+02 2.074571782812498731e-03
4.690000000000000000e+02 1.909074969531250393e-03
4.700000000000000000e+02 1.737804125000000062e-03
4.710000000000000000e+02 1.582279311718749575e-03
4.720000000000000000e+02 1.464007426562501058e-03
4.730000000000000000e+02 1.401756171093750374e-03
4.740000000000000000e+02 1.409545497109376344e-03
4.750000000000000000e+02 1.495711111718749748e-03
4.760000000000000000e+02 1.662799250000000046e-03
4.770000000000000000e+02 1.907872585937500252e-03
4.780000000000000000e+02 2.222666421875000523e-03
4.790000000000000000e+02 2.593389537500000435e-03
4.800000000000000000e+02 3.000209164062500773e-03
4.810000000000000000e+02 3.417142237499999451e-03
4.820000000000000000e+02 3.813006257812500809e-03
4.830000000000000000e+02 4.153597419531250209e-03
4.840000000000000000e+02 4.405581496093750708e-03
4.850000000000000000e+02 4.541062968750002315e-03
4.860000000000000000e+02 4.542015164062503108e-03
4.870000000000000000e+02 4.403997945312503395e-03
4.880000000000000000e+02 4.138020554687500858e-03
4.890000000000000000e+02 3.770484937500001837e-03
4.900000000000000000e+02 3.341042265625000958e-03
4.910000000000000000e+02 2.898332968749999915e-03
4.920000000000000000e+02 2.494025234374999851e-03
4.930000000000000000e+02 2.175520843749999787e-03
4.940000000000000000e+02 1.978390937499999516e-03
4.950000000000000000e+02 1.919867335937500271e-03
4.960000000000000000e+02 1.995238437499999642e-03
4.970000000000000000e+02 2.178600453124999916e-03
4.980000000000000000e+02 2.428466242187499007e-03
4.990000000000000000e+02 2.697118859374999632e-03
5.000000000000000000e+02 2.941746002343750051e-03
5.010000000000000000e+02 3.135312109375000284e-03
5.020000000000000000e+02 3.274821640624999905e-03
5.030000000000000000e+02 3.385456640624999892e-03
5.040000000000000000e+02 3.517435624999998550e-03
5.050000000000000000e+02 3.734684140624999326e-03
5.060000000000000000e+02 4.095935703125000264e-03
5.070000000000000000e+02 4.633164218750001999e-03
5.080000000000000000e+02 5.333388593750001093e-03
5.090000000000000000e+02 6.131909374999999426e-03
5.100000000000000000e+02 6.929587187500001709e-03
5.110000000000000000e+02 7.661483437499997350e-03
