0.000000000000000000e+00 1.354491039062500311e-02
1.000000000000000000e+00 1.349310343750001473e-02
2.000000000000000000e+00 1.339007703125000281e-02
3.000000000000000000e+00 1.323674593750000066e-02
4.000000000000000000e+00 1.303471476562500023e-02
5.000000000000000000e+00 1.278591421875000141e-02
6.000000000000000000e+00 1.249280906250000399e-02
7.000000000000000000e+00 1.215822117187499718e-02
8.000000000000000000e+00 1.178536734375000214e-02
9.000000000000000000e+00 1.137786695312500464e-02
1.000000000000000000e+01 1.093953218750000171e-02
1.100000000000000000e+01 1.047445765625000177e-02
1.200000000000000000e+01 9.986965937499994728e-03
1.300000000000000000e+01 9.481482500000002617e-03
1.400000000000000000e+01 8.962531484375001190e-03
1.500000000000000000e+01 8.434665468750001532e-03
1.600000000000000000e+01 7.902432421874995908e-03
1.700000000000000000e+01 7.370331796875002547e-03
1.800000000000000000e+01 6.842680078124999815e-03
1.900000000000000000e+01 6.323747656249999009e-03
2.000000000000000000e+01 5.817456484374999674e-03
2.100000000000000000e+01 5.327566796874998872e-03
2.200000000000000000e+01 4.857586718749999297e-03
2.300000000000000000e+01 4.410653359374999000e-03
2.400000000000000000e+01 3.989612343749998971e-03
2.500000000000000000e+01 3.596957031249999569e-03
2.600000000000000000e+01 3.234757656249999218e-03
2.700000000000000000e+01 2.904748124999998599e-03
2.800000000000000000e+01 2.608267499999998920e-03
2.900000000000000000e+01 2.346264765624998545e-03
3.000000000000000000e+01 2.119301953125000450e-03
3.100000000000000000e+01 1.927573828124999481e-03
3.200000000000000000e+01 1.770909609375000094e-03
3.300000000000000000e+01 1.648789749999999719e-03
3.400000000000000000e+01 1.560369570312499518e-03
3.500000000000000000e+01 1.504520034374999451e-03
3.600000000000000000e+01 1.479813830468750370e-03
3.700000000000000000e+01 1.484596515624999648e-03
3.800000000000000000e+01 1.516995702343750148e-03
3.900000000000000000e+01 1.574947030468749421e-03
4.000000000000000000e+01 1.656258249999999731e-03
4.100000000000000000e+01 1.758621052734375386e-03
4.200000000000000000e+01 1.879627500000000204e-03
4.300000000000000000e+01 2.016846640624999319e-03
4.400000000000000000e+01 2.167829203124997748e-03
4.500000000000000000e+01 2.330140523437499583e-03
4.600000000000000000e+01 2.501398314843748891e-03
4.700000000000000000e+01 2.679303078124998291e-03
4.800000000000000000e+01 2.861659765624999067e-03
4.900000000000000000e+01 3.046367421874999256e-03
5.000000000000000000e+01 3.231509062500001733e-03
5.100000000000000000e+01 3.415311249999998869e-03
5.200000000000000000e+01 3.596168671875000361e-03
5.300000000000000000e+01 3.772642968750000020e-03
5.400000000000000000e+01 3.943475703124999301e-03
5.500000000000000000e+01 4.107620781249998916e-03
5.600000000000000000e+01 4.264191250000000377e-03
5.700000000000000000e+01 4.412448984374999286e-03
5.800000000000000000e+01 4.551876953124998904e-03
5.900000000000000000e+01 4.682030468750001707e-03
6.000000000000000000e+01 4.802655468750001780e-03
6.100000000000000000e+01 4.913587500000000247e-03
6.200000000000000000e+01 5.014792968750001780e-03
6.300000000000000000e+01 5.106255468749999402e-03
6.400000000000000000e+01 5.188112499999999669e-03
6.500000000000000000e+01 5.260506093750002415e-03
6.600000000000000000e+01 5.323547265624999081e-03
6.700000000000000000e+01 5.377442578124999768e-03
6.800000000000000000e+01 5.422426640625001119e-03
6.900000000000000000e+01 5.458646562499997260e-03
7.000000000000000000e+01 5.486309593750000532e-03
7.100000000000000000e+01 5.505556539062498624e-03
7.200000000000000000e+01 5.516573183593751623e-03
7.300000000000000000e+01 5.519527554687500559e-03
7.400000000000000000e+01 5.514502156249997435e-03
7.500000000000000000e+01 5.501725859375001561e-03
7.600000000000000000e+01 5.481324062500000927e-03
7.700000000000000000e+01 5.453526640625001171e-03
7.800000000000000000e+01 5.418527578125002971e-03
7.900000000000000000e+01 5.376649414062502005e-03
8.000000000000000000e+01 5.328202851562502569e-03
8.100000000000000000e+01 5.273621812499997875e-03
8.200000000000000000e+01 5.213371460937500472e-03
8.300000000000000000e+01 5.147999453125003989e-03
8.400000000000000000e+01 5.078154843749996608e-03
8.500000000000000000e+01 5.004508671874998739e-03
8.600000000000000000e+01 4.927847812500000396e-03
8.700000000000000000e+01 4.848972734374999184e-03
8.800000000000000000e+01 4.768719218750001008e-03
8.900000000000000000e+01 4.687954140625000612e-03
9.000000000000000000e+01 4.607513125000000515e-03
9.100000000000000000e+01 4.528236874999999259e-03
9.200000000000000000e+01 4.450846484375001536e-03
9.300000000000000000e+01 4.376075000000000104e-03
9.400000000000000000e+01 4.304435390624999913e-03
9.500000000000000000e+01 4.236469921874998733e-03
9.600000000000000000e+01 4.172453281250001166e-03
9.700000000000000000e+01 4.112512421875001538e-03
9.800000000000000000e+01 4.056752734374999454e-03
9.900000000000000000e+01 4.004991406250000066e-03
1.000000000000000000e+02 3.956953203124999492e-03
1.010000000000000000e+02 3.912277890624999560e-03
1.020000000000000000e+02 3.870456484375001463e-03
1.030000000000000000e+02 3.830967890625000191e-03
1.040000000000000000e+02 3.793156937499999725e-03
1.050000000000000000e+02 3.756505451015624414e-03
1.060000000000000000e+02 3.720505804687500046e-03
1.070000000000000000e+02 3.684710521875000141e-03
1.080000000000000000e+02 3.648833841406249993e-03
1.090000000000000000e+02 3.612782553906250440e-03
1.100000000000000000e+02 3.576627234375001369e-03
1.110000000000000000e+02 3.540739984375000562e-03
1.120000000000000000e+02 3.505612561718749170e-03
1.130000000000000000e+02 3.472056268749999525e-03
1.140000000000000000e+02 3.441097461718749338e-03
1.150000000000000000e+02 3.413902687499999113e-03
1.160000000000000000e+02 3.391874784375000298e-03
1.170000000000000000e+02 3.376444679687500006e-03
1.180000000000000000e+02 3.369095015625000761e-03
1.190000000000000000e+02 3.371354703124998780e-03
1.200000000000000000e+02 3.384588124999999507e-03
1.210000000000000000e+02 3.410020195312499398e-03
1.220000000000000000e+02 3.448671976562500945e-03
1.230000000000000000e+02 3.501212501562499507e-03
1.240000000000000000e+02 3.567964796874999438e-03
1.250000000000000000e+02 3.648918657031248111e-03
1.260000000000000000e+02 3.743545062499999566e-03
1.270000000000000000e+02 3.850994859375001227e-03
1.280000000000000000e+02 3.969866250000000582e-03
1.290000000000000000e+02 4.098465679687501514e-03
1.300000000000000000e+02 4.234655703124999560e-03
1.310000000000000000e+02 4.376093593749999858e-03
1.320000000000000000e+02 4.520145312500001289e-03
1.330000000000000000e+02 4.664024062500000956e-03
1.340000000000000000e+02 4.804979453124998481e-03
1.350000000000000000e+02 4.940225468750000966e-03
1.360000000000000000e+02 5.067129921875000026e-03
1.370000000000000000e+02 5.183330937500001123e-03
1.380000000000000000e+02 5.286816953125002272e-03
1.390000000000000000e+02 5.375843984375000724e-03
1.400000000000000000e+02 5.449139296874999823e-03
1.410000000000000000e+02 5.505959921874998587e-03
1.420000000000000000e+02 5.545992343750000275e-03
1.430000000000000000e+02 5.569429921874998954e-03
1.440000000000000000e+02 5.576853359374999916e-03
1.450000000000000000e+02 5.569408203124997375e-03
1.460000000000000000e+02 5.548395625000002510e-03
1.470000000000000000e+02 5.515529687499998689e-03
1.480000000000000000e+02 5.472742812500000498e-03
1.490000000000000000e+02 5.422015703124997976e-03
1.500000000000000000e+02 5.365507429687499386e-03
1.510000000000000000e+02 5.305238570312499798e-03
1.520000000000000000e+02 5.243171867187501958e-03
1.530000000000000000e+02 5.181169367187502851e-03
1.540000000000000000e+02 5.120765062500000180e-03
1.550000000000000000e+02 5.063398765624998500e-03
1.560000000000000000e+02 5.010196804687497805e-03
1.570000000000000000e+02 4.961994476562497751e-03
1.580000000000000000e+02 4.919385382812499659e-03
1.590000000000000000e+02 4.882824164062496246e-03
1.600000000000000000e+02 4.852438289062500215e-03
1.610000000000000000e+02 4.828264687500001019e-03
1.620000000000000000e+02 4.810201882812499379e-03
1.630000000000000000e+02 4.798071124999999174e-03
1.640000000000000000e+02 4.791603765624998477e-03
1.650000000000000000e+02 4.790536820312499972e-03
1.660000000000000000e+02 4.794678476562501401e-03
1.670000000000000000e+02 4.803723476562500594e-03
1.680000000000000000e+02 4.817523945312499056e-03
1.690000000000000000e+02 4.835908007812500520e-03
1.700000000000000000e+02 4.858745882812500437e-03
1.710000000000000000e+02 4.885899023437498441e-03
1.720000000000000000e+02 4.917195234375000383e-03
1.730000000000000000e+02 4.952542535937502592e-03
1.740000000000000000e+02 4.991652699218751543e-03
1.750000000000000000e+02 5.034319953906250637e-03
1.760000000000000000e+02 5.080083458593748040e-03
1.770000000000000000e+02 5.128486343749997893e-03
1.780000000000000000e+02 5.178940039062497093e-03
1.790000000000000000e+02 5.230715828125000362e-03
1.800000000000000000e+02 5.282996156249998056e-03
1.810000000000000000e+02 5.334853437500000281e-03
1.820000000000000000e+02 5.385273593749998269e-03
1.830000000000000000e+02 5.433166484375003338e-03
1.840000000000000000e+02 5.477487312499997735e-03
1.850000000000000000e+02 5.517109007812497252e-03
1.860000000000000000e+02 5.550974010625001065e-03
1.870000000000000000e+02 5.578070546875000223e-03
1.880000000000000000e+02 5.597461664062500057e-03
1.890000000000000000e+02 5.608454453125003361e-03
1.900000000000000000e+02 5.610318710937499398e-03
1.910000000000000000e+02 5.602609921875000530e-03
1.920000000000000000e+02 5.585068515625000486e-03
1.930000000000000000e+02 5.557639062499997867e-03
1.940000000000000000e+02 5.520505312500001774e-03
1.950000000000000000e+02 5.474013984375002313e-03
1.960000000000000000e+02 5.418815156249998620e-03
1.970000000000000000e+02 5.355760781249999797e-03
1.980000000000000000e+02 5.285896015624998688e-03
1.990000000000000000e+02 5.210510781249999383e-03
2.000000000000000000e+02 5.131078281249997972e-03
2.010000000000000000e+02 5.049222890624999009e-03
2.020000000000000000e+02 4.966737187499997881e-03
2.030000000000000000e+02 4.885490867187501640e-03
2.040000000000000000e+02 4.807490257812502450e-03
2.050000000000000000e+02 4.734713128906249159e-03
2.060000000000000000e+02 4.669186407812499565e-03
2.070000000000000000e+02 4.612907382812499874e-03
2.080000000000000000e+02 4.567745007812499571e-03
2.090000000000000000e+02 4.535445578124999190e-03
2.100000000000000000e+02 4.517654351562502488e-03
2.110000000000000000e+02 4.515714679687500392e-03
2.120000000000000000e+02 4.530768523437500063e-03
2.130000000000000000e+02 4.563664773437499204e-03
2.140000000000000000e+02 4.614951765624999980e-03
2.150000000000000000e+02 4.684808734375001289e-03
2.160000000000000000e+02 4.773068562500002408e-03
2.170000000000000000e+02 4.879249087500000734e-03
2.180000000000000000e+02 5.002471476562501788e-03
2.190000000000000000e+02 5.141458023437503466e-03
2.200000000000000000e+02 5.294705179687497765e-03
2.210000000000000000e+02 5.460283351562495932e-03
2.220000000000000000e+02 5.636107515624999738e-03
2.230000000000000000e+02 5.819759531250001325e-03
2.240000000000000000e+02 6.008643642968750434e-03
2.250000000000000000e+02 6.200086039062500248e-03
2.260000000000000000e+02 6.391375164062501786e-03
2.270000000000000000e+02 6.579656156249999617e-03
2.280000000000000000e+02 6.762271312500000957e-03
2.290000000000000000e+02 6.936571734375000797e-03
2.300000000000000000e+02 7.100122070312501858e-03
2.310000000000000000e+02 7.250795023437500188e-03
2.320000000000000000e+02 7.386676593749997959e-03
2.330000000000000000e+02 7.506165890625002973e-03
2.340000000000000000e+02 7.608076031249996589e-03
2.350000000000000000e+02 7.691611476562497905e-03
2.360000000000000000e+02 7.756415929687498004e-03
2.370000000000000000e+02 7.802499828125003534e-03
2.380000000000000000e+02 7.830323031250000995e-03
2.390000000000000000e+02 7.840814828124998900e-03
2.400000000000000000e+02 7.835152765624998905e-03
2.410000000000000000e+02 7.815049851562495126e-03
2.420000000000000000e+02 7.782434218749998550e-03
2.430000000000000000e+02 7.739444062499996335e-03
2.440000000000000000e+02 7.688604453125002722e-03
2.450000000000000000e+02 7.632447265624999096e-03
2.460000000000000000e+02 7.573623359375002660e-03
2.470000000000000000e+02 7.514909374999996505e-03
2.480000000000000000e+02 7.458913593750000730e-03
2.490000000000000000e+02 7.408233757812498696e-03
2.500000000000000000e+02 7.365375820312501480e-03
2.510000000000000000e+02 7.332437882812499995e-03
2.520000000000000000e+02 7.311390984374999992e-03
2.530000000000000000e+02 7.303815671875000907e-03
2.540000000000000000e+02 7.310980232812503560e-03
2.550000000000000000e+02 7.333803012500000884e-03
2.560000000000000000e+02 7.372669185937502472e-03
2.570000000000000000e+02 7.427641107812499831e-03
2.580000000000000000e+02 7.498408289062501175e-03
2.590000000000000000e+02 7.584135148437499800e-03
2.600000000000000000e+02 7.683751718749999571e-03
2.610000000000000000e+02 7.795791484375000878e-03
2.620000000000000000e+02 7.918504062500001522e-03
2.630000000000000000e+02 8.049962265624998475e-03
2.640000000000000000e+02 8.187995703125002661e-03
2.650000000000000000e+02 8.330451640625001833e-03
2.660000000000000000e+02 8.474942968749996086e-03
2.670000000000000000e+02 8.619316640625001094e-03
2.680000000000000000e+02 8.761340781250001597e-03
2.690000000000000000e+02 8.899021171874996888e-03
2.700000000000000000e+02 9.030530937500003130e-03
2.710000000000000000e+02 9.154234687500003784e-03
2.720000000000000000e+02 9.268789062500002937e-03
2.730000000000000000e+02 9.373190624999996196e-03
2.740000000000000000e+02 9.466721874999996927e-03
2.750000000000000000e+02 9.549147656249997937e-03
2.760000000000000000e+02 9.620500781249997566e-03
2.770000000000000000e+02 9.681291406250000509e-03
2.780000000000000000e+02 9.732478906250004863e-03
2.790000000000000000e+02 9.775317968750002473e-03
2.800000000000000000e+02 9.811649218749999429e-03
2.810000000000000000e+02 9.843394531250005894e-03
2.820000000000000000e+02 9.873122656250000323e-03
2.830000000000000000e+02 9.903435937500001604e-03
2.840000000000000000e+02 9.937163281249999577e-03
2.850000000000000000e+02 9.977398437499999939e-03
2.860000000000000000e+02 1.002701328124999854e-02
2.870000000000000000e+02 1.008916953124999738e-02
2.880000000000000000e+02 1.016660156249999704e-02
2.890000000000000000e+02 1.026212578125000434e-02
2.900000000000000000e+02 1.037812578124999892e-02
2.910000000000000000e+02 1.051675546874999631e-02
2.920000000000000000e+02 1.067987578125000059e-02
2.930000000000000000e+02 1.086897734374999737e-02
2.940000000000000000e+02 1.108496562500000011e-02
2.950000000000000000e+02 1.132848281249999867e-02
2.960000000000000000e+02 1.159970156249999843e-02
2.970000000000000000e+02 1.189824609374999509e-02
2.980000000000000000e+02 1.222333203124999559e-02
2.990000000000000000e+02 1.257361250000000631e-02
3.000000000000000000e+02 1.294745156249999668e-02
3.010000000000000000e+02 1.334267578125000048e-02
3.020000000000000000e+02 1.375693281250000427e-02
3.030000000000000000e+02 1.418747187499999965e-02
3.040000000000000000e+02 1.463144921874999504e-02
3.050000000000000000e+02 1.508594140625000614e-02
3.060000000000000000e+02 1.554793671874999707e-02
3.070000000000000000e+02 1.601440234374999425e-02
3.080000000000000000e+02 1.648257578125000150e-02
3.090000000000000000e+02 1.694949609375001262e-02
3.100000000000000000e+02 1.741248281249999086e-02
3.110000000000000000e+02 1.786859531250000951e-02
3.120000000000000000e+02 1.831497968750000344e-02
3.130000000000000000e+02 1.874852578124999725e-02
3.140000000000000000e+02 1.916613593749999164e-02
3.150000000000000000e+02 1.956427343750000505e-02
3.160000000000000000e+02 1.993942499999998980e-02
3.170000000000000000e+02 2.028767421875000976e-02
3.180000000000000000e+02 2.060507890625001490e-02
3.190000000000000000e+02 2.088768906250000612e-02
3.200000000000000000e+02 2.113144609374999552e-02
3.210000000000000000e+02 2.133254296874999636e-02
3.220000000000000000e+02 2.148730781250000194e-02
3.230000000000000000e+02 2.159260625000000364e-02
3.240000000000000000e+02 2.164547500000001123e-02
3.250000000000000000e+02 2.164346171875001015e-02
3.260000000000000000e+02 2.158474062500000124e-02
3.270000000000000000e+02 2.146785937499999172e-02
3.280000000000000000e+02 2.129210992187499651e-02
3.290000000000000000e+02 2.105720265625000628e-02
3.300000000000000000e+02 2.076370140625000138e-02
3.310000000000000000e+02 2.041279617187500076e-02
3.320000000000000000e+02 2.000622812499999736e-02
3.330000000000000000e+02 1.954661929687500840e-02
3.340000000000000000e+02 1.903733257812500329e-02
3.350000000000000000e+02 1.848239781249999547e-02
3.360000000000000000e+02 1.788660382812499658e-02
3.370000000000000000e+02 1.725538859374999706e-02
3.380000000000000000e+02 1.659489023437499614e-02
3.390000000000000000e+02 1.591168296875000027e-02
3.400000000000000000e+02 1.521281624999999173e-02
3.410000000000000000e+02 1.450564929687499227e-02
3.420000000000000000e+02 1.379772207812500484e-02
3.430000000000000000e+02 1.309660543749999531e-02
3.440000000000000000e+02 1.240983565624999979e-02
3.450000000000000000e+02 1.174471557812499858e-02
3.460000000000000000e+02 1.110811240625000397e-02
3.470000000000000000e+02 1.050656887499998998e-02
3.480000000000000000e+02 9.945955302343748375e-03
3.490000000000000000e+02 9.431445371093744381e-03
3.500000000000000000e+02 8.967550640234368473e-03
3.510000000000000000e+02 8.557902775781256119e-03
3.520000000000000000e+02 8.205124593749996489e-03
3.530000000000000000e+02 7.911050555468751924e-03
3.540000000000000000e+02 7.676449140625001347e-03
3.550000000000000000e+02 7.501021624218750551e-03
3.560000000000000000e+02 7.383430204687501178e-03
3.570000000000000000e+02 7.321329593750002841e-03
3.580000000000000000e+02 7.311268767968752066e-03
3.590000000000000000e+02 7.348904250000000589e-03
3.600000000000000000e+02 7.428895273437502271e-03
3.610000000000000000e+02 7.545125376562501415e-03
3.620000000000000000e+02 7.690895828125000541e-03
3.630000000000000000e+02 7.859037960937498984e-03
3.640000000000000000e+02 8.042185265624999732e-03
3.650000000000000000e+02 8.232900843749993078e-03
3.660000000000000000e+02 8.424198351562498660e-03
3.670000000000000000e+02 8.609387398437503072e-03
3.680000000000000000e+02 8.782406015624999104e-03
3.690000000000000000e+02 8.938177656250000797e-03
3.700000000000000000e+02 9.072425078124999806e-03
3.710000000000000000e+02 9.181853828125001102e-03
3.720000000000000000e+02 9.264273281250004141e-03
3.730000000000000000e+02 9.318503046874999224e-03
3.740000000000000000e+02 9.344430937499996828e-03
3.750000000000000000e+02 9.342991406250000797e-03
3.760000000000000000e+02 9.316097656249997666e-03
3.770000000000000000e+02 9.266345468750002839e-03
3.780000000000000000e+02 9.196976093750006825e-03
3.790000000000000000e+02 9.111633203125007324e-03
3.800000000000000000e+02 9.013944687499999067e-03
3.810000000000000000e+02 8.907555546874997704e-03
3.820000000000000000e+02 8.795774765624996688e-03
3.830000000000000000e+02 8.681435781250005160e-03
3.840000000000000000e+02 8.566984062499999678e-03
3.850000000000000000e+02 8.454440468750001186e-03
3.860000000000000000e+02 8.345303515624994187e-03
3.870000000000000000e+02 8.240792968750000613e-03
3.880000000000000000e+02 8.141696796874996894e-03
3.890000000000000000e+02 8.048578359374999186e-03
3.900000000000000000e+02 7.961565468749993990e-03
3.910000000000000000e+02 7.880398984374998445e-03
3.920000000000000000e+02 7.804607890625000696e-03
3.930000000000000000e+02 7.733426406249997026e-03
3.940000000000000000e+02 7.665929835937499923e-03
3.950000000000000000e+02 7.601236703124999126e-03
3.960000000000000000e+02 7.538507656249996032e-03
3.970000000000000000e+02 7.477068401718751055e-03
3.980000000000000000e+02 7.416403867187503461e-03
3.990000000000000000e+02 7.356129320312499928e-03
4.000000000000000000e+02 7.295751898437502839e-03
4.010000000000000000e+02 7.234493929687499554e-03
4.020000000000000000e+02 7.171195757812495047e-03
4.030000000000000000e+02 7.104268054687499709e-03
4.040000000000000000e+02 7.031358898437501184e-03
4.050000000000000000e+02 6.949599937499999387e-03
4.060000000000000000e+02 6.855577218749999736e-03
4.070000000000000000e+02 6.745680109375000802e-03
4.080000000000000000e+02 6.616214296874996410e-03
4.090000000000000000e+02 6.463841171875000895e-03
4.100000000000000000e+02 6.286094531249996134e-03
4.110000000000000000e+02 6.081555062500002343e-03
4.120000000000000000e+02 5.850221812499998772e-03
4.130000000000000000e+02 5.593708640625000283e-03
4.140000000000000000e+02 5.315158623437502526e-03
4.150000000000000000e+02 5.019078386718750506e-03
4.160000000000000000e+02 4.711340507812500009e-03
4.170000000000000000e+02 4.398643203124999283e-03
4.180000000000000000e+02 4.088196796874997950e-03
4.190000000000000000e+02 3.787605859375000293e-03
4.200000000000000000e+02 3.504251101562499623e-03
4.210000000000000000e+02 3.245054781250001578e-03
4.220000000000000000e+02 3.015990437499998979e-03
4.230000000000000000e+02 2.821595914062499395e-03
4.240000000000000000e+02 2.664546748437499751e-03
4.250000000000000000e+02 2.545279921875000934e-03
4.260000000000000000e+02 2.461790767968749950e-03
4.270000000000000000e+02 2.409773867187499797e-03
4.280000000000000000e+02 2.382912046875000894e-03
4.290000000000000000e+02 2.373577437500000616e-03
4.300000000000000000e+02 2.373496512265625864e-03
4.310000000000000000e+02 2.374692241406251188e-03
4.320000000000000000e+02 2.370125679687499695e-03
4.330000000000000000e+02 2.354319390624999044e-03
4.340000000000000000e+02 2.323870984374999064e-03
4.350000000000000000e+02 2.277559140625000107e-03
4.360000000000000000e+02 2.216276161718750467e-03
4.370000000000000000e+02 2.142695903125001015e-03
4.380000000000000000e+02 2.060622032031249849e-03
4.390000000000000000e+02 1.974316968750000623e-03
4.400000000000000000e+02 1.887768265625000032e-03
4.410000000000000000e+02 1.804271437499999639e-03
4.420000000000000000e+02 1.726296000000000427e-03
4.430000000000000000e+02 1.655642882812499673e-03
4.440000000000000000e+02 1.593825929687499830e-03
4.450000000000000000e+02 1.542446435937499041e-03
4.460000000000000000e+02 1.503454078124999730e-03
4.470000000000000000e+02 1.479172664062500904e-03
4.480000000000000000e+02 1.472044171875000387e-03
4.490000000000000000e+02 1.484267757812500086e-03
4.500000000000000000e+02 1.517346617187499171e-03
4.510000000000000000e+02 1.571824320312499058e-03
4.520000000000000000e+02 1.647190304687500039e-03
4.530000000000000000e+02 1.742000312499999677e-03
4.540000000000000000e+02 1.854031484374999436e-03
4.550000000000000000e+02 1.980347898437499667e-03
4.560000000000000000e+02 2.117284851562502030e-03
4.570000000000000000e+02 2.260291361718750648e-03
4.580000000000000000e+02 2.403765715234374746e-03
4.590000000000000000e+02 2.540802892968748849e-03
4.600000000000000000e+02 2.663167720312499456e-03
4.610000000000000000e+02 2.761372289062500717e-03
4.620000000000000000e+02 2.825512195312500190e-03
4.630000000000000000e+02 2.846486203124999961e-03
4.640000000000000000e+02 2.817834476562499930e-03
4.650000000000000000e+02 2.737700898437499340e-03
4.660000000000000000e+02 2.610180132812499852e-03
4.670000000000000000e+02 2.445511757812499857e-03
4.680000000000000000e+02 2.259036640624999519e-03
4.690000000000000000e+02 2.069123633593749918e-03
4.700000000000000000e+02 1.894757135937499056e-03
4.710000000000000000e+02 1.753654423437500231e-03
4.720000000000000000e+02 1.661380017968749380e-03
4.730000000000000000e+02 1.631339492187500271e-03
4.740000000000000000e+02 1.675259664062499123e-03
4.750000000000000000e+02 1.803247406250000229e-03
4.760000000000000000e+02 2.022924579296874956e-03
4.770000000000000000e+02 2.337440614062501025e-03
4.780000000000000000e+02 2.742909226562501804e-03
4.790000000000000000e+02 3.226052351562500552e-03
4.800000000000000000e+02 3.763093960937500052e-03
4.810000000000000000e+02 4.320480601562501875e-03
4.820000000000000000e+02 4.857492710937500423e-03
4.830000000000000000e+02 5.330339015625002071e-03
4.840000000000000000e+02 5.697114440390624659e-03
4.850000000000000000e+02 5.922799019609376048e-03
4.860000000000000000e+02 5.983782398437500864e-03
4.870000000000000000e+02 5.871451156250000539e-03
4.880000000000000000e+02 5.594674921875000817e-03
4.890000000000000000e+02 5.179835835937501333e-03
4.900000000000000000e+02 4.669231234375000560e-03
4.910000000000000000e+02 4.116400335937499266e-03
4.920000000000000000e+02 3.579355421874999988e-03
4.930000000000000000e+02 3.112161382812500023e-03
4.940000000000000000e+02 2.756607031249999878e-03
4.950000000000000000e+02 2.535666242187499444e-03
4.960000000000000000e+02 2.450237015624999633e-03
4.970000000000000000e+02 2.479823375000000593e-03
4.980000000000000000e+02 2.587324468750000842e-03
4.990000000000000000e+02 2.727480110937499647e-03
5.000000000000000000e+02 2.858414929687500688e-03
5.010000000000000000e+02 2.954303843749999693e-03
5.020000000000000000e+02 3.015812156249997843e-03
5.030000000000000000e+02 3.073914609375000620e-03
5.040000000000000000e+02 3.184466640625001344e-03
5.050000000000000000e+02 3.413145312500000077e-03
5.060000000000000000e+02 3.813703984375001535e-03
5.070000000000000000e+02 4.403908750000000254e-03
5.080000000000000000e+02 5.145728046874999996e-03
5.090000000000000000e+02 5.939823671874998670e-03
5.100000000000000000e+02 6.647053671874998335e-03
5.110000000000000000e+02 7.155840624999999788e-03
