0.000000000000000000e+00 1.347602115624999680e-02
1.000000000000000000e+00 1.342399896874999464e-02
2.000000000000000000e+00 1.332048063281249944e-02
3.000000000000000000e+00 1.316647308593750162e-02
4.000000000000000000e+00 1.296359998437500265e-02
5.000000000000000000e+00 1.271376909375000232e-02
6.000000000000000000e+00 1.241942886718750381e-02
7.000000000000000000e+00 1.208352921874999812e-02
8.000000000000000000e+00 1.170933687499999681e-02
9.000000000000000000e+00 1.130040421874999555e-02
1.000000000000000000e+01 1.086065218750000005e-02
1.100000000000000000e+01 1.039422156249999486e-02
1.200000000000000000e+01 9.905437109374998217e-03
1.300000000000000000e+01 9.398822968749998008e-03
1.400000000000000000e+01 8.878941875000000844e-03
1.500000000000000000e+01 8.350410624999995285e-03
1.600000000000000000e+01 7.817761640625003894e-03
1.700000000000000000e+01 7.285549921875003956e-03
1.800000000000000000e+01 6.758199453124998785e-03
1.900000000000000000e+01 6.239912968750003196e-03
2.000000000000000000e+01 5.734727265625000521e-03
2.100000000000000000e+01 5.246478515624997292e-03
2.200000000000000000e+01 4.778579609374998191e-03
2.300000000000000000e+01 4.334266562500000385e-03
2.400000000000000000e+01 3.916405624999997476e-03
2.500000000000000000e+01 3.527432421874998961e-03
2.600000000000000000e+01 3.169497031249999403e-03
2.700000000000000000e+01 2.844301484375000647e-03
2.800000000000000000e+01 2.553199765625000818e-03
2.900000000000000000e+01 2.297109843749999859e-03
3.000000000000000000e+01 2.076592656250000023e-03
3.100000000000000000e+01 1.891812187499999996e-03
3.200000000000000000e+01 1.742564640625000579e-03
3.300000000000000000e+01 1.628303054687499753e-03
3.400000000000000000e+01 1.548141792968750615e-03
3.500000000000000000e+01 1.500897664546875379e-03
3.600000000000000000e+01 1.485104724999999383e-03
3.700000000000000000e+01 1.499040441249999524e-03
3.800000000000000000e+01 1.540779025781250549e-03
3.900000000000000000e+01 1.608198943749999943e-03
4.000000000000000000e+01 1.699029618749999708e-03
4.100000000000000000e+01 1.810880321953126006e-03
4.200000000000000000e+01 1.941302320312500267e-03
4.300000000000000000e+01 2.087769789062500839e-03
4.400000000000000000e+01 2.247760054687499010e-03
4.500000000000000000e+01 2.418775425000001082e-03
4.600000000000000000e+01 2.598362632812500645e-03
4.700000000000000000e+01 2.784149523437496991e-03
4.800000000000000000e+01 2.973866640625001320e-03
4.900000000000000000e+01 3.165373671875000051e-03
5.000000000000000000e+01 3.356677812499999324e-03
5.100000000000000000e+01 3.545982500000001512e-03
5.200000000000000000e+01 3.731601796874999336e-03
5.300000000000000000e+01 3.912085390624999402e-03
5.400000000000000000e+01 4.086139374999997985e-03
5.500000000000000000e+01 4.252707890625001368e-03
5.600000000000000000e+01 4.410851484375002268e-03
5.700000000000000000e+01 4.559877343750002796e-03
5.800000000000000000e+01 4.699214296874997844e-03
5.900000000000000000e+01 4.828489062499998277e-03
6.000000000000000000e+01 4.947412500000003197e-03
6.100000000000000000e+01 5.055877343750000107e-03
6.200000000000000000e+01 5.153856250000003400e-03
6.300000000000000000e+01 5.241402343749998992e-03
6.400000000000000000e+01 5.318646484374999102e-03
6.500000000000000000e+01 5.385796171875001197e-03
6.600000000000000000e+01 5.443051484375000144e-03
6.700000000000000000e+01 5.490648593749998703e-03
6.800000000000000000e+01 5.528872734374999827e-03
6.900000000000000000e+01 5.557908984375000208e-03
7.000000000000000000e+01 5.578049124999999789e-03
7.100000000000000000e+01 5.589531289062498777e-03
7.200000000000000000e+01 5.592541921875000301e-03
7.300000000000000000e+01 5.587302953125003122e-03
7.400000000000000000e+01 5.573999484375003269e-03
7.500000000000000000e+01 5.552881492187501655e-03
7.600000000000000000e+01 5.524159921875000656e-03
7.700000000000000000e+01 5.488048750000000184e-03
7.800000000000000000e+01 5.444846523437497920e-03
7.900000000000000000e+01 5.394872976562498611e-03
8.000000000000000000e+01 5.338488968750000965e-03
8.100000000000000000e+01 5.276175421875000347e-03
8.200000000000000000e+01 5.208398929687500963e-03
8.300000000000000000e+01 5.135777109375000600e-03
8.400000000000000000e+01 5.058956484375000048e-03
8.500000000000000000e+01 4.978628125000002236e-03
8.600000000000000000e+01 4.895589140625000030e-03
8.700000000000000000e+01 4.810667421875000453e-03
8.800000000000000000e+01 4.724718203124999606e-03
8.900000000000000000e+01 4.638605859374999620e-03
9.000000000000000000e+01 4.553212031250001776e-03
9.100000000000000000e+01 4.469320625000000255e-03
9.200000000000000000e+01 4.387718749999998391e-03
9.300000000000000000e+01 4.309117968749998084e-03
9.400000000000000000e+01 4.234080000000000309e-03
9.500000000000000000e+01 4.163054921875000182e-03
9.600000000000000000e+01 4.096370234374997928e-03
9.700000000000000000e+01 4.034165546874999425e-03
9.800000000000000000e+01 3.976500781249997854e-03
9.900000000000000000e+01 3.923191796875002101e-03
1.000000000000000000e+02 3.873965929687500209e-03
1.010000000000000000e+02 3.828430789062499222e-03
1.020000000000000000e+02 3.786083484375001463e-03
1.030000000000000000e+02 3.746307203125000262e-03
1.040000000000000000e+02 3.708556976562501009e-03
1.050000000000000000e+02 3.672194424218750558e-03
1.060000000000000000e+02 3.636738593750000158e-03
1.070000000000000000e+02 3.601701561718751061e-03
1.080000000000000000e+02 3.566800636718750386e-03
1.090000000000000000e+02 3.531922369531249190e-03
1.100000000000000000e+02 3.497165851562500632e-03
1.110000000000000000e+02 3.462818978125000585e-03
1.120000000000000000e+02 3.429448283593750785e-03
1.130000000000000000e+02 3.397829778124999978e-03
1.140000000000000000e+02 3.368994367187500179e-03
1.150000000000000000e+02 3.344116640625001240e-03
1.160000000000000000e+02 3.324519734374999352e-03
1.170000000000000000e+02 3.311744164062501144e-03
1.180000000000000000e+02 3.307180179687498230e-03
1.190000000000000000e+02 3.312377320312500512e-03
1.200000000000000000e+02 3.328672562499999672e-03
1.210000000000000000e+02 3.357234035937502713e-03
1.220000000000000000e+02 3.399030266406249425e-03
1.230000000000000000e+02 3.454713250000000183e-03
1.240000000000000000e+02 3.524519968749998886e-03
1.250000000000000000e+02 3.608402171874997878e-03
1.260000000000000000e+02 3.705736234375001884e-03
1.270000000000000000e+02 3.815567773437500854e-03
1.280000000000000000e+02 3.936510804687500496e-03
1.290000000000000000e+02 4.066702031249998413e-03
1.300000000000000000e+02 4.204028593749999099e-03
1.310000000000000000e+02 4.345988359375001393e-03
1.320000000000000000e+02 4.489958515625001520e-03
1.330000000000000000e+02 4.633110078124998837e-03
1.340000000000000000e+02 4.772651093750000101e-03
1.350000000000000000e+02 4.905835859375001599e-03
1.360000000000000000e+02 5.030031484375002693e-03
1.370000000000000000e+02 5.142913203125001019e-03
1.380000000000000000e+02 5.242488359375001121e-03
1.390000000000000000e+02 5.327180937500000310e-03
1.400000000000000000e+02 5.395785078124998822e-03
1.410000000000000000e+02 5.447666406249995763e-03
1.420000000000000000e+02 5.482624062500001012e-03
1.430000000000000000e+02 5.500956093750001240e-03
1.440000000000000000e+02 5.503458437499999037e-03
1.450000000000000000e+02 5.491259531249998924e-03
1.460000000000000000e+02 5.465913671874998540e-03
1.470000000000000000e+02 5.429258593749998127e-03
1.480000000000000000e+02 5.383258671874999353e-03
1.490000000000000000e+02 5.330045234374998844e-03
1.500000000000000000e+02 5.271828421874998581e-03
1.510000000000000000e+02 5.210605632812498680e-03
1.520000000000000000e+02 5.148446570312498714e-03
1.530000000000000000e+02 5.087160289062501659e-03
1.540000000000000000e+02 5.028344265624999122e-03
1.550000000000000000e+02 4.973299906250000860e-03
1.560000000000000000e+02 4.923090328124999152e-03
1.570000000000000000e+02 4.878557125000001181e-03
1.580000000000000000e+02 4.840163945312500778e-03
1.590000000000000000e+02 4.808231703125002282e-03
1.600000000000000000e+02 4.782810601562501387e-03
1.610000000000000000e+02 4.763803117187499769e-03
1.620000000000000000e+02 4.751051546874999337e-03
1.630000000000000000e+02 4.744202882812501368e-03
1.640000000000000000e+02 4.742870039062498620e-03
1.650000000000000000e+02 4.746771234375000634e-03
1.660000000000000000e+02 4.755466429687498983e-03
1.670000000000000000e+02 4.768683992187495481e-03
1.680000000000000000e+02 4.786122914062499595e-03
1.690000000000000000e+02 4.807532411718749149e-03
1.700000000000000000e+02 4.832753406250000182e-03
1.710000000000000000e+02 4.861535492187500987e-03
1.720000000000000000e+02 4.893723794531248950e-03
1.730000000000000000e+02 4.929111120312502058e-03
1.740000000000000000e+02 4.967474242968751390e-03
1.750000000000000000e+02 5.008502710156250391e-03
1.760000000000000000e+02 5.051805429687501216e-03
1.770000000000000000e+02 5.096894820312499602e-03
1.780000000000000000e+02 5.143273359374999666e-03
1.790000000000000000e+02 5.190192476562500122e-03
1.800000000000000000e+02 5.236961890625000011e-03
1.810000000000000000e+02 5.282666695312501250e-03
1.820000000000000000e+02 5.326460414062501175e-03
1.830000000000000000e+02 5.367379484374998691e-03
1.840000000000000000e+02 5.404437632812498365e-03
1.850000000000000000e+02 5.436692180468748366e-03
1.860000000000000000e+02 5.463230601562500677e-03
1.870000000000000000e+02 5.483204507812498851e-03
1.880000000000000000e+02 5.495875218749999777e-03
1.890000000000000000e+02 5.500603281249999595e-03
1.900000000000000000e+02 5.496934062499998427e-03
1.910000000000000000e+02 5.484543124999997910e-03
1.920000000000000000e+02 5.463305624999999568e-03
1.930000000000000000e+02 5.433332031249996433e-03
1.940000000000000000e+02 5.394888750000002668e-03
1.950000000000000000e+02 5.348483750000001570e-03
1.960000000000000000e+02 5.294803749999997707e-03
1.970000000000000000e+02 5.234793203124998330e-03
1.980000000000000000e+02 5.169555234375001335e-03
1.990000000000000000e+02 5.100396015625001389e-03
2.000000000000000000e+02 5.028797578124999910e-03
2.010000000000000000e+02 4.956370468750000494e-03
2.020000000000000000e+02 4.884868281250000395e-03
2.030000000000000000e+02 4.816112953124999062e-03
2.040000000000000000e+02 4.752001554687498679e-03
2.050000000000000000e+02 4.694444289062502107e-03
2.060000000000000000e+02 4.645327487499998145e-03
2.070000000000000000e+02 4.606480382812500919e-03
2.080000000000000000e+02 4.579630578125002197e-03
2.090000000000000000e+02 4.566373335937500347e-03
2.100000000000000000e+02 4.568087567968748611e-03
2.110000000000000000e+02 4.585919285937501040e-03
2.120000000000000000e+02 4.620815078124998997e-03
2.130000000000000000e+02 4.673369179687500256e-03
2.140000000000000000e+02 4.743807601562501260e-03
2.150000000000000000e+02 4.832185593749998946e-03
2.160000000000000000e+02 4.938028890624997919e-03
2.170000000000000000e+02 5.060585540312498125e-03
2.180000000000000000e+02 5.198735140625002429e-03
2.190000000000000000e+02 5.351039226562502409e-03
2.200000000000000000e+02 5.515704109374998387e-03
2.210000000000000000e+02 5.690805734375001083e-03
2.220000000000000000e+02 5.873874945312497833e-03
2.230000000000000000e+02 6.062518468750000000e-03
2.240000000000000000e+02 6.254029601093751521e-03
2.250000000000000000e+02 6.445708281249997763e-03
2.260000000000000000e+02 6.634767992187500310e-03
2.270000000000000000e+02 6.818469015624995834e-03
2.280000000000000000e+02 6.994146007812494271e-03
2.290000000000000000e+02 7.159313370312499029e-03
2.300000000000000000e+02 7.311746328125004642e-03
2.310000000000000000e+02 7.449309117187500467e-03
2.320000000000000000e+02 7.570411390625001076e-03
2.330000000000000000e+02 7.673594124999998795e-03
2.340000000000000000e+02 7.758056726562501289e-03
2.350000000000000000e+02 7.823184679687501114e-03
2.360000000000000000e+02 7.868834164062497860e-03
2.370000000000000000e+02 7.895378062499999738e-03
2.380000000000000000e+02 7.903649257812495749e-03
2.390000000000000000e+02 7.894679523437499874e-03
2.400000000000000000e+02 7.870074992187498300e-03
2.410000000000000000e+02 7.831696554687503364e-03
2.420000000000000000e+02 7.781761195312500434e-03
2.430000000000000000e+02 7.722727218749999428e-03
2.440000000000000000e+02 7.657205273437499467e-03
2.450000000000000000e+02 7.587858359375001388e-03
2.460000000000000000e+02 7.517692421875003111e-03
2.470000000000000000e+02 7.449394125000001476e-03
2.480000000000000000e+02 7.385776898437499023e-03
2.490000000000000000e+02 7.329374187499999513e-03
2.500000000000000000e+02 7.282681781250002241e-03
2.510000000000000000e+02 7.247854499999996890e-03
2.520000000000000000e+02 7.226698140625000509e-03
2.530000000000000000e+02 7.220754726562500503e-03
2.540000000000000000e+02 7.231085265625000237e-03
2.550000000000000000e+02 7.258410171874997603e-03
2.560000000000000000e+02 7.302971578125000245e-03
2.570000000000000000e+02 7.364651031250002422e-03
2.580000000000000000e+02 7.442811070312501179e-03
2.590000000000000000e+02 7.536493843749997833e-03
2.600000000000000000e+02 7.644325624999999229e-03
2.610000000000000000e+02 7.764653359375002679e-03
2.620000000000000000e+02 7.895479609374998764e-03
2.630000000000000000e+02 8.034698359374996615e-03
2.640000000000000000e+02 8.180007656250001813e-03
2.650000000000000000e+02 8.329000546874999744e-03
2.660000000000000000e+02 8.479285781250003526e-03
2.670000000000000000e+02 8.628557812500006752e-03
2.680000000000000000e+02 8.774492890624997418e-03
2.690000000000000000e+02 8.915093515624998230e-03
2.700000000000000000e+02 9.048473828125000451e-03
2.710000000000000000e+02 9.172991562500005039e-03
2.720000000000000000e+02 9.287463281249996525e-03
2.730000000000000000e+02 9.390840624999998928e-03
2.740000000000000000e+02 9.482536718749998497e-03
2.750000000000000000e+02 9.562438281250000213e-03
2.760000000000000000e+02 9.630743749999993303e-03
2.770000000000000000e+02 9.688145312499996803e-03
2.780000000000000000e+02 9.735659375000002211e-03
2.790000000000000000e+02 9.774867187499997750e-03
2.800000000000000000e+02 9.807614062500002658e-03
2.810000000000000000e+02 9.836312499999996101e-03
2.820000000000000000e+02 9.863435156249995839e-03
2.830000000000000000e+02 9.891846093749998362e-03
2.840000000000000000e+02 9.924582031250000352e-03
2.850000000000000000e+02 9.964664062499999780e-03
2.860000000000000000e+02 1.001532968750000301e-02
2.870000000000000000e+02 1.007954296875000072e-02
2.880000000000000000e+02 1.016026484375000608e-02
2.890000000000000000e+02 1.026013046874999814e-02
2.900000000000000000e+02 1.038153906249999862e-02
2.910000000000000000e+02 1.052672421875000194e-02
2.920000000000000000e+02 1.069725390625000071e-02
2.930000000000000000e+02 1.089452656250000304e-02
2.940000000000000000e+02 1.111934609375000126e-02
2.950000000000000000e+02 1.137221874999999952e-02
2.960000000000000000e+02 1.165303124999998892e-02
2.970000000000000000e+02 1.196127343749999773e-02
2.980000000000000000e+02 1.229583124999999999e-02
2.990000000000000000e+02 1.265527421874999836e-02
3.000000000000000000e+02 1.303769062500000249e-02
3.010000000000000000e+02 1.344072890624999420e-02
3.020000000000000000e+02 1.386176015624999806e-02
3.030000000000000000e+02 1.429804375000000120e-02
3.040000000000000000e+02 1.474655156249999460e-02
3.050000000000000000e+02 1.520428359374999608e-02
3.060000000000000000e+02 1.566818515625001060e-02
3.070000000000000000e+02 1.613524453124999883e-02
3.080000000000000000e+02 1.660262109374999878e-02
3.090000000000000000e+02 1.706751875000001029e-02
3.100000000000000000e+02 1.752718593750000539e-02
3.110000000000000000e+02 1.797879921875000092e-02
3.120000000000000000e+02 1.841958906249999486e-02
3.130000000000000000e+02 1.884658359375000064e-02
3.140000000000000000e+02 1.925660390625000620e-02
3.150000000000000000e+02 1.964639765624998438e-02
3.160000000000000000e+02 2.001236015624999892e-02
3.170000000000000000e+02 2.035076015625001192e-02
3.180000000000000000e+02 2.065791328125000242e-02
3.190000000000000000e+02 2.092979921874997887e-02
3.200000000000000000e+02 2.116265078124999338e-02
3.210000000000000000e+02 2.135279687499998941e-02
3.220000000000000000e+02 2.149671250000001130e-02
3.230000000000000000e+02 2.159131796875000953e-02
3.240000000000000000e+02 2.163394140625000267e-02
3.250000000000000000e+02 2.162214218749997433e-02
3.260000000000000000e+02 2.155415703125001387e-02
3.270000000000000000e+02 2.142873828124998783e-02
3.280000000000000000e+02 2.124515546874999883e-02
3.290000000000000000e+02 2.100322945312501494e-02
3.300000000000000000e+02 2.070354226562499955e-02
3.310000000000000000e+02 2.034713867187499040e-02
3.320000000000000000e+02 1.993603718750000184e-02
3.330000000000000000e+02 1.947276945312500715e-02
3.340000000000000000e+02 1.896068078125000625e-02
3.350000000000000000e+02 1.840391390625000650e-02
3.360000000000000000e+02 1.780728078124999697e-02
3.370000000000000000e+02 1.717630429687500015e-02
3.380000000000000000e+02 1.651698421875000267e-02
3.390000000000000000e+02 1.583611703124999590e-02
3.400000000000000000e+02 1.514069187499999906e-02
3.410000000000000000e+02 1.443807531250000491e-02
3.420000000000000000e+02 1.373589622656250925e-02
3.430000000000000000e+02 1.304161660156250187e-02
3.440000000000000000e+02 1.236279435937499838e-02
3.450000000000000000e+02 1.170662064843749905e-02
3.460000000000000000e+02 1.107997028906250112e-02
3.470000000000000000e+02 1.048921841406249590e-02
3.480000000000000000e+02 9.940034221874997911e-03
3.490000000000000000e+02 9.437564617187494537e-03
3.500000000000000000e+02 8.986073410156249913e-03
3.510000000000000000e+02 8.588980144531249347e-03
3.520000000000000000e+02 8.248764034374994614e-03
3.530000000000000000e+02 7.966983186718753704e-03
3.540000000000000000e+02 7.744182156250000414e-03
3.550000000000000000e+02 7.579794354687501533e-03
3.560000000000000000e+02 7.472212053125001571e-03
3.570000000000000000e+02 7.418835382812502544e-03
3.580000000000000000e+02 7.415969289062502787e-03
3.590000000000000000e+02 7.458898921875003682e-03
3.600000000000000000e+02 7.542108375000000295e-03
3.610000000000000000e+02 7.659275867187498137e-03
3.620000000000000000e+02 7.803535101562501797e-03
3.630000000000000000e+02 7.967559679687499785e-03
3.640000000000000000e+02 8.143961125000003312e-03
3.650000000000000000e+02 8.325475312500000419e-03
3.660000000000000000e+02 8.505100687500002921e-03
3.670000000000000000e+02 8.676321640624994752e-03
3.680000000000000000e+02 8.833506796874996195e-03
3.690000000000000000e+02 8.971801484374996444e-03
3.700000000000000000e+02 9.087196484375004157e-03
3.710000000000000000e+02 9.176866406249992517e-03
3.720000000000000000e+02 9.239080390625001304e-03
3.730000000000000000e+02 9.273064921874997479e-03
3.740000000000000000e+02 9.279121484375001463e-03
3.750000000000000000e+02 9.258632734374999326e-03
3.760000000000000000e+02 9.213805000000000259e-03
3.770000000000000000e+02 9.147665156249998319e-03
3.780000000000000000e+02 9.063609296874998791e-03
3.790000000000000000e+02 8.965477578124998737e-03
3.800000000000000000e+02 8.857033828124997663e-03
3.810000000000000000e+02 8.741811874999992973e-03
3.820000000000000000e+02 8.623072734374993831e-03
3.830000000000000000e+02 8.503551093750002371e-03
3.840000000000000000e+02 8.385490937500001893e-03
3.850000000000000000e+02 8.270686875000002325e-03
3.860000000000000000e+02 8.160543203124993525e-03
3.870000000000000000e+02 8.056015859374999685e-03
3.880000000000000000e+02 7.957743984375008350e-03
3.890000000000000000e+02 7.866011953124996472e-03
3.900000000000000000e+02 7.780765625000000789e-03
3.910000000000000000e+02 7.701598515625004103e-03
3.920000000000000000e+02 7.627878515625001292e-03
3.930000000000000000e+02 7.558762492187503547e-03
3.940000000000000000e+02 7.493320414062500795e-03
3.950000000000000000e+02 7.430630546874998979e-03
3.960000000000000000e+02 7.369998406250004123e-03
3.970000000000000000e+02 7.310848320312497012e-03
3.980000000000000000e+02 7.252743851562501801e-03
3.990000000000000000e+02 7.195322367187498812e-03
4.000000000000000000e+02 7.138095406250001204e-03
4.010000000000000000e+02 7.080262945312495310e-03
4.020000000000000000e+02 7.020570578124998677e-03
4.030000000000000000e+02 6.957204343749996168e-03
4.040000000000000000e+02 6.887732304687503235e-03
4.050000000000000000e+02 6.809150257812500440e-03
4.060000000000000000e+02 6.717972500000002345e-03
4.070000000000000000e+02 6.610520156249998988e-03
4.080000000000000000e+02 6.483233281250000424e-03
4.090000000000000000e+02 6.332835226562498997e-03
4.100000000000000000e+02 6.157121351562495036e-03
4.110000000000000000e+02 5.954840585937496746e-03
4.120000000000000000e+02 5.726348468749998047e-03
4.130000000000000000e+02 5.473314689062499724e-03
4.140000000000000000e+02 5.199139882812499509e-03
4.150000000000000000e+02 4.908427484374999240e-03
4.160000000000000000e+02 4.607046679687502519e-03
4.170000000000000000e+02 4.301651249999998219e-03
4.180000000000000000e+02 3.999455078125000243e-03
4.190000000000000000e+02 3.707876703124998903e-03
4.200000000000000000e+02 3.434202773437498857e-03
4.210000000000000000e+02 3.185137062499998877e-03
4.220000000000000000e+02 2.966394828124999800e-03
4.230000000000000000e+02 2.782215382812500224e-03
4.240000000000000000e+02 2.634893558593750813e-03
4.250000000000000000e+02 2.524451929687500634e-03
4.260000000000000000e+02 2.448528554687500955e-03
4.270000000000000000e+02 2.402460242187498714e-03
4.280000000000000000e+02 2.379748695312499523e-03
4.290000000000000000e+02 2.372660675000000299e-03
4.300000000000000000e+02 2.373035653124999297e-03
4.310000000000000000e+02 2.373078180468750874e-03
4.320000000000000000e+02 2.366037890624999619e-03
4.330000000000000000e+02 2.346853679687499299e-03
4.340000000000000000e+02 2.312584625000000012e-03
4.350000000000000000e+02 2.262463902343749347e-03
4.360000000000000000e+02 2.197823367765625036e-03
4.370000000000000000e+02 2.121660127343749733e-03
4.380000000000000000e+02 2.037965422656250365e-03
4.390000000000000000e+02 1.950971734374999959e-03
4.400000000000000000e+02 1.864553374999999933e-03
4.410000000000000000e+02 1.781803484375000385e-03
4.420000000000000000e+02 1.705019695312499526e-03
4.430000000000000000e+02 1.635906750000000378e-03
4.440000000000000000e+02 1.575957382812500024e-03
4.450000000000000000e+02 1.526839553125000333e-03
4.460000000000000000e+02 1.490571164062499260e-03
4.470000000000000000e+02 1.469493429687499441e-03
4.480000000000000000e+02 1.465977062499999569e-03
4.490000000000000000e+02 1.481997054687500060e-03
4.500000000000000000e+02 1.518751203124999068e-03
4.510000000000000000e+02 1.576437914062499496e-03
4.520000000000000000e+02 1.654232539062499337e-03
4.530000000000000000e+02 1.750467820312499477e-03
4.540000000000000000e+02 1.862734851562500857e-03
4.550000000000000000e+02 1.988013516406250073e-03
4.560000000000000000e+02 2.122544724374999733e-03
4.570000000000000000e+02 2.261781597500000900e-03
4.580000000000000000e+02 2.400104613281248394e-03
4.590000000000000000e+02 2.530627773437501248e-03
4.600000000000000000e+02 2.645134828125000372e-03
4.610000000000000000e+02 2.734362828124998861e-03
4.620000000000000000e+02 2.788701054687501256e-03
4.630000000000000000e+02 2.799659437499998817e-03
4.640000000000000000e+02 2.761713343750000094e-03
4.650000000000000000e+02 2.674149781250001121e-03
4.660000000000000000e+02 2.542116054687498100e-03
4.670000000000000000e+02 2.376606085937500897e-03
4.680000000000000000e+02 2.193088617187497879e-03
4.690000000000000000e+02 2.009361101562500036e-03
4.700000000000000000e+02 1.843311492187499996e-03
4.710000000000000000e+02 1.711375109374998864e-03
4.720000000000000000e+02 1.628052024765624505e-03
4.730000000000000000e+02 1.606243234374999697e-03
4.740000000000000000e+02 1.657768421875000430e-03
4.750000000000000000e+02 1.793299835937500145e-03
4.760000000000000000e+02 2.021167794531250617e-03
4.770000000000000000e+02 2.345061885156249793e-03
4.780000000000000000e+02 2.761228773437499930e-03
4.790000000000000000e+02 3.256142125000000432e-03
4.800000000000000000e+02 3.805505554687499750e-03
4.810000000000000000e+02 4.375239179687500507e-03
4.820000000000000000e+02 4.924175023437498723e-03
4.830000000000000000e+02 5.408335314062500190e-03
4.840000000000000000e+02 5.785625732812499887e-03
4.850000000000000000e+02 6.020843160156249922e-03
4.860000000000000000e+02 6.090091085937499038e-03
4.870000000000000000e+02 5.984394203124999111e-03
4.880000000000000000e+02 5.712006445312499056e-03
4.890000000000000000e+02 5.298860429687498978e-03
4.900000000000000000e+02 4.786734359374999331e-03
4.910000000000000000e+02 4.228679507812497726e-03
4.920000000000000000e+02 3.682419195312499824e-03
4.930000000000000000e+02 3.201808476562499530e-03
4.940000000000000000e+02 2.828723359375000246e-03
4.950000000000000000e+02 2.586695226562500064e-03
4.960000000000000000e+02 2.477606898437499997e-03
4.970000000000000000e+02 2.482243171874999772e-03
4.980000000000000000e+02 2.564842703124999533e-03
4.990000000000000000e+02 2.681432044531248133e-03
5.000000000000000000e+02 2.791446437500000148e-03
5.010000000000000000e+02 2.870413468750000665e-03
5.020000000000000000e+02 2.920209406250000653e-03
5.030000000000000000e+02 2.972531953124999543e-03
5.040000000000000000e+02 3.083001328124999104e-03
5.050000000000000000e+02 3.315997656249999002e-03
5.060000000000000000e+02 3.722843515624999280e-03
5.070000000000000000e+02 4.317935390625001271e-03
5.080000000000000000e+02 5.059590703125001025e-03
5.090000000000000000e+02 5.845532734374998818e-03
5.100000000000000000e+02 6.535684062500000772e-03
5.110000000000000000e+02 7.019503124999995451e-03
