0.000000000000000000e+00 1.387893882812499952e-02
1.000000000000000000e+00 1.381787640624999695e-02
2.000000000000000000e+00 1.369640539062499940e-02
3.000000000000000000e+00 1.351572382812500465e-02
4.000000000000000000e+00 1.327782054687500282e-02
5.000000000000000000e+00 1.298509445312499497e-02
6.000000000000000000e+00 1.264067664062499402e-02
7.000000000000000000e+00 1.224803835937499780e-02
8.000000000000000000e+00 1.181128984375000822e-02
9.000000000000000000e+00 1.133479609375000023e-02
1.000000000000000000e+01 1.082338703124999767e-02
1.100000000000000000e+01 1.028219859374999469e-02
1.200000000000000000e+01 9.716474531250001573e-03
1.300000000000000000e+01 9.131808828124995600e-03
1.400000000000000000e+01 8.533806640625004117e-03
1.500000000000000000e+01 7.928086335937499160e-03
1.600000000000000000e+01 7.320291679687501198e-03
1.700000000000000000e+01 6.715990953125000607e-03
1.800000000000000000e+01 6.120579235156247896e-03
1.900000000000000000e+01 5.539290055468749051e-03
2.000000000000000000e+01 4.977090206249999704e-03
2.100000000000000000e+01 4.438632445312502665e-03
2.200000000000000000e+01 3.928260734374998571e-03
2.300000000000000000e+01 3.449927617187500094e-03
2.400000000000000000e+01 3.007179953125000381e-03
2.500000000000000000e+01 2.603122812499999821e-03
2.600000000000000000e+01 2.240421406250000906e-03
2.700000000000000000e+01 1.921238515624999537e-03
2.800000000000000000e+01 1.647252578124999570e-03
2.900000000000000000e+01 1.419658445312500057e-03
3.000000000000000000e+01 1.239132857812500496e-03
3.100000000000000000e+01 1.105861266406250659e-03
3.200000000000000000e+01 1.019529609375000034e-03
3.300000000000000000e+01 9.793636015625003556e-04
3.400000000000000000e+01 9.841065156250001621e-04
3.500000000000000000e+01 1.032069249999999477e-03
3.600000000000000000e+01 1.121141511718750467e-03
3.700000000000000000e+01 1.248826921874999921e-03
3.800000000000000000e+01 1.412277281250000046e-03
3.900000000000000000e+01 1.608318444531248474e-03
4.000000000000000000e+01 1.833517270312499817e-03
4.100000000000000000e+01 2.084179420312499455e-03
4.200000000000000000e+01 2.356457039062499932e-03
4.300000000000000000e+01 2.646342335937499918e-03
4.400000000000000000e+01 2.949748508593749881e-03
4.500000000000000000e+01 3.262567359374999448e-03
4.600000000000000000e+01 3.580684281249998761e-03
4.700000000000000000e+01 3.900085781250001073e-03
4.800000000000000000e+01 4.216853828125001306e-03
4.900000000000000000e+01 4.527279843749999928e-03
5.000000000000000000e+01 4.827847734374998007e-03
5.100000000000000000e+01 5.115360234374998795e-03
5.200000000000000000e+01 5.386854296875000225e-03
5.300000000000000000e+01 5.639781406250000614e-03
5.400000000000000000e+01 5.871914687499997683e-03
5.500000000000000000e+01 6.081450468750001885e-03
5.600000000000000000e+01 6.267054765625000232e-03
5.700000000000000000e+01 6.427675000000002484e-03
5.800000000000000000e+01 6.562810156249998701e-03
5.900000000000000000e+01 6.672284375000000350e-03
6.000000000000000000e+01 6.756377343750002464e-03
6.100000000000000000e+01 6.815663984374999498e-03
6.200000000000000000e+01 6.851069531250000150e-03
6.300000000000000000e+01 6.863832500000000870e-03
6.400000000000000000e+01 6.855425390624998554e-03
6.500000000000000000e+01 6.827490781250000751e-03
6.600000000000000000e+01 6.781817031249999864e-03
6.700000000000000000e+01 6.720309296874997507e-03
6.800000000000000000e+01 6.644886039062499784e-03
6.900000000000000000e+01 6.557438781250000959e-03
7.000000000000000000e+01 6.459794859375000455e-03
7.100000000000000000e+01 6.353685442187497097e-03
7.200000000000000000e+01 6.240691414062498298e-03
7.300000000000000000e+01 6.122246612499997361e-03
7.400000000000000000e+01 5.999567264843749283e-03
7.500000000000000000e+01 5.873801414062500975e-03
7.600000000000000000e+01 5.745701407031247876e-03
7.700000000000000000e+01 5.616046835937499315e-03
7.800000000000000000e+01 5.485391265625001213e-03
7.900000000000000000e+01 5.354127992187499886e-03
8.000000000000000000e+01 5.222556828124999724e-03
8.100000000000000000e+01 5.090943464062496447e-03
8.200000000000000000e+01 4.959470750000000150e-03
8.300000000000000000e+01 4.828403078125000601e-03
8.400000000000000000e+01 4.697933765624996184e-03
8.500000000000000000e+01 4.568341796874997481e-03
8.600000000000000000e+01 4.440011718750000273e-03
8.700000000000000000e+01 4.313354023437501218e-03
8.800000000000000000e+01 4.188918406249997860e-03
8.900000000000000000e+01 4.067258433593748390e-03
9.000000000000000000e+01 3.949040664062499449e-03
9.100000000000000000e+01 3.834936080468749446e-03
9.200000000000000000e+01 3.725645812500000091e-03
9.300000000000000000e+01 3.621803109375000204e-03
9.400000000000000000e+01 3.524051812500001574e-03
9.500000000000000000e+01 3.432899570312498722e-03
9.600000000000000000e+01 3.348734781249999935e-03
9.700000000000000000e+01 3.271818585937500898e-03
9.800000000000000000e+01 3.202222500000000832e-03
9.900000000000000000e+01 3.139859968750000410e-03
1.000000000000000000e+02 3.084458881250000048e-03
1.010000000000000000e+02 3.035576175781247964e-03
1.020000000000000000e+02 2.992653305468750188e-03
1.030000000000000000e+02 2.954991027343748921e-03
1.040000000000000000e+02 2.921807729687502051e-03
1.050000000000000000e+02 2.892318496406249065e-03
1.060000000000000000e+02 2.865741520312499024e-03
1.070000000000000000e+02 2.841408609374999807e-03
1.080000000000000000e+02 2.818694791406248755e-03
1.090000000000000000e+02 2.797175161718751506e-03
1.100000000000000000e+02 2.776650883593748381e-03
1.110000000000000000e+02 2.757114570312500963e-03
1.120000000000000000e+02 2.738805570312500322e-03
1.130000000000000000e+02 2.722222109374999779e-03
1.140000000000000000e+02 2.708022668750000722e-03
1.150000000000000000e+02 2.697170435937499677e-03
1.160000000000000000e+02 2.690688671874999754e-03
1.170000000000000000e+02 2.689679898437500119e-03
1.180000000000000000e+02 2.695352398437498957e-03
1.190000000000000000e+02 2.708808898437501528e-03
1.200000000000000000e+02 2.731075453124999670e-03
1.210000000000000000e+02 2.762925148437501716e-03
1.220000000000000000e+02 2.804941015624999590e-03
1.230000000000000000e+02 2.857349015624999038e-03
1.240000000000000000e+02 2.920008281250000698e-03
1.250000000000000000e+02 2.992432256250000984e-03
1.260000000000000000e+02 3.073706306249999586e-03
1.270000000000000000e+02 3.162528531249998373e-03
1.280000000000000000e+02 3.257296976562500373e-03
1.290000000000000000e+02 3.356061492187500418e-03
1.300000000000000000e+02 3.456699921875000091e-03
1.310000000000000000e+02 3.556927546875000238e-03
1.320000000000000000e+02 3.654430757812499129e-03
1.330000000000000000e+02 3.746960539062497465e-03
1.340000000000000000e+02 3.832432007812501713e-03
1.350000000000000000e+02 3.909046007812500868e-03
1.360000000000000000e+02 3.975320585937500845e-03
1.370000000000000000e+02 4.030207531250001515e-03
1.380000000000000000e+02 4.073124796874999162e-03
1.390000000000000000e+02 4.103988218749999271e-03
1.400000000000000000e+02 4.123179531249999107e-03
1.410000000000000000e+02 4.131580781250000604e-03
1.420000000000000000e+02 4.130481250000000819e-03
1.430000000000000000e+02 4.121467109374998827e-03
1.440000000000000000e+02 4.106502890625000554e-03
1.450000000000000000e+02 4.087540742187501311e-03
1.460000000000000000e+02 4.066751398437501268e-03
1.470000000000000000e+02 4.046134085937499146e-03
1.480000000000000000e+02 4.027607820312502709e-03
1.490000000000000000e+02 4.012740303906249008e-03
1.500000000000000000e+02 4.002882476562500541e-03
1.510000000000000000e+02 3.998928296874998227e-03
1.520000000000000000e+02 4.001414218750000765e-03
1.530000000000000000e+02 4.010447335937497755e-03
1.540000000000000000e+02 4.025720679687499852e-03
1.550000000000000000e+02 4.046591562500001862e-03
1.560000000000000000e+02 4.072089726562502093e-03
1.570000000000000000e+02 4.101051757812499907e-03
1.580000000000000000e+02 4.132117398437501130e-03
1.590000000000000000e+02 4.163904593749999210e-03
1.600000000000000000e+02 4.195016851562498664e-03
1.610000000000000000e+02 4.224166828124999683e-03
1.620000000000000000e+02 4.250226781250001501e-03
1.630000000000000000e+02 4.272260695312500231e-03
1.640000000000000000e+02 4.289618104687499371e-03
1.650000000000000000e+02 4.301833848437497908e-03
1.660000000000000000e+02 4.308802343750002019e-03
1.670000000000000000e+02 4.310616421874999098e-03
1.680000000000000000e+02 4.307663460937499744e-03
1.690000000000000000e+02 4.300392835937499880e-03
1.700000000000000000e+02 4.289527734375001358e-03
1.710000000000000000e+02 4.275855000000002015e-03
1.720000000000000000e+02 4.260179218750000975e-03
1.730000000000000000e+02 4.243401015625000369e-03
1.740000000000000000e+02 4.226331796874998985e-03
1.750000000000000000e+02 4.209789453125000434e-03
1.760000000000000000e+02 4.194493281250000379e-03
1.770000000000000000e+02 4.181053828124999677e-03
1.780000000000000000e+02 4.170085710937499433e-03
1.790000000000000000e+02 4.162023312500001508e-03
1.800000000000000000e+02 4.157296570312498177e-03
1.810000000000000000e+02 4.156243281249997687e-03
1.820000000000000000e+02 4.159123671875001628e-03
1.830000000000000000e+02 4.166228804687499912e-03
1.840000000000000000e+02 4.177784140624999851e-03
1.850000000000000000e+02 4.194038781250000215e-03
1.860000000000000000e+02 4.215227671875000290e-03
1.870000000000000000e+02 4.241590710937500654e-03
1.880000000000000000e+02 4.273422085937497381e-03
1.890000000000000000e+02 4.310977257812501073e-03
1.900000000000000000e+02 4.354595601562499634e-03
1.910000000000000000e+02 4.404579210937498851e-03
1.920000000000000000e+02 4.461265843750001139e-03
1.930000000000000000e+02 4.524998554687500486e-03
1.940000000000000000e+02 4.596065101562502205e-03
1.950000000000000000e+02 4.674826226562497043e-03
1.960000000000000000e+02 4.761561632812500409e-03
1.970000000000000000e+02 4.856527757031246957e-03
1.980000000000000000e+02 4.959931503906248214e-03
1.990000000000000000e+02 5.071913957031249330e-03
2.000000000000000000e+02 5.192553640624999155e-03
2.010000000000000000e+02 5.321818312499999697e-03
2.020000000000000000e+02 5.459583109375000000e-03
2.030000000000000000e+02 5.605572062500000473e-03
2.040000000000000000e+02 5.759352343749999520e-03
2.050000000000000000e+02 5.920346429687495596e-03
2.060000000000000000e+02 6.087789023437499905e-03
2.070000000000000000e+02 6.260702390625001897e-03
2.080000000000000000e+02 6.437915265625000077e-03
2.090000000000000000e+02 6.617993632812500283e-03
2.100000000000000000e+02 6.799399753195311917e-03
2.110000000000000000e+02 6.980227796093751123e-03
2.120000000000000000e+02 7.158449843750002047e-03
2.130000000000000000e+02 7.331895179687492915e-03
2.140000000000000000e+02 7.498173898437500949e-03
2.150000000000000000e+02 7.654794539062502456e-03
2.160000000000000000e+02 7.799181515625000678e-03
2.170000000000000000e+02 7.928712171875001297e-03
2.180000000000000000e+02 8.040925929687497975e-03
2.190000000000000000e+02 8.133274367187498521e-03
2.200000000000000000e+02 8.203525468749996857e-03
2.210000000000000000e+02 8.249649140625000751e-03
2.220000000000000000e+02 8.269928593749994658e-03
2.230000000000000000e+02 8.263027499999998915e-03
2.240000000000000000e+02 8.228117031249993982e-03
2.250000000000000000e+02 8.164907031250003347e-03
2.260000000000000000e+02 8.073557109375002414e-03
2.270000000000000000e+02 7.955006406249999495e-03
2.280000000000000000e+02 7.810714999999998458e-03
2.290000000000000000e+02 7.642836874999994409e-03
2.300000000000000000e+02 7.454269843750000769e-03
2.310000000000000000e+02 7.248284921874996282e-03
2.320000000000000000e+02 7.028886171874997556e-03
2.330000000000000000e+02 6.800514921875003109e-03
2.340000000000000000e+02 6.568033437499998933e-03
2.350000000000000000e+02 6.336511328125000661e-03
2.360000000000000000e+02 6.111295468749999849e-03
2.370000000000000000e+02 5.897785781250003932e-03
2.380000000000000000e+02 5.701259007812500834e-03
2.390000000000000000e+02 5.526772546874998519e-03
2.400000000000000000e+02 5.379173546875001127e-03
2.410000000000000000e+02 5.262757703125001650e-03
2.420000000000000000e+02 5.181291539062499694e-03
2.430000000000000000e+02 5.137867218749998972e-03
2.440000000000000000e+02 5.134904937499998670e-03
2.450000000000000000e+02 5.173995562500000381e-03
2.460000000000000000e+02 5.255892203125001917e-03
2.470000000000000000e+02 5.380488851562499446e-03
2.480000000000000000e+02 5.546846203124998834e-03
2.490000000000000000e+02 5.753167823437498746e-03
2.500000000000000000e+02 5.996911838281250573e-03
2.510000000000000000e+02 6.274732103906250670e-03
2.520000000000000000e+02 6.582686710937498027e-03
2.530000000000000000e+02 6.916257828124997703e-03
2.540000000000000000e+02 7.270532500000001161e-03
2.550000000000000000e+02 7.640095234374999836e-03
2.560000000000000000e+02 8.019503281249997992e-03
2.570000000000000000e+02 8.403164453125000488e-03
2.580000000000000000e+02 8.785426640624994718e-03
2.590000000000000000e+02 9.160884375000000884e-03
2.600000000000000000e+02 9.524425781250000014e-03
2.610000000000000000e+02 9.871181250000003043e-03
2.620000000000000000e+02 1.019678125000000185e-02
2.630000000000000000e+02 1.049748515625000163e-02
2.640000000000000000e+02 1.076995703125000620e-02
2.650000000000000000e+02 1.101164999999999783e-02
2.660000000000000000e+02 1.122059765625000108e-02
2.670000000000000000e+02 1.139552265625000220e-02
2.680000000000000000e+02 1.153591328124999905e-02
2.690000000000000000e+02 1.164189531249999916e-02
2.700000000000000000e+02 1.171425859374999705e-02
2.710000000000000000e+02 1.175452890624999885e-02
2.720000000000000000e+02 1.176472734374999982e-02
2.730000000000000000e+02 1.174743750000000440e-02
2.740000000000000000e+02 1.170588593749999524e-02
2.750000000000000000e+02 1.164352343750000088e-02
2.760000000000000000e+02 1.156430656249999613e-02
2.770000000000000000e+02 1.147229078124999482e-02
2.780000000000000000e+02 1.137181656250000304e-02
2.790000000000000000e+02 1.126716109375000205e-02
2.800000000000000000e+02 1.116256046875000428e-02
2.810000000000000000e+02 1.106214062500000296e-02
2.820000000000000000e+02 1.096969921875000191e-02
2.830000000000000000e+02 1.088863203125000137e-02
2.840000000000000000e+02 1.082214296875000023e-02
2.850000000000000000e+02 1.077280468750000178e-02
2.860000000000000000e+02 1.074263046875000190e-02
2.870000000000000000e+02 1.073336093750000032e-02
2.880000000000000000e+02 1.074588984374999674e-02
2.890000000000000000e+02 1.078080781250000120e-02
2.900000000000000000e+02 1.083816015624999851e-02
2.910000000000000000e+02 1.091739531249999624e-02
2.920000000000000000e+02 1.101774374999999612e-02
2.930000000000000000e+02 1.113786828124999594e-02
2.940000000000000000e+02 1.127634085937500100e-02
2.950000000000000000e+02 1.143133015624999554e-02
2.960000000000000000e+02 1.160094986718750165e-02
2.970000000000000000e+02 1.178325466484374251e-02
2.980000000000000000e+02 1.197651939843749971e-02
2.990000000000000000e+02 1.217900139843750180e-02
3.000000000000000000e+02 1.238922037734374419e-02
3.010000000000000000e+02 1.260604707031249758e-02
3.020000000000000000e+02 1.282872586718749632e-02
3.030000000000000000e+02 1.305661517187499052e-02
3.040000000000000000e+02 1.328979476562500497e-02
3.050000000000000000e+02 1.352814101562499309e-02
3.060000000000000000e+02 1.377196484375000501e-02
3.070000000000000000e+02 1.402167343749999816e-02
3.080000000000000000e+02 1.427746250000000265e-02
3.090000000000000000e+02 1.453960312500000331e-02
3.100000000000000000e+02 1.480783906250000143e-02
3.110000000000000000e+02 1.508166953125000473e-02
3.120000000000000000e+02 1.536022109374999417e-02
3.130000000000000000e+02 1.564190624999999349e-02
3.140000000000000000e+02 1.592469609374999942e-02
3.150000000000000000e+02 1.620601953125000091e-02
3.160000000000000000e+02 1.648287890625000848e-02
3.170000000000000000e+02 1.675156249999999736e-02
3.180000000000000000e+02 1.700830703124999593e-02
3.190000000000000000e+02 1.724885546874999065e-02
3.200000000000000000e+02 1.746872343750000348e-02
3.210000000000000000e+02 1.766346015624999793e-02
3.220000000000000000e+02 1.782849921874999841e-02
3.230000000000000000e+02 1.795951093750001309e-02
3.240000000000000000e+02 1.805240703124999166e-02
3.250000000000000000e+02 1.810325312499999617e-02
3.260000000000000000e+02 1.810877031249999436e-02
3.270000000000000000e+02 1.806611718750001164e-02
3.280000000000000000e+02 1.797319765624999163e-02
3.290000000000000000e+02 1.782862343750000328e-02
3.300000000000000000e+02 1.763188750000000207e-02
3.310000000000000000e+02 1.738354453125001697e-02
3.320000000000000000e+02 1.708508593750000457e-02
3.330000000000000000e+02 1.673900101562500464e-02
3.340000000000000000e+02 1.634872914062499016e-02
3.350000000000000000e+02 1.591866109375000837e-02
3.360000000000000000e+02 1.545389109375000167e-02
3.370000000000000000e+02 1.496018343750000514e-02
3.380000000000000000e+02 1.444362281249999408e-02
3.390000000000000000e+02 1.391055312499999905e-02
3.400000000000000000e+02 1.336738890625000127e-02
3.410000000000000000e+02 1.282053616406249839e-02
3.420000000000000000e+02 1.227610477343749756e-02
3.430000000000000000e+02 1.173994210156250294e-02
3.440000000000000000e+02 1.121758314375000121e-02
3.450000000000000000e+02 1.071397674999999272e-02
3.460000000000000000e+02 1.023360908984375338e-02
3.470000000000000000e+02 9.780331640624998976e-03
3.480000000000000000e+02 9.357198135156256577e-03
3.490000000000000000e+02 8.966588234374999605e-03
3.500000000000000000e+02 8.609999925781252131e-03
3.510000000000000000e+02 8.287973507812492271e-03
3.520000000000000000e+02 8.000129234375000231e-03
3.530000000000000000e+02 7.745427867187498067e-03
3.540000000000000000e+02 7.521934156249997401e-03
3.550000000000000000e+02 7.327230359374999925e-03
3.560000000000000000e+02 7.158523484374994944e-03
3.570000000000000000e+02 7.012946171874998545e-03
3.580000000000000000e+02 6.887589281250000237e-03
3.590000000000000000e+02 6.779829976562496904e-03
3.600000000000000000e+02 6.687540726562501633e-03
3.610000000000000000e+02 6.609148664062492948e-03
3.620000000000000000e+02 6.543568031250001325e-03
3.630000000000000000e+02 6.490472085937499039e-03
3.640000000000000000e+02 6.450080601562501598e-03
3.650000000000000000e+02 6.423188282812498061e-03
3.660000000000000000e+02 6.410934718749998831e-03
3.670000000000000000e+02 6.414778851562498788e-03
3.680000000000000000e+02 6.436405734374999257e-03
3.690000000000000000e+02 6.477440171875000451e-03
3.700000000000000000e+02 6.539372796874999040e-03
3.710000000000000000e+02 6.623356930468750174e-03
3.720000000000000000e+02 6.729958230468751149e-03
3.730000000000000000e+02 6.858957500000000332e-03
3.740000000000000000e+02 7.009153231250000657e-03
3.750000000000000000e+02 7.178402367187499550e-03
3.760000000000000000e+02 7.363381646875001921e-03
3.770000000000000000e+02 7.559795272656251106e-03
3.780000000000000000e+02 7.762294796874998591e-03
3.790000000000000000e+02 7.964998914062501947e-03
3.800000000000000000e+02 8.161362968749998753e-03
3.810000000000000000e+02 8.344716375000001823e-03
3.820000000000000000e+02 8.508519695312504599e-03
3.830000000000000000e+02 8.646434281249998702e-03
3.840000000000000000e+02 8.753045414062502264e-03
3.850000000000000000e+02 8.823847132812503297e-03
3.860000000000000000e+02 8.855499890625000148e-03
3.870000000000000000e+02 8.846207710937499871e-03
3.880000000000000000e+02 8.795607734374998737e-03
3.890000000000000000e+02 8.705070468750004606e-03
3.900000000000000000e+02 8.577325281249997477e-03
3.910000000000000000e+02 8.416543500000000025e-03
3.920000000000000000e+02 8.227788023437499973e-03
3.930000000000000000e+02 8.017035861718747186e-03
3.940000000000000000e+02 7.790549296875000189e-03
3.950000000000000000e+02 7.554746984375001854e-03
3.960000000000000000e+02 7.315876648437500546e-03
3.970000000000000000e+02 7.079767468750000452e-03
3.980000000000000000e+02 6.851736500000002103e-03
3.990000000000000000e+02 6.636163281250000330e-03
4.000000000000000000e+02 6.436376640625001561e-03
4.010000000000000000e+02 6.254583203124997048e-03
4.020000000000000000e+02 6.091609296874997241e-03
4.030000000000000000e+02 5.946983593749997389e-03
4.040000000000000000e+02 5.818998125000001374e-03
4.050000000000000000e+02 5.705100000000000275e-03
4.060000000000000000e+02 5.602058750000000510e-03
4.070000000000000000e+02 5.506394062500001227e-03
4.080000000000000000e+02 5.414679609375001347e-03
4.090000000000000000e+02 5.323761874999999311e-03
4.100000000000000000e+02 5.231017187500002635e-03
4.110000000000000000e+02 5.134483515625001479e-03
4.120000000000000000e+02 5.032912343749998581e-03
4.130000000000000000e+02 4.925953249999998410e-03
4.140000000000000000e+02 4.813985356249999778e-03
4.150000000000000000e+02 4.698447945312498979e-03
4.160000000000000000e+02 4.581594476562497395e-03
4.170000000000000000e+02 4.466359687500001847e-03
4.180000000000000000e+02 4.356121796874999272e-03
4.190000000000000000e+02 4.254153828124998364e-03
4.200000000000000000e+02 4.163301257812499975e-03
4.210000000000000000e+02 4.085545171874998931e-03
4.220000000000000000e+02 4.021830234375000854e-03
4.230000000000000000e+02 3.971930835937500896e-03
4.240000000000000000e+02 3.934494265624999612e-03
4.250000000000000000e+02 3.907320531249997703e-03
4.260000000000000000e+02 3.887590601562498829e-03
4.270000000000000000e+02 3.872188367187499956e-03
4.280000000000000000e+02 3.858144999999998589e-03
4.290000000000000000e+02 3.842945468749999708e-03
4.300000000000000000e+02 3.824681101562500078e-03
4.310000000000000000e+02 3.802091570312499114e-03
4.320000000000000000e+02 3.774410070312500792e-03
4.330000000000000000e+02 3.741129813281250660e-03
4.340000000000000000e+02 3.701881368749999467e-03
4.350000000000000000e+02 3.656239054687502286e-03
4.360000000000000000e+02 3.603903468750001803e-03
4.370000000000000000e+02 3.544844359375000364e-03
4.380000000000000000e+02 3.479629984375002660e-03
4.390000000000000000e+02 3.409587203125000274e-03
4.400000000000000000e+02 3.336883523437499631e-03
4.410000000000000000e+02 3.264346398437499141e-03
4.420000000000000000e+02 3.194968539062501955e-03
4.430000000000000000e+02 3.131431878906249487e-03
4.440000000000000000e+02 3.075768972656248504e-03
4.450000000000000000e+02 3.029157978906247932e-03
4.460000000000000000e+02 2.992106445312498701e-03
4.470000000000000000e+02 2.964590710937499863e-03
4.480000000000000000e+02 2.946136015624998498e-03
4.490000000000000000e+02 2.935742195312499980e-03
4.500000000000000000e+02 2.931727767187499150e-03
4.510000000000000000e+02 2.931776974218749596e-03
4.520000000000000000e+02 2.933012591406249092e-03
4.530000000000000000e+02 2.932424168750000400e-03
4.540000000000000000e+02 2.926983217187499077e-03
4.550000000000000000e+02 2.913897403906250821e-03
4.560000000000000000e+02 2.890613767968750435e-03
4.570000000000000000e+02 2.854926612421874316e-03
4.580000000000000000e+02 2.805453400781250488e-03
4.590000000000000000e+02 2.742168750000001029e-03
4.600000000000000000e+02 2.666914335937499870e-03
4.610000000000000000e+02 2.583401614062499994e-03
4.620000000000000000e+02 2.496397995625000005e-03
4.630000000000000000e+02 2.410344565625000424e-03
4.640000000000000000e+02 2.327773124218748997e-03
4.650000000000000000e+02 2.248296854687499916e-03
4.660000000000000000e+02 2.168607164062500477e-03
4.670000000000000000e+02 2.083689664062499981e-03
4.680000000000000000e+02 1.989128343749999982e-03
4.690000000000000000e+02 1.883643933593750651e-03
4.700000000000000000e+02 1.771092713281250189e-03
4.710000000000000000e+02 1.661012078124999864e-03
4.720000000000000000e+02 1.567486125000000030e-03
4.730000000000000000e+02 1.506694294999999951e-03
4.740000000000000000e+02 1.494235661718749681e-03
4.750000000000000000e+02 1.543082820312499659e-03
4.760000000000000000e+02 1.662717367187499995e-03
4.770000000000000000e+02 1.859223171875000035e-03
4.780000000000000000e+02 2.135437500000000616e-03
4.790000000000000000e+02 2.490530007812499259e-03
4.800000000000000000e+02 2.918727585937499775e-03
4.810000000000000000e+02 3.407678614062499989e-03
4.820000000000000000e+02 3.937152921874999267e-03
4.830000000000000000e+02 4.478912726562500092e-03
4.840000000000000000e+02 4.998028640624999075e-03
4.850000000000000000e+02 5.455668773437500133e-03
4.860000000000000000e+02 5.813044257812501232e-03
4.870000000000000000e+02 6.036241214843749911e-03
4.880000000000000000e+02 6.101020552343749265e-03
4.890000000000000000e+02 5.997551429687498527e-03
4.900000000000000000e+02 5.733270578125000509e-03
4.910000000000000000e+02 5.333379570312499554e-03
4.920000000000000000e+02 4.838274085937501086e-03
4.930000000000000000e+02 4.297312484374998624e-03
4.940000000000000000e+02 3.760771324218749063e-03
4.950000000000000000e+02 3.271381394531250840e-03
4.960000000000000000e+02 2.858158266406249891e-03
4.970000000000000000e+02 2.533276774765625024e-03
4.980000000000000000e+02 2.293566410156250030e-03
4.990000000000000000e+02 2.125611066406250197e-03
5.000000000000000000e+02 2.013845369531249135e-03
5.010000000000000000e+02 1.949705939999999858e-03
5.020000000000000000e+02 1.939297048437499654e-03
5.030000000000000000e+02 2.005951826562500043e-03
5.040000000000000000e+02 2.185112260156249313e-03
5.050000000000000000e+02 2.511508781250000859e-03
5.060000000000000000e+02 3.001429049296874211e-03
5.070000000000000000e+02 3.635149757812501398e-03
5.080000000000000000e+02 4.346824524531247430e-03
5.090000000000000000e+02 5.030562843750000131e-03
5.100000000000000000e+02 5.570875733593747686e-03
5.110000000000000000e+02 5.903775851562500197e-03
