0.000000000000000000e+00 1.405822843750000224e-02
1.000000000000000000e+00 1.399706117187499675e-02
2.000000000000000000e+00 1.387512367187500144e-02
3.000000000000000000e+00 1.369395117187500142e-02
4.000000000000000000e+00 1.345526859374999822e-02
5.000000000000000000e+00 1.316160593750000628e-02
6.000000000000000000e+00 1.281604804687499696e-02
7.000000000000000000e+00 1.242201929687499450e-02
8.000000000000000000e+00 1.198356523437500189e-02
9.000000000000000000e+00 1.150516617187500278e-02
1.000000000000000000e+01 1.099163945312500723e-02
1.100000000000000000e+01 1.044796249999999094e-02
1.200000000000000000e+01 9.879555156249993780e-03
1.300000000000000000e+01 9.291785367187504682e-03
1.400000000000000000e+01 8.690419312500001145e-03
1.500000000000000000e+01 8.080989570312498843e-03
1.600000000000000000e+01 7.469214921874999143e-03
1.700000000000000000e+01 6.860540429687500899e-03
1.800000000000000000e+01 6.260445095312498244e-03
1.900000000000000000e+01 5.674093945312500865e-03
2.000000000000000000e+01 5.106495156249998141e-03
2.100000000000000000e+01 4.562298851562500424e-03
2.200000000000000000e+01 4.045855437500000748e-03
2.300000000000000000e+01 3.561115820312500332e-03
2.400000000000000000e+01 3.111640546874999864e-03
2.500000000000000000e+01 2.700551250000000122e-03
2.600000000000000000e+01 2.330506250000001587e-03
2.700000000000000000e+01 2.003694687499999946e-03
2.800000000000000000e+01 1.721803828125000263e-03
2.900000000000000000e+01 1.486045734374999254e-03
3.000000000000000000e+01 1.297112187500000340e-03
3.100000000000000000e+01 1.155206281250000270e-03
3.200000000000000000e+01 1.060057427343750113e-03
3.300000000000000000e+01 1.010891539062500023e-03
3.400000000000000000e+01 1.006491359374999577e-03
3.500000000000000000e+01 1.045194132812499220e-03
3.600000000000000000e+01 1.124923639062499862e-03
3.700000000000000000e+01 1.243228273437499507e-03
3.800000000000000000e+01 1.397292218750000601e-03
3.900000000000000000e+01 1.583998898437499400e-03
4.000000000000000000e+01 1.799947273437500165e-03
4.100000000000000000e+01 2.041521825000000307e-03
4.200000000000000000e+01 2.304901186718750095e-03
4.300000000000000000e+01 2.586149617187498851e-03
4.400000000000000000e+01 2.881241403906249256e-03
4.500000000000000000e+01 3.186126109374999571e-03
4.600000000000000000e+01 3.496755296874999239e-03
4.700000000000000000e+01 3.809170390624998237e-03
4.800000000000000000e+01 4.119523593749998755e-03
4.900000000000000000e+01 4.424134218750000458e-03
5.000000000000000000e+01 4.719592343749997969e-03
5.100000000000000000e+01 5.002663671874997553e-03
5.200000000000000000e+01 5.270471875000002672e-03
5.300000000000000000e+01 5.520498515624997979e-03
5.400000000000000000e+01 5.750501796874999023e-03
5.500000000000000000e+01 5.958749140625003125e-03
5.600000000000000000e+01 6.143790625000002809e-03
5.700000000000000000e+01 6.304671093749999490e-03
5.800000000000000000e+01 6.440803125000001822e-03
5.900000000000000000e+01 6.551990625000001130e-03
6.000000000000000000e+01 6.638403906249996239e-03
6.100000000000000000e+01 6.700655234375002718e-03
6.200000000000000000e+01 6.739553281249999542e-03
6.300000000000000000e+01 6.756262500000000462e-03
6.400000000000000000e+01 6.752182968750001894e-03
6.500000000000000000e+01 6.728869375000001707e-03
6.600000000000000000e+01 6.688056874999999055e-03
6.700000000000000000e+01 6.631546484374999627e-03
6.800000000000000000e+01 6.561189804687499183e-03
6.900000000000000000e+01 6.478763421874998707e-03
7.000000000000000000e+01 6.386043625000001507e-03
7.100000000000000000e+01 6.284772312499997335e-03
7.200000000000000000e+01 6.176425578125002876e-03
7.300000000000000000e+01 6.062419632812501499e-03
7.400000000000000000e+01 5.943963610937496797e-03
7.500000000000000000e+01 5.822093390624999767e-03
7.600000000000000000e+01 5.697707273437499845e-03
7.700000000000000000e+01 5.571478859375001216e-03
7.800000000000000000e+01 5.443946632812500172e-03
7.900000000000000000e+01 5.315582593750000674e-03
8.000000000000000000e+01 5.186704640624998676e-03
8.100000000000000000e+01 5.057549946874999140e-03
8.200000000000000000e+01 4.928412867187498964e-03
8.300000000000000000e+01 4.799458554687501162e-03
8.400000000000000000e+01 4.671004140624999794e-03
8.500000000000000000e+01 4.543321640624999568e-03
8.600000000000000000e+01 4.416765859375000429e-03
8.700000000000000000e+01 4.291854210937500434e-03
8.800000000000000000e+01 4.169051859374999988e-03
8.900000000000000000e+01 4.048954273437500515e-03
9.000000000000000000e+01 3.932233242187499478e-03
9.100000000000000000e+01 3.819542885156249068e-03
9.200000000000000000e+01 3.711554047656249328e-03
9.300000000000000000e+01 3.608951617187499458e-03
9.400000000000000000e+01 3.512299367187500868e-03
9.500000000000000000e+01 3.422108570312501746e-03
9.600000000000000000e+01 3.338793250000000792e-03
9.700000000000000000e+01 3.262542031250000637e-03
9.800000000000000000e+01 3.193428953125000691e-03
9.900000000000000000e+01 3.131350437499998661e-03
1.000000000000000000e+02 3.076055691406250243e-03
1.010000000000000000e+02 3.027074832031250145e-03
1.020000000000000000e+02 2.983836252421875630e-03
1.030000000000000000e+02 2.945661712499998697e-03
1.040000000000000000e+02 2.911791478125000474e-03
1.050000000000000000e+02 2.881406028906249341e-03
1.060000000000000000e+02 2.853797771875000479e-03
1.070000000000000000e+02 2.828252781250002040e-03
1.080000000000000000e+02 2.804223435156249795e-03
1.090000000000000000e+02 2.781295411718748972e-03
1.100000000000000000e+02 2.759309878906250884e-03
1.110000000000000000e+02 2.738263757812501014e-03
1.120000000000000000e+02 2.718449023437499289e-03
1.130000000000000000e+02 2.700339695312499368e-03
1.140000000000000000e+02 2.684714429687499494e-03
1.150000000000000000e+02 2.672453914062501452e-03
1.160000000000000000e+02 2.664632585937500020e-03
1.170000000000000000e+02 2.662393273437500384e-03
1.180000000000000000e+02 2.666932210937500436e-03
1.190000000000000000e+02 2.679329358593749572e-03
1.200000000000000000e+02 2.700655429687499713e-03
1.210000000000000000e+02 2.731638085937499513e-03
1.220000000000000000e+02 2.772860320312499436e-03
1.230000000000000000e+02 2.824545281250001941e-03
1.240000000000000000e+02 2.886549429687499529e-03
1.250000000000000000e+02 2.958369172656248429e-03
1.260000000000000000e+02 3.039053409374999071e-03
1.270000000000000000e+02 3.127351890624999967e-03
1.280000000000000000e+02 3.221600710937498786e-03
1.290000000000000000e+02 3.319884601562499843e-03
1.300000000000000000e+02 3.420065000000001645e-03
1.310000000000000000e+02 3.519860218750000408e-03
1.320000000000000000e+02 3.616969257812498607e-03
1.330000000000000000e+02 3.709146578125000968e-03
1.340000000000000000e+02 3.794306117187498748e-03
1.350000000000000000e+02 3.870650164062500349e-03
1.360000000000000000e+02 3.936724031249999069e-03
1.370000000000000000e+02 3.991445742187497807e-03
1.380000000000000000e+02 4.034278898437501128e-03
1.390000000000000000e+02 4.065068195312501222e-03
1.400000000000000000e+02 4.084215195312499228e-03
1.410000000000000000e+02 4.092611328125001467e-03
1.420000000000000000e+02 4.091514218749999973e-03
1.430000000000000000e+02 4.082559374999998429e-03
1.440000000000000000e+02 4.067561484374999231e-03
1.450000000000000000e+02 4.048622734374996562e-03
1.460000000000000000e+02 4.027842789062500463e-03
1.470000000000000000e+02 4.007195234374999297e-03
1.480000000000000000e+02 3.988627554687500590e-03
1.490000000000000000e+02 3.973735101562498803e-03
1.500000000000000000e+02 3.963858890624999756e-03
1.510000000000000000e+02 3.959928742187501273e-03
1.520000000000000000e+02 3.962516500000000733e-03
1.530000000000000000e+02 3.971711070312499911e-03
1.540000000000000000e+02 3.987253820312499850e-03
1.550000000000000000e+02 4.008514398437502957e-03
1.560000000000000000e+02 4.034570546875000489e-03
1.570000000000000000e+02 4.064196203125001149e-03
1.580000000000000000e+02 4.096111781249998224e-03
1.590000000000000000e+02 4.128888890624998059e-03
1.600000000000000000e+02 4.161150351562499343e-03
1.610000000000000000e+02 4.191561056250000215e-03
1.620000000000000000e+02 4.218995117187499845e-03
1.630000000000000000e+02 4.242484656249998279e-03
1.640000000000000000e+02 4.261334271874998511e-03
1.650000000000000000e+02 4.275104967187499418e-03
1.660000000000000000e+02 4.283618523437497660e-03
1.670000000000000000e+02 4.286975234375000471e-03
1.680000000000000000e+02 4.285499570312501991e-03
1.690000000000000000e+02 4.279706968750003268e-03
1.700000000000000000e+02 4.270247656249998372e-03
1.710000000000000000e+02 4.257952265624998303e-03
1.720000000000000000e+02 4.243647578124996357e-03
1.730000000000000000e+02 4.228215781249999167e-03
1.740000000000000000e+02 4.212524531250001932e-03
1.750000000000000000e+02 4.197391406249999755e-03
1.760000000000000000e+02 4.183549999999999422e-03
1.770000000000000000e+02 4.171671093750001745e-03
1.780000000000000000e+02 4.162365195312500016e-03
1.790000000000000000e+02 4.156064149218748581e-03
1.800000000000000000e+02 4.153188226562499162e-03
1.810000000000000000e+02 4.154075937500000502e-03
1.820000000000000000e+02 4.158994765625000090e-03
1.830000000000000000e+02 4.168140781250000322e-03
1.840000000000000000e+02 4.181743867187501414e-03
1.850000000000000000e+02 4.199972039062498629e-03
1.860000000000000000e+02 4.222992421875000277e-03
1.870000000000000000e+02 4.251014937500002984e-03
1.880000000000000000e+02 4.284194085937499154e-03
1.890000000000000000e+02 4.322763140625000659e-03
1.900000000000000000e+02 4.366944195312496418e-03
1.910000000000000000e+02 4.417010164062503026e-03
1.920000000000000000e+02 4.473191187499999527e-03
1.930000000000000000e+02 4.535806679687497990e-03
1.940000000000000000e+02 4.605081007812501098e-03
1.950000000000000000e+02 4.681335269531251495e-03
1.960000000000000000e+02 4.764822281249999139e-03
1.970000000000000000e+02 4.855799850781253660e-03
1.980000000000000000e+02 4.954473382812499618e-03
1.990000000000000000e+02 5.061002751562501678e-03
2.000000000000000000e+02 5.175543578124997858e-03
2.010000000000000000e+02 5.298033976562500739e-03
2.020000000000000000e+02 5.428497632812501195e-03
2.030000000000000000e+02 5.566697882812500844e-03
2.040000000000000000e+02 5.712321148437500377e-03
2.050000000000000000e+02 5.864869180468751907e-03
2.060000000000000000e+02 6.023738257812499483e-03
2.070000000000000000e+02 6.188047929687499199e-03
2.080000000000000000e+02 6.356798414062497272e-03
2.090000000000000000e+02 6.528733631249996824e-03
2.100000000000000000e+02 6.702379297656249103e-03
2.110000000000000000e+02 6.876090690625000397e-03
2.120000000000000000e+02 7.048010885156249898e-03
2.130000000000000000e+02 7.216040570312502039e-03
2.140000000000000000e+02 7.378092695312497840e-03
2.150000000000000000e+02 7.531654695312500758e-03
2.160000000000000000e+02 7.674429882812501894e-03
2.170000000000000000e+02 7.803878436718749909e-03
2.180000000000000000e+02 7.917567562499998324e-03
2.190000000000000000e+02 8.013104468750000681e-03
2.200000000000000000e+02 8.088222421875001025e-03
2.210000000000000000e+02 8.140910390624998827e-03
2.220000000000000000e+02 8.169457656250000283e-03
2.230000000000000000e+02 8.172361171875001593e-03
2.240000000000000000e+02 8.148693593750000810e-03
2.250000000000000000e+02 8.097927421874998033e-03
2.260000000000000000e+02 8.020110625000003574e-03
2.270000000000000000e+02 7.915881796874999626e-03
2.280000000000000000e+02 7.786460726562502259e-03
2.290000000000000000e+02 7.633667179687502087e-03
2.300000000000000000e+02 7.460013124999999648e-03
2.310000000000000000e+02 7.268568671874999637e-03
2.320000000000000000e+02 7.062940390624999551e-03
2.330000000000000000e+02 6.847269921874996924e-03
2.340000000000000000e+02 6.626201406249997150e-03
2.350000000000000000e+02 6.404464453124998798e-03
2.360000000000000000e+02 6.187256406249998404e-03
2.370000000000000000e+02 5.979754367187498608e-03
2.380000000000000000e+02 5.787106929687500789e-03
2.390000000000000000e+02 5.614397484374999449e-03
2.400000000000000000e+02 5.466360640625001800e-03
2.410000000000000000e+02 5.347358484374999284e-03
2.420000000000000000e+02 5.261286070312500181e-03
2.430000000000000000e+02 5.211370085937500063e-03
2.440000000000000000e+02 5.200197144531249101e-03
2.450000000000000000e+02 5.229629359374999772e-03
2.460000000000000000e+02 5.300658186718749595e-03
2.470000000000000000e+02 5.413526921874999183e-03
2.480000000000000000e+02 5.567535851562498660e-03
2.490000000000000000e+02 5.761288026562500289e-03
2.500000000000000000e+02 5.992501678906250566e-03
2.510000000000000000e+02 6.258238453124998629e-03
2.520000000000000000e+02 6.554783125000001459e-03
2.530000000000000000e+02 6.877960992187498630e-03
2.540000000000000000e+02 7.223029921874998815e-03
2.550000000000000000e+02 7.584971015624998071e-03
2.560000000000000000e+02 7.958390859374999196e-03
2.570000000000000000e+02 8.337792890625000952e-03
2.580000000000000000e+02 8.717788984374998801e-03
2.590000000000000000e+02 9.092976250000005950e-03
2.600000000000000000e+02 9.458171093749998676e-03
2.610000000000000000e+02 9.808535937500004881e-03
2.620000000000000000e+02 1.013964921874999960e-02
2.630000000000000000e+02 1.044764140625000295e-02
2.640000000000000000e+02 1.072902656250000232e-02
2.650000000000000000e+02 1.098111562500000277e-02
2.660000000000000000e+02 1.120169062499999993e-02
2.670000000000000000e+02 1.138933906250000176e-02
2.680000000000000000e+02 1.154327968749999968e-02
2.690000000000000000e+02 1.166340390624999793e-02
2.700000000000000000e+02 1.175023359374999937e-02
2.710000000000000000e+02 1.180507499999999994e-02
2.720000000000000000e+02 1.182974375000000328e-02
2.730000000000000000e+02 1.182662265625000070e-02
2.740000000000000000e+02 1.179864843749999816e-02
2.750000000000000000e+02 1.174922304687500176e-02
2.760000000000000000e+02 1.168211789062499791e-02
2.770000000000000000e+02 1.160127359374999757e-02
2.780000000000000000e+02 1.151091015625000172e-02
2.790000000000000000e+02 1.141534257812500119e-02
2.800000000000000000e+02 1.131873289062499538e-02
2.810000000000000000e+02 1.122532242187499960e-02
2.820000000000000000e+02 1.113887734374999910e-02
2.830000000000000000e+02 1.106297109375000212e-02
2.840000000000000000e+02 1.100073203125000523e-02
2.850000000000000000e+02 1.095501562499999818e-02
2.860000000000000000e+02 1.092798359374999931e-02
2.870000000000000000e+02 1.092132343750000859e-02
2.880000000000000000e+02 1.093625781249999394e-02
2.890000000000000000e+02 1.097344921874999525e-02
2.900000000000000000e+02 1.103300703125000004e-02
2.910000000000000000e+02 1.111461796874999540e-02
2.920000000000000000e+02 1.121736093749999864e-02
2.930000000000000000e+02 1.134014453125000051e-02
2.940000000000000000e+02 1.148144851562499756e-02
2.950000000000000000e+02 1.163946062499999698e-02
2.960000000000000000e+02 1.181228555468750128e-02
2.970000000000000000e+02 1.199791742968749769e-02
2.980000000000000000e+02 1.219435099999999911e-02
2.990000000000000000e+02 1.239975430468750334e-02
3.000000000000000000e+02 1.261254845703125085e-02
3.010000000000000000e+02 1.283146780468750331e-02
3.020000000000000000e+02 1.305536493749999416e-02
3.030000000000000000e+02 1.328365531249999822e-02
3.040000000000000000e+02 1.351603257812500000e-02
3.050000000000000000e+02 1.375234695312500463e-02
3.060000000000000000e+02 1.399274609375000637e-02
3.070000000000000000e+02 1.423762500000000375e-02
3.080000000000000000e+02 1.448706093749999729e-02
3.090000000000000000e+02 1.474130156249999456e-02
3.100000000000000000e+02 1.500017187500000092e-02
3.110000000000000000e+02 1.526337734375000227e-02
3.120000000000000000e+02 1.552984140625001015e-02
3.130000000000000000e+02 1.579844921874999988e-02
3.140000000000000000e+02 1.606729062499999416e-02
3.150000000000000000e+02 1.633398046875000550e-02
3.160000000000000000e+02 1.659575546874999738e-02
3.170000000000000000e+02 1.684921718749999783e-02
3.180000000000000000e+02 1.709082187499999170e-02
3.190000000000000000e+02 1.731648593749998688e-02
3.200000000000000000e+02 1.752207968750000427e-02
3.210000000000000000e+02 1.770320468750000154e-02
3.220000000000000000e+02 1.785570312499999354e-02
3.230000000000000000e+02 1.797522968749999672e-02
3.240000000000000000e+02 1.805791406249999953e-02
3.250000000000000000e+02 1.809994140625001760e-02
3.260000000000000000e+02 1.809812734375000273e-02
3.270000000000000000e+02 1.804961250000000281e-02
3.280000000000000000e+02 1.795234375000000909e-02
3.290000000000000000e+02 1.780485703125001679e-02
3.300000000000000000e+02 1.760665624999999818e-02
3.310000000000000000e+02 1.735809296875001628e-02
3.320000000000000000e+02 1.706050445312499997e-02
3.330000000000000000e+02 1.671627867187499422e-02
3.340000000000000000e+02 1.632867710937499148e-02
3.350000000000000000e+02 1.590185249999999731e-02
3.360000000000000000e+02 1.544080617187500344e-02
3.370000000000000000e+02 1.495105320312500354e-02
3.380000000000000000e+02 1.443861531250000864e-02
3.390000000000000000e+02 1.390975718749999646e-02
3.400000000000000000e+02 1.337080297656250728e-02
3.410000000000000000e+02 1.282809445312500622e-02
3.420000000000000000e+02 1.228776547656250905e-02
3.430000000000000000e+02 1.175562190625000294e-02
3.440000000000000000e+02 1.123713022578125796e-02
3.450000000000000000e+02 1.073735329765625364e-02
3.460000000000000000e+02 1.026079086484375270e-02
3.470000000000000000e+02 9.811245671093747969e-03
3.480000000000000000e+02 9.391932767890626491e-03
3.490000000000000000e+02 9.005304818749998788e-03
3.500000000000000000e+02 8.652762727343747337e-03
3.510000000000000000e+02 8.335004023437496759e-03
3.520000000000000000e+02 8.051802640625002963e-03
3.530000000000000000e+02 7.802009906249999897e-03
3.540000000000000000e+02 7.583727523437500118e-03
3.550000000000000000e+02 7.394508234375003070e-03
3.560000000000000000e+02 7.231467171874999579e-03
3.570000000000000000e+02 7.091382328125000502e-03
3.580000000000000000e+02 6.971209249999999781e-03
3.590000000000000000e+02 6.868001218750001066e-03
3.600000000000000000e+02 6.779184851562500801e-03
3.610000000000000000e+02 6.702834803125000060e-03
3.620000000000000000e+02 6.637503860156251240e-03
3.630000000000000000e+02 6.582489234375002440e-03
3.640000000000000000e+02 6.537747356250000856e-03
3.650000000000000000e+02 6.503722309375002154e-03
3.660000000000000000e+02 6.481442093750001271e-03
3.670000000000000000e+02 6.472265523437504761e-03
3.680000000000000000e+02 6.477877236718755649e-03
3.690000000000000000e+02 6.499999664062500529e-03
3.700000000000000000e+02 6.540391945312497984e-03
3.710000000000000000e+02 6.600505706249999889e-03
3.720000000000000000e+02 6.681330602343753082e-03
3.730000000000000000e+02 6.783311017187498154e-03
3.740000000000000000e+02 6.905785890624995850e-03
3.750000000000000000e+02 7.047369468750001864e-03
3.760000000000000000e+02 7.205426804687499812e-03
3.770000000000000000e+02 7.376375878906250849e-03
3.780000000000000000e+02 7.555641070312504176e-03
3.790000000000000000e+02 7.737834031249992903e-03
3.800000000000000000e+02 7.917112531250001042e-03
3.810000000000000000e+02 8.087226804687496634e-03
3.820000000000000000e+02 8.241969046875007379e-03
3.830000000000000000e+02 8.375304742187502510e-03
3.840000000000000000e+02 8.481852148437496464e-03
3.850000000000000000e+02 8.557074734374997896e-03
3.860000000000000000e+02 8.597429875000004926e-03
3.870000000000000000e+02 8.600767695312504235e-03
3.880000000000000000e+02 8.566316984374999083e-03
3.890000000000000000e+02 8.494767976562504763e-03
3.900000000000000000e+02 8.388455000000002992e-03
3.910000000000000000e+02 8.250735828125001226e-03
3.920000000000000000e+02 8.086232843749997443e-03
3.930000000000000000e+02 7.900256882812501519e-03
3.940000000000000000e+02 7.698530654999998120e-03
3.950000000000000000e+02 7.486963890625004427e-03
3.960000000000000000e+02 7.271408289062495332e-03
3.970000000000000000e+02 7.057217007812500824e-03
3.980000000000000000e+02 6.849274132812501262e-03
3.990000000000000000e+02 6.651741945312502832e-03
4.000000000000000000e+02 6.467720078124999245e-03
4.010000000000000000e+02 6.299317890624996086e-03
4.020000000000000000e+02 6.147281249999999968e-03
4.030000000000000000e+02 6.011213359375001605e-03
4.040000000000000000e+02 5.889545546874997914e-03
4.050000000000000000e+02 5.779804374999997565e-03
4.060000000000000000e+02 5.678853593749998152e-03
4.070000000000000000e+02 5.583381562500004149e-03
4.080000000000000000e+02 5.490061249999999941e-03
4.090000000000000000e+02 5.395926718749998428e-03
4.100000000000000000e+02 5.298540312500000724e-03
4.110000000000000000e+02 5.196124921874998963e-03
4.120000000000000000e+02 5.087780859374996592e-03
4.130000000000000000e+02 4.973278757812499631e-03
4.140000000000000000e+02 4.853366159609374779e-03
4.150000000000000000e+02 4.729590171875000006e-03
4.160000000000000000e+02 4.604420898437499438e-03
4.170000000000000000e+02 4.480974328125002411e-03
4.180000000000000000e+02 4.362719218750000898e-03
4.190000000000000000e+02 4.253091171875000853e-03
4.200000000000000000e+02 4.155068749999998347e-03
4.210000000000000000e+02 4.070772984374998460e-03
4.220000000000000000e+02 4.001221140625001345e-03
4.230000000000000000e+02 3.946188132812500360e-03
4.240000000000000000e+02 3.904356707812500771e-03
4.250000000000000000e+02 3.873387721875001018e-03
4.260000000000000000e+02 3.850272828125000067e-03
4.270000000000000000e+02 3.831793664062500306e-03
4.280000000000000000e+02 3.814775499999999153e-03
4.290000000000000000e+02 3.796544218749999672e-03
4.300000000000000000e+02 3.775159921874999235e-03
4.310000000000000000e+02 3.749330523437499011e-03
4.320000000000000000e+02 3.718476585937498247e-03
4.330000000000000000e+02 3.682327796875000878e-03
4.340000000000000000e+02 3.640709467968749908e-03
4.350000000000000000e+02 3.593458178124999888e-03
4.360000000000000000e+02 3.540351296875000886e-03
4.370000000000000000e+02 3.481345281250000992e-03
4.380000000000000000e+02 3.416817148437500951e-03
4.390000000000000000e+02 3.347842085937501651e-03
4.400000000000000000e+02 3.276278835937498132e-03
4.410000000000000000e+02 3.204711128906250969e-03
4.420000000000000000e+02 3.136010328828126026e-03
4.430000000000000000e+02 3.072895245859375794e-03
4.440000000000000000e+02 3.017414177453126792e-03
4.450000000000000000e+02 2.970875578906250186e-03
4.460000000000000000e+02 2.933765875000000911e-03
4.470000000000000000e+02 2.906012398437498624e-03
4.480000000000000000e+02 2.887090999999999182e-03
4.490000000000000000e+02 2.876051032031249743e-03
4.500000000000000000e+02 2.871351046875000260e-03
4.510000000000000000e+02 2.870887941406251483e-03
4.520000000000000000e+02 2.872080996093751698e-03
4.530000000000000000e+02 2.872090118203127294e-03
4.540000000000000000e+02 2.868046567968750120e-03
4.550000000000000000e+02 2.857281393750000197e-03
4.560000000000000000e+02 2.837158256249999733e-03
4.570000000000000000e+02 2.805319878046873185e-03
4.580000000000000000e+02 2.760023973437499781e-03
4.590000000000000000e+02 2.700645051249999685e-03
4.600000000000000000e+02 2.628357304687500059e-03
4.610000000000000000e+02 2.546287424218749047e-03
4.620000000000000000e+02 2.458867835156251444e-03
4.630000000000000000e+02 2.370632062499999221e-03
4.640000000000000000e+02 2.284571850781250569e-03
4.650000000000000000e+02 2.201003486718749493e-03
4.660000000000000000e+02 2.117331687500000580e-03
4.670000000000000000e+02 2.029056640625000098e-03
4.680000000000000000e+02 1.931882618750001106e-03
4.690000000000000000e+02 1.824310569531250497e-03
4.700000000000000000e+02 1.709779531250001051e-03
4.710000000000000000e+02 1.597558570312499707e-03
4.720000000000000000e+02 1.501868632812500270e-03
4.730000000000000000e+02 1.439596894765624458e-03
4.740000000000000000e+02 1.427438233124999831e-03
4.750000000000000000e+02 1.479494353124999979e-03
4.760000000000000000e+02 1.605951117187499498e-03
4.770000000000000000e+02 1.812856992187500405e-03
4.780000000000000000e+02 2.102213281250000631e-03
4.790000000000000000e+02 2.471725062499999671e-03
4.800000000000000000e+02 2.913879492187498518e-03
4.810000000000000000e+02 3.414582875000000180e-03
4.820000000000000000e+02 3.952131281250000072e-03
4.830000000000000000e+02 4.497188382812498768e-03
4.840000000000000000e+02 5.014318779687498839e-03
4.850000000000000000e+02 5.464734851562499940e-03
4.860000000000000000e+02 5.810413984374998564e-03
4.870000000000000000e+02 6.018620406250000353e-03
4.880000000000000000e+02 6.066868372656248308e-03
4.890000000000000000e+02 5.947066078124998642e-03
4.900000000000000000e+02 5.668306695312500844e-03
4.910000000000000000e+02 5.257249403906249889e-03
4.920000000000000000e+02 4.755219898437500377e-03
4.930000000000000000e+02 4.212215851562498524e-03
4.940000000000000000e+02 3.678693121093749418e-03
4.950000000000000000e+02 3.196992997656249343e-03
4.960000000000000000e+02 2.794955643515626646e-03
4.970000000000000000e+02 2.483088369374999820e-03
4.980000000000000000e+02 2.256154916406249728e-03
4.990000000000000000e+02 2.098777706718750816e-03
5.000000000000000000e+02 1.993769453125000465e-03
5.010000000000000000e+02 1.931597930468750401e-03
5.020000000000000000e+02 1.918126722656249544e-03
5.030000000000000000e+02 1.977376960937500018e-03
5.040000000000000000e+02 2.146462328906249915e-03
5.050000000000000000e+02 2.462548601562500501e-03
5.060000000000000000e+02 2.944675178906250822e-03
5.070000000000000000e+02 3.575602753906250569e-03
5.080000000000000000e+02 4.290588735937499003e-03
5.090000000000000000e+02 4.982124714843750267e-03
5.100000000000000000e+02 5.529453796874998425e-03
5.110000000000000000e+02 5.860022859375000302e-03
