0.000000000000000000e+00 1.461317226562500182e-02
1.000000000000000000e+00 1.455200726562499991e-02
2.000000000000000000e+00 1.443026859374999665e-02
3.000000000000000000e+00 1.424926906250000014e-02
4.000000000000000000e+00 1.401085649218749944e-02
5.000000000000000000e+00 1.371735386718750047e-02
6.000000000000000000e+00 1.337181802343750253e-02
7.000000000000000000e+00 1.297766668749999498e-02
8.000000000000000000e+00 1.253881143750000537e-02
9.000000000000000000e+00 1.205970166406250196e-02
1.000000000000000000e+01 1.154485199999999434e-02
1.100000000000000000e+01 1.099935147656250396e-02
1.200000000000000000e+01 1.042841038281249952e-02
1.300000000000000000e+01 9.837468156249997570e-03
1.400000000000000000e+01 9.232011976562501041e-03
1.500000000000000000e+01 8.617507703124999141e-03
1.600000000000000000e+01 7.999584523437500497e-03
1.700000000000000000e+01 7.383635078125001631e-03
1.800000000000000000e+01 6.775004218750001021e-03
1.900000000000000000e+01 6.178867812499998918e-03
2.000000000000000000e+01 5.600101249999999559e-03
2.100000000000000000e+01 5.043309140625000520e-03
2.200000000000000000e+01 4.512770156249999200e-03
2.300000000000000000e+01 4.012420625000001455e-03
2.400000000000000000e+01 3.545768437500000994e-03
2.500000000000000000e+01 3.115903906250000119e-03
2.600000000000000000e+01 2.725470078124998027e-03
2.700000000000000000e+01 2.376654453124999941e-03
2.800000000000000000e+01 2.071144687499999228e-03
2.900000000000000000e+01 1.810158281249999715e-03
3.000000000000000000e+01 1.594436945312498926e-03
3.100000000000000000e+01 1.424210382812498904e-03
3.200000000000000000e+01 1.299263601562500054e-03
3.300000000000000000e+01 1.218899568749999855e-03
3.400000000000000000e+01 1.182002889843750040e-03
3.500000000000000000e+01 1.187001421875000457e-03
3.600000000000000000e+01 1.231966187499999388e-03
3.700000000000000000e+01 1.314582085937500292e-03
3.800000000000000000e+01 1.432216213281249477e-03
3.900000000000000000e+01 1.581929607031249850e-03
4.000000000000000000e+01 1.760546765625000667e-03
4.100000000000000000e+01 1.964671374999999668e-03
4.200000000000000000e+01 2.190739373437499381e-03
4.300000000000000000e+01 2.435082330468748592e-03
4.400000000000000000e+01 2.693944263281249432e-03
4.500000000000000000e+01 2.963551906249999122e-03
4.600000000000000000e+01 3.240153179687498778e-03
4.700000000000000000e+01 3.520076874999997826e-03
4.800000000000000000e+01 3.799763828125001571e-03
4.900000000000000000e+01 4.075799375000000412e-03
5.000000000000000000e+01 4.345007968750001781e-03
5.100000000000000000e+01 4.604401718749999775e-03
5.200000000000000000e+01 4.851302421875001124e-03
5.300000000000000000e+01 5.083307812500003492e-03
5.400000000000000000e+01 5.298409374999998520e-03
5.500000000000000000e+01 5.494827343749999690e-03
5.600000000000000000e+01 5.671230468750002550e-03
5.700000000000000000e+01 5.826576562500000549e-03
5.800000000000000000e+01 5.960232812499999776e-03
5.900000000000000000e+01 6.071885937499999462e-03
6.000000000000000000e+01 6.161554140625000002e-03
6.100000000000000000e+01 6.229595546875002846e-03
6.200000000000000000e+01 6.276589687499997856e-03
6.300000000000000000e+01 6.303459921875003390e-03
6.400000000000000000e+01 6.311208671875003992e-03
6.500000000000000000e+01 6.301153671874999522e-03
6.600000000000000000e+01 6.274704374999997072e-03
6.700000000000000000e+01 6.233271640624999527e-03
6.800000000000000000e+01 6.178406406249998921e-03
6.900000000000000000e+01 6.111674453125001162e-03
7.000000000000000000e+01 6.034508906250003919e-03
7.100000000000000000e+01 5.948421875000003620e-03
7.200000000000000000e+01 5.854705093749998195e-03
7.300000000000000000e+01 5.754623281249997627e-03
7.400000000000000000e+01 5.649244679687500173e-03
7.500000000000000000e+01 5.539593749999998512e-03
7.600000000000000000e+01 5.426505726562501006e-03
7.700000000000000000e+01 5.310678484374998544e-03
7.800000000000000000e+01 5.192704296874999653e-03
7.900000000000000000e+01 5.073101429687502592e-03
8.000000000000000000e+01 4.952329234374997814e-03
8.100000000000000000e+01 4.830685849999999566e-03
8.200000000000000000e+01 4.708551828125000054e-03
8.300000000000000000e+01 4.586337125000002762e-03
8.400000000000000000e+01 4.464342578124999746e-03
8.500000000000000000e+01 4.343006562499998786e-03
8.600000000000000000e+01 4.222727656249998691e-03
8.700000000000000000e+01 4.104107078124998725e-03
8.800000000000000000e+01 3.987646054687499393e-03
8.900000000000000000e+01 3.873958406249999615e-03
9.000000000000000000e+01 3.763706893750000566e-03
9.100000000000000000e+01 3.657546872421874994e-03
9.200000000000000000e+01 3.556078616406249671e-03
9.300000000000000000e+01 3.459936949218748569e-03
9.400000000000000000e+01 3.369636296874999049e-03
9.500000000000000000e+01 3.285566851562500383e-03
9.600000000000000000e+01 3.208096210937500230e-03
9.700000000000000000e+01 3.137317789062498644e-03
9.800000000000000000e+01 3.073219610156250475e-03
9.900000000000000000e+01 3.015674118750000590e-03
1.000000000000000000e+02 2.964318549765624592e-03
1.010000000000000000e+02 2.918662498124998533e-03
1.020000000000000000e+02 2.878115442968749889e-03
1.030000000000000000e+02 2.841973805468750100e-03
1.040000000000000000e+02 2.809477304687500385e-03
1.050000000000000000e+02 2.779879906249998513e-03
1.060000000000000000e+02 2.752454625000000637e-03
1.070000000000000000e+02 2.726565603906252067e-03
1.080000000000000000e+02 2.701704945312500671e-03
1.090000000000000000e+02 2.677589492187501009e-03
1.100000000000000000e+02 2.654095843203123622e-03
1.110000000000000000e+02 2.631336894531249165e-03
1.120000000000000000e+02 2.609685148437501916e-03
1.130000000000000000e+02 2.589716476562500987e-03
1.140000000000000000e+02 2.572306578124999594e-03
1.150000000000000000e+02 2.558398517187500647e-03
1.160000000000000000e+02 2.549146398437501272e-03
1.170000000000000000e+02 2.545741054687499123e-03
1.180000000000000000e+02 2.549420554687499216e-03
1.190000000000000000e+02 2.561333463281250007e-03
1.200000000000000000e+02 2.582510531249999387e-03
1.210000000000000000e+02 2.613719989843749959e-03
1.220000000000000000e+02 2.655527218749999425e-03
1.230000000000000000e+02 2.708113367187498996e-03
1.240000000000000000e+02 2.771329468749999213e-03
1.250000000000000000e+02 2.844577156249999093e-03
1.260000000000000000e+02 2.926902210937499995e-03
1.270000000000000000e+02 3.016951984375000270e-03
1.280000000000000000e+02 3.113026015625000933e-03
1.290000000000000000e+02 3.213145859375000565e-03
1.300000000000000000e+02 3.315088203124999348e-03
1.310000000000000000e+02 3.416519218750001426e-03
1.320000000000000000e+02 3.515068749999998403e-03
1.330000000000000000e+02 3.608433203124999326e-03
1.340000000000000000e+02 3.694462578124999182e-03
1.350000000000000000e+02 3.771306710937498852e-03
1.360000000000000000e+02 3.837428984375001149e-03
1.370000000000000000e+02 3.891756335937501029e-03
1.380000000000000000e+02 3.933676664062499967e-03
1.390000000000000000e+02 3.963013374999999408e-03
1.400000000000000000e+02 3.980202648437501135e-03
1.410000000000000000e+02 3.986076992187500417e-03
1.420000000000000000e+02 3.981935476562500215e-03
1.430000000000000000e+02 3.969397671875002191e-03
1.440000000000000000e+02 3.950456640624998988e-03
1.450000000000000000e+02 3.927197226562498256e-03
1.460000000000000000e+02 3.901858789062499170e-03
1.470000000000000000e+02 3.876577507812500791e-03
1.480000000000000000e+02 3.853391437499999617e-03
1.490000000000000000e+02 3.834099539062501335e-03
1.500000000000000000e+02 3.820191320312500173e-03
1.510000000000000000e+02 3.812808132812499275e-03
1.520000000000000000e+02 3.812644499999998018e-03
1.530000000000000000e+02 3.819989226562501596e-03
1.540000000000000000e+02 3.834730262500001072e-03
1.550000000000000000e+02 3.856335604687499523e-03
1.560000000000000000e+02 3.883954976562498627e-03
1.570000000000000000e+02 3.916459327343749068e-03
1.580000000000000000e+02 3.952526300781247608e-03
1.590000000000000000e+02 3.990710593749998564e-03
1.600000000000000000e+02 4.029541976562502938e-03
1.610000000000000000e+02 4.067613532578126002e-03
1.620000000000000000e+02 4.103622695312501498e-03
1.630000000000000000e+02 4.136425937499998637e-03
1.640000000000000000e+02 4.165167546875001015e-03
1.650000000000000000e+02 4.189208413281248454e-03
1.660000000000000000e+02 4.208187117187497939e-03
1.670000000000000000e+02 4.222041781249999751e-03
1.680000000000000000e+02 4.230903296875000545e-03
1.690000000000000000e+02 4.235206351562498771e-03
1.700000000000000000e+02 4.235511953124998161e-03
1.710000000000000000e+02 4.232580546874998954e-03
1.720000000000000000e+02 4.227242421874999323e-03
1.730000000000000000e+02 4.220367656250000564e-03
1.740000000000000000e+02 4.212905859375000277e-03
1.750000000000000000e+02 4.205727421874998727e-03
1.760000000000000000e+02 4.199672343750000467e-03
1.770000000000000000e+02 4.195499687499999741e-03
1.780000000000000000e+02 4.193885273437498833e-03
1.790000000000000000e+02 4.195397767664060806e-03
1.800000000000000000e+02 4.200520320312500604e-03
1.810000000000000000e+02 4.209613984374998251e-03
1.820000000000000000e+02 4.222969140624999521e-03
1.830000000000000000e+02 4.240777812499999834e-03
1.840000000000000000e+02 4.263182640624999138e-03
1.850000000000000000e+02 4.290263554687499814e-03
1.860000000000000000e+02 4.322073328125001189e-03
1.870000000000000000e+02 4.358627296874998010e-03
1.880000000000000000e+02 4.399945023437501664e-03
1.890000000000000000e+02 4.446019140624999332e-03
1.900000000000000000e+02 4.496849804687501340e-03
1.910000000000000000e+02 4.552488109375002479e-03
1.920000000000000000e+02 4.612962914062501869e-03
1.930000000000000000e+02 4.678346484374999205e-03
1.940000000000000000e+02 4.748728609375001651e-03
1.950000000000000000e+02 4.824241335937496516e-03
1.960000000000000000e+02 4.905016533281248044e-03
1.970000000000000000e+02 4.991220503125000200e-03
1.980000000000000000e+02 5.083008942499998156e-03
1.990000000000000000e+02 5.180562837265623687e-03
2.000000000000000000e+02 5.284035539062498059e-03
2.010000000000000000e+02 5.393535992187499344e-03
2.020000000000000000e+02 5.509157281249997887e-03
2.030000000000000000e+02 5.630877320312502494e-03
2.040000000000000000e+02 5.758625354687501446e-03
2.050000000000000000e+02 5.892189966406246628e-03
2.060000000000000000e+02 6.031258525000002951e-03
2.070000000000000000e+02 6.175312382812500958e-03
2.080000000000000000e+02 6.323763484375003255e-03
2.090000000000000000e+02 6.475719171875000783e-03
2.100000000000000000e+02 6.630220085937502811e-03
2.110000000000000000e+02 6.786082057812501019e-03
2.120000000000000000e+02 6.941884552343752061e-03
2.130000000000000000e+02 7.096089682031249055e-03
2.140000000000000000e+02 7.246926687500003864e-03
2.150000000000000000e+02 7.392578532031255333e-03
2.160000000000000000e+02 7.531040624999996332e-03
2.170000000000000000e+02 7.660224156249999250e-03
2.180000000000000000e+02 7.778060335937501610e-03
2.190000000000000000e+02 7.882371062500000830e-03
2.200000000000000000e+02 7.971119632812499051e-03
2.210000000000000000e+02 8.042427890624998660e-03
2.220000000000000000e+02 8.094420156249998791e-03
2.230000000000000000e+02 8.125516093749998378e-03
2.240000000000000000e+02 8.134456250000001581e-03
2.250000000000000000e+02 8.120337726562495972e-03
2.260000000000000000e+02 8.082512203124996020e-03
2.270000000000000000e+02 8.020972742187496701e-03
2.280000000000000000e+02 7.936090617187502305e-03
2.290000000000000000e+02 7.828726039062499156e-03
2.300000000000000000e+02 7.700379031250001102e-03
2.310000000000000000e+02 7.553057781249998895e-03
2.320000000000000000e+02 7.389237812500003798e-03
2.330000000000000000e+02 7.212028828125000533e-03
2.340000000000000000e+02 7.024876171874997952e-03
2.350000000000000000e+02 6.831686015625001301e-03
2.360000000000000000e+02 6.636718828124997180e-03
2.370000000000000000e+02 6.444425929687498146e-03
2.380000000000000000e+02 6.259456773437498123e-03
2.390000000000000000e+02 6.086418781250000146e-03
2.400000000000000000e+02 5.929899135937500600e-03
2.410000000000000000e+02 5.794282218749995106e-03
2.420000000000000000e+02 5.683700118750002750e-03
2.430000000000000000e+02 5.601757523437498817e-03
2.440000000000000000e+02 5.551673929687498017e-03
2.450000000000000000e+02 5.536113640624997986e-03
2.460000000000000000e+02 5.556992843749997135e-03
2.470000000000000000e+02 5.615523617187499761e-03
2.480000000000000000e+02 5.712331843750003205e-03
2.490000000000000000e+02 5.847089382812498473e-03
2.500000000000000000e+02 6.018907401562500689e-03
2.510000000000000000e+02 6.226011976562498447e-03
2.520000000000000000e+02 6.466015893749999660e-03
2.530000000000000000e+02 6.735895453124998884e-03
2.540000000000000000e+02 7.032042805468751226e-03
2.550000000000000000e+02 7.350345999999999790e-03
2.560000000000000000e+02 7.686418281250002003e-03
2.570000000000000000e+02 8.035394476562504260e-03
2.580000000000000000e+02 8.392426796874999720e-03
2.590000000000000000e+02 8.752580078124998914e-03
2.600000000000000000e+02 9.110826328125000081e-03
2.610000000000000000e+02 9.462467734374998760e-03
2.620000000000000000e+02 9.802962265624994356e-03
2.630000000000000000e+02 1.012814000000000249e-02
2.640000000000000000e+02 1.043422421875000138e-02
2.650000000000000000e+02 1.071785523437500040e-02
2.660000000000000000e+02 1.097642890624999680e-02
2.670000000000000000e+02 1.120756250000000398e-02
2.680000000000000000e+02 1.140988593750000106e-02
2.690000000000000000e+02 1.158238124999999563e-02
2.700000000000000000e+02 1.172468984375000037e-02
2.710000000000000000e+02 1.183715546875000087e-02
2.720000000000000000e+02 1.192078203124999521e-02
2.730000000000000000e+02 1.197715874999999951e-02
2.740000000000000000e+02 1.200833851562500137e-02
2.750000000000000000e+02 1.201697054687500370e-02
2.760000000000000000e+02 1.200625679687499815e-02
2.770000000000000000e+02 1.197947015624999979e-02
2.780000000000000000e+02 1.194063062500000383e-02
2.790000000000000000e+02 1.189345304687500215e-02
2.800000000000000000e+02 1.184217984374999824e-02
2.810000000000000000e+02 1.179079578124999500e-02
2.820000000000000000e+02 1.174318656249999891e-02
2.830000000000000000e+02 1.170311562500000319e-02
2.840000000000000000e+02 1.167402890624999814e-02
2.850000000000000000e+02 1.165895937500000326e-02
2.860000000000000000e+02 1.166054609375000335e-02
2.870000000000000000e+02 1.168091484375000273e-02
2.880000000000000000e+02 1.172167343749999993e-02
2.890000000000000000e+02 1.178392265625000102e-02
2.900000000000000000e+02 1.186817890624999351e-02
2.910000000000000000e+02 1.197456328124999955e-02
2.920000000000000000e+02 1.210250703124999584e-02
2.930000000000000000e+02 1.225103125000000064e-02
2.940000000000000000e+02 1.241872859374999749e-02
2.950000000000000000e+02 1.260388492187500438e-02
2.960000000000000000e+02 1.280439828125000054e-02
2.970000000000000000e+02 1.301800731250000488e-02
2.980000000000000000e+02 1.324245690078124441e-02
2.990000000000000000e+02 1.347531744531250270e-02
3.000000000000000000e+02 1.371438564843749548e-02
3.010000000000000000e+02 1.395766012499999841e-02
3.020000000000000000e+02 1.420338546874999608e-02
3.030000000000000000e+02 1.445012515624999501e-02
3.040000000000000000e+02 1.469685265625000382e-02
3.050000000000000000e+02 1.494276171874999934e-02
3.060000000000000000e+02 1.518750546874999933e-02
3.070000000000000000e+02 1.543073515625000003e-02
3.080000000000000000e+02 1.567242265625000061e-02
3.090000000000000000e+02 1.591246796874999300e-02
3.100000000000000000e+02 1.615072656249999516e-02
3.110000000000000000e+02 1.638694843749999991e-02
3.120000000000000000e+02 1.662033749999998478e-02
3.130000000000000000e+02 1.685018046875000688e-02
3.140000000000000000e+02 1.707505937499998946e-02
3.150000000000000000e+02 1.729326093749999557e-02
3.160000000000000000e+02 1.750271796875000133e-02
3.170000000000000000e+02 1.770094687499999125e-02
3.180000000000000000e+02 1.788508750000000758e-02
3.190000000000000000e+02 1.805211562500001407e-02
3.200000000000000000e+02 1.819871093749999419e-02
3.210000000000000000e+02 1.832138359375001108e-02
3.220000000000000000e+02 1.841675468750000183e-02
3.230000000000000000e+02 1.848122109375000335e-02
3.240000000000000000e+02 1.851154843750000070e-02
3.250000000000000000e+02 1.850455390625001598e-02
3.260000000000000000e+02 1.845749609374999420e-02
3.270000000000000000e+02 1.836802812500000492e-02
3.280000000000000000e+02 1.823417578124999008e-02
3.290000000000000000e+02 1.805473585937498668e-02
3.300000000000000000e+02 1.782907664062499675e-02
3.310000000000000000e+02 1.755749624999999522e-02
3.320000000000000000e+02 1.724097898437499873e-02
3.330000000000000000e+02 1.688158664062499453e-02
3.340000000000000000e+02 1.648221648437500284e-02
3.350000000000000000e+02 1.604643437499999811e-02
3.360000000000000000e+02 1.557887992187500029e-02
3.370000000000000000e+02 1.508461070312500443e-02
3.380000000000000000e+02 1.456928558593750291e-02
3.390000000000000000e+02 1.403895796093749745e-02
3.400000000000000000e+02 1.349976913281249538e-02
3.410000000000000000e+02 1.295795639296874399e-02
3.420000000000000000e+02 1.241965204687499845e-02
3.430000000000000000e+02 1.189063800234375565e-02
3.440000000000000000e+02 1.137658077343749879e-02
3.450000000000000000e+02 1.088246532812500375e-02
3.460000000000000000e+02 1.041290482265624928e-02
3.470000000000000000e+02 9.972015638281249775e-03
3.480000000000000000e+02 9.562975459374997711e-03
3.490000000000000000e+02 9.188475703125002433e-03
3.500000000000000000e+02 8.850238665624992479e-03
3.510000000000000000e+02 8.549103570312506159e-03
3.520000000000000000e+02 8.285062095312503705e-03
3.530000000000000000e+02 8.057111807031251335e-03
3.540000000000000000e+02 7.863328554687500083e-03
3.550000000000000000e+02 7.701017828124998368e-03
3.560000000000000000e+02 7.566854007812498506e-03
3.570000000000000000e+02 7.456959234375001161e-03
3.580000000000000000e+02 7.367164535156248140e-03
3.590000000000000000e+02 7.293392273437501044e-03
3.600000000000000000e+02 7.231588312500001302e-03
3.610000000000000000e+02 7.178148089843745805e-03
3.620000000000000000e+02 7.129993000000001135e-03
3.630000000000000000e+02 7.084774898437499156e-03
3.640000000000000000e+02 7.040759898437495140e-03
3.650000000000000000e+02 6.997139999999997181e-03
3.660000000000000000e+02 6.953667687499998085e-03
3.670000000000000000e+02 6.910976195312499779e-03
3.680000000000000000e+02 6.870160468749996439e-03
3.690000000000000000e+02 6.832968078124996951e-03
3.700000000000000000e+02 6.801403296874999546e-03
3.710000000000000000e+02 6.777822945312502075e-03
3.720000000000000000e+02 6.764552585937503443e-03
3.730000000000000000e+02 6.763707906250000269e-03
3.740000000000000000e+02 6.777065291406247742e-03
3.750000000000000000e+02 6.805650605468751418e-03
3.760000000000000000e+02 6.849693966406249744e-03
3.770000000000000000e+02 6.908546231250002438e-03
3.780000000000000000e+02 6.980514798437495103e-03
3.790000000000000000e+02 7.063022113281250229e-03
3.800000000000000000e+02 7.152699734374998522e-03
3.810000000000000000e+02 7.245643656249994846e-03
3.820000000000000000e+02 7.337517710937500708e-03
3.830000000000000000e+02 7.423779263125001096e-03
3.840000000000000000e+02 7.500059992187498720e-03
3.850000000000000000e+02 7.562189554687497733e-03
3.860000000000000000e+02 7.606625234374999982e-03
3.870000000000000000e+02 7.630430437500002917e-03
3.880000000000000000e+02 7.631626765625000759e-03
3.890000000000000000e+02 7.609298000000002185e-03
3.900000000000000000e+02 7.563581988671877650e-03
3.910000000000000000e+02 7.495818976562499715e-03
3.920000000000000000e+02 7.408279273437501193e-03
3.930000000000000000e+02 7.304026328124995845e-03
3.940000000000000000e+02 7.186758593749999376e-03
3.950000000000000000e+02 7.060358257812497998e-03
3.960000000000000000e+02 6.928717570312496049e-03
3.970000000000000000e+02 6.795568796875003578e-03
3.980000000000000000e+02 6.664115621093749317e-03
3.990000000000000000e+02 6.537113759374997557e-03
4.000000000000000000e+02 6.416535750000000593e-03
4.010000000000000000e+02 6.303605875000004195e-03
4.020000000000000000e+02 6.198646632812505018e-03
4.030000000000000000e+02 6.100980539062500138e-03
4.040000000000000000e+02 6.009178593750001858e-03
4.050000000000000000e+02 5.920957968749999620e-03
4.060000000000000000e+02 5.833552499999996796e-03
4.070000000000000000e+02 5.743917343750000980e-03
4.080000000000000000e+02 5.649189687499998544e-03
4.090000000000000000e+02 5.546846015625001534e-03
4.100000000000000000e+02 5.435040156249997673e-03
4.110000000000000000e+02 5.312757265625003313e-03
4.120000000000000000e+02 5.179812499999999521e-03
4.130000000000000000e+02 5.036996656250000703e-03
4.140000000000000000e+02 4.886013578124999077e-03
4.150000000000000000e+02 4.729408962500000757e-03
4.160000000000000000e+02 4.570448429687500383e-03
4.170000000000000000e+02 4.413028546874999541e-03
4.180000000000000000e+02 4.261323750000000493e-03
4.190000000000000000e+02 4.119518906249999488e-03
4.200000000000000000e+02 3.991302890624999489e-03
4.210000000000000000e+02 3.879453593750000276e-03
4.220000000000000000e+02 3.785524218750000065e-03
4.230000000000000000e+02 3.709522187500000154e-03
4.240000000000000000e+02 3.650153671874999377e-03
4.250000000000000000e+02 3.604708007812500951e-03
4.260000000000000000e+02 3.569598734374998528e-03
4.270000000000000000e+02 3.540693557812501190e-03
4.280000000000000000e+02 3.513836690624998378e-03
4.290000000000000000e+02 3.485373452343748339e-03
4.300000000000000000e+02 3.452594164062501234e-03
4.310000000000000000e+02 3.413861804687498731e-03
4.320000000000000000e+02 3.368693937500001536e-03
4.330000000000000000e+02 3.317501500000000214e-03
4.340000000000000000e+02 3.261228773437499073e-03
4.350000000000000000e+02 3.200860164062498646e-03
4.360000000000000000e+02 3.137205991406251046e-03
4.370000000000000000e+02 3.070837360937500246e-03
4.380000000000000000e+02 3.002157040781249994e-03
4.390000000000000000e+02 2.931736628125000254e-03
4.400000000000000000e+02 2.860556153906248199e-03
4.410000000000000000e+02 2.790244353906250543e-03
4.420000000000000000e+02 2.723004940625001723e-03
4.430000000000000000e+02 2.661322898437498263e-03
4.440000000000000000e+02 2.607462789062499429e-03
4.450000000000000000e+02 2.563136414062501013e-03
4.460000000000000000e+02 2.529106515624999010e-03
4.470000000000000000e+02 2.505331929687499692e-03
4.480000000000000000e+02 2.491103787500000260e-03
4.490000000000000000e+02 2.485288385937500268e-03
4.500000000000000000e+02 2.486436967968750147e-03
4.510000000000000000e+02 2.492760945312499834e-03
4.520000000000000000e+02 2.502192433281249725e-03
4.530000000000000000e+02 2.512462866312498763e-03
4.540000000000000000e+02 2.521089363593750389e-03
4.550000000000000000e+02 2.525626596874999946e-03
4.560000000000000000e+02 2.523437085937499640e-03
4.570000000000000000e+02 2.511793468750001066e-03
4.580000000000000000e+02 2.487828701562499589e-03
4.590000000000000000e+02 2.449120327343750573e-03
4.600000000000000000e+02 2.394327744531250801e-03
4.610000000000000000e+02 2.324012148437500005e-03
4.620000000000000000e+02 2.240786555937501149e-03
4.630000000000000000e+02 2.148831249999999353e-03
4.640000000000000000e+02 2.052566044531250675e-03
4.650000000000000000e+02 1.955161164062500095e-03
4.660000000000000000e+02 1.857499718750000575e-03
4.670000000000000000e+02 1.758176429687499090e-03
4.680000000000000000e+02 1.654746826562500644e-03
4.690000000000000000e+02 1.545939335156250273e-03
4.700000000000000000e+02 1.434114758203124855e-03
4.710000000000000000e+02 1.327021028125000002e-03
4.720000000000000000e+02 1.238131274218750959e-03
4.730000000000000000e+02 1.185174312500000262e-03
4.740000000000000000e+02 1.187353664062499800e-03
4.750000000000000000e+02 1.262031464062500496e-03
4.760000000000000000e+02 1.421923174218749520e-03
4.770000000000000000e+02 1.673484217421874381e-03
4.780000000000000000e+02 2.016321983593748722e-03
4.790000000000000000e+02 2.443262542187500056e-03
4.800000000000000000e+02 2.940443265624999476e-03
4.810000000000000000e+02 3.487171921875001097e-03
4.820000000000000000e+02 4.056115687500002134e-03
4.830000000000000000e+02 4.613881179687502089e-03
4.840000000000000000e+02 5.122952717968751353e-03
4.850000000000000000e+02 5.544990765624999672e-03
4.860000000000000000e+02 5.844608039062500031e-03
4.870000000000000000e+02 5.994145304687499391e-03
4.880000000000000000e+02 5.977579562499999062e-03
4.890000000000000000e+02 5.793857703124998676e-03
4.900000000000000000e+02 5.458444750000001136e-03
4.910000000000000000e+02 5.002984253906252177e-03
4.920000000000000000e+02 4.471991136718751585e-03
4.930000000000000000e+02 3.917038333593751004e-03
4.940000000000000000e+02 3.388566078125000366e-03
4.950000000000000000e+02 2.927583231250000580e-03
4.960000000000000000e+02 2.558599405468750532e-03
4.970000000000000000e+02 2.286989860156250602e-03
4.980000000000000000e+02 2.101083752343750350e-03
4.990000000000000000e+02 1.978933804687500655e-03
5.000000000000000000e+02 1.897849062500000464e-03
5.010000000000000000e+02 1.844467031249999575e-03
5.020000000000000000e+02 1.822903976562499336e-03
5.030000000000000000e+02 1.857825085937500403e-03
5.040000000000000000e+02 1.990016757812500085e-03
5.050000000000000000e+02 2.263342187499999686e-03
5.060000000000000000e+02 2.705852632812499360e-03
5.070000000000000000e+02 3.310158171875000454e-03
5.080000000000000000e+02 4.019763179687499237e-03
5.090000000000000000e+02 4.729118789062501139e-03
5.100000000000000000e+02 5.307574515625000829e-03
5.110000000000000000e+02 5.659161914062498661e-03
