0.000000000000000000e+00 1.253010703124999778e-02
1.000000000000000000e+00 1.247162812500000710e-02
2.000000000000000000e+00 1.235543359374999955e-02
3.000000000000000000e+00 1.218280937499999911e-02
4.000000000000000000e+00 1.195558359374999761e-02
5.000000000000000000e+00 1.167640312499999659e-02
6.000000000000000000e+00 1.134829218749999931e-02
7.000000000000000000e+00 1.097495703124999784e-02
8.000000000000000000e+00 1.056039453125000131e-02
9.000000000000000000e+00 1.010912499999999659e-02
1.000000000000000000e+01 9.626057031249997745e-03
1.100000000000000000e+01 9.116239843750003832e-03
1.200000000000000000e+01 8.585092968750002856e-03
1.300000000000000000e+01 8.038010078124997737e-03
1.400000000000000000e+01 7.480670312500003333e-03
1.500000000000000000e+01 6.918636015625001870e-03
1.600000000000000000e+01 6.357445859375002346e-03
1.700000000000000000e+01 5.802533749999999949e-03
1.800000000000000000e+01 5.259173171875001877e-03
1.900000000000000000e+01 4.732438367187501160e-03
2.000000000000000000e+01 4.227082446093749675e-03
2.100000000000000000e+01 3.747568156249998783e-03
2.200000000000000000e+01 3.298017437499998778e-03
2.300000000000000000e+01 2.882152265625000098e-03
2.400000000000000000e+01 2.503273984374998918e-03
2.500000000000000000e+01 2.164245226562499201e-03
2.600000000000000000e+01 1.867462812500000945e-03
2.700000000000000000e+01 1.614856547656250228e-03
2.800000000000000000e+01 1.407855735156249852e-03
2.900000000000000000e+01 1.247394695312499828e-03
3.000000000000000000e+01 1.133925177343749965e-03
3.100000000000000000e+01 1.067397739062499662e-03
3.200000000000000000e+01 1.047260667968750352e-03
3.300000000000000000e+01 1.072513241406250224e-03
3.400000000000000000e+01 1.141675192968750552e-03
3.500000000000000000e+01 1.252825703125000226e-03
3.600000000000000000e+01 1.403617610937500041e-03
3.700000000000000000e+01 1.591329117187500640e-03
3.800000000000000000e+01 1.812855640625000899e-03
3.900000000000000000e+01 2.064780507812500818e-03
4.000000000000000000e+01 2.343387554687500086e-03
4.100000000000000000e+01 2.644724093750001458e-03
4.200000000000000000e+01 2.964654234374999604e-03
4.300000000000000000e+01 3.298863062500002104e-03
4.400000000000000000e+01 3.642974515624999941e-03
4.500000000000000000e+01 3.992563632812501373e-03
4.600000000000000000e+01 4.343235015625000403e-03
4.700000000000000000e+01 4.690663406250000951e-03
4.800000000000000000e+01 5.030678701562499300e-03
4.900000000000000000e+01 5.359309632812499918e-03
5.000000000000000000e+01 5.672831054687501630e-03
5.100000000000000000e+01 5.967848328125000684e-03
5.200000000000000000e+01 6.241286796874998682e-03
5.300000000000000000e+01 6.490509531249999062e-03
5.400000000000000000e+01 6.713287890624997437e-03
5.500000000000000000e+01 6.907892421875003360e-03
5.600000000000000000e+01 7.073074765625000405e-03
5.700000000000000000e+01 7.208010937500002047e-03
5.800000000000000000e+01 7.312467578124998840e-03
5.900000000000000000e+01 7.386538046874996724e-03
6.000000000000000000e+01 7.430986953125002202e-03
6.100000000000000000e+01 7.446778671874995127e-03
6.200000000000000000e+01 7.435424062499996004e-03
6.300000000000000000e+01 7.398657734375003840e-03
6.400000000000000000e+01 7.338514218750001594e-03
6.500000000000000000e+01 7.257302656250000719e-03
6.600000000000000000e+01 7.157357578124994534e-03
6.700000000000000000e+01 7.041190460937500964e-03
6.800000000000000000e+01 6.911294179687503710e-03
6.900000000000000000e+01 6.770080210937502209e-03
7.000000000000000000e+01 6.619842382812497761e-03
7.100000000000000000e+01 6.462873671875001870e-03
7.200000000000000000e+01 6.301079714843747792e-03
7.300000000000000000e+01 6.136227117187500329e-03
7.400000000000000000e+01 5.969844906249999715e-03
7.500000000000000000e+01 5.803219564062499052e-03
7.600000000000000000e+01 5.637371218749997678e-03
7.700000000000000000e+01 5.473026343749999578e-03
7.800000000000000000e+01 5.310792601562498542e-03
7.900000000000000000e+01 5.151087070312500120e-03
8.000000000000000000e+01 4.994116390624999194e-03
8.100000000000000000e+01 4.840053451562498742e-03
8.200000000000000000e+01 4.688972241406251344e-03
8.300000000000000000e+01 4.540946594531252052e-03
8.400000000000000000e+01 4.396051017968747796e-03
8.500000000000000000e+01 4.254442904687498299e-03
8.600000000000000000e+01 4.116302392968748322e-03
8.700000000000000000e+01 3.981972985156250269e-03
8.800000000000000000e+01 3.851800328125000970e-03
8.900000000000000000e+01 3.726334984374998598e-03
9.000000000000000000e+01 3.606143476562500855e-03
9.100000000000000000e+01 3.491844695312499875e-03
9.200000000000000000e+01 3.384135406250000574e-03
9.300000000000000000e+01 3.283705687499999248e-03
9.400000000000000000e+01 3.191163773437499275e-03
9.500000000000000000e+01 3.107062531250000866e-03
9.600000000000000000e+01 3.031866187499999282e-03
9.700000000000000000e+01 2.965861335937499798e-03
9.800000000000000000e+01 2.909153802343750293e-03
9.900000000000000000e+01 2.861661484375001199e-03
1.000000000000000000e+02 2.823124179687499461e-03
1.010000000000000000e+02 2.793054335937498849e-03
1.020000000000000000e+02 2.770789979687498725e-03
1.030000000000000000e+02 2.755520114843749112e-03
1.040000000000000000e+02 2.746282717187500857e-03
1.050000000000000000e+02 2.742090900781250350e-03
1.060000000000000000e+02 2.741915906249999674e-03
1.070000000000000000e+02 2.744731828124999384e-03
1.080000000000000000e+02 2.749645164062501212e-03
1.090000000000000000e+02 2.755883757812500022e-03
1.100000000000000000e+02 2.762875429687498829e-03
1.110000000000000000e+02 2.770238623437500363e-03
1.120000000000000000e+02 2.777931864843752145e-03
1.130000000000000000e+02 2.786102179687500058e-03
1.140000000000000000e+02 2.795138640624999626e-03
1.150000000000000000e+02 2.805741320312499232e-03
1.160000000000000000e+02 2.818729374999998354e-03
1.170000000000000000e+02 2.835105156250000008e-03
1.180000000000000000e+02 2.855904601562497987e-03
1.190000000000000000e+02 2.882218223437500032e-03
1.200000000000000000e+02 2.915010781249999152e-03
1.210000000000000000e+02 2.955091484374999713e-03
1.220000000000000000e+02 3.003042554687499095e-03
1.230000000000000000e+02 3.059127335937500500e-03
1.240000000000000000e+02 3.123266695312500695e-03
1.250000000000000000e+02 3.194994703125000977e-03
1.260000000000000000e+02 3.273457273437499655e-03
1.270000000000000000e+02 3.357400101562500565e-03
1.280000000000000000e+02 3.445248164062499410e-03
1.290000000000000000e+02 3.535133218749999650e-03
1.300000000000000000e+02 3.624937242187500908e-03
1.310000000000000000e+02 3.712533179687499754e-03
1.320000000000000000e+02 3.795669874999998885e-03
1.330000000000000000e+02 3.872289765624999710e-03
1.340000000000000000e+02 3.940527109374999601e-03
1.350000000000000000e+02 3.998817578125001861e-03
1.360000000000000000e+02 4.046025226562499633e-03
1.370000000000000000e+02 4.081431679687498940e-03
1.380000000000000000e+02 4.104976382812497611e-03
1.390000000000000000e+02 4.116876789062498716e-03
1.400000000000000000e+02 4.118083406250003069e-03
1.410000000000000000e+02 4.109943523437497789e-03
1.420000000000000000e+02 4.094149803906252383e-03
1.430000000000000000e+02 4.072733446093749869e-03
1.440000000000000000e+02 4.047964674218748789e-03
1.450000000000000000e+02 4.022102570312499972e-03
1.460000000000000000e+02 3.997448629687499859e-03
1.470000000000000000e+02 3.976107834374998339e-03
1.480000000000000000e+02 3.959937046875000588e-03
1.490000000000000000e+02 3.950462664062501239e-03
1.500000000000000000e+02 3.948734390624998244e-03
1.510000000000000000e+02 3.955426416406251228e-03
1.520000000000000000e+02 3.970721421875000184e-03
1.530000000000000000e+02 3.994331781250001594e-03
1.540000000000000000e+02 4.025553648437501901e-03
1.550000000000000000e+02 4.063433005468750428e-03
1.560000000000000000e+02 4.106626113281250205e-03
1.570000000000000000e+02 4.153623914062501421e-03
1.580000000000000000e+02 4.202877737499999267e-03
1.590000000000000000e+02 4.252765666406250859e-03
1.600000000000000000e+02 4.301797742968747722e-03
1.610000000000000000e+02 4.348590957031246186e-03
1.620000000000000000e+02 4.392012328125001822e-03
1.630000000000000000e+02 4.431162124999997107e-03
1.640000000000000000e+02 4.465412195312498146e-03
1.650000000000000000e+02 4.494398046875001419e-03
1.660000000000000000e+02 4.518022968750001235e-03
1.670000000000000000e+02 4.536468749999997101e-03
1.680000000000000000e+02 4.550068046875001271e-03
1.690000000000000000e+02 4.559381171874999847e-03
1.700000000000000000e+02 4.565048281250001089e-03
1.710000000000000000e+02 4.567845078124999590e-03
1.720000000000000000e+02 4.568548203124997258e-03
1.730000000000000000e+02 4.568045000000002347e-03
1.740000000000000000e+02 4.567099999999998418e-03
1.750000000000000000e+02 4.566579921875001113e-03
1.760000000000000000e+02 4.567297109375000053e-03
1.770000000000000000e+02 4.570013671875001321e-03
1.780000000000000000e+02 4.575540312499998437e-03
1.790000000000000000e+02 4.584633583593749999e-03
1.800000000000000000e+02 4.598052695312500326e-03
1.810000000000000000e+02 4.616588500000001066e-03
1.820000000000000000e+02 4.641063203125000286e-03
1.830000000000000000e+02 4.672294132812501895e-03
1.840000000000000000e+02 4.711060750000000026e-03
1.850000000000000000e+02 4.758260179687500389e-03
1.860000000000000000e+02 4.814673293750000235e-03
1.870000000000000000e+02 4.881134888203125279e-03
1.880000000000000000e+02 4.958374763281248737e-03
1.890000000000000000e+02 5.047182003124999275e-03
1.900000000000000000e+02 5.148090812500000571e-03
1.910000000000000000e+02 5.261737929687495229e-03
1.920000000000000000e+02 5.388442460937499338e-03
1.930000000000000000e+02 5.528579664062500780e-03
1.940000000000000000e+02 5.682197007812501456e-03
1.950000000000000000e+02 5.849329706249998921e-03
1.960000000000000000e+02 6.029782408593750871e-03
1.970000000000000000e+02 6.223115105468746133e-03
1.980000000000000000e+02 6.428803897656253444e-03
1.990000000000000000e+02 6.646061812500003892e-03
2.000000000000000000e+02 6.873823718749998146e-03
2.010000000000000000e+02 7.110920117187499896e-03
2.020000000000000000e+02 7.355876516406250135e-03
2.030000000000000000e+02 7.606940321874999279e-03
2.040000000000000000e+02 7.862250164062499144e-03
2.050000000000000000e+02 8.119544515625000403e-03
2.060000000000000000e+02 8.376316182812499483e-03
2.070000000000000000e+02 8.629953244531250386e-03
2.080000000000000000e+02 8.877513352343749733e-03
2.090000000000000000e+02 9.115845458593752407e-03
2.100000000000000000e+02 9.341767875000002094e-03
2.110000000000000000e+02 9.551831226562503344e-03
2.120000000000000000e+02 9.742596406249998120e-03
2.130000000000000000e+02 9.910660218750004177e-03
2.140000000000000000e+02 1.005257617187499918e-02
2.150000000000000000e+02 1.016522078125000304e-02
2.160000000000000000e+02 1.024560828125000399e-02
2.170000000000000000e+02 1.029111671874999995e-02
2.180000000000000000e+02 1.029952773437500108e-02
2.190000000000000000e+02 1.026914492187500430e-02
2.200000000000000000e+02 1.019888781250000327e-02
2.210000000000000000e+02 1.008835265624999714e-02
2.220000000000000000e+02 9.937722187500002899e-03
2.230000000000000000e+02 9.748136328125002123e-03
2.240000000000000000e+02 9.521410164062502415e-03
2.250000000000000000e+02 9.260207867187494890e-03
2.260000000000000000e+02 8.967934804687504452e-03
2.270000000000000000e+02 8.648809078124999883e-03
2.280000000000000000e+02 8.307688375000003844e-03
2.290000000000000000e+02 7.950039554687501550e-03
2.300000000000000000e+02 7.581922671875000568e-03
2.310000000000000000e+02 7.209688164062501986e-03
2.320000000000000000e+02 6.840072093749997341e-03
2.330000000000000000e+02 6.479823671875000086e-03
2.340000000000000000e+02 6.135746023437499419e-03
2.350000000000000000e+02 5.814443835937501380e-03
2.360000000000000000e+02 5.522166070312500841e-03
2.370000000000000000e+02 5.264732039062499161e-03
2.380000000000000000e+02 5.047308937500002458e-03
2.390000000000000000e+02 4.874358304687498832e-03
2.400000000000000000e+02 4.749466625000001337e-03
2.410000000000000000e+02 4.675351828124999463e-03
2.420000000000000000e+02 4.653689843750000339e-03
2.430000000000000000e+02 4.685151718749999000e-03
2.440000000000000000e+02 4.769387968750001157e-03
2.450000000000000000e+02 4.904985703124997189e-03
2.460000000000000000e+02 5.089558085937500274e-03
2.470000000000000000e+02 5.319782687499999968e-03
2.480000000000000000e+02 5.591512992187497831e-03
2.490000000000000000e+02 5.899843105468750154e-03
2.500000000000000000e+02 6.239260476562501212e-03
2.510000000000000000e+02 6.603771718750000089e-03
2.520000000000000000e+02 6.986999687499996850e-03
2.530000000000000000e+02 7.382420312500001351e-03
2.540000000000000000e+02 7.783476562499998079e-03
2.550000000000000000e+02 8.183664531249999069e-03
2.560000000000000000e+02 8.576745312500001772e-03
2.570000000000000000e+02 8.956899999999996809e-03
2.580000000000000000e+02 9.318785937500002545e-03
2.590000000000000000e+02 9.657657812500003089e-03
2.600000000000000000e+02 9.969338281250003653e-03
2.610000000000000000e+02 1.025046562500000341e-02
2.620000000000000000e+02 1.049853906250000114e-02
2.630000000000000000e+02 1.071160312499999830e-02
2.640000000000000000e+02 1.088880234375000366e-02
2.650000000000000000e+02 1.102983281249999767e-02
2.660000000000000000e+02 1.113515468750000091e-02
2.670000000000000000e+02 1.120609453125000037e-02
2.680000000000000000e+02 1.124444218750000196e-02
2.690000000000000000e+02 1.125262343750000303e-02
2.700000000000000000e+02 1.123367742187499421e-02
2.710000000000000000e+02 1.119086374999999668e-02
2.720000000000000000e+02 1.112792203125000448e-02
2.730000000000000000e+02 1.104873078124999838e-02
2.740000000000000000e+02 1.095741335937499769e-02
2.750000000000000000e+02 1.085811640624999991e-02
2.760000000000000000e+02 1.075473351562500172e-02
2.770000000000000000e+02 1.065130726562500338e-02
2.780000000000000000e+02 1.055148101562499927e-02
2.790000000000000000e+02 1.045860796875000727e-02
2.800000000000000000e+02 1.037564554687499946e-02
2.810000000000000000e+02 1.030519453124999728e-02
2.820000000000000000e+02 1.024933437499999343e-02
2.830000000000000000e+02 1.020973203124999999e-02
2.840000000000000000e+02 1.018750546875000010e-02
2.850000000000000000e+02 1.018333984374999480e-02
2.860000000000000000e+02 1.019743906250000429e-02
2.870000000000000000e+02 1.022978281249999760e-02
2.880000000000000000e+02 1.027980468749999966e-02
2.890000000000000000e+02 1.034680625000000166e-02
2.900000000000000000e+02 1.042979062499999748e-02
2.910000000000000000e+02 1.052784374999999988e-02
2.920000000000000000e+02 1.063974281250000369e-02
2.930000000000000000e+02 1.076446898437500438e-02
2.940000000000000000e+02 1.090110171875000381e-02
2.950000000000000000e+02 1.104878993750000454e-02
2.960000000000000000e+02 1.120700466406250248e-02
2.970000000000000000e+02 1.137549232421874827e-02
2.980000000000000000e+02 1.155420339062500183e-02
2.990000000000000000e+02 1.174355356953124888e-02
3.000000000000000000e+02 1.194413011250000309e-02
3.010000000000000000e+02 1.215679539062500258e-02
3.020000000000000000e+02 1.238283640624999841e-02
3.030000000000000000e+02 1.262331132812500797e-02
3.040000000000000000e+02 1.287951171875000023e-02
3.050000000000000000e+02 1.315256015624999622e-02
3.060000000000000000e+02 1.344341406249999725e-02
3.070000000000000000e+02 1.375239921875000097e-02
3.080000000000000000e+02 1.407962031249999219e-02
3.090000000000000000e+02 1.442429296875000905e-02
3.100000000000000000e+02 1.478503906250000499e-02
3.110000000000000000e+02 1.515959921874999311e-02
3.120000000000000000e+02 1.554501953124999558e-02
3.130000000000000000e+02 1.593737890625000417e-02
3.140000000000000000e+02 1.633230390625000847e-02
3.150000000000000000e+02 1.672443906249999543e-02
3.160000000000000000e+02 1.710826640624998896e-02
3.170000000000000000e+02 1.747760078125000505e-02
3.180000000000000000e+02 1.782616640624999638e-02
3.190000000000000000e+02 1.814775546874998827e-02
3.200000000000000000e+02 1.843610390625001136e-02
3.210000000000000000e+02 1.868515390625000161e-02
3.220000000000000000e+02 1.888934453125001509e-02
3.230000000000000000e+02 1.904349921875000615e-02
3.240000000000000000e+02 1.914309296875000080e-02
3.250000000000000000e+02 1.918429453124999989e-02
3.260000000000000000e+02 1.916414843750000388e-02
3.270000000000000000e+02 1.908070234374999521e-02
3.280000000000000000e+02 1.893299687500000009e-02
3.290000000000000000e+02 1.872131640624998677e-02
3.300000000000000000e+02 1.844718203125001246e-02
3.310000000000000000e+02 1.811331328124999446e-02
3.320000000000000000e+02 1.772346640625000261e-02
3.330000000000000000e+02 1.728272031249999258e-02
3.340000000000000000e+02 1.679672031250000266e-02
3.350000000000000000e+02 1.627191523437501036e-02
3.360000000000000000e+02 1.571533773437500114e-02
3.370000000000000000e+02 1.513400093749999939e-02
3.380000000000000000e+02 1.453522843750000397e-02
3.390000000000000000e+02 1.392605593749999919e-02
3.400000000000000000e+02 1.331348257812500074e-02
3.410000000000000000e+02 1.270399304687499717e-02
3.420000000000000000e+02 1.210385437499999703e-02
3.430000000000000000e+02 1.151869718750000646e-02
3.440000000000000000e+02 1.095368125000000144e-02
3.450000000000000000e+02 1.041334253125000137e-02
3.460000000000000000e+02 9.901306687499999981e-03
3.470000000000000000e+02 9.420654734375002309e-03
3.480000000000000000e+02 8.973308335937492386e-03
3.490000000000000000e+02 8.560589307031246306e-03
3.500000000000000000e+02 8.182816009374994579e-03
3.510000000000000000e+02 7.839714000000001098e-03
3.520000000000000000e+02 7.530341140625000651e-03
3.530000000000000000e+02 7.253525257812499030e-03
3.540000000000000000e+02 7.007782499999996861e-03
3.550000000000000000e+02 6.791763984375000923e-03
3.560000000000000000e+02 6.604359609374998996e-03
3.570000000000000000e+02 6.444869140624997529e-03
3.580000000000000000e+02 6.313069453124999474e-03
3.590000000000000000e+02 6.209299062500001423e-03
3.600000000000000000e+02 6.134392578124997324e-03
3.610000000000000000e+02 6.089580624999996021e-03
3.620000000000000000e+02 6.076442171874997349e-03
3.630000000000000000e+02 6.096642539062503176e-03
3.640000000000000000e+02 6.151815000000001449e-03
3.650000000000000000e+02 6.243425000000003833e-03
3.660000000000000000e+02 6.372581468750002781e-03
3.670000000000000000e+02 6.539731382812499598e-03
3.680000000000000000e+02 6.744707078124998617e-03
3.690000000000000000e+02 6.986321390625003028e-03
3.700000000000000000e+02 7.262442242187500986e-03
3.710000000000000000e+02 7.569608414062497202e-03
3.720000000000000000e+02 7.903185656250000593e-03
3.730000000000000000e+02 8.257137734374999510e-03
3.740000000000000000e+02 8.624437726562501558e-03
3.750000000000000000e+02 8.996580718749999303e-03
3.760000000000000000e+02 9.364537968750013402e-03
3.770000000000000000e+02 9.718442156249994593e-03
3.780000000000000000e+02 1.004825148437500128e-02
3.790000000000000000e+02 1.034390828125000654e-02
3.800000000000000000e+02 1.059595468749999735e-02
3.810000000000000000e+02 1.079578602343750013e-02
3.820000000000000000e+02 1.093622449999999240e-02
3.830000000000000000e+02 1.101165268749999121e-02
3.840000000000000000e+02 1.101866891664062854e-02
3.850000000000000000e+02 1.095591874999999812e-02
3.860000000000000000e+02 1.082436585156249312e-02
3.870000000000000000e+02 1.062719414062499555e-02
3.880000000000000000e+02 1.036955531250000583e-02
3.890000000000000000e+02 1.005836203125000383e-02
3.900000000000000000e+02 9.701867578124998698e-03
3.910000000000000000e+02 9.309412031249993461e-03
3.920000000000000000e+02 8.890966328124997806e-03
3.930000000000000000e+02 8.456811250000001445e-03
3.940000000000000000e+02 8.017198125000001355e-03
3.950000000000000000e+02 7.581942734375003018e-03
3.960000000000000000e+02 7.160210468750004276e-03
3.970000000000000000e+02 6.760103125000004216e-03
3.980000000000000000e+02 6.388255624999998605e-03
3.990000000000000000e+02 6.049676406250002747e-03
4.000000000000000000e+02 5.747536093749998354e-03
4.010000000000000000e+02 5.483187812500002652e-03
4.020000000000000000e+02 5.256263593749999422e-03
4.030000000000000000e+02 5.064888281250000748e-03
4.040000000000000000e+02 4.905880546874999762e-03
4.050000000000000000e+02 4.775212109374999542e-03
4.060000000000000000e+02 4.668201328124997954e-03
4.070000000000000000e+02 4.579919218749999021e-03
4.080000000000000000e+02 4.505282937499999717e-03
4.090000000000000000e+02 4.439398229687498837e-03
4.100000000000000000e+02 4.377793484374999794e-03
4.110000000000000000e+02 4.316592499999999041e-03
4.120000000000000000e+02 4.252941117187497219e-03
4.130000000000000000e+02 4.185223812500000508e-03
4.140000000000000000e+02 4.113080046875001138e-03
4.150000000000000000e+02 4.037589462500001253e-03
4.160000000000000000e+02 3.960879482031250468e-03
4.170000000000000000e+02 3.885743890625000061e-03
4.180000000000000000e+02 3.815323398437499378e-03
4.190000000000000000e+02 3.752517390625000147e-03
4.200000000000000000e+02 3.699792406249997542e-03
4.210000000000000000e+02 3.658799654687498997e-03
4.220000000000000000e+02 3.630315734375000325e-03
4.230000000000000000e+02 3.614109554687498522e-03
4.240000000000000000e+02 3.608923992187500988e-03
4.250000000000000000e+02 3.612686414062500802e-03
4.260000000000000000e+02 3.622657914062500217e-03
4.270000000000000000e+02 3.635760625000001005e-03
4.280000000000000000e+02 3.648713832812500429e-03
4.290000000000000000e+02 3.658293635156250473e-03
4.300000000000000000e+02 3.661398265625000030e-03
4.310000000000000000e+02 3.655179015625000145e-03
4.320000000000000000e+02 3.637131953124999977e-03
4.330000000000000000e+02 3.605346640625001556e-03
4.340000000000000000e+02 3.558748359374997675e-03
4.350000000000000000e+02 3.497300484374999373e-03
4.360000000000000000e+02 3.422229687499998060e-03
4.370000000000000000e+02 3.336051226562499698e-03
4.380000000000000000e+02 3.242258578124998427e-03
4.390000000000000000e+02 3.145005679687499622e-03
4.400000000000000000e+02 3.048582718749997655e-03
4.410000000000000000e+02 2.957011046875000250e-03
4.420000000000000000e+02 2.873901835937499229e-03
4.430000000000000000e+02 2.802450929687501629e-03
4.440000000000000000e+02 2.745445398437500444e-03
4.450000000000000000e+02 2.705087445312498364e-03
4.460000000000000000e+02 2.682599531250000509e-03
4.470000000000000000e+02 2.677579031249998492e-03
4.480000000000000000e+02 2.687689343749999869e-03
4.490000000000000000e+02 2.708625476562500495e-03
4.500000000000000000e+02 2.734753632812499374e-03
4.510000000000000000e+02 2.759947421875000220e-03
4.520000000000000000e+02 2.778558679687499842e-03
4.530000000000000000e+02 2.785963889062500511e-03
4.540000000000000000e+02 2.778991964062499723e-03
4.550000000000000000e+02 2.755968351562499297e-03
4.560000000000000000e+02 2.716931171875000030e-03
4.570000000000000000e+02 2.663834648437500650e-03
4.580000000000000000e+02 2.600664990624999059e-03
4.590000000000000000e+02 2.533013132812501206e-03
4.600000000000000000e+02 2.467232539062500993e-03
4.610000000000000000e+02 2.408994625000000344e-03
4.620000000000000000e+02 2.361851232031250431e-03
4.630000000000000000e+02 2.326130671875000552e-03
4.640000000000000000e+02 2.298720031250000174e-03
4.650000000000000000e+02 2.273979374999999560e-03
4.660000000000000000e+02 2.245684460937499502e-03
4.670000000000000000e+02 2.209364210937501093e-03
4.680000000000000000e+02 2.164042835937500346e-03
4.690000000000000000e+02 2.112747085937500061e-03
4.700000000000000000e+02 2.061288984374999578e-03
4.710000000000000000e+02 2.016269499999999958e-03
4.720000000000000000e+02 1.983164820312500586e-03
4.730000000000000000e+02 1.965841124999999790e-03
4.740000000000000000e+02 1.967761096874999505e-03
4.750000000000000000e+02 1.993911872500000321e-03
4.760000000000000000e+02 2.052783946874999713e-03
4.770000000000000000e+02 2.156705773437499023e-03
4.780000000000000000e+02 2.320359894531251292e-03
4.790000000000000000e+02 2.557731844531249341e-03
4.800000000000000000e+02 2.878359366406249564e-03
4.810000000000000000e+02 3.283788473437498998e-03
4.820000000000000000e+02 3.765083109375001041e-03
4.830000000000000000e+02 4.301318249218750826e-03
4.840000000000000000e+02 4.860038739062498385e-03
4.850000000000000000e+02 5.399316292187501115e-03
4.860000000000000000e+02 5.871799657031251049e-03
4.870000000000000000e+02 6.230828578124997415e-03
4.880000000000000000e+02 6.437126273437499685e-03
4.890000000000000000e+02 6.465078460937500812e-03
4.900000000000000000e+02 6.307246992187498687e-03
4.910000000000000000e+02 5.976080671875003483e-03
4.920000000000000000e+02 5.502302070312500328e-03
4.930000000000000000e+02 4.930499242187502337e-03
4.940000000000000000e+02 4.312559281250000383e-03
4.950000000000000000e+02 3.700347531250000252e-03
4.960000000000000000e+02 3.138449523437500995e-03
4.970000000000000000e+02 2.658941773437500412e-03
4.980000000000000000e+02 2.278795023437499897e-03
4.990000000000000000e+02 2.001577382812500059e-03
5.000000000000000000e+02 1.822883046875000378e-03
5.010000000000000000e+02 1.737773346093749545e-03
5.020000000000000000e+02 1.747178992187500401e-03
5.030000000000000000e+02 1.860562460937499824e-03
5.040000000000000000e+02 2.093211460937499744e-03
5.050000000000000000e+02 2.458133906249999022e-03
5.060000000000000000e+02 2.954291523437500757e-03
5.070000000000000000e+02 3.556059757812500988e-03
5.080000000000000000e+02 4.209992234375001252e-03
5.090000000000000000e+02 4.843859921874998919e-03
5.100000000000000000e+02 5.389482812499998832e-03
5.110000000000000000e+02 5.822202656249999067e-03
