0.000000000000000000e+00 1.284881093750000168e-02
1.000000000000000000e+00 1.278801953125000869e-02
2.000000000000000000e+00 1.266725781249999905e-02
3.000000000000000000e+00 1.248788281249999660e-02
4.000000000000000000e+00 1.225203124999999990e-02
5.000000000000000000e+00 1.196244453124999628e-02
6.000000000000000000e+00 1.162243906249999653e-02
7.000000000000000000e+00 1.123594687500000140e-02
8.000000000000000000e+00 1.080732578125000176e-02
9.000000000000000000e+00 1.034145078124999728e-02
1.000000000000000000e+01 9.843312499999996162e-03
1.100000000000000000e+01 9.318559374999998632e-03
1.200000000000000000e+01 8.772660312499999669e-03
1.300000000000000000e+01 8.211380078124998552e-03
1.400000000000000000e+01 7.640493515624999232e-03
1.500000000000000000e+01 7.065821953124996370e-03
1.600000000000000000e+01 6.492957500000002061e-03
1.700000000000000000e+01 5.927490437499999439e-03
1.800000000000000000e+01 5.374621593750000120e-03
1.900000000000000000e+01 4.839415058593749333e-03
2.000000000000000000e+01 4.326579765624999699e-03
2.100000000000000000e+01 3.840460203125000294e-03
2.200000000000000000e+01 3.385046171875000839e-03
2.300000000000000000e+01 2.963875937499999870e-03
2.400000000000000000e+01 2.580093476562499849e-03
2.500000000000000000e+01 2.236350406250000016e-03
2.600000000000000000e+01 1.934871314843749279e-03
2.700000000000000000e+01 1.677400999999999805e-03
2.800000000000000000e+01 1.465195945312499802e-03
2.900000000000000000e+01 1.299056664062499472e-03
3.000000000000000000e+01 1.179302351562500160e-03
3.100000000000000000e+01 1.105795874999999885e-03
3.200000000000000000e+01 1.077960078124999728e-03
3.300000000000000000e+01 1.094755421875000202e-03
3.400000000000000000e+01 1.154717874999999956e-03
3.500000000000000000e+01 1.255996182031249558e-03
3.600000000000000000e+01 1.396318909375000123e-03
3.700000000000000000e+01 1.573066929687499211e-03
3.800000000000000000e+01 1.783269546875000449e-03
3.900000000000000000e+01 2.023661968749999440e-03
4.000000000000000000e+01 2.290666265624999223e-03
4.100000000000000000e+01 2.580492446875000314e-03
4.200000000000000000e+01 2.889130859374999718e-03
4.300000000000000000e+01 3.212406116406249772e-03
4.400000000000000000e+01 3.546050273437500316e-03
4.500000000000000000e+01 3.885696799218750757e-03
4.600000000000000000e+01 4.227010429687498051e-03
4.700000000000000000e+01 4.565655226562504061e-03
4.800000000000000000e+01 4.897433398437497920e-03
4.900000000000000000e+01 5.218297734374999393e-03
5.000000000000000000e+01 5.524414148437503669e-03
5.100000000000000000e+01 5.812222359375000813e-03
5.200000000000000000e+01 6.078488828125002547e-03
5.300000000000000000e+01 6.320386249999997152e-03
5.400000000000000000e+01 6.535415468749999901e-03
5.500000000000000000e+01 6.721682734374997970e-03
5.600000000000000000e+01 6.877689453124999526e-03
5.700000000000000000e+01 7.002415390624999042e-03
5.800000000000000000e+01 7.095432812500002649e-03
5.900000000000000000e+01 7.156776796875000991e-03
6.000000000000000000e+01 7.186986249999996641e-03
6.100000000000000000e+01 7.187117890624999776e-03
6.200000000000000000e+01 7.158643984375002642e-03
6.300000000000000000e+01 7.103400859374998412e-03
6.400000000000000000e+01 7.023619140624998668e-03
6.500000000000000000e+01 6.921767499999998546e-03
6.600000000000000000e+01 6.800543015625000465e-03
6.700000000000000000e+01 6.662761690625002182e-03
6.800000000000000000e+01 6.511373867187498880e-03
6.900000000000000000e+01 6.349146898437500568e-03
7.000000000000000000e+01 6.178987734375002150e-03
7.100000000000000000e+01 6.003487812499998764e-03
7.200000000000000000e+01 5.825130312499999380e-03
7.300000000000000000e+01 5.646099531250003099e-03
7.400000000000000000e+01 5.468349218749999838e-03
7.500000000000000000e+01 5.293455624999997798e-03
7.600000000000000000e+01 5.122736484374998574e-03
7.700000000000000000e+01 4.957186562500002017e-03
7.800000000000000000e+01 4.797516093749999884e-03
7.900000000000000000e+01 4.644071328124999010e-03
8.000000000000000000e+01 4.497105820312497122e-03
8.100000000000000000e+01 4.356623617187500332e-03
8.200000000000000000e+01 4.222443028124999061e-03
8.300000000000000000e+01 4.094373937500000483e-03
8.400000000000000000e+01 3.972128539062498749e-03
8.500000000000000000e+01 3.855477406249999735e-03
8.600000000000000000e+01 3.744244656249999526e-03
8.700000000000000000e+01 3.638295433593749604e-03
8.800000000000000000e+01 3.537676156249999933e-03
8.900000000000000000e+01 3.442514007812499596e-03
9.000000000000000000e+01 3.353080078124999561e-03
9.100000000000000000e+01 3.269766859374999887e-03
9.200000000000000000e+01 3.193068367187500752e-03
9.300000000000000000e+01 3.123511531249999109e-03
9.400000000000000000e+01 3.061696703125000533e-03
9.500000000000000000e+01 3.008144630468751347e-03
9.600000000000000000e+01 2.963311882812500776e-03
9.700000000000000000e+01 2.927565459374999006e-03
9.800000000000000000e+01 2.901056671093749963e-03
9.900000000000000000e+01 2.883790793750001715e-03
1.000000000000000000e+02 2.875497148437500001e-03
1.010000000000000000e+02 2.875701843749999161e-03
1.020000000000000000e+02 2.883655148437501165e-03
1.030000000000000000e+02 2.898424867187499466e-03
1.040000000000000000e+02 2.918843098437500731e-03
1.050000000000000000e+02 2.943647279687498612e-03
1.060000000000000000e+02 2.971437355468749871e-03
1.070000000000000000e+02 3.000816123437500139e-03
1.080000000000000000e+02 3.030424703125000809e-03
1.090000000000000000e+02 3.059026984375001063e-03
1.100000000000000000e+02 3.085558335937500004e-03
1.110000000000000000e+02 3.109212541406250214e-03
1.120000000000000000e+02 3.129453953124998553e-03
1.130000000000000000e+02 3.146079414062499541e-03
1.140000000000000000e+02 3.159208867187499048e-03
1.150000000000000000e+02 3.169269203124998758e-03
1.160000000000000000e+02 3.176993523437500726e-03
1.170000000000000000e+02 3.183344125000000212e-03
1.180000000000000000e+02 3.189460593750000419e-03
1.190000000000000000e+02 3.196578960937499110e-03
1.200000000000000000e+02 3.205925679687499519e-03
1.210000000000000000e+02 3.218673867187498913e-03
1.220000000000000000e+02 3.235811717187498954e-03
1.230000000000000000e+02 3.258068796874999829e-03
1.240000000000000000e+02 3.285902928124998564e-03
1.250000000000000000e+02 3.319380439062498411e-03
1.260000000000000000e+02 3.358245100781250686e-03
1.270000000000000000e+02 3.401870500000001019e-03
1.280000000000000000e+02 3.449274910937500348e-03
1.290000000000000000e+02 3.499240798437499959e-03
1.300000000000000000e+02 3.550315811718748275e-03
1.310000000000000000e+02 3.601001950000000916e-03
1.320000000000000000e+02 3.649787370312500973e-03
1.330000000000000000e+02 3.695183786718750363e-03
1.340000000000000000e+02 3.736019221249999803e-03
1.350000000000000000e+02 3.771325372656245990e-03
1.360000000000000000e+02 3.800573501640625539e-03
1.370000000000000000e+02 3.823585148437498409e-03
1.380000000000000000e+02 3.840617618750000184e-03
1.390000000000000000e+02 3.852382764843748780e-03
1.400000000000000000e+02 3.859955937500000791e-03
1.410000000000000000e+02 3.864730109375000191e-03
1.420000000000000000e+02 3.868317726562500291e-03
1.430000000000000000e+02 3.872480679687499618e-03
1.440000000000000000e+02 3.879035121093749473e-03
1.450000000000000000e+02 3.889653555468747248e-03
1.460000000000000000e+02 3.905852471093747367e-03
1.470000000000000000e+02 3.928821304687499065e-03
1.480000000000000000e+02 3.959427843749999294e-03
1.490000000000000000e+02 3.998090390624999511e-03
1.500000000000000000e+02 4.044800624999998241e-03
1.510000000000000000e+02 4.099134843749997759e-03
1.520000000000000000e+02 4.160256171874999673e-03
1.530000000000000000e+02 4.226975312499998971e-03
1.540000000000000000e+02 4.297854531249999110e-03
1.550000000000000000e+02 4.371315390624999977e-03
1.560000000000000000e+02 4.445624039062500213e-03
1.570000000000000000e+02 4.519148015624996698e-03
1.580000000000000000e+02 4.590380892187499902e-03
1.590000000000000000e+02 4.657953714843750433e-03
1.600000000000000000e+02 4.720821414062499610e-03
1.610000000000000000e+02 4.778240429687500429e-03
1.620000000000000000e+02 4.829801734375002535e-03
1.630000000000000000e+02 4.875447343749997851e-03
1.640000000000000000e+02 4.915438671875002954e-03
1.650000000000000000e+02 4.950312734375001897e-03
1.660000000000000000e+02 4.980828750000000117e-03
1.670000000000000000e+02 5.007962421874998828e-03
1.680000000000000000e+02 5.032789687499997222e-03
1.690000000000000000e+02 5.056444453124999544e-03
1.700000000000000000e+02 5.080018593749999201e-03
1.710000000000000000e+02 5.104607578124998983e-03
1.720000000000000000e+02 5.131230546874999791e-03
1.730000000000000000e+02 5.160767187499998299e-03
1.740000000000000000e+02 5.193993281249998165e-03
1.750000000000000000e+02 5.231611406249997778e-03
1.760000000000000000e+02 5.274166171874999746e-03
1.770000000000000000e+02 5.322172812500001321e-03
1.780000000000000000e+02 5.376027218749997519e-03
1.790000000000000000e+02 5.436164945312502161e-03
1.800000000000000000e+02 5.502919734375000260e-03
1.810000000000000000e+02 5.576693703124998951e-03
1.820000000000000000e+02 5.657875781250000166e-03
1.830000000000000000e+02 5.746888906250001601e-03
1.840000000000000000e+02 5.844153203125002430e-03
1.850000000000000000e+02 5.950155312499999342e-03
1.860000000000000000e+02 6.065283515624998734e-03
1.870000000000000000e+02 6.190021406250001065e-03
1.880000000000000000e+02 6.324783639843752255e-03
1.890000000000000000e+02 6.469854546874999855e-03
1.900000000000000000e+02 6.625476898437500546e-03
1.910000000000000000e+02 6.791760530468752242e-03
1.920000000000000000e+02 6.968687368749997869e-03
1.930000000000000000e+02 7.156050499999998607e-03
1.940000000000000000e+02 7.353473735937496834e-03
1.950000000000000000e+02 7.560326789062501128e-03
1.960000000000000000e+02 7.775822374999999745e-03
1.970000000000000000e+02 7.998802960937495543e-03
1.980000000000000000e+02 8.228009664062500839e-03
1.990000000000000000e+02 8.461829171875002650e-03
2.000000000000000000e+02 8.698423187499994963e-03
2.010000000000000000e+02 8.935574437499997982e-03
2.020000000000000000e+02 9.170972078124995513e-03
2.030000000000000000e+02 9.402001132812502424e-03
2.040000000000000000e+02 9.625715140624997723e-03
2.050000000000000000e+02 9.839196968750000064e-03
2.060000000000000000e+02 1.003915445703124770e-02
2.070000000000000000e+02 1.022229045312499779e-02
2.080000000000000000e+02 1.038519663984374501e-02
2.090000000000000000e+02 1.052457162499999960e-02
2.100000000000000000e+02 1.063703059374999926e-02
2.110000000000000000e+02 1.071955401562499528e-02
2.120000000000000000e+02 1.076912053124999546e-02
2.130000000000000000e+02 1.078320577343749344e-02
2.140000000000000000e+02 1.075959006250000807e-02
2.150000000000000000e+02 1.069640070312499747e-02
2.160000000000000000e+02 1.059262867187500332e-02
2.170000000000000000e+02 1.044762859375000276e-02
2.180000000000000000e+02 1.026151617187500038e-02
2.190000000000000000e+02 1.003515640625000926e-02
2.200000000000000000e+02 9.770175312499995365e-03
2.210000000000000000e+02 9.468976562499998445e-03
2.220000000000000000e+02 9.134796640624998076e-03
2.230000000000000000e+02 8.771509140625004947e-03
2.240000000000000000e+02 8.383950781249999845e-03
2.250000000000000000e+02 7.977431328124999499e-03
2.260000000000000000e+02 7.557904070312498716e-03
2.270000000000000000e+02 7.131893687500001633e-03
2.280000000000000000e+02 6.706187429687499729e-03
2.290000000000000000e+02 6.287834795312500710e-03
2.300000000000000000e+02 5.883989381249999512e-03
2.310000000000000000e+02 5.501656635937500310e-03
2.320000000000000000e+02 5.147710764062504024e-03
2.330000000000000000e+02 4.828514554687500689e-03
2.340000000000000000e+02 4.549945284375001529e-03
2.350000000000000000e+02 4.317098335937501891e-03
2.360000000000000000e+02 4.134280749999996729e-03
2.370000000000000000e+02 4.004850773437500580e-03
2.380000000000000000e+02 3.931108562499999702e-03
2.390000000000000000e+02 3.914302257031250162e-03
2.400000000000000000e+02 3.954510695312499907e-03
2.410000000000000000e+02 4.050733781249998659e-03
2.420000000000000000e+02 4.200861492187496667e-03
2.430000000000000000e+02 4.401791664062499818e-03
2.440000000000000000e+02 4.649468140625001578e-03
2.450000000000000000e+02 4.939005820312498268e-03
2.460000000000000000e+02 5.264788414062501580e-03
2.470000000000000000e+02 5.620704445312500221e-03
2.480000000000000000e+02 6.000308148437498608e-03
2.490000000000000000e+02 6.396777863281248762e-03
2.500000000000000000e+02 6.803348507812496775e-03
2.510000000000000000e+02 7.213321148437496638e-03
2.520000000000000000e+02 7.620311968749998895e-03
2.530000000000000000e+02 8.018241874999998409e-03
2.540000000000000000e+02 8.401612547656249486e-03
2.550000000000000000e+02 8.765574843749998624e-03
2.560000000000000000e+02 9.105949476562503336e-03
2.570000000000000000e+02 9.419321171874999940e-03
2.580000000000000000e+02 9.703104999999998329e-03
2.590000000000000000e+02 9.955521406249995611e-03
2.600000000000000000e+02 1.017564664062499923e-02
2.610000000000000000e+02 1.036317117187500296e-02
2.620000000000000000e+02 1.051877265625000488e-02
2.630000000000000000e+02 1.064352187499999561e-02
2.640000000000000000e+02 1.073926875000000281e-02
2.650000000000000000e+02 1.080813101562500336e-02
2.660000000000000000e+02 1.085277164062500160e-02
2.670000000000000000e+02 1.087606273437500062e-02
2.680000000000000000e+02 1.088096117187500184e-02
2.690000000000000000e+02 1.087067968750000252e-02
2.700000000000000000e+02 1.084817820312500292e-02
2.710000000000000000e+02 1.081638968749999707e-02
2.720000000000000000e+02 1.077808218750000643e-02
2.730000000000000000e+02 1.073572203125000568e-02
2.740000000000000000e+02 1.069155304687499468e-02
2.750000000000000000e+02 1.064737570312499979e-02
2.760000000000000000e+02 1.060461781249999978e-02
2.770000000000000000e+02 1.056446984375000037e-02
2.780000000000000000e+02 1.052756484375000356e-02
2.790000000000000000e+02 1.049435859374999759e-02
2.800000000000000000e+02 1.046492187499999810e-02
2.810000000000000000e+02 1.043905234374999623e-02
2.820000000000000000e+02 1.041627109374999686e-02
2.830000000000000000e+02 1.039615937500000357e-02
2.840000000000000000e+02 1.037805234374999941e-02
2.850000000000000000e+02 1.036155312499999551e-02
2.860000000000000000e+02 1.034608203125000382e-02
2.870000000000000000e+02 1.033178046875000457e-02
2.880000000000000000e+02 1.031860625000000260e-02
2.890000000000000000e+02 1.030716874999999984e-02
2.900000000000000000e+02 1.029852734374999898e-02
2.910000000000000000e+02 1.029407187499999966e-02
2.920000000000000000e+02 1.029574515624999756e-02
2.930000000000000000e+02 1.030597132812499650e-02
2.940000000000000000e+02 1.032747734374999705e-02
2.950000000000000000e+02 1.036333796875000580e-02
2.960000000000000000e+02 1.041694928124999898e-02
2.970000000000000000e+02 1.049188429687498980e-02
2.980000000000000000e+02 1.059168620312500413e-02
2.990000000000000000e+02 1.071992983593750108e-02
3.000000000000000000e+02 1.087994062499999907e-02
3.010000000000000000e+02 1.107479289062499560e-02
3.020000000000000000e+02 1.130703906250000480e-02
3.030000000000000000e+02 1.157861328125000741e-02
3.040000000000000000e+02 1.189068984374999985e-02
3.050000000000000000e+02 1.224350703125000328e-02
3.060000000000000000e+02 1.263633281250000316e-02
3.070000000000000000e+02 1.306709921874999424e-02
3.080000000000000000e+02 1.353277578124999735e-02
3.090000000000000000e+02 1.402897421874999516e-02
3.100000000000000000e+02 1.455019765625000482e-02
3.110000000000000000e+02 1.508972578124999353e-02
3.120000000000000000e+02 1.564017109375000214e-02
3.130000000000000000e+02 1.619321249999999476e-02
3.140000000000000000e+02 1.674006093750000229e-02
3.150000000000000000e+02 1.727176875000000292e-02
3.160000000000000000e+02 1.777927109375000356e-02
3.170000000000000000e+02 1.825368359375001762e-02
3.180000000000000000e+02 1.868642187499999774e-02
3.190000000000000000e+02 1.906972343750000867e-02
3.200000000000000000e+02 1.939616406249999522e-02
3.210000000000000000e+02 1.965949140625000702e-02
3.220000000000000000e+02 1.985406249999998804e-02
3.230000000000000000e+02 1.997558750000000619e-02
3.240000000000000000e+02 2.002073203125002282e-02
3.250000000000000000e+02 1.998754296874999392e-02
3.260000000000000000e+02 1.987542812500000394e-02
3.270000000000000000e+02 1.968521874999999352e-02
3.280000000000000000e+02 1.941919609375000744e-02
3.290000000000000000e+02 1.908093593750000150e-02
3.300000000000000000e+02 1.867555234374999526e-02
3.310000000000000000e+02 1.820900468750000917e-02
3.320000000000000000e+02 1.768845000000000486e-02
3.330000000000000000e+02 1.712155781250000036e-02
3.340000000000000000e+02 1.651630781249999527e-02
3.350000000000000000e+02 1.588122125000000079e-02
3.360000000000000000e+02 1.522449000000000024e-02
3.370000000000000000e+02 1.455432414062500512e-02
3.380000000000000000e+02 1.387851648437499717e-02
3.390000000000000000e+02 1.320449179687498836e-02
3.400000000000000000e+02 1.253920984375000124e-02
3.410000000000000000e+02 1.188898226562501090e-02
3.420000000000000000e+02 1.125951289062499666e-02
3.430000000000000000e+02 1.065566445312499458e-02
3.440000000000000000e+02 1.008161875000000533e-02
3.450000000000000000e+02 9.540621250000000733e-03
3.460000000000000000e+02 9.035086570312496346e-03
3.470000000000000000e+02 8.566680546875003743e-03
3.480000000000000000e+02 8.136362992187499976e-03
3.490000000000000000e+02 7.744571867187498466e-03
3.500000000000000000e+02 7.391437968750001059e-03
3.510000000000000000e+02 7.076954062499998983e-03
3.520000000000000000e+02 6.801267156250001382e-03
3.530000000000000000e+02 6.564756695312502603e-03
3.540000000000000000e+02 6.368203732812502751e-03
3.550000000000000000e+02 6.212870632812498260e-03
3.560000000000000000e+02 6.100495293749997466e-03
3.570000000000000000e+02 6.033153281249999285e-03
3.580000000000000000e+02 6.013236530468750451e-03
3.590000000000000000e+02 6.043185523437497736e-03
3.600000000000000000e+02 6.125226391406249533e-03
3.610000000000000000e+02 6.261301531249997485e-03
3.620000000000000000e+02 6.452713523437499619e-03
3.630000000000000000e+02 6.699902734374999815e-03
3.640000000000000000e+02 7.002413789062497500e-03
3.650000000000000000e+02 7.358412460937500781e-03
3.660000000000000000e+02 7.764879375000003844e-03
3.670000000000000000e+02 8.217387109375001719e-03
3.680000000000000000e+02 8.709873203124995911e-03
3.690000000000000000e+02 9.234929296874997903e-03
3.700000000000000000e+02 9.783575781250006612e-03
3.710000000000000000e+02 1.034570937500000135e-02
3.720000000000000000e+02 1.090995781250000268e-02
3.730000000000000000e+02 1.146421421874999937e-02
3.740000000000000000e+02 1.199574171874999429e-02
3.750000000000000000e+02 1.249173960937499835e-02
3.760000000000000000e+02 1.293940296875000298e-02
3.770000000000000000e+02 1.332679514062499841e-02
3.780000000000000000e+02 1.364302125781250222e-02
3.790000000000000000e+02 1.387893406250000072e-02
3.800000000000000000e+02 1.402730588984374936e-02
3.810000000000000000e+02 1.408344680312500173e-02
3.820000000000000000e+02 1.404524426562499782e-02
3.830000000000000000e+02 1.391316099218749616e-02
3.840000000000000000e+02 1.369039889062500376e-02
3.850000000000000000e+02 1.338250492968750746e-02
3.860000000000000000e+02 1.299705072656249898e-02
3.870000000000000000e+02 1.254341114843749751e-02
3.880000000000000000e+02 1.203226975781249847e-02
3.890000000000000000e+02 1.147532500000000150e-02
3.900000000000000000e+02 1.088496618124999878e-02
3.910000000000000000e+02 1.027377650468750195e-02
3.920000000000000000e+02 9.654278054687496363e-03
3.930000000000000000e+02 9.038564898437505615e-03
3.940000000000000000e+02 8.437872421874999251e-03
3.950000000000000000e+02 7.862281343749999429e-03
3.960000000000000000e+02 7.320430523437500107e-03
3.970000000000000000e+02 6.819173484374999733e-03
3.980000000000000000e+02 6.363502851562496780e-03
3.990000000000000000e+02 5.956380882812500888e-03
4.000000000000000000e+02 5.598965703124998347e-03
4.010000000000000000e+02 5.290547390625000707e-03
4.020000000000000000e+02 5.028658374999999021e-03
4.030000000000000000e+02 4.809583553906248213e-03
4.040000000000000000e+02 4.628276343750001298e-03
4.050000000000000000e+02 4.478843671874999793e-03
4.060000000000000000e+02 4.354827859374999464e-03
4.070000000000000000e+02 4.249437839843750973e-03
4.080000000000000000e+02 4.156316144531249125e-03
4.090000000000000000e+02 4.069557815937498678e-03
4.100000000000000000e+02 3.984529879687501337e-03
4.110000000000000000e+02 3.898082625000000301e-03
4.120000000000000000e+02 3.808714132812501384e-03
4.130000000000000000e+02 3.716759546875000181e-03
4.140000000000000000e+02 3.623974765624999022e-03
4.150000000000000000e+02 3.533334859374999935e-03
4.160000000000000000e+02 3.448485726562500100e-03
4.170000000000000000e+02 3.373453249999998349e-03
4.180000000000000000e+02 3.312121429687500760e-03
4.190000000000000000e+02 3.267869523437500878e-03
4.200000000000000000e+02 3.243128523437499577e-03
4.210000000000000000e+02 3.239041132812499075e-03
4.220000000000000000e+02 3.255253518749999606e-03
4.230000000000000000e+02 3.289902179687500053e-03
4.240000000000000000e+02 3.339624632812500122e-03
4.250000000000000000e+02 3.399929093749997234e-03
4.260000000000000000e+02 3.465427735937499400e-03
4.270000000000000000e+02 3.530108710937499093e-03
4.280000000000000000e+02 3.587642335937500301e-03
4.290000000000000000e+02 3.631744765624999281e-03
4.300000000000000000e+02 3.656524242187498761e-03
4.310000000000000000e+02 3.657047979687500904e-03
4.320000000000000000e+02 3.629847585937497588e-03
4.330000000000000000e+02 3.573252671875000366e-03
4.340000000000000000e+02 3.487634453125000068e-03
4.350000000000000000e+02 3.375466015625000135e-03
4.360000000000000000e+02 3.240995593750000542e-03
4.370000000000000000e+02 3.090004710937500204e-03
4.380000000000000000e+02 2.929377093750001187e-03
4.390000000000000000e+02 2.766831429687501270e-03
4.400000000000000000e+02 2.610584281250001148e-03
4.410000000000000000e+02 2.468925039062501350e-03
4.420000000000000000e+02 2.349479124999999304e-03
4.430000000000000000e+02 2.258262855468750122e-03
4.440000000000000000e+02 2.198567570312501013e-03
4.450000000000000000e+02 2.170142992187499599e-03
4.460000000000000000e+02 2.169016537499999543e-03
4.470000000000000000e+02 2.188090407812499222e-03
4.480000000000000000e+02 2.218534492187499828e-03
4.490000000000000000e+02 2.251416148437500146e-03
4.500000000000000000e+02 2.279167109374999854e-03
4.510000000000000000e+02 2.296476484375001032e-03
4.520000000000000000e+02 2.300551437500000275e-03
4.530000000000000000e+02 2.290966976562499886e-03
4.540000000000000000e+02 2.269406468750000908e-03
4.550000000000000000e+02 2.239277812499999593e-03
4.560000000000000000e+02 2.205316718750001057e-03
4.570000000000000000e+02 2.173018906249999174e-03
4.580000000000000000e+02 2.147801695312498947e-03
4.590000000000000000e+02 2.133980804687501693e-03
4.600000000000000000e+02 2.133810546874999152e-03
4.610000000000000000e+02 2.146779296875000412e-03
4.620000000000000000e+02 2.169657907812500702e-03
4.630000000000000000e+02 2.197438304687501266e-03
4.640000000000000000e+02 2.225070542187500625e-03
4.650000000000000000e+02 2.249385841796874407e-03
4.660000000000000000e+02 2.270173058437500394e-03
4.670000000000000000e+02 2.289700750781250085e-03
4.680000000000000000e+02 2.310800677343750539e-03
4.690000000000000000e+02 2.334266929687499499e-03
4.700000000000000000e+02 2.357227945312499219e-03
4.710000000000000000e+02 2.373269046874999441e-03
4.720000000000000000e+02 2.374747523437501211e-03
4.730000000000000000e+02 2.356257165624999882e-03
4.740000000000000000e+02 2.318186054687498745e-03
4.750000000000000000e+02 2.268813843749998855e-03
4.760000000000000000e+02 2.224608382812499462e-03
4.770000000000000000e+02 2.208357546875001215e-03
4.780000000000000000e+02 2.246010898437500718e-03
4.790000000000000000e+02 2.362654406250000276e-03
4.800000000000000000e+02 2.578248894687500299e-03
4.810000000000000000e+02 2.903526502343749954e-03
4.820000000000000000e+02 3.336651090624999198e-03
4.830000000000000000e+02 3.861091772656250701e-03
4.840000000000000000e+02 4.445748963281251007e-03
4.850000000000000000e+02 5.046977928125000699e-03
4.860000000000000000e+02 5.613069372656249653e-03
4.870000000000000000e+02 6.089897444531249850e-03
4.880000000000000000e+02 6.427556734375000982e-03
4.890000000000000000e+02 6.587084374999998930e-03
4.900000000000000000e+02 6.545908718750001812e-03
4.910000000000000000e+02 6.301969179687501137e-03
4.920000000000000000e+02 5.874800040624997624e-03
4.930000000000000000e+02 5.303416683671875222e-03
4.940000000000000000e+02 4.640790371164063566e-03
4.950000000000000000e+02 3.945958344453123420e-03
4.960000000000000000e+02 3.275287280468751512e-03
4.970000000000000000e+02 2.674895858593749967e-03
4.980000000000000000e+02 2.176213968750000116e-03
4.990000000000000000e+02 1.795175485156250226e-03
5.000000000000000000e+02 1.534895561718749952e-03
5.010000000000000000e+02 1.391041382812499777e-03
5.020000000000000000e+02 1.358196624999999770e-03
5.030000000000000000e+02 1.434946171875000004e-03
5.040000000000000000e+02 1.625211640624999549e-03
5.050000000000000000e+02 1.934521171874999720e-03
5.060000000000000000e+02 2.362459062499999013e-03
5.070000000000000000e+02 2.893781953125000583e-03
5.080000000000000000e+02 3.491837140624999732e-03
5.090000000000000000e+02 4.098052546874999744e-03
5.100000000000000000e+02 4.641985703125000445e-03
5.110000000000000000e+02 5.065917812500000082e-03
