0.000000000000000000e+00 1.270964843749999851e-02
1.000000000000000000e+00 1.264791874999999718e-02
2.000000000000000000e+00 1.252505000000000458e-02
3.000000000000000000e+00 1.234273281249999993e-02
4.000000000000000000e+00 1.210307968750000233e-02
5.000000000000000000e+00 1.180900312500000014e-02
6.000000000000000000e+00 1.146395703124999770e-02
7.000000000000000000e+00 1.107202578125000489e-02
8.000000000000000000e+00 1.063785234375000215e-02
9.000000000000000000e+00 1.016639921874999165e-02
1.000000000000000000e+01 9.662931250000004677e-03
1.100000000000000000e+01 9.133182812499999678e-03
1.200000000000000000e+01 8.582878124999998581e-03
1.300000000000000000e+01 8.017939843749996923e-03
1.400000000000000000e+01 7.444241250000001482e-03
1.500000000000000000e+01 6.867669218750001477e-03
1.600000000000000000e+01 6.293993828125004665e-03
1.700000000000000000e+01 5.728750078124998125e-03
1.800000000000000000e+01 5.177220156250001391e-03
1.900000000000000000e+01 4.644437296874996332e-03
2.000000000000000000e+01 4.135050140624999850e-03
2.100000000000000000e+01 3.653341138281251520e-03
2.200000000000000000e+01 3.203191945312499483e-03
2.300000000000000000e+01 2.788030359374999746e-03
2.400000000000000000e+01 2.410856093750000234e-03
2.500000000000000000e+01 2.074194892187499351e-03
2.600000000000000000e+01 1.780113529687500076e-03
2.700000000000000000e+01 1.530206250000000186e-03
2.800000000000000000e+01 1.325589390625000509e-03
2.900000000000000000e+01 1.166930260156250109e-03
3.000000000000000000e+01 1.054451070312499832e-03
3.100000000000000000e+01 9.879143890624997749e-04
3.200000000000000000e+01 9.666597104843748130e-04
3.300000000000000000e+01 9.896089343750000093e-04
3.400000000000000000e+01 1.055275799218750041e-03
3.500000000000000000e+01 1.161807937499999884e-03
3.600000000000000000e+01 1.306973828125000334e-03
3.700000000000000000e+01 1.488194937499999915e-03
3.800000000000000000e+01 1.702587499999999717e-03
3.900000000000000000e+01 1.946953507812500565e-03
4.000000000000000000e+01 2.217845114843749500e-03
4.100000000000000000e+01 2.511561679687500121e-03
4.200000000000000000e+01 2.824198148437498390e-03
4.300000000000000000e+01 3.151702343749999968e-03
4.400000000000000000e+01 3.489875023437501427e-03
4.500000000000000000e+01 3.834449676562502393e-03
4.600000000000000000e+01 4.181139739843749148e-03
4.700000000000000000e+01 4.525641859375002969e-03
4.800000000000000000e+01 4.863781515624998608e-03
4.900000000000000000e+01 5.191457460937501725e-03
5.000000000000000000e+01 5.504811757812499463e-03
5.100000000000000000e+01 5.800211179687496214e-03
5.200000000000000000e+01 6.074301093750001518e-03
5.300000000000000000e+01 6.324099617187501320e-03
5.400000000000000000e+01 6.547063687500001908e-03
5.500000000000000000e+01 6.741062578125000052e-03
5.600000000000000000e+01 6.904413515625003502e-03
5.700000000000000000e+01 7.036000156249998770e-03
5.800000000000000000e+01 7.135265703125001809e-03
5.900000000000000000e+01 7.202034531249997505e-03
6.000000000000000000e+01 7.236870781250001605e-03
6.100000000000000000e+01 7.240619218749997504e-03
6.200000000000000000e+01 7.214781562499996206e-03
6.300000000000000000e+01 7.161161406249997273e-03
6.400000000000000000e+01 7.082093398437498515e-03
6.500000000000000000e+01 6.980030445312499464e-03
6.600000000000000000e+01 6.857836304687500023e-03
6.700000000000000000e+01 6.718488484375000069e-03
6.800000000000000000e+01 6.565027031249996703e-03
6.900000000000000000e+01 6.400571171874999341e-03
7.000000000000000000e+01 6.228036171875003107e-03
7.100000000000000000e+01 6.050361093749997976e-03
7.200000000000000000e+01 5.870186796874998607e-03
7.300000000000000000e+01 5.689869218750000061e-03
7.400000000000000000e+01 5.511541953124999942e-03
7.500000000000000000e+01 5.336924843749999391e-03
7.600000000000000000e+01 5.167441640625001879e-03
7.700000000000000000e+01 5.004097343749997970e-03
7.800000000000000000e+01 4.847638125000002136e-03
7.900000000000000000e+01 4.698386953124999640e-03
8.000000000000000000e+01 4.556537343750000080e-03
8.100000000000000000e+01 4.421929648437498798e-03
8.200000000000000000e+01 4.294301343749999320e-03
8.300000000000000000e+01 4.173266263281250228e-03
8.400000000000000000e+01 4.058371070312499600e-03
8.500000000000000000e+01 3.949201351562499872e-03
8.600000000000000000e+01 3.845386304687499306e-03
8.700000000000000000e+01 3.746682172656251152e-03
8.800000000000000000e+01 3.652904809374999534e-03
8.900000000000000000e+01 3.564167554687499521e-03
9.000000000000000000e+01 3.480629859374999389e-03
9.100000000000000000e+01 3.402667445312500694e-03
9.200000000000000000e+01 3.330753734375000146e-03
9.300000000000000000e+01 3.265496234374997819e-03
9.400000000000000000e+01 3.207550092187501107e-03
9.500000000000000000e+01 3.157567786718750054e-03
9.600000000000000000e+01 3.116114132812500270e-03
9.700000000000000000e+01 3.083686468749998431e-03
9.800000000000000000e+01 3.060588195312500485e-03
9.900000000000000000e+01 3.046941945312499345e-03
1.000000000000000000e+02 3.042578140625000569e-03
1.010000000000000000e+02 3.047089117187499942e-03
1.020000000000000000e+02 3.059757546875000768e-03
1.030000000000000000e+02 3.079652484374999742e-03
1.040000000000000000e+02 3.105542609374999877e-03
1.050000000000000000e+02 3.136058937499999234e-03
1.060000000000000000e+02 3.169670492187499390e-03
1.070000000000000000e+02 3.204796357031248523e-03
1.080000000000000000e+02 3.239872649999999982e-03
1.090000000000000000e+02 3.273435835312499612e-03
1.100000000000000000e+02 3.304185846093749598e-03
1.110000000000000000e+02 3.331093584375000027e-03
1.120000000000000000e+02 3.353407114843750050e-03
1.130000000000000000e+02 3.370743937500000637e-03
1.140000000000000000e+02 3.383073546875000476e-03
1.150000000000000000e+02 3.390734765625000747e-03
1.160000000000000000e+02 3.394422578125000367e-03
1.170000000000000000e+02 3.395101992187499890e-03
1.180000000000000000e+02 3.393998843749999189e-03
1.190000000000000000e+02 3.392478523437500795e-03
1.200000000000000000e+02 3.391988468750001783e-03
1.210000000000000000e+02 3.393920549218750696e-03
1.220000000000000000e+02 3.399570773437499138e-03
1.230000000000000000e+02 3.410006078125000974e-03
1.240000000000000000e+02 3.426037765625000731e-03
1.250000000000000000e+02 3.448126171874999618e-03
1.260000000000000000e+02 3.476385570312499288e-03
1.270000000000000000e+02 3.510567453124999356e-03
1.280000000000000000e+02 3.550080573437500771e-03
1.290000000000000000e+02 3.594028664062501582e-03
1.300000000000000000e+02 3.641311289062501306e-03
1.310000000000000000e+02 3.690643492187498619e-03
1.320000000000000000e+02 3.740693632812498812e-03
1.330000000000000000e+02 3.790194578125000765e-03
1.340000000000000000e+02 3.837969539062500036e-03
1.350000000000000000e+02 3.883092632812498030e-03
1.360000000000000000e+02 3.924950687499999605e-03
1.370000000000000000e+02 3.963193007812499183e-03
1.380000000000000000e+02 3.997825457812497971e-03
1.390000000000000000e+02 4.029232932031248833e-03
1.400000000000000000e+02 4.058097114843750054e-03
1.410000000000000000e+02 4.085366780468750389e-03
1.420000000000000000e+02 4.112132472656248455e-03
1.430000000000000000e+02 4.139654195312499237e-03
1.440000000000000000e+02 4.169119203125000103e-03
1.450000000000000000e+02 4.201650304687500406e-03
1.460000000000000000e+02 4.238239781249996535e-03
1.470000000000000000e+02 4.279516617187499594e-03
1.480000000000000000e+02 4.325898906249999419e-03
1.490000000000000000e+02 4.377454453125002171e-03
1.500000000000000000e+02 4.433839609375002030e-03
1.510000000000000000e+02 4.494459062500000095e-03
1.520000000000000000e+02 4.558414999999997955e-03
1.530000000000000000e+02 4.624531718749998188e-03
1.540000000000000000e+02 4.691574062500000405e-03
1.550000000000000000e+02 4.758209374999999158e-03
1.560000000000000000e+02 4.823081562500001335e-03
1.570000000000000000e+02 4.885054390625001748e-03
1.580000000000000000e+02 4.943123234375000966e-03
1.590000000000000000e+02 4.996544218749997615e-03
1.600000000000000000e+02 5.044824195312502986e-03
1.610000000000000000e+02 5.087871007812499666e-03
1.620000000000000000e+02 5.125779281250000298e-03
1.630000000000000000e+02 5.159047382812502990e-03
1.640000000000000000e+02 5.188300937499998496e-03
1.650000000000000000e+02 5.214452500000001101e-03
1.660000000000000000e+02 5.238452109375002323e-03
1.670000000000000000e+02 5.261397968749998745e-03
1.680000000000000000e+02 5.284288359375000077e-03
1.690000000000000000e+02 5.308139765624998209e-03
1.700000000000000000e+02 5.333816875000001179e-03
1.710000000000000000e+02 5.362082500000001258e-03
1.720000000000000000e+02 5.393466562500000977e-03
1.730000000000000000e+02 5.428429140625001467e-03
1.740000000000000000e+02 5.467204609374997325e-03
1.750000000000000000e+02 5.509997968750000343e-03
1.760000000000000000e+02 5.556854843750000383e-03
1.770000000000000000e+02 5.607774062499998498e-03
1.780000000000000000e+02 5.662739640625000931e-03
1.790000000000000000e+02 5.721873278906250242e-03
1.800000000000000000e+02 5.785172460937497256e-03
1.810000000000000000e+02 5.852891593749999510e-03
1.820000000000000000e+02 5.925309609374998510e-03
1.830000000000000000e+02 6.002896015625001913e-03
1.840000000000000000e+02 6.086046874999998142e-03
1.850000000000000000e+02 6.175470382812500193e-03
1.860000000000000000e+02 6.271807960937497012e-03
1.870000000000000000e+02 6.375749710937498108e-03
1.880000000000000000e+02 6.488053007812499481e-03
1.890000000000000000e+02 6.609338459375000037e-03
1.900000000000000000e+02 6.740215931249999778e-03
1.910000000000000000e+02 6.881130991406247954e-03
1.920000000000000000e+02 7.032410742187499182e-03
1.930000000000000000e+02 7.194079234375000236e-03
1.940000000000000000e+02 7.366094453125001176e-03
1.950000000000000000e+02 7.547946734374999869e-03
1.960000000000000000e+02 7.739025664062498637e-03
1.970000000000000000e+02 7.938270757812495790e-03
1.980000000000000000e+02 8.144425539062498040e-03
1.990000000000000000e+02 8.355839078124999847e-03
2.000000000000000000e+02 8.570576984374996335e-03
2.010000000000000000e+02 8.786404023437501334e-03
2.020000000000000000e+02 9.000734203125001012e-03
2.030000000000000000e+02 9.210836265624997715e-03
2.040000000000000000e+02 9.413645882812496715e-03
2.050000000000000000e+02 9.605933782031251048e-03
2.060000000000000000e+02 9.784350742187510053e-03
2.070000000000000000e+02 9.945479898437503338e-03
2.080000000000000000e+02 1.008583104687500037e-02
2.090000000000000000e+02 1.020207094531250074e-02
2.100000000000000000e+02 1.029081576562500440e-02
2.110000000000000000e+02 1.034908881250000932e-02
2.120000000000000000e+02 1.037408898437499651e-02
2.130000000000000000e+02 1.036332575000000443e-02
2.140000000000000000e+02 1.031496781250000085e-02
2.150000000000000000e+02 1.022747570312499896e-02
2.160000000000000000e+02 1.010010062500000215e-02
2.170000000000000000e+02 9.932672656250004020e-03
2.180000000000000000e+02 9.725804218750003574e-03
2.190000000000000000e+02 9.480919531250003168e-03
2.200000000000000000e+02 9.200038281250001379e-03
2.210000000000000000e+02 8.886204531249997096e-03
2.220000000000000000e+02 8.543194453124999810e-03
2.230000000000000000e+02 8.175550781249998900e-03
2.240000000000000000e+02 7.788488515625000691e-03
2.250000000000000000e+02 7.387809921874998603e-03
2.260000000000000000e+02 6.979965078125001561e-03
2.270000000000000000e+02 6.571633906249999858e-03
2.280000000000000000e+02 6.169871039062500145e-03
2.290000000000000000e+02 5.781757101562499945e-03
2.300000000000000000e+02 5.414294992187498011e-03
2.310000000000000000e+02 5.074269273437500248e-03
2.320000000000000000e+02 4.768007624999997390e-03
2.330000000000000000e+02 4.501260773437501528e-03
2.340000000000000000e+02 4.279064564843749856e-03
2.350000000000000000e+02 4.105569749999999490e-03
2.360000000000000000e+02 3.983932648437500668e-03
2.370000000000000000e+02 3.916288820312499759e-03
2.380000000000000000e+02 3.903693032812499859e-03
2.390000000000000000e+02 3.945993204374997898e-03
2.400000000000000000e+02 4.041953196874998114e-03
2.410000000000000000e+02 4.189286632812498981e-03
2.420000000000000000e+02 4.384685679687500004e-03
2.430000000000000000e+02 4.623945921875001648e-03
2.440000000000000000e+02 4.902121390625000831e-03
2.450000000000000000e+02 5.213530351562499672e-03
2.460000000000000000e+02 5.552132734375001336e-03
2.470000000000000000e+02 5.911472140625000440e-03
2.480000000000000000e+02 6.284992562499999366e-03
2.490000000000000000e+02 6.666134759375000156e-03
2.500000000000000000e+02 7.048492812499995187e-03
2.510000000000000000e+02 7.426082101562502848e-03
2.520000000000000000e+02 7.793202343750002363e-03
2.530000000000000000e+02 8.144855859374997703e-03
2.540000000000000000e+02 8.476612343750000375e-03
2.550000000000000000e+02 8.784928671874997486e-03
2.560000000000000000e+02 9.066774085937499839e-03
2.570000000000000000e+02 9.320187187500002246e-03
2.580000000000000000e+02 9.543886109374994861e-03
2.590000000000000000e+02 9.737391328125000883e-03
2.600000000000000000e+02 9.900909375000002677e-03
2.610000000000000000e+02 1.003540593749999849e-02
2.620000000000000000e+02 1.014236210937500236e-02
2.630000000000000000e+02 1.022385546874999933e-02
2.640000000000000000e+02 1.028214921875000507e-02
2.650000000000000000e+02 1.031997445312500192e-02
2.660000000000000000e+02 1.034015960937499819e-02
2.670000000000000000e+02 1.034552187500000116e-02
2.680000000000000000e+02 1.033879460937500369e-02
2.690000000000000000e+02 1.032279101562500606e-02
2.700000000000000000e+02 1.029973187500000074e-02
2.710000000000000000e+02 1.027188773437500563e-02
2.720000000000000000e+02 1.024093390625000106e-02
2.730000000000000000e+02 1.020838531250000195e-02
2.740000000000000000e+02 1.017527437500000131e-02
2.750000000000000000e+02 1.014218382812499819e-02
2.760000000000000000e+02 1.010951796875000051e-02
2.770000000000000000e+02 1.007714843750000082e-02
2.780000000000000000e+02 1.004492187500000133e-02
2.790000000000000000e+02 1.001216796874999926e-02
2.800000000000000000e+02 9.978260156249998264e-03
2.810000000000000000e+02 9.942426562499998705e-03
2.820000000000000000e+02 9.903905468749998192e-03
2.830000000000000000e+02 9.862066406250001582e-03
2.840000000000000000e+02 9.816595312499997242e-03
2.850000000000000000e+02 9.767317187500000955e-03
2.860000000000000000e+02 9.714608593749994928e-03
2.870000000000000000e+02 9.659342968749996469e-03
2.880000000000000000e+02 9.602936718749996436e-03
2.890000000000000000e+02 9.547385156249997562e-03
2.900000000000000000e+02 9.495331250000002554e-03
2.910000000000000000e+02 9.449917187499998553e-03
2.920000000000000000e+02 9.414888906250000120e-03
2.930000000000000000e+02 9.394197578124999226e-03
2.940000000000000000e+02 9.392424374999999714e-03
2.950000000000000000e+02 9.414158359375004309e-03
2.960000000000000000e+02 9.464032031249999810e-03
2.970000000000000000e+02 9.546678515625002179e-03
2.980000000000000000e+02 9.666512929687492289e-03
2.990000000000000000e+02 9.827611539062501220e-03
3.000000000000000000e+02 1.003337906249999849e-02
3.010000000000000000e+02 1.028668421874999461e-02
3.020000000000000000e+02 1.058955234374999929e-02
3.030000000000000000e+02 1.094298203124999778e-02
3.040000000000000000e+02 1.134686874999999220e-02
3.050000000000000000e+02 1.179983437499999843e-02
3.060000000000000000e+02 1.229928671875000178e-02
3.070000000000000000e+02 1.284103828124999978e-02
3.080000000000000000e+02 1.341982578125000547e-02
3.090000000000000000e+02 1.402884140625000088e-02
3.100000000000000000e+02 1.466040156250000143e-02
3.110000000000000000e+02 1.530555390625000164e-02
3.120000000000000000e+02 1.595475312500000201e-02
3.130000000000000000e+02 1.659806953124999887e-02
3.140000000000000000e+02 1.722516406249998550e-02
3.150000000000000000e+02 1.782575937499998944e-02
3.160000000000000000e+02 1.839013437500000916e-02
3.170000000000000000e+02 1.890868203124999522e-02
3.180000000000000000e+02 1.937286718749998277e-02
3.190000000000000000e+02 1.977469843750000872e-02
3.200000000000000000e+02 2.010736015625000372e-02
3.210000000000000000e+02 2.036488203124999993e-02
3.220000000000000000e+02 2.054262031249999565e-02
3.230000000000000000e+02 2.063716796875000870e-02
3.240000000000000000e+02 2.064656015625000382e-02
3.250000000000000000e+02 2.057020859374997929e-02
3.260000000000000000e+02 2.040888124999998970e-02
3.270000000000000000e+02 2.016525546875000061e-02
3.280000000000000000e+02 1.984316171874999160e-02
3.290000000000000000e+02 1.944786249999998912e-02
3.300000000000000000e+02 1.898596484374998061e-02
3.310000000000000000e+02 1.846468906250000458e-02
3.320000000000000000e+02 1.789245390625000820e-02
3.330000000000000000e+02 1.727772031249999451e-02
3.340000000000000000e+02 1.662944218749999245e-02
3.350000000000000000e+02 1.595646953125001363e-02
3.360000000000000000e+02 1.526740859374999849e-02
3.370000000000000000e+02 1.457066640625000707e-02
3.380000000000000000e+02 1.387419453125000347e-02
3.390000000000000000e+02 1.318530156249999967e-02
3.400000000000000000e+02 1.251073203124999922e-02
3.410000000000000000e+02 1.185660312499999501e-02
3.420000000000000000e+02 1.122815976562500234e-02
3.430000000000000000e+02 1.062989695312500059e-02
3.440000000000000000e+02 1.006533499999999470e-02
3.450000000000000000e+02 9.537302343749998190e-03
3.460000000000000000e+02 9.047816093750001010e-03
3.470000000000000000e+02 8.598246093749997709e-03
3.480000000000000000e+02 8.189373671874999872e-03
3.490000000000000000e+02 7.821822421875004525e-03
3.500000000000000000e+02 7.496038437500003246e-03
3.510000000000000000e+02 7.212551249999997471e-03
3.520000000000000000e+02 6.972289453125001500e-03
3.530000000000000000e+02 6.776445781249998586e-03
3.540000000000000000e+02 6.626651929687500490e-03
3.550000000000000000e+02 6.524981265625000304e-03
3.560000000000000000e+02 6.473873749999996784e-03
3.570000000000000000e+02 6.475849531250000256e-03
3.580000000000000000e+02 6.533356640625001543e-03
3.590000000000000000e+02 6.648646906250000634e-03
3.600000000000000000e+02 6.823406437500002114e-03
3.610000000000000000e+02 7.058506546874998393e-03
3.620000000000000000e+02 7.353848906250000893e-03
3.630000000000000000e+02 7.708193023437503143e-03
3.640000000000000000e+02 8.118843018750000404e-03
3.650000000000000000e+02 8.581621476562497144e-03
3.660000000000000000e+02 9.090911653125003863e-03
3.670000000000000000e+02 9.639414945312502550e-03
3.680000000000000000e+02 1.021841435937499883e-02
3.690000000000000000e+02 1.081779226562499564e-02
3.700000000000000000e+02 1.142624512500000321e-02
3.710000000000000000e+02 1.203138939062499760e-02
3.720000000000000000e+02 1.262035062500000034e-02
3.730000000000000000e+02 1.317975031249998645e-02
3.740000000000000000e+02 1.369624601562500002e-02
3.750000000000000000e+02 1.415688343749999835e-02
3.760000000000000000e+02 1.454947703124999554e-02
3.770000000000000000e+02 1.486340915624999662e-02
3.780000000000000000e+02 1.508965560156250683e-02
3.790000000000000000e+02 1.522145327343750638e-02
3.800000000000000000e+02 1.525459456250000297e-02
3.810000000000000000e+02 1.518758374218749652e-02
3.820000000000000000e+02 1.502159903906249809e-02
3.830000000000000000e+02 1.476039280312500118e-02
3.840000000000000000e+02 1.441005730781249813e-02
3.850000000000000000e+02 1.397877399687500258e-02
3.860000000000000000e+02 1.347630902890625468e-02
3.870000000000000000e+02 1.291380928593749075e-02
3.880000000000000000e+02 1.230333770468750032e-02
3.890000000000000000e+02 1.165761649999999365e-02
3.900000000000000000e+02 1.098956454921874368e-02
3.910000000000000000e+02 1.031205423828125516e-02
3.920000000000000000e+02 9.637560125000005015e-03
3.930000000000000000e+02 8.977699874999998247e-03
3.940000000000000000e+02 8.343205390625000467e-03
3.950000000000000000e+02 7.743155039062496990e-03
3.960000000000000000e+02 7.185104492187501142e-03
3.970000000000000000e+02 6.674916351562500821e-03
3.980000000000000000e+02 6.216325773437499785e-03
3.990000000000000000e+02 5.811192406249997798e-03
4.000000000000000000e+02 5.459432460937500148e-03
4.010000000000000000e+02 5.159083381249996922e-03
4.020000000000000000e+02 4.906487419531251927e-03
4.030000000000000000e+02 4.696540536406250931e-03
4.040000000000000000e+02 4.523055407031249635e-03
4.050000000000000000e+02 4.378962764062500033e-03
4.060000000000000000e+02 4.256936003124999618e-03
4.070000000000000000e+02 4.149800406249998415e-03
4.080000000000000000e+02 4.051037039062501018e-03
4.090000000000000000e+02 3.955263578125000658e-03
4.100000000000000000e+02 3.858787984375001458e-03
4.110000000000000000e+02 3.759671164062501451e-03
4.120000000000000000e+02 3.657798070312500479e-03
4.130000000000000000e+02 3.554742437500000695e-03
4.140000000000000000e+02 3.453376796874999335e-03
4.150000000000000000e+02 3.357619101562498917e-03
4.160000000000000000e+02 3.271894611718750758e-03
4.170000000000000000e+02 3.200799734374999012e-03
4.180000000000000000e+02 3.148591481249999983e-03
4.190000000000000000e+02 3.118718482031249909e-03
4.200000000000000000e+02 3.113319898437500420e-03
4.210000000000000000e+02 3.132924578124999301e-03
4.220000000000000000e+02 3.176199242187501600e-03
4.230000000000000000e+02 3.240107843749999005e-03
4.240000000000000000e+02 3.319999374999999930e-03
4.250000000000000000e+02 3.410022062500000367e-03
4.260000000000000000e+02 3.503262640624998838e-03
4.270000000000000000e+02 3.592185078125002470e-03
4.280000000000000000e+02 3.669027968749999109e-03
4.290000000000000000e+02 3.726236367187499982e-03
4.300000000000000000e+02 3.757107238281249748e-03
4.310000000000000000e+02 3.756366171875000042e-03
4.320000000000000000e+02 3.720665468749999490e-03
4.330000000000000000e+02 3.649004687499999167e-03
4.340000000000000000e+02 3.542853749999999493e-03
4.350000000000000000e+02 3.405991171875000483e-03
4.360000000000000000e+02 3.244495742187499410e-03
4.370000000000000000e+02 3.066156409375000048e-03
4.380000000000000000e+02 2.880250396093750678e-03
4.390000000000000000e+02 2.696940378124999295e-03
4.400000000000000000e+02 2.526499271874998401e-03
4.410000000000000000e+02 2.378392562499999710e-03
4.420000000000000000e+02 2.260057070312499090e-03
4.430000000000000000e+02 2.175757124999999018e-03
4.440000000000000000e+02 2.125808045781250183e-03
4.450000000000000000e+02 2.106484773437498990e-03
4.460000000000000000e+02 2.110732000000001014e-03
4.470000000000000000e+02 2.129669718749999888e-03
4.480000000000000000e+02 2.154254468750000599e-03
4.490000000000000000e+02 2.176862187500000229e-03
4.500000000000000000e+02 2.192142265625000516e-03
4.510000000000000000e+02 2.197289375000000509e-03
4.520000000000000000e+02 2.191830113281249045e-03
4.530000000000000000e+02 2.177218592187500287e-03
4.540000000000000000e+02 2.156442617187500927e-03
4.550000000000000000e+02 2.133543671875000412e-03
4.560000000000000000e+02 2.113184531249999443e-03
4.570000000000000000e+02 2.099977578125000396e-03
4.580000000000000000e+02 2.097709734374999732e-03
4.590000000000000000e+02 2.108483390625000200e-03
4.600000000000000000e+02 2.132111554687498526e-03
4.610000000000000000e+02 2.166011460937498911e-03
4.620000000000000000e+02 2.205944164062501045e-03
4.630000000000000000e+02 2.247556828124999077e-03
4.640000000000000000e+02 2.288149978124998703e-03
4.650000000000000000e+02 2.327793785937500286e-03
4.660000000000000000e+02 2.368940848437499011e-03
4.670000000000000000e+02 2.414547304687500017e-03
4.680000000000000000e+02 2.465350882031250388e-03
4.690000000000000000e+02 2.517778857031250251e-03
4.700000000000000000e+02 2.563601328124999381e-03
4.710000000000000000e+02 2.591724132812498523e-03
4.720000000000000000e+02 2.591504390624999477e-03
4.730000000000000000e+02 2.556797703124999172e-03
4.740000000000000000e+02 2.488857906249999224e-03
4.750000000000000000e+02 2.397923093750000539e-03
4.760000000000000000e+02 2.302621320312501271e-03
4.770000000000000000e+02 2.228010933593750371e-03
4.780000000000000000e+02 2.202263671875000391e-03
4.790000000000000000e+02 2.252904475000001155e-03
4.800000000000000000e+02 2.402633796874999519e-03
4.810000000000000000e+02 2.665308132812500060e-03
4.820000000000000000e+02 3.042555664062500040e-03
4.830000000000000000e+02 3.521701226562499142e-03
4.840000000000000000e+02 4.075472571874999735e-03
4.850000000000000000e+02 4.663443583593752072e-03
4.860000000000000000e+02 5.235728367187501148e-03
4.870000000000000000e+02 5.737879140625001644e-03
4.880000000000000000e+02 6.117278757812499683e-03
4.890000000000000000e+02 6.330051421874999945e-03
4.900000000000000000e+02 6.347569328124999348e-03
4.910000000000000000e+02 6.161533704687501348e-03
4.920000000000000000e+02 5.785856127343749940e-03
4.930000000000000000e+02 5.255362115624999560e-03
4.940000000000000000e+02 4.620486789843749470e-03
4.950000000000000000e+02 3.939905750781249293e-03
4.960000000000000000e+02 3.271912957031251207e-03
4.970000000000000000e+02 2.666679354687500215e-03
4.980000000000000000e+02 2.160752427812499127e-03
4.990000000000000000e+02 1.774742965000000207e-03
5.000000000000000000e+02 1.514580473437499453e-03
5.010000000000000000e+02 1.376227914062499568e-03
5.020000000000000000e+02 1.352271000000000592e-03
5.030000000000000000e+02 1.437863749999999984e-03
5.040000000000000000e+02 1.633417343749998807e-03
5.050000000000000000e+02 1.942625156250000693e-03
5.060000000000000000e+02 2.366136640624999683e-03
5.070000000000000000e+02 2.892481875000000972e-03
5.080000000000000000e+02 3.489796718750000359e-03
5.090000000000000000e+02 4.103159375000000990e-03
5.100000000000000000e+02 4.662107210937500509e-03
5.110000000000000000e+02 5.102053320312500105e-03
