0.000000000000000000e+00 1.279825312500000069e-02
1.000000000000000000e+00 1.273824062499999583e-02
2.000000000000000000e+00 1.261888203124999358e-02
3.000000000000000000e+00 1.244156562499999959e-02
4.000000000000000000e+00 1.220843203125000255e-02
5.000000000000000000e+00 1.192207265625000456e-02
6.000000000000000000e+00 1.158575390624999070e-02
7.000000000000000000e+00 1.120341796875000059e-02
8.000000000000000000e+00 1.077926562499999415e-02
9.000000000000000000e+00 1.031803437499999657e-02
1.000000000000000000e+01 9.824808593749997931e-03
1.100000000000000000e+01 9.304875624999996847e-03
1.200000000000000000e+01 8.763863124999994939e-03
1.300000000000000000e+01 8.207332812499995578e-03
1.400000000000000000e+01 7.641086015625000484e-03
1.500000000000000000e+01 7.070764609374995992e-03
1.600000000000000000e+01 6.502006484375000457e-03
1.700000000000000000e+01 5.940297882812498216e-03
1.800000000000000000e+01 5.390895657812500366e-03
1.900000000000000000e+01 4.858818418749999944e-03
2.000000000000000000e+01 4.348786351562502518e-03
2.100000000000000000e+01 3.865167734375000129e-03
2.200000000000000000e+01 3.411954296875000306e-03
2.300000000000000000e+01 2.992741796875000165e-03
2.400000000000000000e+01 2.610699687499999384e-03
2.500000000000000000e+01 2.268531984374998894e-03
2.600000000000000000e+01 1.968492710937499481e-03
2.700000000000000000e+01 1.712367767187499739e-03
2.800000000000000000e+01 1.501462312500000118e-03
2.900000000000000000e+01 1.336610851562499563e-03
3.000000000000000000e+01 1.218163585937499446e-03
3.100000000000000000e+01 1.146015384375000373e-03
3.200000000000000000e+01 1.119574773437499943e-03
3.300000000000000000e+01 1.137824242187500043e-03
3.400000000000000000e+01 1.199291039062499661e-03
3.500000000000000000e+01 1.302102546875000440e-03
3.600000000000000000e+01 1.443972716406250693e-03
3.700000000000000000e+01 1.622245793750000430e-03
3.800000000000000000e+01 1.833919640625000140e-03
3.900000000000000000e+01 2.075663109375000103e-03
4.000000000000000000e+01 2.343877037500000354e-03
4.100000000000000000e+01 2.634716351562500086e-03
4.200000000000000000e+01 2.944112671875000978e-03
4.300000000000000000e+01 3.267871554687499375e-03
4.400000000000000000e+01 3.601669203125000811e-03
4.500000000000000000e+01 3.941121581250000942e-03
4.600000000000000000e+01 4.281864070312500423e-03
4.700000000000000000e+01 4.619573757812498599e-03
4.800000000000000000e+01 4.950044367187498087e-03
4.900000000000000000e+01 5.269229351562499004e-03
5.000000000000000000e+01 5.573372343749999867e-03
5.100000000000000000e+01 5.858919359374998269e-03
5.200000000000000000e+01 6.122699062500000511e-03
5.300000000000000000e+01 6.361954687500000899e-03
5.400000000000000000e+01 6.574285312499999860e-03
5.500000000000000000e+01 6.757827578125000234e-03
5.600000000000000000e+01 6.911164921874999971e-03
5.700000000000000000e+01 7.033389453125002064e-03
5.800000000000000000e+01 7.124130156250001872e-03
5.900000000000000000e+01 7.183493281250000716e-03
6.000000000000000000e+01 7.212075078125003078e-03
6.100000000000000000e+01 7.210966953125002611e-03
6.200000000000000000e+01 7.181569687500002734e-03
6.300000000000000000e+01 7.125893515625000493e-03
6.400000000000000000e+01 7.046050390625000978e-03
6.500000000000000000e+01 6.944531875000000722e-03
6.600000000000000000e+01 6.823903281250003408e-03
6.700000000000000000e+01 6.686980484375001400e-03
6.800000000000000000e+01 6.536598874999998907e-03
6.900000000000000000e+01 6.375480390625000437e-03
7.000000000000000000e+01 6.206358312500003666e-03
7.100000000000000000e+01 6.031821882812501631e-03
7.200000000000000000e+01 5.854135546874998305e-03
7.300000000000000000e+01 5.675462890625000006e-03
7.400000000000000000e+01 5.497651874999998772e-03
7.500000000000000000e+01 5.322222109375001828e-03
7.600000000000000000e+01 5.150379375000000738e-03
7.700000000000000000e+01 4.983142187499997600e-03
7.800000000000000000e+01 4.821146703125001043e-03
7.900000000000000000e+01 4.664817101562499652e-03
8.000000000000000000e+01 4.514386234374999883e-03
8.100000000000000000e+01 4.369857592187499987e-03
8.200000000000000000e+01 4.231213414062500594e-03
8.300000000000000000e+01 4.098280968750000509e-03
8.400000000000000000e+01 3.970871242187499171e-03
8.500000000000000000e+01 3.848837007812500564e-03
8.600000000000000000e+01 3.732101687500000327e-03
8.700000000000000000e+01 3.620615942968748429e-03
8.800000000000000000e+01 3.514513249999999794e-03
8.900000000000000000e+01 3.413993062499997514e-03
9.000000000000000000e+01 3.319392921874999517e-03
9.100000000000000000e+01 3.231134554687499147e-03
9.200000000000000000e+01 3.149708812499998900e-03
9.300000000000000000e+01 3.075695289062498582e-03
9.400000000000000000e+01 3.009612960937500196e-03
9.500000000000000000e+01 2.952029360156249119e-03
9.600000000000000000e+01 2.903331340624999441e-03
9.700000000000000000e+01 2.863845914999999659e-03
9.800000000000000000e+01 2.833692232031249751e-03
9.900000000000000000e+01 2.812822437500000616e-03
1.000000000000000000e+02 2.800950570312498583e-03
1.010000000000000000e+02 2.797570875000000064e-03
1.020000000000000000e+02 2.801927997656249343e-03
1.030000000000000000e+02 2.813098833593750004e-03
1.040000000000000000e+02 2.829950741406250542e-03
1.050000000000000000e+02 2.851257592421874848e-03
1.060000000000000000e+02 2.875694507812500637e-03
1.070000000000000000e+02 2.901935039062498480e-03
1.080000000000000000e+02 2.928705609375000310e-03
1.090000000000000000e+02 2.954855578124998983e-03
1.100000000000000000e+02 2.979438718749999240e-03
1.110000000000000000e+02 3.001711234375001400e-03
1.120000000000000000e+02 3.021246734374998747e-03
1.130000000000000000e+02 3.037898140625001908e-03
1.140000000000000000e+02 3.051846476562500386e-03
1.150000000000000000e+02 3.063562171874997884e-03
1.160000000000000000e+02 3.073786273437500733e-03
1.170000000000000000e+02 3.083484546874999763e-03
1.180000000000000000e+02 3.093747407031249841e-03
1.190000000000000000e+02 3.105772364843750397e-03
1.200000000000000000e+02 3.120712467187499502e-03
1.210000000000000000e+02 3.139647218749999635e-03
1.220000000000000000e+02 3.163441911718750318e-03
1.230000000000000000e+02 3.192716229687498145e-03
1.240000000000000000e+02 3.227780324218749042e-03
1.250000000000000000e+02 3.268571514062500530e-03
1.260000000000000000e+02 3.314654188281251478e-03
1.270000000000000000e+02 3.365240852343749645e-03
1.280000000000000000e+02 3.419204683414062661e-03
1.290000000000000000e+02 3.475167905468751119e-03
1.300000000000000000e+02 3.531523403398435269e-03
1.310000000000000000e+02 3.586603366406249365e-03
1.320000000000000000e+02 3.638727456249999607e-03
1.330000000000000000e+02 3.686348059374999590e-03
1.340000000000000000e+02 3.728158527109374891e-03
1.350000000000000000e+02 3.763083756249999655e-03
1.360000000000000000e+02 3.790552875781249588e-03
1.370000000000000000e+02 3.810335742187500024e-03
1.380000000000000000e+02 3.822733773437501145e-03
1.390000000000000000e+02 3.828464406249999959e-03
1.400000000000000000e+02 3.828695679687498573e-03
1.410000000000000000e+02 3.824943281250000205e-03
1.420000000000000000e+02 3.819003468749999821e-03
1.430000000000000000e+02 3.812838499999998253e-03
1.440000000000000000e+02 3.808487867187501218e-03
1.450000000000000000e+02 3.807895320312502160e-03
1.460000000000000000e+02 3.812826271093751242e-03
1.470000000000000000e+02 3.824820226562500574e-03
1.480000000000000000e+02 3.844978218750000950e-03
1.490000000000000000e+02 3.874006499999999454e-03
1.500000000000000000e+02 3.912157101562498303e-03
1.510000000000000000e+02 3.959172703125002184e-03
1.520000000000000000e+02 4.014412421875000400e-03
1.530000000000000000e+02 4.076811914062496330e-03
1.540000000000000000e+02 4.144935156250004887e-03
1.550000000000000000e+02 4.217208578124994993e-03
1.560000000000000000e+02 4.291855468750000423e-03
1.570000000000000000e+02 4.367091000781250960e-03
1.580000000000000000e+02 4.441210714609376137e-03
1.590000000000000000e+02 4.512647262499999007e-03
1.600000000000000000e+02 4.580100078124998801e-03
1.610000000000000000e+02 4.642511796874997619e-03
1.620000000000000000e+02 4.699192890625000438e-03
1.630000000000000000e+02 4.749820945312499369e-03
1.640000000000000000e+02 4.794347187499998185e-03
1.650000000000000000e+02 4.833066093750002130e-03
1.660000000000000000e+02 4.866601953124999845e-03
1.670000000000000000e+02 4.895715156250000054e-03
1.680000000000000000e+02 4.921347265624998954e-03
1.690000000000000000e+02 4.944636640624998011e-03
1.700000000000000000e+02 4.966653593750001115e-03
1.710000000000000000e+02 4.988559843749999605e-03
1.720000000000000000e+02 5.011428515624999358e-03
1.730000000000000000e+02 5.036334765624999980e-03
1.740000000000000000e+02 5.064190234374999107e-03
1.750000000000000000e+02 5.095906328125003604e-03
1.760000000000000000e+02 5.132242031250001252e-03
1.770000000000000000e+02 5.173925156250002745e-03
1.780000000000000000e+02 5.221559609374999862e-03
1.790000000000000000e+02 5.275806453125001134e-03
1.800000000000000000e+02 5.337152914843748021e-03
1.810000000000000000e+02 5.406212601562500851e-03
1.820000000000000000e+02 5.483535570312499802e-03
1.830000000000000000e+02 5.569586945312501522e-03
1.840000000000000000e+02 5.664975078125000438e-03
1.850000000000000000e+02 5.770129578124999839e-03
1.860000000000000000e+02 5.885626093749998788e-03
1.870000000000000000e+02 6.011848125000000993e-03
1.880000000000000000e+02 6.149186460937498301e-03
1.890000000000000000e+02 6.297919156249998963e-03
1.900000000000000000e+02 6.458274875000001233e-03
1.910000000000000000e+02 6.630259476562498991e-03
1.920000000000000000e+02 6.813837167968748824e-03
1.930000000000000000e+02 7.008704588281249384e-03
1.940000000000000000e+02 7.214457103906253901e-03
1.950000000000000000e+02 7.430477265625000730e-03
1.960000000000000000e+02 7.655815257812502092e-03
1.970000000000000000e+02 7.889414921875002526e-03
1.980000000000000000e+02 8.130011839062499523e-03
1.990000000000000000e+02 8.375932859375000844e-03
2.000000000000000000e+02 8.625503360156251687e-03
2.010000000000000000e+02 8.876447273437502658e-03
2.020000000000000000e+02 9.126565132812498524e-03
2.030000000000000000e+02 9.373258914062503402e-03
2.040000000000000000e+02 9.613754539062499896e-03
2.050000000000000000e+02 9.845022281249995663e-03
2.060000000000000000e+02 1.006392839609374611e-02
2.070000000000000000e+02 1.026711968749999607e-02
2.080000000000000000e+02 1.045125114062500117e-02
2.090000000000000000e+02 1.061287857031250129e-02
2.100000000000000000e+02 1.074863139062499917e-02
2.110000000000000000e+02 1.085531022656249962e-02
2.120000000000000000e+02 1.092972549218750034e-02
2.130000000000000000e+02 1.096914491406249942e-02
2.140000000000000000e+02 1.097110682812500043e-02
2.150000000000000000e+02 1.093357781249999251e-02
2.160000000000000000e+02 1.085504085937500675e-02
2.170000000000000000e+02 1.073462359375000272e-02
2.180000000000000000e+02 1.057205210937500056e-02
2.190000000000000000e+02 1.036782273437499707e-02
2.200000000000000000e+02 1.012320937500000087e-02
2.210000000000000000e+02 9.840163359374997504e-03
2.220000000000000000e+02 9.521527109374997022e-03
2.230000000000000000e+02 9.170907421875002657e-03
2.240000000000000000e+02 8.792689218750005323e-03
2.250000000000000000e+02 8.391970546875002213e-03
2.260000000000000000e+02 7.974385179687499756e-03
2.270000000000000000e+02 7.546170648437497755e-03
2.280000000000000000e+02 7.114134695312502275e-03
2.290000000000000000e+02 6.685141119531247227e-03
2.300000000000000000e+02 6.266377906249999581e-03
2.310000000000000000e+02 5.864995265625002480e-03
2.320000000000000000e+02 5.487999898437500093e-03
2.330000000000000000e+02 5.142090515625000365e-03
2.340000000000000000e+02 4.833443335937504144e-03
2.350000000000000000e+02 4.567742015625001796e-03
2.360000000000000000e+02 4.349752796875001014e-03
2.370000000000000000e+02 4.183481234375001356e-03
2.380000000000000000e+02 4.071915843750001894e-03
2.390000000000000000e+02 4.016989281250000175e-03
2.400000000000000000e+02 4.019559328124999199e-03
2.410000000000000000e+02 4.079353578124999234e-03
2.420000000000000000e+02 4.194970924218750265e-03
2.430000000000000000e+02 4.364027367187501248e-03
2.440000000000000000e+02 4.583044367187500551e-03
2.450000000000000000e+02 4.847713101875001512e-03
2.460000000000000000e+02 5.152867210937498582e-03
2.470000000000000000e+02 5.492766551562499287e-03
2.480000000000000000e+02 5.861107179687500071e-03
2.490000000000000000e+02 6.251276015625001348e-03
2.500000000000000000e+02 6.656454554687504278e-03
2.510000000000000000e+02 7.069822890624999009e-03
2.520000000000000000e+02 7.484671515624999327e-03
2.530000000000000000e+02 7.894617578124998869e-03
2.540000000000000000e+02 8.293699898437497872e-03
2.550000000000000000e+02 8.676506640624999725e-03
2.560000000000000000e+02 9.038272890624999070e-03
2.570000000000000000e+02 9.374918671874999526e-03
2.580000000000000000e+02 9.683264140625001681e-03
2.590000000000000000e+02 9.960791640625002788e-03
2.600000000000000000e+02 1.020589570312500395e-02
2.610000000000000000e+02 1.041770242187500112e-02
2.620000000000000000e+02 1.059624999999999977e-02
2.630000000000000000e+02 1.074213359374999975e-02
2.640000000000000000e+02 1.085671093749999289e-02
2.650000000000000000e+02 1.094184914062500472e-02
2.660000000000000000e+02 1.099987335937499706e-02
2.670000000000000000e+02 1.103353437500000089e-02
2.680000000000000000e+02 1.104583687499999765e-02
2.690000000000000000e+02 1.103994429687499453e-02
2.700000000000000000e+02 1.101916882812500019e-02
2.710000000000000000e+02 1.098662078124999428e-02
2.720000000000000000e+02 1.094551015624999936e-02
2.730000000000000000e+02 1.089881388281250391e-02
2.740000000000000000e+02 1.084914007812500143e-02
2.750000000000000000e+02 1.079898023437500347e-02
2.760000000000000000e+02 1.075041945312499997e-02
2.770000000000000000e+02 1.070515367187500379e-02
2.780000000000000000e+02 1.066444007812499678e-02
2.790000000000000000e+02 1.062923914062499989e-02
2.800000000000000000e+02 1.060011640624999342e-02
2.810000000000000000e+02 1.057731406250000429e-02
2.820000000000000000e+02 1.056075859374999877e-02
2.830000000000000000e+02 1.055011250000000012e-02
2.840000000000000000e+02 1.054491249999999457e-02
2.850000000000000000e+02 1.054463828124999579e-02
2.860000000000000000e+02 1.054867890625000096e-02
2.870000000000000000e+02 1.055653515624999962e-02
2.880000000000000000e+02 1.056805156250000335e-02
2.890000000000000000e+02 1.058307734375000565e-02
2.900000000000000000e+02 1.060203359375000431e-02
2.910000000000000000e+02 1.062548515624999086e-02
2.920000000000000000e+02 1.065457296875000660e-02
2.930000000000000000e+02 1.069069937499999602e-02
2.940000000000000000e+02 1.073587726562500420e-02
2.950000000000000000e+02 1.079214617187499933e-02
2.960000000000000000e+02 1.086221150781249700e-02
2.970000000000000000e+02 1.094883863281250098e-02
2.980000000000000000e+02 1.105496405468749804e-02
2.990000000000000000e+02 1.118377839453124634e-02
3.000000000000000000e+02 1.133811507812500403e-02
3.010000000000000000e+02 1.152100250000000214e-02
3.020000000000000000e+02 1.173492343749999930e-02
3.030000000000000000e+02 1.198207812499999837e-02
3.040000000000000000e+02 1.226390859375000447e-02
3.050000000000000000e+02 1.258132499999999911e-02
3.060000000000000000e+02 1.293419765625000370e-02
3.070000000000000000e+02 1.332135781250000373e-02
3.080000000000000000e+02 1.374063671874999233e-02
3.090000000000000000e+02 1.418879843750000050e-02
3.100000000000000000e+02 1.466138124999999924e-02
3.110000000000000000e+02 1.515287265624998964e-02
3.120000000000000000e+02 1.565687656249999116e-02
3.130000000000000000e+02 1.616600234374998904e-02
3.140000000000000000e+02 1.667258437499999357e-02
3.150000000000000000e+02 1.716811796874999699e-02
3.160000000000000000e+02 1.764428593750000385e-02
3.170000000000000000e+02 1.809271406250001143e-02
3.180000000000000000e+02 1.850513671874999544e-02
3.190000000000000000e+02 1.887388671875001034e-02
3.200000000000000000e+02 1.919168828124999740e-02
3.210000000000000000e+02 1.945205937499999704e-02
3.220000000000000000e+02 1.964925625000000370e-02
3.230000000000000000e+02 1.977855546875000037e-02
3.240000000000000000e+02 1.983622499999999900e-02
3.250000000000000000e+02 1.981977500000000128e-02
3.260000000000000000e+02 1.972791562500000179e-02
3.270000000000000000e+02 1.956079765624999314e-02
3.280000000000000000e+02 1.931984531250000026e-02
3.290000000000000000e+02 1.900794531250000682e-02
3.300000000000000000e+02 1.862941718750001086e-02
3.310000000000000000e+02 1.818956015624998562e-02
3.320000000000000000e+02 1.769479921875000139e-02
3.330000000000000000e+02 1.715224101562500686e-02
3.340000000000000000e+02 1.656966585937499209e-02
3.350000000000000000e+02 1.595496070312500334e-02
3.360000000000000000e+02 1.531625648437500396e-02
3.370000000000000000e+02 1.466149679687500304e-02
3.380000000000000000e+02 1.399839507812499981e-02
3.390000000000000000e+02 1.333444523437499890e-02
3.400000000000000000e+02 1.267653718750000498e-02
3.410000000000000000e+02 1.203104249999999327e-02
3.420000000000000000e+02 1.140383001562499804e-02
3.430000000000000000e+02 1.079998353906250382e-02
3.440000000000000000e+02 1.022387098437499420e-02
3.450000000000000000e+02 9.678986289062496695e-03
3.460000000000000000e+02 9.168018578125002732e-03
3.470000000000000000e+02 8.692824234374996878e-03
3.480000000000000000e+02 8.254472679687492598e-03
3.490000000000000000e+02 7.853443694531250102e-03
3.500000000000000000e+02 7.489764742187501878e-03
3.510000000000000000e+02 7.163198471640624954e-03
3.520000000000000000e+02 6.873572427343750332e-03
3.530000000000000000e+02 6.620776401562501225e-03
3.540000000000000000e+02 6.405151251562498683e-03
3.550000000000000000e+02 6.227412546875002626e-03
3.560000000000000000e+02 6.088767078125000530e-03
3.570000000000000000e+02 5.990935203125002245e-03
3.580000000000000000e+02 5.935944600781248824e-03
3.590000000000000000e+02 5.926166648437493877e-03
3.600000000000000000e+02 5.963828468749998897e-03
3.610000000000000000e+02 6.051050445312504411e-03
3.620000000000000000e+02 6.189588742187499167e-03
3.630000000000000000e+02 6.380532343749998475e-03
3.640000000000000000e+02 6.624189132812497924e-03
3.650000000000000000e+02 6.919842039062498729e-03
3.660000000000000000e+02 7.265607578124997842e-03
3.670000000000000000e+02 7.658290624999996091e-03
3.680000000000000000e+02 8.093329921874998015e-03
3.690000000000000000e+02 8.564611953125002286e-03
3.700000000000000000e+02 9.064723046874997164e-03
3.710000000000000000e+02 9.584717031250005598e-03
3.720000000000000000e+02 1.011450500000000106e-02
3.730000000000000000e+02 1.064293210937500289e-02
3.740000000000000000e+02 1.115805625000000113e-02
3.750000000000000000e+02 1.164748539062500712e-02
3.760000000000000000e+02 1.209876648437500056e-02
3.770000000000000000e+02 1.249981172656249896e-02
3.780000000000000000e+02 1.283934227343750366e-02
3.790000000000000000e+02 1.310730595312499872e-02
3.800000000000000000e+02 1.329554134148436609e-02
3.810000000000000000e+02 1.339799509374999149e-02
3.820000000000000000e+02 1.341106944531249637e-02
3.830000000000000000e+02 1.333380246874999939e-02
3.840000000000000000e+02 1.316780107812500281e-02
3.850000000000000000e+02 1.291714124999999297e-02
3.860000000000000000e+02 1.258821264843749954e-02
3.870000000000000000e+02 1.218926525781248438e-02
3.880000000000000000e+02 1.173004192187500350e-02
3.890000000000000000e+02 1.122159830468750369e-02
3.900000000000000000e+02 1.067573889843751074e-02
3.910000000000000000e+02 1.010459616406250184e-02
3.920000000000000000e+02 9.520557539062501906e-03
3.930000000000000000e+02 8.935689140625001359e-03
3.940000000000000000e+02 8.361275687500000983e-03
3.950000000000000000e+02 7.807652007812500641e-03
3.960000000000000000e+02 7.283887421875002988e-03
3.970000000000000000e+02 6.797156406249998430e-03
3.980000000000000000e+02 6.352937109375002452e-03
3.990000000000000000e+02 5.954694765625000857e-03
4.000000000000000000e+02 5.604025624999997394e-03
4.010000000000000000e+02 5.300619296874998880e-03
4.020000000000000000e+02 5.042550390624998304e-03
4.030000000000000000e+02 4.826405312500000461e-03
4.040000000000000000e+02 4.647675023437499754e-03
4.050000000000000000e+02 4.500882632031250573e-03
4.060000000000000000e+02 4.379966617187498919e-03
4.070000000000000000e+02 4.278500117187501207e-03
4.080000000000000000e+02 4.190276226562502856e-03
4.090000000000000000e+02 4.109372820312499376e-03
4.100000000000000000e+02 4.030935853124999711e-03
4.110000000000000000e+02 3.951338065624999778e-03
4.120000000000000000e+02 3.868622425781250915e-03
4.130000000000000000e+02 3.782479320312499664e-03
4.140000000000000000e+02 3.694195132812502259e-03
4.150000000000000000e+02 3.606257078125000692e-03
4.160000000000000000e+02 3.522029796875000753e-03
4.170000000000000000e+02 3.445278358671875155e-03
4.180000000000000000e+02 3.379706937499999623e-03
4.190000000000000000e+02 3.328663906250000325e-03
4.200000000000000000e+02 3.294628406250001054e-03
4.210000000000000000e+02 3.278998507812500365e-03
4.220000000000000000e+02 3.281817090624999066e-03
4.230000000000000000e+02 3.301691832968750226e-03
4.240000000000000000e+02 3.335887877343750654e-03
4.250000000000000000e+02 3.380539223437500386e-03
4.260000000000000000e+02 3.430978445312500742e-03
4.270000000000000000e+02 3.481900773437500256e-03
4.280000000000000000e+02 3.527732031250002155e-03
4.290000000000000000e+02 3.562869820312499977e-03
4.300000000000000000e+02 3.582033156249999576e-03
4.310000000000000000e+02 3.580667812499999623e-03
4.320000000000000000e+02 3.555344281249999197e-03
4.330000000000000000e+02 3.504254585937500392e-03
4.340000000000000000e+02 3.427459570312501105e-03
4.350000000000000000e+02 3.326778414062500286e-03
4.360000000000000000e+02 3.205862175000000029e-03
4.370000000000000000e+02 3.069715648437501380e-03
4.380000000000000000e+02 2.924264562499999040e-03
4.390000000000000000e+02 2.776125117187501403e-03
4.400000000000000000e+02 2.632303929687500061e-03
4.410000000000000000e+02 2.499976750000000147e-03
4.420000000000000000e+02 2.386102687499999826e-03
4.430000000000000000e+02 2.296651439062499279e-03
4.440000000000000000e+02 2.235663057031250529e-03
4.450000000000000000e+02 2.204313797656249491e-03
4.460000000000000000e+02 2.200294828124998905e-03
4.470000000000000000e+02 2.218016070312500785e-03
4.480000000000000000e+02 2.249559359374999745e-03
4.490000000000000000e+02 2.286116250000000232e-03
4.500000000000000000e+02 2.319562085937500011e-03
4.510000000000000000e+02 2.343543000000000015e-03
4.520000000000000000e+02 2.354069398437499874e-03
4.530000000000000000e+02 2.349522234375000032e-03
4.540000000000000000e+02 2.330535984374999814e-03
4.550000000000000000e+02 2.299711406250000510e-03
4.560000000000000000e+02 2.261328187499998983e-03
4.570000000000000000e+02 2.220894437500001237e-03
4.580000000000000000e+02 2.184313843749999783e-03
4.590000000000000000e+02 2.156928382812500246e-03
4.600000000000000000e+02 2.142335921875000368e-03
4.610000000000000000e+02 2.141464108593750353e-03
4.620000000000000000e+02 2.152223246874999159e-03
4.630000000000000000e+02 2.170091054687500048e-03
4.640000000000000000e+02 2.189562825781249302e-03
4.650000000000000000e+02 2.206194889843748896e-03
4.660000000000000000e+02 2.218211156249999799e-03
4.670000000000000000e+02 2.226850710937498812e-03
4.680000000000000000e+02 2.235077749999998982e-03
4.690000000000000000e+02 2.245248866406251032e-03
4.700000000000000000e+02 2.257040632812499538e-03
4.710000000000000000e+02 2.266661874999999216e-03
4.720000000000000000e+02 2.268440671875000553e-03
4.730000000000000000e+02 2.257864457812499333e-03
4.740000000000000000e+02 2.235040773437500447e-03
4.750000000000000000e+02 2.207111656249999537e-03
4.760000000000000000e+02 2.189049210937500309e-03
4.770000000000000000e+02 2.202012289062499784e-03
4.780000000000000000e+02 2.270326445312500878e-03
4.790000000000000000e+02 2.417483664062499218e-03
4.800000000000000000e+02 2.661805414062500159e-03
4.810000000000000000e+02 3.012495828906250513e-03
4.820000000000000000e+02 3.466272946093750060e-03
4.830000000000000000e+02 4.005365692968749537e-03
4.840000000000000000e+02 4.597549746874998733e-03
4.850000000000000000e+02 5.198381383593750696e-03
4.860000000000000000e+02 5.755857390625000736e-03
4.870000000000000000e+02 6.216279421875000114e-03
4.880000000000000000e+02 6.531245312499999595e-03
4.890000000000000000e+02 6.664184210937499318e-03
4.900000000000000000e+02 6.595568632812500755e-03
4.910000000000000000e+02 6.326262970312500518e-03
4.920000000000000000e+02 5.878367781249997648e-03
4.930000000000000000e+02 5.292533632812501491e-03
4.940000000000000000e+02 4.622456039062501978e-03
4.950000000000000000e+02 3.926960937500000547e-03
4.960000000000000000e+02 3.261230385156248853e-03
4.970000000000000000e+02 2.669495953906250024e-03
4.980000000000000000e+02 2.180807298515624864e-03
4.990000000000000000e+02 1.808834639374999826e-03
5.000000000000000000e+02 1.555247234375000146e-03
5.010000000000000000e+02 1.415462750000000183e-03
5.020000000000000000e+02 1.384938479687499628e-03
5.030000000000000000e+02 1.463824007812500501e-03
5.040000000000000000e+02 1.657647421875000152e-03
5.050000000000000000e+02 1.972891406249999841e-03
5.060000000000000000e+02 2.408726562500000060e-03
5.070000000000000000e+02 2.948147734374999968e-03
5.080000000000000000e+02 3.552242890625000992e-03
5.090000000000000000e+02 4.161178140625000979e-03
5.100000000000000000e+02 4.705538281250002015e-03
5.110000000000000000e+02 5.132054140625000836e-03
