0.000000000000000000e+00 1.282985312499999864e-02
1.000000000000000000e+00 1.276943906249999872e-02
2.000000000000000000e+00 1.264941406250000289e-02
3.000000000000000000e+00 1.247106171875000426e-02
4.000000000000000000e+00 1.223651718750000568e-02
5.000000000000000000e+00 1.194854296875000159e-02
6.000000000000000000e+00 1.161037734374999880e-02
7.000000000000000000e+00 1.122593593750000583e-02
8.000000000000000000e+00 1.079951718750000317e-02
9.000000000000000000e+00 1.033591093750000321e-02
1.000000000000000000e+01 9.840208593749998414e-03
1.100000000000000000e+01 9.317767265624998796e-03
1.200000000000000000e+01 8.774243671874999359e-03
1.300000000000000000e+01 8.215254375000003231e-03
1.400000000000000000e+01 7.646596171874996302e-03
1.500000000000000000e+01 7.073962109374995651e-03
1.600000000000000000e+01 6.503039296874999799e-03
1.700000000000000000e+01 5.939309078124998913e-03
1.800000000000000000e+01 5.388013929687499384e-03
1.900000000000000000e+01 4.854202164062498132e-03
2.000000000000000000e+01 4.342581031250001590e-03
2.100000000000000000e+01 3.857521390625002437e-03
2.200000000000000000e+01 3.403002734375000071e-03
2.300000000000000000e+01 2.982594999999999344e-03
2.400000000000000000e+01 2.599455859375000497e-03
2.500000000000000000e+01 2.256273234375001657e-03
2.600000000000000000e+01 1.955278012499999697e-03
2.700000000000000000e+01 1.698235999999999886e-03
2.800000000000000000e+01 1.486440593750000235e-03
2.900000000000000000e+01 1.320700765625000420e-03
3.000000000000000000e+01 1.201359601562500051e-03
3.100000000000000000e+01 1.128293560156250425e-03
3.200000000000000000e+01 1.100917140625000011e-03
3.300000000000000000e+01 1.118206640625000374e-03
3.400000000000000000e+01 1.178700984374999672e-03
3.500000000000000000e+01 1.280520359375000297e-03
3.600000000000000000e+01 1.421407753125000914e-03
3.700000000000000000e+01 1.598708984375000466e-03
3.800000000000000000e+01 1.809450218749999442e-03
3.900000000000000000e+01 2.050313648437500098e-03
4.000000000000000000e+01 2.317742570312499289e-03
4.100000000000000000e+01 2.607883796093750459e-03
4.200000000000000000e+01 2.916718796875000450e-03
4.300000000000000000e+01 3.240063693750002381e-03
4.400000000000000000e+01 3.573598398437498585e-03
4.500000000000000000e+01 3.912974314843749649e-03
4.600000000000000000e+01 4.253821218750002131e-03
4.700000000000000000e+01 4.591825398437498172e-03
4.800000000000000000e+01 4.922777867187500336e-03
4.900000000000000000e+01 5.242626828125001963e-03
5.000000000000000000e+01 5.547573749999999693e-03
5.100000000000000000e+01 5.834053078125000028e-03
5.200000000000000000e+01 6.098916015625000658e-03
5.300000000000000000e+01 6.339302812499995887e-03
5.400000000000000000e+01 6.552808906250003236e-03
5.500000000000000000e+01 6.737530546874998666e-03
5.600000000000000000e+01 6.892053593750001837e-03
5.700000000000000000e+01 7.015384296874998919e-03
5.800000000000000000e+01 7.107059687500000278e-03
5.900000000000000000e+01 7.167254140624999131e-03
6.000000000000000000e+01 7.196515625000003691e-03
6.100000000000000000e+01 7.195884921875003032e-03
6.200000000000000000e+01 7.166838046874997835e-03
6.300000000000000000e+01 7.111219609374998599e-03
6.400000000000000000e+01 7.031280468750004953e-03
6.500000000000000000e+01 6.929488906250001398e-03
6.600000000000000000e+01 6.808504312499997178e-03
6.700000000000000000e+01 6.671018406250000567e-03
6.800000000000000000e+01 6.520017101562501811e-03
6.900000000000000000e+01 6.358292937499999270e-03
7.000000000000000000e+01 6.188562195312501298e-03
7.100000000000000000e+01 6.013474453124999751e-03
7.200000000000000000e+01 5.835403828124999422e-03
7.300000000000000000e+01 5.656488671874997792e-03
7.400000000000000000e+01 5.478650078125003701e-03
7.500000000000000000e+01 5.303433437499999528e-03
7.600000000000000000e+01 5.132128984375001340e-03
7.700000000000000000e+01 4.965695703124998334e-03
7.800000000000000000e+01 4.804828750000001911e-03
7.900000000000000000e+01 4.649942687500002031e-03
8.000000000000000000e+01 4.501240812499999674e-03
8.100000000000000000e+01 4.358758124218749773e-03
8.200000000000000000e+01 4.222371243749999288e-03
8.300000000000000000e+01 4.091883171874997026e-03
8.400000000000000000e+01 3.967118218750000265e-03
8.500000000000000000e+01 3.847847921874999674e-03
8.600000000000000000e+01 3.733934976562500088e-03
8.700000000000000000e+01 3.625317057812499875e-03
8.800000000000000000e+01 3.522075804687500172e-03
8.900000000000000000e+01 3.424344359374998682e-03
9.000000000000000000e+01 3.332456492187500958e-03
9.100000000000000000e+01 3.246798453124999720e-03
9.200000000000000000e+01 3.167902210937500324e-03
9.300000000000000000e+01 3.096273414062501381e-03
9.400000000000000000e+01 3.032492734374999093e-03
9.500000000000000000e+01 2.977052657031249716e-03
9.600000000000000000e+01 2.930454910937500650e-03
9.700000000000000000e+01 2.892982151562500069e-03
9.800000000000000000e+01 2.864803553906249394e-03
9.900000000000000000e+01 2.845878903124999734e-03
1.000000000000000000e+02 2.835929242187501878e-03
1.010000000000000000e+02 2.834449843750000593e-03
1.020000000000000000e+02 2.840722828125000817e-03
1.030000000000000000e+02 2.853783406250000147e-03
1.040000000000000000e+02 2.872501019531248541e-03
1.050000000000000000e+02 2.895624337500001758e-03
1.060000000000000000e+02 2.921789812500001030e-03
1.070000000000000000e+02 2.949640554687500259e-03
1.080000000000000000e+02 2.977853226562500889e-03
1.090000000000000000e+02 3.005238882812501407e-03
1.100000000000000000e+02 3.030795570312498806e-03
1.110000000000000000e+02 3.053752431249999975e-03
1.120000000000000000e+02 3.073621484375000084e-03
1.130000000000000000e+02 3.090229390625000554e-03
1.140000000000000000e+02 3.103723312500000775e-03
1.150000000000000000e+02 3.114567835937499720e-03
1.160000000000000000e+02 3.123490289062500966e-03
1.170000000000000000e+02 3.131454570312499578e-03
1.180000000000000000e+02 3.139575734374999531e-03
1.190000000000000000e+02 3.149074093749998186e-03
1.200000000000000000e+02 3.161151421874999843e-03
1.210000000000000000e+02 3.176893734375001426e-03
1.220000000000000000e+02 3.197270023437500525e-03
1.230000000000000000e+02 3.222919254687500561e-03
1.240000000000000000e+02 3.254242239062499469e-03
1.250000000000000000e+02 3.291241042968749957e-03
1.260000000000000000e+02 3.333550439921876499e-03
1.270000000000000000e+02 3.380482323437497896e-03
1.280000000000000000e+02 3.430966329687501395e-03
1.290000000000000000e+02 3.483686433437499595e-03
1.300000000000000000e+02 3.537141011718750692e-03
1.310000000000000000e+02 3.589742200000000435e-03
1.320000000000000000e+02 3.639862994531249674e-03
1.330000000000000000e+02 3.686040928125001136e-03
1.340000000000000000e+02 3.726980329687499486e-03
1.350000000000000000e+02 3.761749039062501493e-03
1.360000000000000000e+02 3.789714182812500831e-03
1.370000000000000000e+02 3.810734789843751684e-03
1.380000000000000000e+02 3.825083773437501066e-03
1.390000000000000000e+02 3.833493187500000652e-03
1.400000000000000000e+02 3.837060859375000625e-03
1.410000000000000000e+02 3.837287851562499325e-03
1.420000000000000000e+02 3.835896507812499179e-03
1.430000000000000000e+02 3.834742765625001257e-03
1.440000000000000000e+02 3.835711859374999009e-03
1.450000000000000000e+02 3.840684648437501202e-03
1.460000000000000000e+02 3.851306625000000625e-03
1.470000000000000000e+02 3.868932579062500914e-03
1.480000000000000000e+02 3.894472750000000424e-03
1.490000000000000000e+02 3.928582328124999301e-03
1.500000000000000000e+02 3.971348593750000967e-03
1.510000000000000000e+02 4.022396015624998822e-03
1.520000000000000000e+02 4.080989609375001125e-03
1.530000000000000000e+02 4.146017500000000709e-03
1.540000000000000000e+02 4.216016562500000085e-03
1.550000000000000000e+02 4.289361109375000591e-03
1.560000000000000000e+02 4.364328718750000273e-03
1.570000000000000000e+02 4.439175335937498371e-03
1.580000000000000000e+02 4.512280457031250108e-03
1.590000000000000000e+02 4.582185666406251266e-03
1.600000000000000000e+02 4.647687960937498149e-03
1.610000000000000000e+02 4.707907554687501550e-03
1.620000000000000000e+02 4.762311750000000447e-03
1.630000000000000000e+02 4.810640992187498535e-03
1.640000000000000000e+02 4.853047343749998174e-03
1.650000000000000000e+02 4.889992109375000499e-03
1.660000000000000000e+02 4.922099374999999895e-03
1.670000000000000000e+02 4.950286015625001215e-03
1.680000000000000000e+02 4.975572578124997682e-03
1.690000000000000000e+02 4.999054296874997846e-03
1.700000000000000000e+02 5.021909374999996949e-03
1.710000000000000000e+02 5.045206171875001207e-03
1.720000000000000000e+02 5.070056015624997692e-03
1.730000000000000000e+02 5.097413906250001549e-03
1.740000000000000000e+02 5.128159921874998403e-03
1.750000000000000000e+02 5.163072890625000286e-03
1.760000000000000000e+02 5.202825624999998268e-03
1.770000000000000000e+02 5.248067031250001208e-03
1.780000000000000000e+02 5.299302750000000131e-03
1.790000000000000000e+02 5.357048757031248991e-03
1.800000000000000000e+02 5.421757203124999598e-03
1.810000000000000000e+02 5.493890960937501851e-03
1.820000000000000000e+02 5.573929140624999529e-03
1.830000000000000000e+02 5.662328124999998526e-03
1.840000000000000000e+02 5.759533593749999528e-03
1.850000000000000000e+02 5.866031328124999243e-03
1.860000000000000000e+02 5.982346484374999676e-03
1.870000000000000000e+02 6.108845468750001388e-03
1.880000000000000000e+02 6.245902804687502620e-03
1.890000000000000000e+02 6.393785875000003796e-03
1.900000000000000000e+02 6.552744781249997957e-03
1.910000000000000000e+02 6.722856656249998064e-03
1.920000000000000000e+02 6.904019235156247727e-03
1.930000000000000000e+02 7.095977803124997770e-03
1.940000000000000000e+02 7.298382006249996140e-03
1.950000000000000000e+02 7.510466914062504003e-03
1.960000000000000000e+02 7.731508124999998850e-03
1.970000000000000000e+02 7.960415992187497292e-03
1.980000000000000000e+02 8.195737892187499041e-03
1.990000000000000000e+02 8.435939859375001654e-03
2.000000000000000000e+02 8.679279227343749542e-03
2.010000000000000000e+02 8.923500718750001365e-03
2.020000000000000000e+02 9.166292242187500452e-03
2.030000000000000000e+02 9.405137625000004054e-03
2.040000000000000000e+02 9.637091429687504734e-03
2.050000000000000000e+02 9.859160914062498060e-03
2.060000000000000000e+02 1.006818323046874096e-02
2.070000000000000000e+02 1.026086642968750302e-02
2.080000000000000000e+02 1.043380013281250407e-02
2.090000000000000000e+02 1.058361091406249607e-02
2.100000000000000000e+02 1.070694221874999436e-02
2.110000000000000000e+02 1.080065878906249881e-02
2.120000000000000000e+02 1.086165883593750471e-02
2.130000000000000000e+02 1.088736078125000784e-02
2.140000000000000000e+02 1.087537223437500152e-02
2.150000000000000000e+02 1.082382984375000225e-02
2.160000000000000000e+02 1.073141195312499532e-02
2.170000000000000000e+02 1.059738507812500209e-02
2.180000000000000000e+02 1.042174164062499749e-02
2.190000000000000000e+02 1.020509179687499948e-02
2.200000000000000000e+02 9.948959687500003382e-03
2.210000000000000000e+02 9.655497890625003299e-03
2.220000000000000000e+02 9.327769765624993603e-03
2.230000000000000000e+02 8.969569921875003571e-03
2.240000000000000000e+02 8.585417265625000863e-03
2.250000000000000000e+02 8.180589609374998641e-03
2.260000000000000000e+02 7.760934875000001856e-03
2.270000000000000000e+02 7.332826507812498402e-03
2.280000000000000000e+02 6.902958914062497404e-03
2.290000000000000000e+02 6.478433850781249725e-03
2.300000000000000000e+02 6.066378195312497820e-03
2.310000000000000000e+02 5.673885835937502418e-03
2.320000000000000000e+02 5.307884351562499291e-03
2.330000000000000000e+02 4.974916062499999334e-03
2.340000000000000000e+02 4.681040523437496499e-03
2.350000000000000000e+02 4.431609554687500341e-03
2.360000000000000000e+02 4.231205773437502447e-03
2.370000000000000000e+02 4.083457281249999390e-03
2.380000000000000000e+02 3.991067195312498865e-03
2.390000000000000000e+02 3.955603914062497811e-03
2.400000000000000000e+02 3.977513171874997970e-03
2.410000000000000000e+02 4.056172960937500828e-03
2.420000000000000000e+02 4.189818109374999176e-03
2.430000000000000000e+02 4.375697303906249565e-03
2.440000000000000000e+02 4.610018965624999680e-03
2.450000000000000000e+02 4.888148187499999180e-03
2.460000000000000000e+02 5.204765789062500321e-03
2.470000000000000000e+02 5.553828765624998533e-03
2.480000000000000000e+02 5.928976992187500426e-03
2.490000000000000000e+02 6.323480437499999149e-03
2.500000000000000000e+02 6.730563804687499964e-03
2.510000000000000000e+02 7.143388250000002118e-03
2.520000000000000000e+02 7.555416710937495200e-03
2.530000000000000000e+02 7.960435078125001340e-03
2.540000000000000000e+02 8.352711205468748429e-03
2.550000000000000000e+02 8.727003203124998262e-03
2.560000000000000000e+02 9.078897078125003697e-03
2.570000000000000000e+02 9.404682031249998395e-03
2.580000000000000000e+02 9.701392265625006020e-03
2.590000000000000000e+02 9.966898437499998112e-03
2.600000000000000000e+02 1.020000671875000327e-02
2.610000000000000000e+02 1.040008218750000483e-02
2.620000000000000000e+02 1.056745859375000408e-02
2.630000000000000000e+02 1.070303750000000352e-02
2.640000000000000000e+02 1.080838828124999935e-02
2.650000000000000000e+02 1.088547343750000118e-02
2.660000000000000000e+02 1.093694289062499894e-02
2.670000000000000000e+02 1.096546906249999502e-02
2.680000000000000000e+02 1.097412203125000020e-02
2.690000000000000000e+02 1.096609648437499654e-02
2.700000000000000000e+02 1.094447000000000128e-02
2.710000000000000000e+02 1.091240984375000007e-02
2.720000000000000000e+02 1.087284718749999962e-02
2.730000000000000000e+02 1.082840312500000027e-02
2.740000000000000000e+02 1.078164906250000249e-02
2.750000000000000000e+02 1.073469789062500568e-02
2.760000000000000000e+02 1.068932492187500520e-02
2.770000000000000000e+02 1.064682640625000225e-02
2.780000000000000000e+02 1.060835507812499939e-02
2.790000000000000000e+02 1.057452812500000658e-02
2.800000000000000000e+02 1.054565390625000591e-02
2.810000000000000000e+02 1.052170937500000042e-02
2.820000000000000000e+02 1.050243750000000136e-02
2.830000000000000000e+02 1.048743359375000142e-02
2.840000000000000000e+02 1.047614140625000544e-02
2.850000000000000000e+02 1.046803750000000269e-02
2.860000000000000000e+02 1.046258046874999972e-02
2.870000000000000000e+02 1.045947656249999851e-02
2.880000000000000000e+02 1.045870000000000133e-02
2.890000000000000000e+02 1.046041406249999771e-02
2.900000000000000000e+02 1.046534843750000256e-02
2.910000000000000000e+02 1.047452499999999842e-02
2.920000000000000000e+02 1.048940734374999816e-02
2.930000000000000000e+02 1.051199210937499642e-02
2.940000000000000000e+02 1.054446601562500190e-02
2.950000000000000000e+02 1.058964937500000113e-02
2.960000000000000000e+02 1.065044046093750058e-02
2.970000000000000000e+02 1.073006224218749950e-02
2.980000000000000000e+02 1.083178289062499723e-02
2.990000000000000000e+02 1.095891270312499867e-02
3.000000000000000000e+02 1.111472507812499844e-02
3.010000000000000000e+02 1.130213609375000337e-02
3.020000000000000000e+02 1.152378984374999825e-02
3.030000000000000000e+02 1.178167734375000150e-02
3.040000000000000000e+02 1.207720234374999417e-02
3.050000000000000000e+02 1.241097656249999862e-02
3.060000000000000000e+02 1.278252734375000428e-02
3.070000000000000000e+02 1.319034453124999680e-02
3.080000000000000000e+02 1.363174062500000644e-02
3.090000000000000000e+02 1.410300078125000141e-02
3.100000000000000000e+02 1.459915703125000234e-02
3.110000000000000000e+02 1.511399765625000280e-02
3.120000000000000000e+02 1.564074218750000078e-02
3.130000000000000000e+02 1.617151015625000257e-02
3.140000000000000000e+02 1.669800859374999738e-02
3.150000000000000000e+02 1.721154609375000200e-02
3.160000000000000000e+02 1.770347031249999356e-02
3.170000000000000000e+02 1.816496093750000554e-02
3.180000000000000000e+02 1.858781875000000902e-02
3.190000000000000000e+02 1.896409687500000274e-02
3.200000000000000000e+02 1.928656328124999514e-02
3.210000000000000000e+02 1.954875234374998938e-02
3.220000000000000000e+02 1.974508828124999643e-02
3.230000000000000000e+02 1.987087656249999015e-02
3.240000000000000000e+02 1.992268203124999623e-02
3.250000000000000000e+02 1.989818281250000515e-02
3.260000000000000000e+02 1.979649531250000233e-02
3.270000000000000000e+02 1.961811171874999760e-02
3.280000000000000000e+02 1.936478906250000548e-02
3.290000000000000000e+02 1.903994140624999318e-02
3.300000000000000000e+02 1.864805468750000556e-02
3.310000000000000000e+02 1.819493984375000414e-02
3.320000000000000000e+02 1.768724609375000104e-02
3.330000000000000000e+02 1.713239218749999446e-02
3.340000000000000000e+02 1.653840820312499349e-02
3.350000000000000000e+02 1.591333101562500754e-02
3.360000000000000000e+02 1.526542249999999698e-02
3.370000000000000000e+02 1.460268617187500048e-02
3.380000000000000000e+02 1.393296249999999639e-02
3.390000000000000000e+02 1.326368171874999641e-02
3.400000000000000000e+02 1.260176953125000457e-02
3.410000000000000000e+02 1.195357210937500643e-02
3.420000000000000000e+02 1.132483218750000159e-02
3.430000000000000000e+02 1.072065195312498984e-02
3.440000000000000000e+02 1.014520159375000181e-02
3.450000000000000000e+02 9.601903781250000630e-03
3.460000000000000000e+02 9.093287085937503886e-03
3.470000000000000000e+02 8.621066343749995628e-03
3.480000000000000000e+02 8.186358171874999826e-03
3.490000000000000000e+02 7.789512843749997126e-03
3.500000000000000000e+02 7.430668539062498280e-03
3.510000000000000000e+02 7.109678140624997242e-03
3.520000000000000000e+02 6.826488413281247246e-03
3.530000000000000000e+02 6.581304636718752869e-03
3.540000000000000000e+02 6.374635264062505392e-03
3.550000000000000000e+02 6.207482015624996366e-03
3.560000000000000000e+02 6.081342762499996300e-03
3.570000000000000000e+02 5.998138468750002436e-03
3.580000000000000000e+02 5.960084239062504209e-03
3.590000000000000000e+02 5.969599304687502571e-03
3.600000000000000000e+02 6.028902671875000993e-03
3.610000000000000000e+02 6.140144687499995459e-03
3.620000000000000000e+02 6.304811437500001080e-03
3.630000000000000000e+02 6.523729249999998814e-03
3.640000000000000000e+02 6.796775734374997137e-03
3.650000000000000000e+02 7.122749609375001248e-03
3.660000000000000000e+02 7.499241171874997981e-03
3.670000000000000000e+02 7.922360312500001389e-03
3.680000000000000000e+02 8.386929453124998893e-03
3.690000000000000000e+02 8.886077031250005226e-03
3.700000000000000000e+02 9.411615781250003837e-03
3.710000000000000000e+02 9.954042578125000748e-03
3.720000000000000000e+02 1.050261460937499704e-02
3.730000000000000000e+02 1.104558632812500420e-02
3.740000000000000000e+02 1.157070999999999794e-02
3.750000000000000000e+02 1.206522578125000279e-02
3.760000000000000000e+02 1.251659545312500295e-02
3.770000000000000000e+02 1.291264332031250017e-02
3.780000000000000000e+02 1.324231419531249690e-02
3.790000000000000000e+02 1.349594784218750669e-02
3.800000000000000000e+02 1.366580340937499811e-02
3.810000000000000000e+02 1.374650549531250196e-02
3.820000000000000000e+02 1.373511384375000234e-02
3.830000000000000000e+02 1.363145580468749958e-02
3.840000000000000000e+02 1.343784825000000384e-02
3.850000000000000000e+02 1.315917989062500258e-02
3.860000000000000000e+02 1.280238550000000960e-02
3.870000000000000000e+02 1.237635360156250780e-02
3.880000000000000000e+02 1.189124863281249694e-02
3.890000000000000000e+02 1.135851510937499996e-02
3.900000000000000000e+02 1.079020178906250384e-02
3.910000000000000000e+02 1.019873546875000106e-02
3.920000000000000000e+02 9.596627093750002488e-03
3.930000000000000000e+02 8.995889187499998135e-03
3.940000000000000000e+02 8.407870007812503696e-03
3.950000000000000000e+02 7.842773828124999930e-03
3.960000000000000000e+02 7.309424585937500038e-03
3.970000000000000000e+02 6.814874398437498551e-03
3.980000000000000000e+02 6.364395703125003655e-03
3.990000000000000000e+02 5.961180468750000572e-03
4.000000000000000000e+02 5.606584609374998772e-03
4.010000000000000000e+02 5.300135234375000400e-03
4.020000000000000000e+02 5.039673671875001537e-03
4.030000000000000000e+02 4.821641398437499781e-03
4.040000000000000000e+02 4.641201734218748480e-03
4.050000000000000000e+02 4.492751140625000049e-03
4.060000000000000000e+02 4.369990601562498411e-03
4.070000000000000000e+02 4.266362859375000087e-03
4.080000000000000000e+02 4.175534414062499408e-03
4.090000000000000000e+02 4.091574716406250894e-03
4.100000000000000000e+02 4.009732966015624490e-03
4.110000000000000000e+02 3.926626959374999483e-03
4.120000000000000000e+02 3.840488914062500578e-03
4.130000000000000000e+02 3.751328328125000215e-03
4.140000000000000000e+02 3.660672187500000566e-03
4.150000000000000000e+02 3.571250351562501972e-03
4.160000000000000000e+02 3.486569562499999397e-03
4.170000000000000000e+02 3.410502764843749684e-03
4.180000000000000000e+02 3.346868078124998896e-03
4.190000000000000000e+02 3.299019164062500821e-03
4.200000000000000000e+02 3.269418812500000070e-03
4.210000000000000000e+02 3.259346515624999066e-03
4.220000000000000000e+02 3.268658787656250793e-03
4.230000000000000000e+02 3.295718371093750345e-03
4.240000000000000000e+02 3.337500414843750686e-03
4.250000000000000000e+02 3.389836812500001111e-03
4.260000000000000000e+02 3.447696796875000108e-03
4.270000000000000000e+02 3.505403692968749041e-03
4.280000000000000000e+02 3.557069718750000432e-03
4.290000000000000000e+02 3.596695242187501404e-03
4.300000000000000000e+02 3.618709093750001153e-03
4.310000000000000000e+02 3.618339660937499539e-03
4.320000000000000000e+02 3.592168060156249957e-03
4.330000000000000000e+02 3.538428171875000056e-03
4.340000000000000000e+02 3.457277054687500975e-03
4.350000000000000000e+02 3.350921125000000996e-03
4.360000000000000000e+02 3.223272390624998610e-03
4.370000000000000000e+02 3.079685737499998979e-03
4.380000000000000000e+02 2.926557539062497101e-03
4.390000000000000000e+02 2.771039562500000886e-03
4.400000000000000000e+02 2.620719679687499512e-03
4.410000000000000000e+02 2.483359070312498532e-03
4.420000000000000000e+02 2.366291507812500351e-03
4.430000000000000000e+02 2.275589260156248277e-03
4.440000000000000000e+02 2.214986249218750623e-03
4.450000000000000000e+02 2.184981351562499067e-03
4.460000000000000000e+02 2.182460001562499478e-03
4.470000000000000000e+02 2.201047992187499941e-03
4.480000000000000000e+02 2.232294648437500861e-03
4.490000000000000000e+02 2.267276812500002535e-03
4.500000000000000000e+02 2.298064820312500488e-03
4.510000000000000000e+02 2.318801406249998594e-03
4.520000000000000000e+02 2.326077210937499851e-03
4.530000000000000000e+02 2.318878343750000164e-03
4.540000000000000000e+02 2.298382749999999461e-03
4.550000000000000000e+02 2.267639453124999874e-03
4.560000000000000000e+02 2.231204781249999675e-03
4.570000000000000000e+02 2.194623554687499638e-03
4.580000000000000000e+02 2.163588335937499749e-03
4.590000000000000000e+02 2.142968851562500072e-03
4.600000000000000000e+02 2.135683859375000614e-03
4.610000000000000000e+02 2.141930789062499590e-03
4.620000000000000000e+02 2.159012013281250315e-03
4.630000000000000000e+02 2.182094189062499037e-03
4.640000000000000000e+02 2.205844098437501413e-03
4.650000000000000000e+02 2.226414601562499811e-03
4.660000000000000000e+02 2.242813800781251390e-03
4.670000000000000000e+02 2.256835804296875199e-03
4.680000000000000000e+02 2.271459453124999306e-03
4.690000000000000000e+02 2.288332874999999666e-03
4.700000000000000000e+02 2.305847289062499823e-03
4.710000000000000000e+02 2.318906374999999288e-03
4.720000000000000000e+02 2.320805312499999405e-03
4.730000000000000000e+02 2.306532348437501101e-03
4.740000000000000000e+02 2.276273499999999401e-03
4.750000000000000000e+02 2.237785343750000201e-03
4.760000000000000000e+02 2.206782710937500724e-03
4.770000000000000000e+02 2.205323781250000809e-03
4.780000000000000000e+02 2.258576039062500183e-03
4.790000000000000000e+02 2.390846825781248793e-03
4.800000000000000000e+02 2.621314062499998689e-03
4.810000000000000000e+02 2.959938165859375345e-03
4.820000000000000000e+02 3.404153778125000238e-03
4.830000000000000000e+02 3.936806835156249872e-03
4.840000000000000000e+02 4.526026281796875599e-03
4.850000000000000000e+02 5.127841873437499580e-03
4.860000000000000000e+02 5.690201645312501118e-03
4.870000000000000000e+02 6.159220377343749102e-03
4.880000000000000000e+02 6.485758392187498077e-03
4.890000000000000000e+02 6.631912695312497906e-03
4.900000000000000000e+02 6.576749257812499437e-03
4.910000000000000000e+02 6.319696960937498491e-03
4.920000000000000000e+02 5.881467949218748340e-03
4.930000000000000000e+02 5.302083627343748967e-03
4.940000000000000000e+02 4.634897121093751148e-03
4.950000000000000000e+02 3.938854816406249341e-03
4.960000000000000000e+02 3.269823389531250398e-03
4.970000000000000000e+02 2.672959994609374387e-03
4.980000000000000000e+02 2.178528146874999898e-03
4.990000000000000000e+02 1.801284985937499829e-03
5.000000000000000000e+02 1.543631953124999885e-03
5.010000000000000000e+02 1.401100062500000576e-03
5.020000000000000000e+02 1.368705976562499278e-03
5.030000000000000000e+02 1.445820937499999945e-03
5.040000000000000000e+02 1.637174453124999466e-03
5.050000000000000000e+02 1.948788828125000124e-03
5.060000000000000000e+02 2.380041171874999750e-03
5.070000000000000000e+02 2.914847968750000282e-03
5.080000000000000000e+02 3.515413515625000814e-03
5.090000000000000000e+02 4.122502710937500821e-03
5.100000000000000000e+02 4.666127421875001027e-03
5.110000000000000000e+02 5.090483750000000286e-03
