0.000000000000000000e+00 2.268028984374999689e-05
1.000000000000000000e+00 2.268057812500000710e-05
2.000000000000000000e+00 2.268111249999999959e-05
3.000000000000000000e+00 2.268190859374999324e-05
4.000000000000000000e+00 2.268295859374998876e-05
5.000000000000000000e+00 2.268431015625000242e-05
6.000000000000000000e+00 2.268597265625000014e-05
7.000000000000000000e+00 2.268789374999999456e-05
8.000000000000000000e+00 2.269011796875000425e-05
9.000000000000000000e+00 2.269264453125000185e-05
1.000000000000000000e+01 2.269559531250000520e-05
1.100000000000000000e+01 2.269884921875000688e-05
1.200000000000000000e+01 2.270249375000000285e-05
1.300000000000000000e+01 2.270646249999999758e-05
1.400000000000000000e+01 2.271095234375000737e-05
1.500000000000000000e+01 2.271580234375000445e-05
1.600000000000000000e+01 2.272114375000000987e-05
1.700000000000000000e+01 2.272703203125000525e-05
1.800000000000000000e+01 2.273337421874999280e-05
1.900000000000000000e+01 2.274034531249999490e-05
2.000000000000000000e+01 2.274780312499999696e-05
2.100000000000000000e+01 2.275590468749999831e-05
2.200000000000000000e+01 2.276470000000000585e-05
2.300000000000000000e+01 2.277415859375000239e-05
2.400000000000000000e+01 2.278436875000000112e-05
2.500000000000000000e+01 2.279533437499999657e-05
2.600000000000000000e+01 2.280715937500000387e-05
2.700000000000000000e+01 2.281976796875000054e-05
2.800000000000000000e+01 2.283342187500000470e-05
2.900000000000000000e+01 2.284794374999998636e-05
3.000000000000000000e+01 2.286346796875000150e-05
3.100000000000000000e+01 2.288007578125000329e-05
3.200000000000000000e+01 2.289777265624999699e-05
3.300000000000000000e+01 2.291668749999999945e-05
3.400000000000000000e+01 2.293686249999999795e-05
3.500000000000000000e+01 2.295828437500000490e-05
3.600000000000000000e+01 2.298109687499999817e-05
3.700000000000000000e+01 2.300528671874999017e-05
3.800000000000000000e+01 2.303104453124999509e-05
3.900000000000000000e+01 2.305832031249999925e-05
4.000000000000000000e+01 2.308721093750000183e-05
4.100000000000000000e+01 2.311787031250001463e-05
4.200000000000000000e+01 2.315024687500000653e-05
4.300000000000000000e+01 2.318455156250000542e-05
4.400000000000000000e+01 2.322077421874999426e-05
4.500000000000000000e+01 2.325901874999999495e-05
4.600000000000000000e+01 2.329940312500000706e-05
4.700000000000000000e+01 2.334190078124999781e-05
4.800000000000000000e+01 2.338676484374999591e-05
4.900000000000000000e+01 2.343400468750000119e-05
5.000000000000000000e+01 2.348370546874999524e-05
5.100000000000000000e+01 2.353600078124999990e-05
5.200000000000000000e+01 2.359094218750000903e-05
5.300000000000000000e+01 2.364868046874999953e-05
5.400000000000000000e+01 2.370933437500000171e-05
5.500000000000000000e+01 2.377289921874999704e-05
5.600000000000000000e+01 2.383966718750000385e-05
5.700000000000000000e+01 2.390957734375000134e-05
5.800000000000000000e+01 2.398282031249998676e-05
5.900000000000000000e+01 2.405959218750000327e-05
6.000000000000000000e+01 2.413985937499999875e-05
6.100000000000000000e+01 2.422384375000000142e-05
6.200000000000000000e+01 2.431164843749999564e-05
6.300000000000000000e+01 2.440350781250000034e-05
6.400000000000000000e+01 2.449928125000000822e-05
6.500000000000000000e+01 2.459938281250000802e-05
6.600000000000000000e+01 2.470385156250000627e-05
6.700000000000000000e+01 2.481284374999998850e-05
6.800000000000000000e+01 2.492650781250000194e-05
6.900000000000000000e+01 2.504498437500000984e-05
7.000000000000000000e+01 2.516841406249999916e-05
7.100000000000000000e+01 2.529699218750000602e-05
7.200000000000000000e+01 2.543078124999999752e-05
7.300000000000000000e+01 2.557014062500000473e-05
7.400000000000000000e+01 2.571501562500000222e-05
7.500000000000000000e+01 2.586575000000000557e-05
7.600000000000000000e+01 2.602242187500001093e-05
7.700000000000000000e+01 2.618524218749998858e-05
7.800000000000000000e+01 2.635442968750000296e-05
7.900000000000000000e+01 2.653017968749999870e-05
8.000000000000000000e+01 2.671260156249999614e-05
8.100000000000000000e+01 2.690195312499999174e-05
8.200000000000000000e+01 2.709837499999999955e-05
8.300000000000000000e+01 2.730214062500001119e-05
8.400000000000000000e+01 2.751346874999999282e-05
8.500000000000000000e+01 2.773257031249999944e-05
8.600000000000000000e+01 2.795956249999998630e-05
8.700000000000000000e+01 2.819478906249999270e-05
8.800000000000000000e+01 2.843846875000000175e-05
8.900000000000000000e+01 2.869077343750000430e-05
9.000000000000000000e+01 2.895204687500000238e-05
9.100000000000000000e+01 2.922245312500000450e-05
9.200000000000000000e+01 2.950218749999999594e-05
9.300000000000000000e+01 2.979161718749999351e-05
9.400000000000000000e+01 3.009099218750001129e-05
9.500000000000000000e+01 3.040047656250000697e-05
9.600000000000000000e+01 3.072042968750000826e-05
9.700000000000000000e+01 3.105123437500001014e-05
9.800000000000000000e+01 3.139300000000001605e-05
9.900000000000000000e+01 3.174604687499998614e-05
1.000000000000000000e+02 3.211074218749999817e-05
1.010000000000000000e+02 3.248734374999999778e-05
1.020000000000000000e+02 3.287615624999999398e-05
1.030000000000000000e+02 3.327753125000000502e-05
1.040000000000000000e+02 3.369181250000001938e-05
1.050000000000000000e+02 3.411928906249999332e-05
1.060000000000000000e+02 3.456025781249997387e-05
1.070000000000000000e+02 3.501514062499998291e-05
1.080000000000000000e+02 3.548430468749998304e-05
1.090000000000000000e+02 3.596808593749998716e-05
1.100000000000000000e+02 3.646680468750000285e-05
1.110000000000000000e+02 3.698089062500000047e-05
1.120000000000000000e+02 3.751074218750000068e-05
1.130000000000000000e+02 3.805669531250000285e-05
1.140000000000000000e+02 3.861925781249999040e-05
1.150000000000000000e+02 3.919867187499999849e-05
1.160000000000000000e+02 3.979558593749999752e-05
1.170000000000000000e+02 4.041020312499999577e-05
1.180000000000000000e+02 4.104311718750000597e-05
1.190000000000000000e+02 4.169468750000001516e-05
1.200000000000000000e+02 4.236540625000001498e-05
1.210000000000000000e+02 4.305578124999998886e-05
1.220000000000000000e+02 4.376621875000000081e-05
1.230000000000000000e+02 4.449721093749998827e-05
1.240000000000000000e+02 4.524937500000000585e-05
1.250000000000000000e+02 4.602310156250000379e-05
1.260000000000000000e+02 4.681896093749998684e-05
1.270000000000000000e+02 4.763742968750000231e-05
1.280000000000000000e+02 4.847917968749999472e-05
1.290000000000000000e+02 4.934459375000001328e-05
1.300000000000000000e+02 5.023442187499999528e-05
1.310000000000000000e+02 5.114913281250003279e-05
1.320000000000000000e+02 5.208931249999999358e-05
1.330000000000000000e+02 5.305557812500000681e-05
1.340000000000000000e+02 5.404864062500001676e-05
1.350000000000000000e+02 5.506903125000000128e-05
1.360000000000000000e+02 5.611746093749998598e-05
1.370000000000000000e+02 5.719453125000000660e-05
1.380000000000000000e+02 5.830096093749998973e-05
1.390000000000000000e+02 5.943741406249999920e-05
1.400000000000000000e+02 6.060462499999997373e-05
1.410000000000000000e+02 6.180328125000001901e-05
1.420000000000000000e+02 6.303414062499997333e-05
1.430000000000000000e+02 6.429801562500000534e-05
1.440000000000000000e+02 6.559557031249995524e-05
1.450000000000000000e+02 6.692758593749999457e-05
1.460000000000000000e+02 6.829496093749998925e-05
1.470000000000000000e+02 6.969846093750003773e-05
1.480000000000000000e+02 7.113895312499998172e-05
1.490000000000000000e+02 7.261730468750002884e-05
1.500000000000000000e+02 7.413428906250000238e-05
1.510000000000000000e+02 7.569092968749998706e-05
1.520000000000000000e+02 7.728803125000002013e-05
1.530000000000000000e+02 7.892662499999997890e-05
1.540000000000000000e+02 8.060756249999998435e-05
1.550000000000000000e+02 8.233186718749999924e-05
1.560000000000000000e+02 8.410063281250000351e-05
1.570000000000000000e+02 8.591498437499997423e-05
1.580000000000000000e+02 8.777549218749995002e-05
1.590000000000000000e+02 8.968321875000002214e-05
1.600000000000000000e+02 9.163990625000001898e-05
1.610000000000000000e+02 9.364621093750000169e-05
1.620000000000000000e+02 9.570358593749997791e-05
1.630000000000000000e+02 9.781208593749998661e-05
1.640000000000000000e+02 9.997455468749996753e-05
1.650000000000000000e+02 1.021911875000000212e-04
1.660000000000000000e+02 1.044629921874999965e-04
1.670000000000000000e+02 1.067923593749999634e-04
1.680000000000000000e+02 1.091793203125000409e-04
1.690000000000000000e+02 1.116259140625000908e-04
1.700000000000000000e+02 1.141334062499999350e-04
1.710000000000000000e+02 1.167027578125000704e-04
1.720000000000000000e+02 1.193362343750000365e-04
1.730000000000000000e+02 1.220343124999999888e-04
1.740000000000000000e+02 1.247987031250000027e-04
1.750000000000000000e+02 1.276312343749999969e-04
1.760000000000000000e+02 1.305331328124999897e-04
1.770000000000000000e+02 1.335062578124999782e-04
1.780000000000000000e+02 1.365515625000000843e-04
1.790000000000000000e+02 1.396713281250000016e-04
1.800000000000000000e+02 1.428672656249999409e-04
1.810000000000000000e+02 1.461403906250000994e-04
1.820000000000000000e+02 1.494932031250000286e-04
1.830000000000000000e+02 1.529266406249998856e-04
1.840000000000000000e+02 1.564435156250000331e-04
1.850000000000000000e+02 1.600449218749999496e-04
1.860000000000000000e+02 1.637325781249999773e-04
1.870000000000000000e+02 1.675090624999998976e-04
1.880000000000000000e+02 1.713758593750000947e-04
1.890000000000000000e+02 1.753348437499999612e-04
1.900000000000000000e+02 1.793885156249999972e-04
1.910000000000000000e+02 1.835388281250001504e-04
1.920000000000000000e+02 1.877874999999999499e-04
1.930000000000000000e+02 1.921374218749999612e-04
1.940000000000000000e+02 1.965903124999999845e-04
1.950000000000000000e+02 2.011488281250000852e-04
1.960000000000000000e+02 2.058146093750001316e-04
1.970000000000000000e+02 2.105903124999999453e-04
1.980000000000000000e+02 2.154782812500001359e-04
1.990000000000000000e+02 2.204814062499999949e-04
2.000000000000000000e+02 2.256010937500000290e-04
2.010000000000000000e+02 2.308419531249999534e-04
2.020000000000000000e+02 2.362043750000001046e-04
2.030000000000000000e+02 2.416918750000001228e-04
2.040000000000000000e+02 2.473077343750001511e-04
2.050000000000000000e+02 2.530539843750000150e-04
2.060000000000000000e+02 2.589329687499999444e-04
2.070000000000000000e+02 2.649485937499999433e-04
2.080000000000000000e+02 2.711039062499999257e-04
2.090000000000000000e+02 2.774005468750001123e-04
2.100000000000000000e+02 2.838424218750001276e-04
2.110000000000000000e+02 2.904330468750001269e-04
2.120000000000000000e+02 2.971751562500000803e-04
2.130000000000000000e+02 3.040714062499999450e-04
2.140000000000000000e+02 3.111261718749998577e-04
2.150000000000000000e+02 3.183409375000001212e-04
2.160000000000000000e+02 3.257212499999998217e-04
2.170000000000000000e+02 3.332706249999997108e-04
2.180000000000000000e+02 3.409903906250000109e-04
2.190000000000000000e+02 3.488862499999998887e-04
2.200000000000000000e+02 3.569605468750000079e-04
2.210000000000000000e+02 3.652166406250000638e-04
2.220000000000000000e+02 3.736605468749999259e-04
2.230000000000000000e+02 3.822950781249998486e-04
2.240000000000000000e+02 3.911230468750000861e-04
2.250000000000000000e+02 4.001493749999999452e-04
2.260000000000000000e+02 4.093789843750001963e-04
2.270000000000000000e+02 4.188142968749998898e-04
2.280000000000000000e+02 4.284613281249995999e-04
2.290000000000000000e+02 4.383230468750001492e-04
2.300000000000000000e+02 4.484037499999995471e-04
2.310000000000000000e+02 4.587097656249999921e-04
2.320000000000000000e+02 4.692436718750001815e-04
2.330000000000000000e+02 4.800108593750000967e-04
2.340000000000000000e+02 4.910154687500001064e-04
2.350000000000000000e+02 5.022641406250001302e-04
2.360000000000000000e+02 5.137588281249997908e-04
2.370000000000000000e+02 5.255067968749999258e-04
2.380000000000000000e+02 5.375122656249999411e-04
2.390000000000000000e+02 5.497810937500002219e-04
2.400000000000000000e+02 5.623171093750000543e-04
2.410000000000000000e+02 5.751264062500000256e-04
2.420000000000000000e+02 5.882139062500000388e-04
2.430000000000000000e+02 6.015857031249999222e-04
2.440000000000000000e+02 6.152474218750001844e-04
2.450000000000000000e+02 6.292039062500002274e-04
2.460000000000000000e+02 6.434608593750001937e-04
2.470000000000000000e+02 6.580253124999999601e-04
2.480000000000000000e+02 6.729019531250000951e-04
2.490000000000000000e+02 6.880972656250002213e-04
2.500000000000000000e+02 7.036163281250000512e-04
2.510000000000000000e+02 7.194670312499997682e-04
2.520000000000000000e+02 7.356539062500000231e-04
2.530000000000000000e+02 7.521860156250000573e-04
2.540000000000000000e+02 7.690649218749995904e-04
2.550000000000000000e+02 7.863003906250000960e-04
2.560000000000000000e+02 8.038989843750000714e-04
2.570000000000000000e+02 8.218704687500003395e-04
2.580000000000000000e+02 8.402161718749997675e-04
2.590000000000000000e+02 8.589425781250002549e-04
2.600000000000000000e+02 8.780619531250001162e-04
2.610000000000000000e+02 8.975745312499995533e-04
2.620000000000000000e+02 9.174906249999998601e-04
2.630000000000000000e+02 9.378214062500004689e-04
2.640000000000000000e+02 9.585707812500001909e-04
2.650000000000000000e+02 9.797420312499997928e-04
2.660000000000000000e+02 1.001350078124999985e-03
2.670000000000000000e+02 1.023397812500000548e-03
2.680000000000000000e+02 1.045892734375000570e-03
2.690000000000000000e+02 1.068841640625000158e-03
2.700000000000000000e+02 1.092257187500000242e-03
2.710000000000000000e+02 1.116143749999999385e-03
2.720000000000000000e+02 1.140507109374999965e-03
2.730000000000000000e+02 1.165360000000000050e-03
2.740000000000000000e+02 1.190706562499999847e-03
2.750000000000000000e+02 1.216550703124999249e-03
2.760000000000000000e+02 1.242914921875000077e-03
2.770000000000000000e+02 1.269788359374999587e-03
2.780000000000000000e+02 1.297201640625000310e-03
2.790000000000000000e+02 1.325134375000000184e-03
2.800000000000000000e+02 1.353617890625000934e-03
2.810000000000000000e+02 1.382653124999999898e-03
2.820000000000000000e+02 1.412251562499999705e-03
2.830000000000000000e+02 1.442416406249999753e-03
2.840000000000000000e+02 1.473153124999999767e-03
2.850000000000000000e+02 1.504478906250000239e-03
2.860000000000000000e+02 1.536397656250000198e-03
2.870000000000000000e+02 1.568914843750000019e-03
2.880000000000000000e+02 1.602043749999999865e-03
2.890000000000000000e+02 1.635789843750000113e-03
2.900000000000000000e+02 1.670168750000000342e-03
2.910000000000000000e+02 1.705170312500000045e-03
2.920000000000000000e+02 1.740821875000000442e-03
2.930000000000000000e+02 1.777121875000000186e-03
2.940000000000000000e+02 1.814083593750000310e-03
2.950000000000000000e+02 1.851708593750001509e-03
2.960000000000000000e+02 1.890010937500000284e-03
2.970000000000000000e+02 1.928991406250000346e-03
2.980000000000000000e+02 1.968667968750000691e-03
2.990000000000000000e+02 2.009039843749999780e-03
3.000000000000000000e+02 2.050114062499999983e-03
3.010000000000000000e+02 2.091906249999998715e-03
3.020000000000000000e+02 2.134419531249999533e-03
3.030000000000000000e+02 2.177664062500000129e-03
3.040000000000000000e+02 2.221633593749999021e-03
3.050000000000000000e+02 2.266342968750001408e-03
3.060000000000000000e+02 2.311803906250000686e-03
3.070000000000000000e+02 2.358018749999999959e-03
3.080000000000000000e+02 2.404993749999999840e-03
3.090000000000000000e+02 2.452732812500000442e-03
3.100000000000000000e+02 2.501232031250000785e-03
3.110000000000000000e+02 2.550521875000000879e-03
3.120000000000000000e+02 2.600581250000000115e-03
3.130000000000000000e+02 2.651434375000000492e-03
3.140000000000000000e+02 2.703076562500000141e-03
3.150000000000000000e+02 2.755507031250001640e-03
3.160000000000000000e+02 2.808732812499998687e-03
3.170000000000000000e+02 2.862764062499999380e-03
3.180000000000000000e+02 2.917590625000001259e-03
3.190000000000000000e+02 2.973220312499998911e-03
3.200000000000000000e+02 3.029654687500001053e-03
3.210000000000000000e+02 3.086893749999998580e-03
3.220000000000000000e+02 3.144946093750000844e-03
3.230000000000000000e+02 3.203796093749999591e-03
3.240000000000000000e+02 3.263457031249999540e-03
3.250000000000000000e+02 3.323914843749999851e-03
3.260000000000000000e+02 3.385177343749998582e-03
3.270000000000000000e+02 3.447239843750001236e-03
3.280000000000000000e+02 3.510088281249997867e-03
3.290000000000000000e+02 3.573732812499997875e-03
3.300000000000000000e+02 3.638159375000000854e-03
3.310000000000000000e+02 3.703361718750001422e-03
3.320000000000000000e+02 3.769339062499998689e-03
3.330000000000000000e+02 3.836075000000000422e-03
3.340000000000000000e+02 3.903563281249999937e-03
3.350000000000000000e+02 3.971792968750001256e-03
3.360000000000000000e+02 4.040753125000000161e-03
3.370000000000000000e+02 4.110442968749998364e-03
3.380000000000000000e+02 4.180820312500001593e-03
3.390000000000000000e+02 4.251905468750000888e-03
3.400000000000000000e+02 4.323648437500001752e-03
3.410000000000000000e+02 4.396056250000001352e-03
3.420000000000000000e+02 4.469095312499999154e-03
3.430000000000000000e+02 4.542757812499999270e-03
3.440000000000000000e+02 4.617008593750002859e-03
3.450000000000000000e+02 4.691835156250000020e-03
3.460000000000000000e+02 4.767200000000000083e-03
3.470000000000000000e+02 4.843087499999999997e-03
3.480000000000000000e+02 4.919464062500000963e-03
3.490000000000000000e+02 4.996303906250000072e-03
3.500000000000000000e+02 5.073564843750001316e-03
3.510000000000000000e+02 5.151225781249998449e-03
3.520000000000000000e+02 5.229239062499998342e-03
3.530000000000000000e+02 5.307567968749998637e-03
3.540000000000000000e+02 5.386180468750002316e-03
3.550000000000000000e+02 5.465026562500002738e-03
3.560000000000000000e+02 5.544064062499997822e-03
3.570000000000000000e+02 5.623247656250001010e-03
3.580000000000000000e+02 5.702525000000003425e-03
3.590000000000000000e+02 5.781841406250001758e-03
3.600000000000000000e+02 5.861148437500002424e-03
3.610000000000000000e+02 5.940382812499998832e-03
3.620000000000000000e+02 6.019489062499999363e-03
3.630000000000000000e+02 6.098407812499997971e-03
3.640000000000000000e+02 6.177067968749997383e-03
3.650000000000000000e+02 6.255395312499998500e-03
3.660000000000000000e+02 6.333331249999999205e-03
3.670000000000000000e+02 6.410797656249998117e-03
3.680000000000000000e+02 6.487708593749998837e-03
3.690000000000000000e+02 6.563996875000000300e-03
3.700000000000000000e+02 6.639571874999999034e-03
3.710000000000000000e+02 6.714350000000000873e-03
3.720000000000000000e+02 6.788233593750000842e-03
3.730000000000000000e+02 6.861132812499998526e-03
3.740000000000000000e+02 6.932957812500003050e-03
3.750000000000000000e+02 7.003602343750002686e-03
3.760000000000000000e+02 7.072960156250003051e-03
3.770000000000000000e+02 7.140923437499998444e-03
3.780000000000000000e+02 7.207385937499998819e-03
3.790000000000000000e+02 7.272235156250000075e-03
3.800000000000000000e+02 7.335341406250002819e-03
3.810000000000000000e+02 7.396590624999999433e-03
3.820000000000000000e+02 7.455859375000002849e-03
3.830000000000000000e+02 7.513014843749999706e-03
3.840000000000000000e+02 7.567924999999999652e-03
3.850000000000000000e+02 7.620453906250000513e-03
3.860000000000000000e+02 7.670464062499997467e-03
3.870000000000000000e+02 7.717803124999997842e-03
3.880000000000000000e+02 7.762333593750000288e-03
3.890000000000000000e+02 7.803903906250001313e-03
3.900000000000000000e+02 7.842354687500002405e-03
3.910000000000000000e+02 7.877539843749999798e-03
3.920000000000000000e+02 7.909294531249996124e-03
3.930000000000000000e+02 7.937453124999998763e-03
3.940000000000000000e+02 7.961854687500000485e-03
3.950000000000000000e+02 7.982328906250002465e-03
3.960000000000000000e+02 7.998705468749997202e-03
3.970000000000000000e+02 8.010819531250001208e-03
3.980000000000000000e+02 8.018492187499996759e-03
3.990000000000000000e+02 8.021548437500006581e-03
4.000000000000000000e+02 8.019813281249997886e-03
4.010000000000000000e+02 8.013110156250004626e-03
4.020000000000000000e+02 8.001264062500004423e-03
4.030000000000000000e+02 7.984088281249997546e-03
4.040000000000000000e+02 7.961428124999997760e-03
4.050000000000000000e+02 7.933090624999999951e-03
4.060000000000000000e+02 7.898903125000000455e-03
4.070000000000000000e+02 7.858711718749997882e-03
4.080000000000000000e+02 7.812330468749999896e-03
4.090000000000000000e+02 7.759614062499999715e-03
4.100000000000000000e+02 7.700389843750002350e-03
4.110000000000000000e+02 7.634510937499999240e-03
4.120000000000000000e+02 7.561837499999998942e-03
4.130000000000000000e+02 7.482227343749999968e-03
4.140000000000000000e+02 7.395549999999999867e-03
4.150000000000000000e+02 7.301704687500002247e-03
4.160000000000000000e+02 7.200562500000002100e-03
4.170000000000000000e+02 7.092050781249996903e-03
4.180000000000000000e+02 6.976073437500004276e-03
4.190000000000000000e+02 6.852591406249998809e-03
4.200000000000000000e+02 6.721549999999999747e-03
4.210000000000000000e+02 6.582925781249999476e-03
4.220000000000000000e+02 6.436708593750000741e-03
4.230000000000000000e+02 6.282946093750000141e-03
4.240000000000000000e+02 6.121681250000001080e-03
4.250000000000000000e+02 5.952996093749998545e-03
4.260000000000000000e+02 5.777006249999999329e-03
4.270000000000000000e+02 5.593858593749998984e-03
4.280000000000000000e+02 5.403747656249996596e-03
4.290000000000000000e+02 5.206899218749999961e-03
4.300000000000000000e+02 5.003591406249999728e-03
4.310000000000000000e+02 4.794159374999998162e-03
4.320000000000000000e+02 4.578968749999999706e-03
4.330000000000000000e+02 4.358473437500001366e-03
4.340000000000000000e+02 4.133171093749999671e-03
4.350000000000000000e+02 3.903624218749998653e-03
4.360000000000000000e+02 3.670487500000000659e-03
4.370000000000000000e+02 3.434468749999999588e-03
4.380000000000000000e+02 3.196400781249999438e-03
4.390000000000000000e+02 2.957160937500001585e-03
4.400000000000000000e+02 2.717767187500000174e-03
4.410000000000000000e+02 2.479299999999999386e-03
4.420000000000000000e+02 2.243001562499999380e-03
4.430000000000000000e+02 2.010198437500000570e-03
4.440000000000000000e+02 1.782376562499999716e-03
4.450000000000000000e+02 1.561126562500000058e-03
4.460000000000000000e+02 1.348235156249999196e-03
4.470000000000000000e+02 1.145619765624999878e-03
4.480000000000000000e+02 9.553692187500001766e-04
4.490000000000000000e+02 7.797748437500001033e-04
4.500000000000000000e+02 6.213106249999996973e-04
4.510000000000000000e+02 4.826664062499997623e-04
4.520000000000000000e+02 3.667564062499999861e-04
4.530000000000000000e+02 2.767359609375001032e-04
4.540000000000000000e+02 2.160164140624999988e-04
4.550000000000000000e+02 1.882813835937499397e-04
4.560000000000000000e+02 1.975062203124999490e-04
4.570000000000000000e+02 2.479795234374999467e-04
4.580000000000000000e+02 3.443187500000001260e-04
4.590000000000000000e+02 4.914941406250000148e-04
4.600000000000000000e+02 6.948531250000003099e-04
4.610000000000000000e+02 9.601410156250005015e-04
4.620000000000000000e+02 1.293534453125000459e-03
4.630000000000000000e+02 1.701647656249999797e-03
4.640000000000000000e+02 2.191605468749999435e-03
4.650000000000000000e+02 2.771008593750001574e-03
4.660000000000000000e+02 3.448028125000000051e-03
4.670000000000000000e+02 4.231399999999998877e-03
4.680000000000000000e+02 5.130493750000000332e-03
4.690000000000000000e+02 6.155300781250003760e-03
4.700000000000000000e+02 7.316539843750001666e-03
4.710000000000000000e+02 8.625632812499998969e-03
4.720000000000000000e+02 1.009482343750000254e-02
4.730000000000000000e+02 1.173714843750000084e-02
4.740000000000000000e+02 1.356651562499999915e-02
4.750000000000000000e+02 1.559780468750000815e-02
4.760000000000000000e+02 1.784691406250000709e-02
4.770000000000000000e+02 2.033066406249999999e-02
4.780000000000000000e+02 2.306718750000001650e-02
4.790000000000000000e+02 2.607550781249998867e-02
4.800000000000000000e+02 2.937617968749998629e-02
4.810000000000000000e+02 3.299101562499998780e-02
4.820000000000000000e+02 3.694311718750001305e-02
4.830000000000000000e+02 4.125711718749998369e-02
4.840000000000000000e+02 4.595941406249998140e-02
4.850000000000000000e+02 5.107775781249999925e-02
4.860000000000000000e+02 5.664182812499999470e-02
4.870000000000000000e+02 6.268325781250000395e-02
4.880000000000000000e+02 6.923545312499997106e-02
4.890000000000000000e+02 7.633414062499999098e-02
4.900000000000000000e+02 8.401706250000001708e-02
4.910000000000000000e+02 9.232445312500003887e-02
4.920000000000000000e+02 1.012986640624999463e-01
4.930000000000000000e+02 1.109858593750000511e-01
4.940000000000000000e+02 1.214334375000000049e-01
4.950000000000000000e+02 1.326923437500000524e-01
4.960000000000000000e+02 1.448164062499999738e-01
4.970000000000000000e+02 1.578634374999999812e-01
4.980000000000000000e+02 1.718939843749999474e-01
4.990000000000000000e+02 1.869733593750000367e-01
5.000000000000000000e+02 2.031693749999999299e-01
5.010000000000000000e+02 2.205544531249999662e-01
5.020000000000000000e+02 2.392053906250000139e-01
5.030000000000000000e+02 2.592036718749999857e-01
5.040000000000000000e+02 2.806355468749998638e-01
5.050000000000000000e+02 3.035921875000000547e-01
5.060000000000000000e+02 3.281699218750001590e-01
5.070000000000000000e+02 3.544731250000000000e-01
5.080000000000000000e+02 3.826078906249997802e-01
5.090000000000000000e+02 4.126896875000000131e-01
5.100000000000000000e+02 4.448398437500000191e-01
5.110000000000000000e+02 4.791878906249999459e-01
