0.000000000000000000e+00 1.322817499999999977e-05
1.000000000000000000e+00 1.322997578124999890e-05
2.000000000000000000e+00 1.323355078124999827e-05
3.000000000000000000e+00 1.323894531249999300e-05
4.000000000000000000e+00 1.324611406250000491e-05
5.000000000000000000e+00 1.325506015625001134e-05
6.000000000000000000e+00 1.326586562500000809e-05
7.000000000000000000e+00 1.327846093749999177e-05
8.000000000000000000e+00 1.329290234375000019e-05
9.000000000000000000e+00 1.330918828124998709e-05
1.000000000000000000e+01 1.332729453125000011e-05
1.100000000000000000e+01 1.334728984374999663e-05
1.200000000000000000e+01 1.336913671875000112e-05
1.300000000000000000e+01 1.339286874999999625e-05
1.400000000000000000e+01 1.341851875000000506e-05
1.500000000000000000e+01 1.344613593750000198e-05
1.600000000000000000e+01 1.347565624999998889e-05
1.700000000000000000e+01 1.350711718749999213e-05
1.800000000000000000e+01 1.354064453125000884e-05
1.900000000000000000e+01 1.357612265624999960e-05
2.000000000000000000e+01 1.361363906250000272e-05
2.100000000000000000e+01 1.365326562500000374e-05
2.200000000000000000e+01 1.369494453124999481e-05
2.300000000000000000e+01 1.373875703125000194e-05
2.400000000000000000e+01 1.378470078124999892e-05
2.500000000000000000e+01 1.383285703124999651e-05
2.600000000000000000e+01 1.388321171874999501e-05
2.700000000000000000e+01 1.393581249999999711e-05
2.800000000000000000e+01 1.399073984374999976e-05
2.900000000000000000e+01 1.404795859375000113e-05
3.000000000000000000e+01 1.410755468749999496e-05
3.100000000000000000e+01 1.416960859374999852e-05
3.200000000000000000e+01 1.423410703124999881e-05
3.300000000000000000e+01 1.430099218750000322e-05
3.400000000000000000e+01 1.437053828125000023e-05
3.500000000000000000e+01 1.444260937499999600e-05
3.600000000000000000e+01 1.451739140625000143e-05
3.700000000000000000e+01 1.459483437500000622e-05
3.800000000000000000e+01 1.467498906249999553e-05
3.900000000000000000e+01 1.475797656250000385e-05
4.000000000000000000e+01 1.484383124999999888e-05
4.100000000000000000e+01 1.493258750000000418e-05
4.200000000000000000e+01 1.502435312500000402e-05
4.300000000000000000e+01 1.511909765625000493e-05
4.400000000000000000e+01 1.521698906249999305e-05
4.500000000000000000e+01 1.531802421874999950e-05
4.600000000000000000e+01 1.542232656250000199e-05
4.700000000000000000e+01 1.552993671874998389e-05
4.800000000000000000e+01 1.564094453124999955e-05
4.900000000000000000e+01 1.575536874999999777e-05
5.000000000000000000e+01 1.587337343750000061e-05
5.100000000000000000e+01 1.599495390625001325e-05
5.200000000000000000e+01 1.612026171875000267e-05
5.300000000000000000e+01 1.624932890625000690e-05
5.400000000000000000e+01 1.638229999999999729e-05
5.500000000000000000e+01 1.651915312499999350e-05
5.600000000000000000e+01 1.666011718750000243e-05
5.700000000000000000e+01 1.680518671875001204e-05
5.800000000000000000e+01 1.695451718750000421e-05
5.900000000000000000e+01 1.710821484375000501e-05
6.000000000000000000e+01 1.726624531250000609e-05
6.100000000000000000e+01 1.742888281249998578e-05
6.200000000000000000e+01 1.759615390624999718e-05
6.300000000000000000e+01 1.776817187500000776e-05
6.400000000000000000e+01 1.794508671874999074e-05
6.500000000000000000e+01 1.812699609375000316e-05
6.600000000000000000e+01 1.831396015624999775e-05
6.700000000000000000e+01 1.850617031250001947e-05
6.800000000000000000e+01 1.870373281249998595e-05
6.900000000000000000e+01 1.890675703125001243e-05
7.000000000000000000e+01 1.911537890625000972e-05
7.100000000000000000e+01 1.932974140624998933e-05
7.200000000000000000e+01 1.955002421874999218e-05
7.300000000000000000e+01 1.977631953125001923e-05
7.400000000000000000e+01 2.000869765624999620e-05
7.500000000000000000e+01 2.024753125000000611e-05
7.600000000000000000e+01 2.049273203124999854e-05
7.700000000000000000e+01 2.074460390624999919e-05
7.800000000000000000e+01 2.100321484375000414e-05
7.900000000000000000e+01 2.126877968750000194e-05
8.000000000000000000e+01 2.154149453125001203e-05
8.100000000000000000e+01 2.182154140625000840e-05
8.200000000000000000e+01 2.210894062500000812e-05
8.300000000000000000e+01 2.240398671874999306e-05
8.400000000000000000e+01 2.270694296874997169e-05
8.500000000000000000e+01 2.301786093749999884e-05
8.600000000000000000e+01 2.333704843749999654e-05
8.700000000000000000e+01 2.366460859374998978e-05
8.800000000000000000e+01 2.400076796875001177e-05
8.900000000000000000e+01 2.434576796875000931e-05
9.000000000000000000e+01 2.469984062500001749e-05
9.100000000000000000e+01 2.506314531250000932e-05
9.200000000000000000e+01 2.543590156250000547e-05
9.300000000000000000e+01 2.581836796874999924e-05
9.400000000000000000e+01 2.621081562500001533e-05
9.500000000000000000e+01 2.661343828125000460e-05
9.600000000000000000e+01 2.702654296875002093e-05
9.700000000000000000e+01 2.745024765624999951e-05
9.800000000000000000e+01 2.788495000000001836e-05
9.900000000000000000e+01 2.833083046874999671e-05
1.000000000000000000e+02 2.878817890625001306e-05
1.010000000000000000e+02 2.925736640624999746e-05
1.020000000000000000e+02 2.973850781250000262e-05
1.030000000000000000e+02 3.023208593749998312e-05
1.040000000000000000e+02 3.073825000000000678e-05
1.050000000000000000e+02 3.125728124999998993e-05
1.060000000000000000e+02 3.178964843750001451e-05
1.070000000000000000e+02 3.233553906250000891e-05
1.080000000000000000e+02 3.289535156249998027e-05
1.090000000000000000e+02 3.346937499999998650e-05
1.100000000000000000e+02 3.405801562500001026e-05
1.110000000000000000e+02 3.466146874999998943e-05
1.120000000000000000e+02 3.528031250000000595e-05
1.130000000000000000e+02 3.591474218750000444e-05
1.140000000000000000e+02 3.656521093750000391e-05
1.150000000000000000e+02 3.723216406249998001e-05
1.160000000000000000e+02 3.791582031250000735e-05
1.170000000000000000e+02 3.861671093749998926e-05
1.180000000000000000e+02 3.933524218750001006e-05
1.190000000000000000e+02 4.007175781249998369e-05
1.200000000000000000e+02 4.082681249999999088e-05
1.210000000000000000e+02 4.160072656250001887e-05
1.220000000000000000e+02 4.239407812499998700e-05
1.230000000000000000e+02 4.320718749999997061e-05
1.240000000000000000e+02 4.404066406250002841e-05
1.250000000000000000e+02 4.489484375000000392e-05
1.260000000000000000e+02 4.577038281250001250e-05
1.270000000000000000e+02 4.666767187500001117e-05
1.280000000000000000e+02 4.758728124999997758e-05
1.290000000000000000e+02 4.852971093749998058e-05
1.300000000000000000e+02 4.949562500000001622e-05
1.310000000000000000e+02 5.048531250000002724e-05
1.320000000000000000e+02 5.149958593750002641e-05
1.330000000000000000e+02 5.253897656250001871e-05
1.340000000000000000e+02 5.360407812500001012e-05
1.350000000000000000e+02 5.469539062500000171e-05
1.360000000000000000e+02 5.581365625000002297e-05
1.370000000000000000e+02 5.695946093749998910e-05
1.380000000000000000e+02 5.813346874999999781e-05
1.390000000000000000e+02 5.933642968749997958e-05
1.400000000000000000e+02 6.056888281250003014e-05
1.410000000000000000e+02 6.183154687500000835e-05
1.420000000000000000e+02 6.312509375000002136e-05
1.430000000000000000e+02 6.445044531250001759e-05
1.440000000000000000e+02 6.580835156249998177e-05
1.450000000000000000e+02 6.719940624999998083e-05
1.460000000000000000e+02 6.862431249999998350e-05
1.470000000000000000e+02 7.008404687500000430e-05
1.480000000000000000e+02 7.157934374999998196e-05
1.490000000000000000e+02 7.311092968750003548e-05
1.500000000000000000e+02 7.468026562499999221e-05
1.510000000000000000e+02 7.628716406249995083e-05
1.520000000000000000e+02 7.793355468750000695e-05
1.530000000000000000e+02 7.961970312499998010e-05
1.540000000000000000e+02 8.134676562499999351e-05
1.550000000000000000e+02 8.311605468749997977e-05
1.560000000000000000e+02 8.492698437499998979e-05
1.570000000000000000e+02 8.678309374999999034e-05
1.580000000000000000e+02 8.868323437499998961e-05
1.590000000000000000e+02 9.062978124999999789e-05
1.600000000000000000e+02 9.262260937499998609e-05
1.610000000000000000e+02 9.466394531249998844e-05
1.620000000000000000e+02 9.675418750000002561e-05
1.630000000000000000e+02 9.889485156250000456e-05
1.640000000000000000e+02 1.010866875000000591e-04
1.650000000000000000e+02 1.033316249999999595e-04
1.660000000000000000e+02 1.056304765624999694e-04
1.670000000000000000e+02 1.079835468750000368e-04
1.680000000000000000e+02 1.103936328125000176e-04
1.690000000000000000e+02 1.128616171874999893e-04
1.700000000000000000e+02 1.153881640625000361e-04
1.710000000000000000e+02 1.179748749999999790e-04
1.720000000000000000e+02 1.206232187500000342e-04
1.730000000000000000e+02 1.233354531250000570e-04
1.740000000000000000e+02 1.261114843749999476e-04
1.750000000000000000e+02 1.289539921874999218e-04
1.760000000000000000e+02 1.318634531250000540e-04
1.770000000000000000e+02 1.348427968750000219e-04
1.780000000000000000e+02 1.378921640625000225e-04
1.790000000000000000e+02 1.410141953124999941e-04
1.800000000000000000e+02 1.442095468749999979e-04
1.810000000000000000e+02 1.474812343749999915e-04
1.820000000000000000e+02 1.508298203125000040e-04
1.830000000000000000e+02 1.542576562500000447e-04
1.840000000000000000e+02 1.577657031249999058e-04
1.850000000000000000e+02 1.613575000000000285e-04
1.860000000000000000e+02 1.650330468749999519e-04
1.870000000000000000e+02 1.687948437499999324e-04
1.880000000000000000e+02 1.726456250000001026e-04
1.890000000000000000e+02 1.765861718749999159e-04
1.900000000000000000e+02 1.806193750000000193e-04
1.910000000000000000e+02 1.847472656249999940e-04
1.920000000000000000e+02 1.889706249999998353e-04
1.930000000000000000e+02 1.932943749999999614e-04
1.940000000000000000e+02 1.977174218749999993e-04
1.950000000000000000e+02 2.022445312500000696e-04
1.960000000000000000e+02 2.068765625000001268e-04
1.970000000000000000e+02 2.116169531249999605e-04
1.980000000000000000e+02 2.164667187500000120e-04
1.990000000000000000e+02 2.214298437500000273e-04
2.000000000000000000e+02 2.265078124999999297e-04
2.010000000000000000e+02 2.317030468749999624e-04
2.020000000000000000e+02 2.370189062500000106e-04
2.030000000000000000e+02 2.424569531250000108e-04
2.040000000000000000e+02 2.480207812500000229e-04
2.050000000000000000e+02 2.537126562500001013e-04
2.060000000000000000e+02 2.595359374999999685e-04
2.070000000000000000e+02 2.654924999999998844e-04
2.080000000000000000e+02 2.715868750000000661e-04
2.090000000000000000e+02 2.778199218749999528e-04
2.100000000000000000e+02 2.841972656249998905e-04
2.110000000000000000e+02 2.907185937500000438e-04
2.120000000000000000e+02 2.973903906250000354e-04
2.130000000000000000e+02 3.042134375000002128e-04
2.140000000000000000e+02 3.111928124999998550e-04
2.150000000000000000e+02 3.183307031249999787e-04
2.160000000000000000e+02 3.256307812499999524e-04
2.170000000000000000e+02 3.330957812499999089e-04
2.180000000000000000e+02 3.407309375000001830e-04
2.190000000000000000e+02 3.485386718750000962e-04
2.200000000000000000e+02 3.565232812499999349e-04
2.210000000000000000e+02 3.646872656249999008e-04
2.220000000000000000e+02 3.730357031250000860e-04
2.230000000000000000e+02 3.815718750000000642e-04
2.240000000000000000e+02 3.902998437499998656e-04
2.250000000000000000e+02 3.992228125000000811e-04
2.260000000000000000e+02 4.083461718749998789e-04
2.270000000000000000e+02 4.176735156249998071e-04
2.280000000000000000e+02 4.272095312499999461e-04
2.290000000000000000e+02 4.369577343749998007e-04
2.300000000000000000e+02 4.469222656249999021e-04
2.310000000000000000e+02 4.571092187499999158e-04
2.320000000000000000e+02 4.675203906250000887e-04
2.330000000000000000e+02 4.781634375000000229e-04
2.340000000000000000e+02 4.890414843749999168e-04
2.350000000000000000e+02 5.001584374999999911e-04
2.360000000000000000e+02 5.115211718749998254e-04
2.370000000000000000e+02 5.231335937500000742e-04
2.380000000000000000e+02 5.350002343750000873e-04
2.390000000000000000e+02 5.471268750000000741e-04
2.400000000000000000e+02 5.595183593750000873e-04
2.410000000000000000e+02 5.721795312499999625e-04
2.420000000000000000e+02 5.851173437500000515e-04
2.430000000000000000e+02 5.983351562499998871e-04
2.440000000000000000e+02 6.118397656250002285e-04
2.450000000000000000e+02 6.256367187499998908e-04
2.460000000000000000e+02 6.397310937500003212e-04
2.470000000000000000e+02 6.541282031249999159e-04
2.480000000000000000e+02 6.688359375000002679e-04
2.490000000000000000e+02 6.838584375000001736e-04
2.500000000000000000e+02 6.992024218750002166e-04
2.510000000000000000e+02 7.148729687499998922e-04
2.520000000000000000e+02 7.308778906250001841e-04
2.530000000000000000e+02 7.472223437500000046e-04
2.540000000000000000e+02 7.639123437499998736e-04
2.550000000000000000e+02 7.809559374999997840e-04
2.560000000000000000e+02 7.983583593749997995e-04
2.570000000000000000e+02 8.161260156250002345e-04
2.580000000000000000e+02 8.342667968749997547e-04
2.590000000000000000e+02 8.527860937499997509e-04
2.600000000000000000e+02 8.716919531250003246e-04
2.610000000000000000e+02 8.909892187499999019e-04
2.620000000000000000e+02 9.106889843749995826e-04
2.630000000000000000e+02 9.307969531249999425e-04
2.640000000000000000e+02 9.513172656249998865e-04
2.650000000000000000e+02 9.722572656250004280e-04
2.660000000000000000e+02 9.936300000000001208e-04
2.670000000000000000e+02 1.015436093749999937e-03
2.680000000000000000e+02 1.037683750000000004e-03
2.690000000000000000e+02 1.060388124999999933e-03
2.700000000000000000e+02 1.083549140624999766e-03
2.710000000000000000e+02 1.107172500000000188e-03
2.720000000000000000e+02 1.131273437500000551e-03
2.730000000000000000e+02 1.155855468749999873e-03
2.740000000000000000e+02 1.180931249999999733e-03
2.750000000000000000e+02 1.206499218749999868e-03
2.760000000000000000e+02 1.232579687499999561e-03
2.770000000000000000e+02 1.259169531250000024e-03
2.780000000000000000e+02 1.286275781249999507e-03
2.790000000000000000e+02 1.313916406250000479e-03
2.800000000000000000e+02 1.342099218750000562e-03
2.810000000000000000e+02 1.370818749999998948e-03
2.820000000000000000e+02 1.400098437500000214e-03
2.830000000000000000e+02 1.429946093749998948e-03
2.840000000000000000e+02 1.460352343750000084e-03
2.850000000000000000e+02 1.491346875000000355e-03
2.860000000000000000e+02 1.522924218749998520e-03
2.870000000000000000e+02 1.555088281249999678e-03
2.880000000000000000e+02 1.587867187499998785e-03
2.890000000000000000e+02 1.621253906249999974e-03
2.900000000000000000e+02 1.655253906250000800e-03
2.910000000000000000e+02 1.689889843750000181e-03
2.920000000000000000e+02 1.725153124999999170e-03
2.930000000000000000e+02 1.761068750000000004e-03
2.940000000000000000e+02 1.797625781249999983e-03
2.950000000000000000e+02 1.834851562500000111e-03
2.960000000000000000e+02 1.872735156249999856e-03
2.970000000000000000e+02 1.911301562499999069e-03
2.980000000000000000e+02 1.950543749999999717e-03
2.990000000000000000e+02 1.990478125000000320e-03
3.000000000000000000e+02 2.031110937499999974e-03
3.010000000000000000e+02 2.072445312499999852e-03
3.020000000000000000e+02 2.114489843749998467e-03
3.030000000000000000e+02 2.157253125000000403e-03
3.040000000000000000e+02 2.200737499999999222e-03
3.050000000000000000e+02 2.244967187500000825e-03
3.060000000000000000e+02 2.289917187499999288e-03
3.070000000000000000e+02 2.335610156250000902e-03
3.080000000000000000e+02 2.382064062499999243e-03
3.090000000000000000e+02 2.429265625000001302e-03
3.100000000000000000e+02 2.477227343749999200e-03
3.110000000000000000e+02 2.525951562500000809e-03
3.120000000000000000e+02 2.575447656249999894e-03
3.130000000000000000e+02 2.625714062499999880e-03
3.140000000000000000e+02 2.676765625000000759e-03
3.150000000000000000e+02 2.728587500000000370e-03
3.160000000000000000e+02 2.781197656250000098e-03
3.170000000000000000e+02 2.834595312499999485e-03
3.180000000000000000e+02 2.888776562499997553e-03
3.190000000000000000e+02 2.943750781249998040e-03
3.200000000000000000e+02 2.999516406250001335e-03
3.210000000000000000e+02 3.056076562499999722e-03
3.220000000000000000e+02 3.113423437500000782e-03
3.230000000000000000e+02 3.171563281249999925e-03
3.240000000000000000e+02 3.230494531249998840e-03
3.250000000000000000e+02 3.290208593749999015e-03
3.260000000000000000e+02 3.350711718750001497e-03
3.270000000000000000e+02 3.411997656250000469e-03
3.280000000000000000e+02 3.474060937499999242e-03
3.290000000000000000e+02 3.536896875000001585e-03
3.300000000000000000e+02 3.600496875000001179e-03
3.310000000000000000e+02 3.664860937499998892e-03
3.320000000000000000e+02 3.729980468749998813e-03
3.330000000000000000e+02 3.795839843750000928e-03
3.340000000000000000e+02 3.862430468749999350e-03
3.350000000000000000e+02 3.929749218749999627e-03
3.360000000000000000e+02 3.997784375000001424e-03
3.370000000000000000e+02 4.066516406250001575e-03
3.380000000000000000e+02 4.135927343749999131e-03
3.390000000000000000e+02 4.206014062499999207e-03
3.400000000000000000e+02 4.276757031250000805e-03
3.410000000000000000e+02 4.348127343749999194e-03
3.420000000000000000e+02 4.420119531249998984e-03
3.430000000000000000e+02 4.492705468750001971e-03
3.440000000000000000e+02 4.565863281250000585e-03
3.450000000000000000e+02 4.639567187500000592e-03
3.460000000000000000e+02 4.713803906249999440e-03
3.470000000000000000e+02 4.788532031250000709e-03
3.480000000000000000e+02 4.863720312500000899e-03
3.490000000000000000e+02 4.939365624999999052e-03
3.500000000000000000e+02 5.015390624999998583e-03
3.510000000000000000e+02 5.091800781250000081e-03
3.520000000000000000e+02 5.168538281250001018e-03
3.530000000000000000e+02 5.245576562500001497e-03
3.540000000000000000e+02 5.322864843749998756e-03
3.550000000000000000e+02 5.400361718749999845e-03
3.560000000000000000e+02 5.478026562500000994e-03
3.570000000000000000e+02 5.555808593750001176e-03
3.580000000000000000e+02 5.633664062499997398e-03
3.590000000000000000e+02 5.711526562500002062e-03
3.600000000000000000e+02 5.789360937499998111e-03
3.610000000000000000e+02 5.867097656249994388e-03
3.620000000000000000e+02 5.944678125000000049e-03
3.630000000000000000e+02 6.022036718749998463e-03
3.640000000000000000e+02 6.099121874999999422e-03
3.650000000000000000e+02 6.175844531250003835e-03
3.660000000000000000e+02 6.252153906249999400e-03
3.670000000000000000e+02 6.327957812499999078e-03
3.680000000000000000e+02 6.403185937500002582e-03
3.690000000000000000e+02 6.477768750000001408e-03
3.700000000000000000e+02 6.551601562500000350e-03
3.710000000000000000e+02 6.624614843750000447e-03
3.720000000000000000e+02 6.696708593749998821e-03
3.730000000000000000e+02 6.767800000000000898e-03
3.740000000000000000e+02 6.837782812500001021e-03
3.750000000000000000e+02 6.906553906250002296e-03
3.760000000000000000e+02 6.974014062500003171e-03
3.770000000000000000e+02 7.040065624999999536e-03
3.780000000000000000e+02 7.104583593749998205e-03
3.790000000000000000e+02 7.167467968750000640e-03
3.800000000000000000e+02 7.228578125000001929e-03
3.810000000000000000e+02 7.287823437500003804e-03
3.820000000000000000e+02 7.345046093750000858e-03
3.830000000000000000e+02 7.400146093749998891e-03
3.840000000000000000e+02 7.452973437499997925e-03
3.850000000000000000e+02 7.503400781250000803e-03
3.860000000000000000e+02 7.551285937499999969e-03
3.870000000000000000e+02 7.596481250000001149e-03
3.880000000000000000e+02 7.638853124999998336e-03
3.890000000000000000e+02 7.678239062499999865e-03
3.900000000000000000e+02 7.714504687500002740e-03
3.910000000000000000e+02 7.747474999999999327e-03
3.920000000000000000e+02 7.777007812499999416e-03
3.930000000000000000e+02 7.802935156250002946e-03
3.940000000000000000e+02 7.825091406249996481e-03
3.950000000000000000e+02 7.843305468750002424e-03
3.960000000000000000e+02 7.857422656250001580e-03
3.970000000000000000e+02 7.867265624999997958e-03
3.980000000000000000e+02 7.872662500000002228e-03
3.990000000000000000e+02 7.873441406249999039e-03
4.000000000000000000e+02 7.869431250000001252e-03
4.010000000000000000e+02 7.860450781249996716e-03
4.020000000000000000e+02 7.846332812500000572e-03
4.030000000000000000e+02 7.826904687499998750e-03
4.040000000000000000e+02 7.801983593749995533e-03
4.050000000000000000e+02 7.771409375000001493e-03
4.060000000000000000e+02 7.734995312500002156e-03
4.070000000000000000e+02 7.692596093750002882e-03
4.080000000000000000e+02 7.644030468749998461e-03
4.090000000000000000e+02 7.589146093749997955e-03
4.100000000000000000e+02 7.527797656249999789e-03
4.110000000000000000e+02 7.459821093749997509e-03
4.120000000000000000e+02 7.385088281250001309e-03
4.130000000000000000e+02 7.303454687500000528e-03
4.140000000000000000e+02 7.214801562499999557e-03
4.150000000000000000e+02 7.119024218750002325e-03
4.160000000000000000e+02 7.016011718749996968e-03
4.170000000000000000e+02 6.905684375000000277e-03
4.180000000000000000e+02 6.787962500000000420e-03
4.190000000000000000e+02 6.662792968749997602e-03
4.200000000000000000e+02 6.530144531250001334e-03
4.210000000000000000e+02 6.389996093749999301e-03
4.220000000000000000e+02 6.242352343750000310e-03
4.230000000000000000e+02 6.087246093750001835e-03
4.240000000000000000e+02 5.924747656250004164e-03
4.250000000000000000e+02 5.754927343749995441e-03
4.260000000000000000e+02 5.577922656250000437e-03
4.270000000000000000e+02 5.393883593749999178e-03
4.280000000000000000e+02 5.203010156250000885e-03
4.290000000000000000e+02 5.005546875000000881e-03
4.300000000000000000e+02 4.801764843749999588e-03
4.310000000000000000e+02 4.592010156250000454e-03
4.320000000000000000e+02 4.376679687499997543e-03
4.330000000000000000e+02 4.156210156250000377e-03
4.340000000000000000e+02 3.931109375000001876e-03
4.350000000000000000e+02 3.701978124999998933e-03
4.360000000000000000e+02 3.469457031249999126e-03
4.370000000000000000e+02 3.234283593749999811e-03
4.380000000000000000e+02 2.997277343750000267e-03
4.390000000000000000e+02 2.759350781249998545e-03
4.400000000000000000e+02 2.521514062500000274e-03
4.410000000000000000e+02 2.284884375000000283e-03
4.420000000000000000e+02 2.050702343750000420e-03
4.430000000000000000e+02 1.820314843749999733e-03
4.440000000000000000e+02 1.595205468750000334e-03
4.450000000000000000e+02 1.377009375000000672e-03
4.460000000000000000e+02 1.167504609375000094e-03
4.470000000000000000e+02 9.686304687499992664e-04
4.480000000000000000e+02 7.825034375000003515e-04
4.490000000000000000e+02 6.114168750000000159e-04
4.500000000000000000e+02 4.578707031249999878e-04
4.510000000000000000e+02 3.245718749999999798e-04
4.520000000000000000e+02 2.144531249999999357e-04
4.530000000000000000e+02 1.306897421875000110e-04
4.540000000000000000e+02 7.671292187499999596e-05
4.550000000000000000e+02 5.622723304687497905e-05
4.560000000000000000e+02 7.323109765624999335e-05
4.570000000000000000e+02 1.320335859375000587e-04
4.580000000000000000e+02 2.372750000000000889e-04
4.590000000000000000e+02 3.939510937500000825e-04
4.600000000000000000e+02 6.074325781249995679e-04
4.610000000000000000e+02 8.834910156249998038e-04
4.620000000000000000e+02 1.228326328125000115e-03
4.630000000000000000e+02 1.648591406249999601e-03
4.640000000000000000e+02 2.151413281250001176e-03
4.650000000000000000e+02 2.744447656250000641e-03
4.660000000000000000e+02 3.435882812499999051e-03
4.670000000000000000e+02 4.234494531249998091e-03
4.680000000000000000e+02 5.149669531250000536e-03
4.690000000000000000e+02 6.191443750000000940e-03
4.700000000000000000e+02 7.370564843750000879e-03
4.710000000000000000e+02 8.698496093750002559e-03
4.720000000000000000e+02 1.018747578125000358e-02
4.730000000000000000e+02 1.185066406250000030e-02
4.740000000000000000e+02 1.370192187500000533e-02
4.750000000000000000e+02 1.575622656249999615e-02
4.760000000000000000e+02 1.802945312499999383e-02
4.770000000000000000e+02 2.053853906250000666e-02
4.780000000000000000e+02 2.330153124999999673e-02
4.790000000000000000e+02 2.633768749999999131e-02
4.800000000000000000e+02 2.966753124999999686e-02
4.810000000000000000e+02 3.331285156250000934e-02
4.820000000000000000e+02 3.729683593749998777e-02
4.830000000000000000e+02 4.164422656249999743e-02
4.840000000000000000e+02 4.638127343750001602e-02
4.850000000000000000e+02 5.153612499999998819e-02
4.860000000000000000e+02 5.713827343750001869e-02
4.870000000000000000e+02 6.321946093749998552e-02
4.880000000000000000e+02 6.981314843750002774e-02
4.890000000000000000e+02 7.695509375000000873e-02
4.900000000000000000e+02 8.468325781249995410e-02
4.910000000000000000e+02 9.303772656250000606e-02
4.920000000000000000e+02 1.020613437500000609e-01
4.930000000000000000e+02 1.117995312500000282e-01
4.940000000000000000e+02 1.223000781249999752e-01
4.950000000000000000e+02 1.336140624999999638e-01
4.960000000000000000e+02 1.457965625000000320e-01
4.970000000000000000e+02 1.589041406250000510e-01
4.980000000000000000e+02 1.729978906249998449e-01
4.990000000000000000e+02 1.881428906249999755e-01
5.000000000000000000e+02 2.044067187500000493e-01
5.010000000000000000e+02 2.218628125000000062e-01
5.020000000000000000e+02 2.405875781250001177e-01
5.030000000000000000e+02 2.606624218749999389e-01
5.040000000000000000e+02 2.821741406249999584e-01
5.050000000000000000e+02 3.052146874999999704e-01
5.060000000000000000e+02 3.298794531249998330e-01
5.070000000000000000e+02 3.562721093749999790e-01
5.080000000000000000e+02 3.845004687500001572e-01
5.090000000000000000e+02 4.146800781249999068e-01
5.100000000000000000e+02 4.469328906249998568e-01
5.110000000000000000e+02 4.813863281250000958e-01
