0.000000000000000000e+00 7.551450000000000350e-06
1.000000000000000000e+00 7.553525781250000931e-06
2.000000000000000000e+00 7.557693750000001758e-06
3.000000000000000000e+00 7.563914062500000257e-06
4.000000000000000000e+00 7.572250000000001912e-06
5.000000000000000000e+00 7.582664843750000132e-06
6.000000000000000000e+00 7.595187499999998845e-06
7.000000000000000000e+00 7.609825000000002988e-06
8.000000000000000000e+00 7.626546874999997938e-06
9.000000000000000000e+00 7.645408593750000915e-06
1.000000000000000000e+01 7.666401562500003907e-06
1.100000000000000000e+01 7.689527343750000670e-06
1.200000000000000000e+01 7.714810937499999729e-06
1.300000000000000000e+01 7.742321875000001078e-06
1.400000000000000000e+01 7.771938281250003814e-06
1.500000000000000000e+01 7.803821875000000404e-06
1.600000000000000000e+01 7.837921093750002064e-06
1.700000000000000000e+01 7.874258593750001274e-06
1.800000000000000000e+01 7.912896875000000711e-06
1.900000000000000000e+01 7.953799218750003100e-06
2.000000000000000000e+01 7.997015624999995000e-06
2.100000000000000000e+01 8.042576562500002046e-06
2.200000000000000000e+01 8.090514843749996464e-06
2.300000000000000000e+01 8.140821093749997080e-06
2.400000000000000000e+01 8.193574999999997187e-06
2.500000000000000000e+01 8.248767968750004019e-06
2.600000000000000000e+01 8.306462499999998231e-06
2.700000000000000000e+01 8.366645312499995622e-06
2.800000000000000000e+01 8.429443750000002348e-06
2.900000000000000000e+01 8.494806249999999133e-06
3.000000000000000000e+01 8.562796093749999084e-06
3.100000000000000000e+01 8.633470312499997933e-06
3.200000000000000000e+01 8.706832812499995319e-06
3.300000000000000000e+01 8.782972656249999588e-06
3.400000000000000000e+01 8.861884375000002100e-06
3.500000000000000000e+01 8.943674218750000124e-06
3.600000000000000000e+01 9.028367187500002184e-06
3.700000000000000000e+01 9.115973437499996497e-06
3.800000000000000000e+01 9.206616406249998051e-06
3.900000000000000000e+01 9.300275781249996531e-06
4.000000000000000000e+01 9.397019531249996480e-06
4.100000000000000000e+01 9.496922656249999757e-06
4.200000000000000000e+01 9.600101562499996930e-06
4.300000000000000000e+01 9.706540625000001303e-06
4.400000000000000000e+01 9.816283593749997304e-06
4.500000000000000000e+01 9.929461718750005972e-06
4.600000000000000000e+01 1.004614140625000083e-05
4.700000000000000000e+01 1.016625781250000888e-05
4.800000000000000000e+01 1.029008359375000114e-05
4.900000000000000000e+01 1.041754062499999331e-05
5.000000000000000000e+01 1.054883515624999983e-05
5.100000000000000000e+01 1.068386015625000113e-05
5.200000000000000000e+01 1.082283593750000459e-05
5.300000000000000000e+01 1.096580390625000737e-05
5.400000000000000000e+01 1.111280703124999365e-05
5.500000000000000000e+01 1.126403124999999971e-05
5.600000000000000000e+01 1.141944374999999574e-05
5.700000000000000000e+01 1.157928593749998952e-05
5.800000000000000000e+01 1.174351328124999975e-05
5.900000000000000000e+01 1.191224843749999879e-05
6.000000000000000000e+01 1.208561484375000163e-05
6.100000000000000000e+01 1.226372812499999688e-05
6.200000000000000000e+01 1.244665078125000416e-05
6.300000000000000000e+01 1.263455156249999631e-05
6.400000000000000000e+01 1.282745390624999149e-05
6.500000000000000000e+01 1.302553749999999675e-05
6.600000000000000000e+01 1.322887578124999988e-05
6.700000000000000000e+01 1.343764296874999760e-05
6.800000000000000000e+01 1.365192968749999880e-05
6.900000000000000000e+01 1.387177890624999609e-05
7.000000000000000000e+01 1.409744140624999878e-05
7.100000000000000000e+01 1.432901796875000057e-05
7.200000000000000000e+01 1.456656406250000512e-05
7.300000000000000000e+01 1.481035781250000902e-05
7.400000000000000000e+01 1.506036718750000643e-05
7.500000000000000000e+01 1.531688281250000329e-05
7.600000000000000000e+01 1.557996874999999264e-05
7.700000000000000000e+01 1.584987500000000383e-05
7.800000000000000000e+01 1.612664843750000540e-05
7.900000000000000000e+01 1.641045312500000587e-05
8.000000000000000000e+01 1.670157031249999951e-05
8.100000000000000000e+01 1.700007031250000013e-05
8.200000000000000000e+01 1.730612499999999518e-05
8.300000000000000000e+01 1.761985937500000357e-05
8.400000000000000000e+01 1.794165625000000000e-05
8.500000000000000000e+01 1.827149218749999680e-05
8.600000000000000000e+01 1.860963281249999646e-05
8.700000000000000000e+01 1.895625000000000676e-05
8.800000000000000000e+01 1.931163281250000092e-05
8.900000000000000000e+01 1.967590625000000462e-05
9.000000000000000000e+01 2.004929687500000025e-05
9.100000000000000000e+01 2.043196874999999633e-05
9.200000000000000000e+01 2.082426562499999149e-05
9.300000000000000000e+01 2.122622656249999228e-05
9.400000000000000000e+01 2.163832031250000946e-05
9.500000000000000000e+01 2.206056250000001110e-05
9.600000000000000000e+01 2.249333593750000237e-05
9.700000000000000000e+01 2.293682812499998961e-05
9.800000000000000000e+01 2.339127343749998838e-05
9.900000000000000000e+01 2.385693750000000455e-05
1.000000000000000000e+02 2.433421093750000192e-05
1.010000000000000000e+02 2.482315625000000180e-05
1.020000000000000000e+02 2.532424218750000818e-05
1.030000000000000000e+02 2.583769531250000345e-05
1.040000000000000000e+02 2.636370312500000074e-05
1.050000000000000000e+02 2.690271875000000210e-05
1.060000000000000000e+02 2.745492968750000030e-05
1.070000000000000000e+02 2.802075781249999692e-05
1.080000000000000000e+02 2.860040625000001040e-05
1.090000000000000000e+02 2.919428125000000986e-05
1.100000000000000000e+02 2.980275781249998426e-05
1.110000000000000000e+02 3.042606250000002104e-05
1.120000000000000000e+02 3.106467187500000488e-05
1.130000000000000000e+02 3.171886718750001474e-05
1.140000000000000000e+02 3.238905468749999603e-05
1.150000000000000000e+02 3.307557812500000499e-05
1.160000000000000000e+02 3.377889843749998873e-05
1.170000000000000000e+02 3.449925781249999596e-05
1.180000000000000000e+02 3.523730468750001742e-05
1.190000000000000000e+02 3.599330468750002848e-05
1.200000000000000000e+02 3.676760156250001761e-05
1.210000000000000000e+02 3.756075781249999367e-05
1.220000000000000000e+02 3.837327343750000520e-05
1.230000000000000000e+02 3.920546874999999878e-05
1.240000000000000000e+02 4.005787500000001328e-05
1.250000000000000000e+02 4.093092187500000549e-05
1.260000000000000000e+02 4.182516406249998161e-05
1.270000000000000000e+02 4.274105468749999449e-05
1.280000000000000000e+02 4.367922656250000922e-05
1.290000000000000000e+02 4.464002343750000072e-05
1.300000000000000000e+02 4.562406249999999649e-05
1.310000000000000000e+02 4.663192968749998627e-05
1.320000000000000000e+02 4.766417968749998304e-05
1.330000000000000000e+02 4.872133593749996199e-05
1.340000000000000000e+02 4.980401562500003196e-05
1.350000000000000000e+02 5.091278124999999174e-05
1.360000000000000000e+02 5.204831250000003921e-05
1.370000000000000000e+02 5.321122656250000537e-05
1.380000000000000000e+02 5.440216406250000027e-05
1.390000000000000000e+02 5.562177343750000108e-05
1.400000000000000000e+02 5.687071875000001062e-05
1.410000000000000000e+02 5.814971093750002061e-05
1.420000000000000000e+02 5.945946874999999833e-05
1.430000000000000000e+02 6.080066406249998314e-05
1.440000000000000000e+02 6.217407031250000841e-05
1.450000000000000000e+02 6.358048437500000028e-05
1.460000000000000000e+02 6.502062499999999379e-05
1.470000000000000000e+02 6.649525000000002374e-05
1.480000000000000000e+02 6.800528124999999792e-05
1.490000000000000000e+02 6.955135937500001280e-05
1.500000000000000000e+02 7.113455468749999293e-05
1.510000000000000000e+02 7.275561718749996366e-05
1.520000000000000000e+02 7.441542187499995231e-05
1.530000000000000000e+02 7.611493750000000464e-05
1.540000000000000000e+02 7.785496874999999525e-05
1.550000000000000000e+02 7.963656250000002363e-05
1.560000000000000000e+02 8.146062499999999224e-05
1.570000000000000000e+02 8.332821874999996525e-05
1.580000000000000000e+02 8.524033593750004383e-05
1.590000000000000000e+02 8.719800781249999687e-05
1.600000000000000000e+02 8.920218749999997323e-05
1.610000000000000000e+02 9.125422656250004754e-05
1.620000000000000000e+02 9.335482031250001646e-05
1.630000000000000000e+02 9.550550000000000911e-05
1.640000000000000000e+02 9.770728125000003304e-05
1.650000000000000000e+02 9.996086718750005695e-05
1.660000000000000000e+02 1.022681249999999789e-04
1.670000000000000000e+02 1.046301953124999983e-04
1.680000000000000000e+02 1.070482812499999560e-04
1.690000000000000000e+02 1.095232578125000827e-04
1.700000000000000000e+02 1.120567187500000409e-04
1.710000000000000000e+02 1.146508593750000034e-04
1.720000000000000000e+02 1.173053125000000143e-04
1.730000000000000000e+02 1.200231250000000419e-04
1.740000000000000000e+02 1.228045312500000035e-04
1.750000000000000000e+02 1.256520312500000605e-04
1.760000000000000000e+02 1.285660937499999933e-04
1.770000000000000000e+02 1.315484374999999814e-04
1.780000000000000000e+02 1.346020312500000070e-04
1.790000000000000000e+02 1.377267968750000302e-04
1.800000000000000000e+02 1.409250781250000098e-04
1.810000000000000000e+02 1.441981249999999925e-04
1.820000000000000000e+02 1.475479687499999936e-04
1.830000000000000000e+02 1.509762499999999083e-04
1.840000000000000000e+02 1.544854687500000741e-04
1.850000000000000000e+02 1.580759375000000827e-04
1.860000000000000000e+02 1.617510156249999818e-04
1.870000000000000000e+02 1.655109374999999463e-04
1.880000000000000000e+02 1.693593750000000492e-04
1.890000000000000000e+02 1.732978124999999157e-04
1.900000000000000000e+02 1.773273437500000544e-04
1.910000000000000000e+02 1.814510937499999317e-04
1.920000000000000000e+02 1.856706249999999449e-04
1.930000000000000000e+02 1.899874218750000445e-04
1.940000000000000000e+02 1.944055468749999896e-04
1.950000000000000000e+02 1.989260156249999774e-04
1.960000000000000000e+02 2.035509374999999277e-04
1.970000000000000000e+02 2.082822656249999236e-04
1.980000000000000000e+02 2.131238281249999290e-04
1.990000000000000000e+02 2.180767968749999504e-04
2.000000000000000000e+02 2.231442968750000776e-04
2.010000000000000000e+02 2.283289843749998884e-04
2.020000000000000000e+02 2.336327343750000491e-04
2.030000000000000000e+02 2.390583593749999469e-04
2.040000000000000000e+02 2.446089843750000781e-04
2.050000000000000000e+02 2.502866406249999428e-04
2.060000000000000000e+02 2.560947656249998186e-04
2.070000000000000000e+02 2.620366406250000928e-04
2.080000000000000000e+02 2.681137499999999298e-04
2.090000000000000000e+02 2.743289843750000849e-04
2.100000000000000000e+02 2.806873437500000948e-04
2.110000000000000000e+02 2.871898437499999126e-04
2.120000000000000000e+02 2.938411718750000528e-04
2.130000000000000000e+02 3.006436718750000949e-04
2.140000000000000000e+02 3.076002343749999809e-04
2.150000000000000000e+02 3.147148437499999989e-04
2.160000000000000000e+02 3.219907031249999267e-04
2.170000000000000000e+02 3.294315624999999588e-04
2.180000000000000000e+02 3.370400000000000934e-04
2.190000000000000000e+02 3.448211718749998392e-04
2.200000000000000000e+02 3.527767187500003383e-04
2.210000000000000000e+02 3.609121093749999591e-04
2.220000000000000000e+02 3.692301562499999317e-04
2.230000000000000000e+02 3.777342187499998973e-04
2.240000000000000000e+02 3.864293750000002189e-04
2.250000000000000000e+02 3.953190624999999543e-04
2.260000000000000000e+02 4.044079687500000517e-04
2.270000000000000000e+02 4.136990624999999241e-04
2.280000000000000000e+02 4.231974218750002054e-04
2.290000000000000000e+02 4.329071093749998957e-04
2.300000000000000000e+02 4.428322656250000141e-04
2.310000000000000000e+02 4.529781249999999737e-04
2.320000000000000000e+02 4.633471874999999765e-04
2.330000000000000000e+02 4.739467187499999388e-04
2.340000000000000000e+02 4.847796093749999111e-04
2.350000000000000000e+02 4.958509374999999853e-04
2.360000000000000000e+02 5.071654687500001465e-04
2.370000000000000000e+02 5.187289843750001166e-04
2.380000000000000000e+02 5.305452343750001985e-04
2.390000000000000000e+02 5.426197656250002915e-04
2.400000000000000000e+02 5.549577343749998500e-04
2.410000000000000000e+02 5.675649218749998426e-04
2.420000000000000000e+02 5.804457812499999852e-04
2.430000000000000000e+02 5.936057812500002183e-04
2.440000000000000000e+02 6.070503906250001571e-04
2.450000000000000000e+02 6.207865625000000449e-04
2.460000000000000000e+02 6.348178124999998744e-04
2.470000000000000000e+02 6.491514062499997243e-04
2.480000000000000000e+02 6.637924218749999576e-04
2.490000000000000000e+02 6.787468749999995762e-04
2.500000000000000000e+02 6.940215625000004237e-04
2.510000000000000000e+02 7.096210156249998981e-04
2.520000000000000000e+02 7.255521093750001271e-04
2.530000000000000000e+02 7.418214843750003257e-04
2.540000000000000000e+02 7.584350781249996456e-04
2.550000000000000000e+02 7.753999218749999152e-04
2.560000000000000000e+02 7.927210937500000880e-04
2.570000000000000000e+02 8.104067968749998577e-04
2.580000000000000000e+02 8.284622656249998303e-04
2.590000000000000000e+02 8.468953906249998640e-04
2.600000000000000000e+02 8.657123437499997460e-04
2.610000000000000000e+02 8.849200781249997195e-04
2.620000000000000000e+02 9.045264843750004018e-04
2.630000000000000000e+02 9.245371093750003912e-04
2.640000000000000000e+02 9.449596093750001029e-04
2.650000000000000000e+02 9.658013281249997915e-04
2.660000000000000000e+02 9.870696093750002537e-04
2.670000000000000000e+02 1.008769687500000577e-03
2.680000000000000000e+02 1.030915624999999974e-03
2.690000000000000000e+02 1.053504687499999667e-03
2.700000000000000000e+02 1.076552343749999970e-03
2.710000000000000000e+02 1.100068750000000092e-03
2.720000000000000000e+02 1.124056250000000099e-03
2.730000000000000000e+02 1.148510156250000290e-03
2.740000000000000000e+02 1.173464843749999920e-03
2.750000000000000000e+02 1.198914843750000349e-03
2.760000000000000000e+02 1.224864843750000411e-03
2.770000000000000000e+02 1.251324999999999963e-03
2.780000000000000000e+02 1.278301562500000054e-03
2.790000000000000000e+02 1.305803906250000085e-03
2.800000000000000000e+02 1.333849999999999272e-03
2.810000000000000000e+02 1.362430468749999948e-03
2.820000000000000000e+02 1.391559374999999481e-03
2.830000000000000000e+02 1.421258593750000018e-03
2.840000000000000000e+02 1.451522656249999883e-03
2.850000000000000000e+02 1.482358593749999280e-03
2.860000000000000000e+02 1.513774218749999951e-03
2.870000000000000000e+02 1.545783593750000131e-03
2.880000000000000000e+02 1.578394531250000045e-03
2.890000000000000000e+02 1.611617187499999986e-03
2.900000000000000000e+02 1.645451562500000603e-03
2.910000000000000000e+02 1.679907812500000455e-03
2.920000000000000000e+02 1.714997656249999660e-03
2.930000000000000000e+02 1.750727343750000786e-03
2.940000000000000000e+02 1.787105468750001041e-03
2.950000000000000000e+02 1.824138281250000174e-03
2.960000000000000000e+02 1.861835156249999320e-03
2.970000000000000000e+02 1.900203124999999332e-03
2.980000000000000000e+02 1.939249218749999979e-03
2.990000000000000000e+02 1.978977343750000506e-03
3.000000000000000000e+02 2.019400781250000644e-03
3.010000000000000000e+02 2.060514843750001560e-03
3.020000000000000000e+02 2.102352343750002028e-03
3.030000000000000000e+02 2.144894531250000208e-03
3.040000000000000000e+02 2.188163281249998465e-03
3.050000000000000000e+02 2.232148437500000408e-03
3.060000000000000000e+02 2.276871874999997561e-03
3.070000000000000000e+02 2.322334375000003823e-03
3.080000000000000000e+02 2.368533593750002646e-03
3.090000000000000000e+02 2.415496874999999155e-03
3.100000000000000000e+02 2.463199218749998268e-03
3.110000000000000000e+02 2.511678125000001063e-03
3.120000000000000000e+02 2.560916406250000974e-03
3.130000000000000000e+02 2.610921875000001263e-03
3.140000000000000000e+02 2.661689843749998757e-03
3.150000000000000000e+02 2.713249218749999060e-03
3.160000000000000000e+02 2.765578125000002843e-03
3.170000000000000000e+02 2.818688281250001336e-03
3.180000000000000000e+02 2.872574218750003489e-03
3.190000000000000000e+02 2.927256249999999910e-03
3.200000000000000000e+02 2.982722656249999806e-03
3.210000000000000000e+02 3.038975781250000206e-03
3.220000000000000000e+02 3.096009375000000063e-03
3.230000000000000000e+02 3.153835156249998415e-03
3.240000000000000000e+02 3.212446875000000285e-03
3.250000000000000000e+02 3.271834374999998876e-03
3.260000000000000000e+02 3.332004687500001328e-03
3.270000000000000000e+02 3.392950781249999635e-03
3.280000000000000000e+02 3.454664843750000075e-03
3.290000000000000000e+02 3.517156250000001618e-03
3.300000000000000000e+02 3.580401562499999687e-03
3.310000000000000000e+02 3.644400781249999485e-03
3.320000000000000000e+02 3.709150781250001357e-03
3.330000000000000000e+02 3.774632812500002595e-03
3.340000000000000000e+02 3.840846093749999707e-03
3.350000000000000000e+02 3.907779687500003221e-03
3.360000000000000000e+02 3.975419531249997120e-03
3.370000000000000000e+02 4.043753906249999280e-03
3.380000000000000000e+02 4.112758593749999032e-03
3.390000000000000000e+02 4.182439843750000892e-03
3.400000000000000000e+02 4.252753125000002278e-03
3.410000000000000000e+02 4.323709374999997433e-03
3.420000000000000000e+02 4.395271093750001759e-03
3.430000000000000000e+02 4.467416406249999014e-03
3.440000000000000000e+02 4.540131250000000070e-03
3.450000000000000000e+02 4.613392187499998180e-03
3.460000000000000000e+02 4.687167187499998063e-03
3.470000000000000000e+02 4.761428906250001099e-03
3.480000000000000000e+02 4.836157812499998487e-03
3.490000000000000000e+02 4.911309375000000657e-03
3.500000000000000000e+02 4.986868749999999809e-03
3.510000000000000000e+02 5.062778124999999484e-03
3.520000000000000000e+02 5.139021875000003570e-03
3.530000000000000000e+02 5.215552343749998120e-03
3.540000000000000000e+02 5.292327343750001870e-03
3.550000000000000000e+02 5.369311718750001232e-03
3.560000000000000000e+02 5.446453124999999472e-03
3.570000000000000000e+02 5.523706250000003093e-03
3.580000000000000000e+02 5.601022656250000294e-03
3.590000000000000000e+02 5.678346093749999865e-03
3.600000000000000000e+02 5.755627343749997356e-03
3.610000000000000000e+02 5.832806250000001878e-03
3.620000000000000000e+02 5.909826562500004876e-03
3.630000000000000000e+02 5.986614062500001179e-03
3.640000000000000000e+02 6.063117968750000170e-03
3.650000000000000000e+02 6.139263281249998823e-03
3.660000000000000000e+02 6.214978906250000733e-03
3.670000000000000000e+02 6.290196093749995249e-03
3.680000000000000000e+02 6.364820312500000903e-03
3.690000000000000000e+02 6.438790625000000330e-03
3.700000000000000000e+02 6.512016406249997863e-03
3.710000000000000000e+02 6.584412499999996692e-03
3.720000000000000000e+02 6.655877343750001701e-03
3.730000000000000000e+02 6.726334375000003751e-03
3.740000000000000000e+02 6.795684374999997820e-03
3.750000000000000000e+02 6.863818749999998567e-03
3.760000000000000000e+02 6.930637499999999646e-03
3.770000000000000000e+02 6.996039062500002473e-03
3.780000000000000000e+02 7.059894531250000306e-03
3.790000000000000000e+02 7.122116406250001037e-03
3.800000000000000000e+02 7.182571874999996511e-03
3.810000000000000000e+02 7.241143750000003307e-03
3.820000000000000000e+02 7.297700781250002038e-03
3.830000000000000000e+02 7.352132031250003391e-03
3.840000000000000000e+02 7.404274999999994021e-03
3.850000000000000000e+02 7.454020312500003742e-03
3.860000000000000000e+02 7.501221093750004044e-03
3.870000000000000000e+02 7.545730468750000246e-03
3.880000000000000000e+02 7.587421093750002996e-03
3.890000000000000000e+02 7.626123437499999179e-03
3.900000000000000000e+02 7.661696093750002511e-03
3.910000000000000000e+02 7.693978906249999278e-03
3.920000000000000000e+02 7.722820312500002470e-03
3.930000000000000000e+02 7.748052343749998148e-03
3.940000000000000000e+02 7.769519531250000492e-03
3.950000000000000000e+02 7.787044531249996161e-03
3.960000000000000000e+02 7.800473437500003715e-03
3.970000000000000000e+02 7.809628124999997215e-03
3.980000000000000000e+02 7.814353124999999511e-03
3.990000000000000000e+02 7.814460937500003479e-03
4.000000000000000000e+02 7.809767968749999068e-03
4.010000000000000000e+02 7.800126562500005016e-03
4.020000000000000000e+02 7.785339843750002653e-03
4.030000000000000000e+02 7.765251562500001363e-03
4.040000000000000000e+02 7.739685937499997392e-03
4.050000000000000000e+02 7.708456250000003153e-03
4.060000000000000000e+02 7.671420312500001545e-03
4.070000000000000000e+02 7.628389843749998865e-03
4.080000000000000000e+02 7.579214062500001618e-03
4.090000000000000000e+02 7.523728906250001618e-03
4.100000000000000000e+02 7.461784375000004091e-03
4.110000000000000000e+02 7.393223437499998017e-03
4.120000000000000000e+02 7.317924218749999841e-03
4.130000000000000000e+02 7.235746874999998170e-03
4.140000000000000000e+02 7.146558593750002193e-03
4.150000000000000000e+02 7.050264062500003967e-03
4.160000000000000000e+02 6.946755468749998656e-03
4.170000000000000000e+02 6.835946875000002004e-03
4.180000000000000000e+02 6.717776562500004864e-03
4.190000000000000000e+02 6.592174218750003478e-03
4.200000000000000000e+02 6.459119531249998998e-03
4.210000000000000000e+02 6.318574999999997284e-03
4.220000000000000000e+02 6.170579687499998592e-03
4.230000000000000000e+02 6.015146874999998533e-03
4.240000000000000000e+02 5.852337499999997993e-03
4.250000000000000000e+02 5.682256249999995644e-03
4.260000000000000000e+02 5.505020312500000061e-03
4.270000000000000000e+02 5.320780468750001269e-03
4.280000000000000000e+02 5.129742187500001271e-03
4.290000000000000000e+02 4.932149218749999273e-03
4.300000000000000000e+02 4.728289843749999659e-03
4.310000000000000000e+02 4.518493750000000635e-03
4.320000000000000000e+02 4.303178125000000319e-03
4.330000000000000000e+02 4.082752343749998340e-03
4.340000000000000000e+02 3.857767187499998827e-03
4.350000000000000000e+02 3.628779687500000017e-03
4.360000000000000000e+02 3.396468749999995845e-03
4.370000000000000000e+02 3.161566406249998688e-03
4.380000000000000000e+02 2.924875781249998679e-03
4.390000000000000000e+02 2.687345312500000541e-03
4.400000000000000000e+02 2.449949999999999350e-03
4.410000000000000000e+02 2.213850781250000736e-03
4.420000000000000000e+02 1.980253906250000785e-03
4.430000000000000000e+02 1.750525781250000410e-03
4.440000000000000000e+02 1.526161718750000109e-03
4.450000000000000000e+02 1.308787500000000228e-03
4.460000000000000000e+02 1.100189062499999648e-03
4.470000000000000000e+02 9.023061718749997642e-04
4.480000000000000000e+02 7.172604687499996995e-04
4.490000000000000000e+02 5.473517968749998632e-04
4.500000000000000000e+02 3.950810156249998637e-04
4.510000000000000000e+02 2.631603124999998570e-04
4.520000000000000000e+02 1.545274999999999329e-04
4.530000000000000000e+02 7.235979687500001720e-05
4.540000000000000000e+02 2.009406250000000884e-05
4.550000000000000000e+02 1.440037968749999457e-06
4.560000000000000000e+02 2.040006249999999540e-05
4.570000000000000000e+02 8.128843749999999839e-05
4.580000000000000000e+02 1.887516406250000110e-04
4.590000000000000000e+02 3.477889062499998191e-04
4.600000000000000000e+02 5.637781249999998480e-04
4.610000000000000000e+02 8.424957812499999851e-04
4.620000000000000000e+02 1.190152343750000129e-03
4.630000000000000000e+02 1.613390624999999591e-03
4.640000000000000000e+02 2.119366406249999918e-03
4.650000000000000000e+02 2.715728124999999653e-03
4.660000000000000000e+02 3.410674218750001010e-03
4.670000000000000000e+02 4.212989843749999005e-03
4.680000000000000000e+02 5.132060156250001573e-03
4.690000000000000000e+02 6.177947656249999260e-03
4.700000000000000000e+02 7.361382031250000499e-03
4.710000000000000000e+02 8.693862500000001589e-03
4.720000000000000000e+02 1.018761015625000051e-02
4.730000000000000000e+02 1.185582031249999245e-02
4.740000000000000000e+02 1.371238281249999823e-02
4.750000000000000000e+02 1.577223437500000283e-02
4.760000000000000000e+02 1.805118750000000299e-02
4.770000000000000000e+02 2.056640625000000222e-02
4.780000000000000000e+02 2.333575000000000926e-02
4.790000000000000000e+02 2.637864843750000257e-02
4.800000000000000000e+02 2.971548437500000014e-02
4.810000000000000000e+02 3.336817968749999919e-02
4.820000000000000000e+02 3.735982031250000002e-02
4.830000000000000000e+02 4.171525000000000927e-02
4.840000000000000000e+02 4.646085937500001734e-02
4.850000000000000000e+02 5.162446093750001908e-02
4.860000000000000000e+02 5.723584375000003582e-02
4.870000000000000000e+02 6.332667187500001793e-02
4.880000000000000000e+02 6.993049218749999851e-02
4.890000000000000000e+02 7.708310156249997824e-02
4.900000000000000000e+02 8.482232812499999886e-02
4.910000000000000000e+02 9.318844531249997898e-02
4.920000000000000000e+02 1.022243750000000478e-01
4.930000000000000000e+02 1.119748437499999694e-01
4.940000000000000000e+02 1.224884375000001163e-01
4.950000000000000000e+02 1.338179687499999881e-01
4.960000000000000000e+02 1.460140625000000136e-01
4.970000000000000000e+02 1.591367968749999584e-01
4.980000000000000000e+02 1.732470312500000165e-01
4.990000000000000000e+02 1.884087499999999860e-01
5.000000000000000000e+02 2.046899218750000415e-01
5.010000000000000000e+02 2.221644531249999666e-01
5.020000000000000000e+02 2.409089062499999434e-01
5.030000000000000000e+02 2.610039062500000284e-01
5.040000000000000000e+02 2.825370312500000702e-01
5.050000000000000000e+02 3.055998437499999332e-01
5.060000000000000000e+02 3.302876562500000057e-01
5.070000000000000000e+02 3.567051562499998774e-01
5.080000000000000000e+02 3.849591406249999737e-01
5.090000000000000000e+02 4.151674218750002754e-01
5.100000000000000000e+02 4.474474999999998870e-01
5.110000000000000000e+02 4.819310156249999033e-01
