0.000000000000000000e+00 9.491959687500004471e-05
1.000000000000000000e+00 9.489140234375004234e-05
2.000000000000000000e+00 9.483451328124996196e-05
3.000000000000000000e+00 9.474970156249999903e-05
4.000000000000000000e+00 9.463631249999997772e-05
5.000000000000000000e+00 9.449520859375001598e-05
6.000000000000000000e+00 9.432614453124996915e-05
7.000000000000000000e+00 9.412899218749996974e-05
8.000000000000000000e+00 9.390413203124996114e-05
9.000000000000000000e+00 9.365165390625003158e-05
1.000000000000000000e+01 9.337158203125005718e-05
1.100000000000000000e+01 9.306514374999995843e-05
1.200000000000000000e+01 9.273138828125003790e-05
1.300000000000000000e+01 9.237062109374996946e-05
1.400000000000000000e+01 9.198381718750001784e-05
1.500000000000000000e+01 9.157093359375001592e-05
1.600000000000000000e+01 9.113211953124995021e-05
1.700000000000000000e+01 9.066745312499999642e-05
1.800000000000000000e+01 9.017822578124998168e-05
1.900000000000000000e+01 8.966406406249996161e-05
2.000000000000000000e+01 8.912593515624998820e-05
2.100000000000000000e+01 8.856313281249999678e-05
2.200000000000000000e+01 8.797721796875001144e-05
2.300000000000000000e+01 8.736832343750005714e-05
2.400000000000000000e+01 8.673686562500004208e-05
2.500000000000000000e+01 8.608279296874999612e-05
2.600000000000000000e+01 8.540767578125002784e-05
2.700000000000000000e+01 8.471148515625003591e-05
2.800000000000000000e+01 8.399453828124997263e-05
2.900000000000000000e+01 8.325801093749997806e-05
3.000000000000000000e+01 8.250147343750000733e-05
3.100000000000000000e+01 8.172647031250004164e-05
3.200000000000000000e+01 8.093326093750003391e-05
3.300000000000000000e+01 8.012233906250000343e-05
3.400000000000000000e+01 7.929449140624996437e-05
3.500000000000000000e+01 7.845041171874997713e-05
3.600000000000000000e+01 7.759042031250000862e-05
3.700000000000000000e+01 7.671548046875001803e-05
3.800000000000000000e+01 7.582641171874998328e-05
3.900000000000000000e+01 7.492399453124997061e-05
4.000000000000000000e+01 7.400853828125001776e-05
4.100000000000000000e+01 7.308092187499998736e-05
4.200000000000000000e+01 7.214212890625000139e-05
4.300000000000000000e+01 7.119264062500002066e-05
4.400000000000000000e+01 7.023337031249997375e-05
4.500000000000000000e+01 6.926521015625000904e-05
4.600000000000000000e+01 6.828846640625000058e-05
4.700000000000000000e+01 6.730456015625000267e-05
4.800000000000000000e+01 6.631402343750001716e-05
4.900000000000000000e+01 6.531731015625000573e-05
5.000000000000000000e+01 6.431631796874997511e-05
5.100000000000000000e+01 6.331082187500002478e-05
5.200000000000000000e+01 6.230222734375002753e-05
5.300000000000000000e+01 6.129084921874998568e-05
5.400000000000000000e+01 6.027838046875000561e-05
5.500000000000000000e+01 5.926523671874997154e-05
5.600000000000000000e+01 5.825195859374999329e-05
5.700000000000000000e+01 5.724020703125001384e-05
5.800000000000000000e+01 5.623046718749999195e-05
5.900000000000000000e+01 5.522341093750000087e-05
6.000000000000000000e+01 5.422027812500000601e-05
6.100000000000000000e+01 5.322205625000002563e-05
6.200000000000000000e+01 5.222942500000000689e-05
6.300000000000000000e+01 5.124346874999996721e-05
6.400000000000000000e+01 5.026483203125003491e-05
6.500000000000000000e+01 4.929480703125002042e-05
6.600000000000000000e+01 4.833412656250001780e-05
6.700000000000000000e+01 4.738371406249999634e-05
6.800000000000000000e+01 4.644468359375001070e-05
6.900000000000000000e+01 4.551785156250000384e-05
7.000000000000000000e+01 4.460410156249998231e-05
7.100000000000000000e+01 4.370443750000002078e-05
7.200000000000000000e+01 4.281981250000003769e-05
7.300000000000000000e+01 4.195127343750001058e-05
7.400000000000000000e+01 4.109955468749999335e-05
7.500000000000000000e+01 4.026574218750001073e-05
7.600000000000000000e+01 3.945071875000000461e-05
7.700000000000000000e+01 3.865545312499999364e-05
7.800000000000000000e+01 3.788092968750001534e-05
7.900000000000000000e+01 3.712796093749999441e-05
8.000000000000000000e+01 3.639764843749999478e-05
8.100000000000000000e+01 3.569084375000000869e-05
8.200000000000000000e+01 3.500845312499998603e-05
8.300000000000000000e+01 3.435137500000000956e-05
8.400000000000000000e+01 3.372076562500001955e-05
8.500000000000000000e+01 3.311728124999999584e-05
8.600000000000000000e+01 3.254192968750001106e-05
8.700000000000000000e+01 3.199567187499999986e-05
8.800000000000000000e+01 3.147943750000000823e-05
8.900000000000000000e+01 3.099403906250000151e-05
9.000000000000000000e+01 3.054042968749998626e-05
9.100000000000000000e+01 3.011950781250000457e-05
9.200000000000000000e+01 2.973225781249999231e-05
9.300000000000000000e+01 2.937939843750000485e-05
9.400000000000000000e+01 2.906189062499999379e-05
9.500000000000000000e+01 2.878065625000001261e-05
9.600000000000000000e+01 2.853650781250000295e-05
9.700000000000000000e+01 2.833035937500000547e-05
9.800000000000000000e+01 2.816302343749999907e-05
9.900000000000000000e+01 2.803540625000000818e-05
1.000000000000000000e+02 2.794835156250000206e-05
1.010000000000000000e+02 2.790268749999999542e-05
1.020000000000000000e+02 2.789920312499999985e-05
1.030000000000000000e+02 2.793882031250001123e-05
1.040000000000000000e+02 2.802232031249999442e-05
1.050000000000000000e+02 2.815045312500000189e-05
1.060000000000000000e+02 2.832414062500000581e-05
1.070000000000000000e+02 2.854413281249999087e-05
1.080000000000000000e+02 2.881122656249999504e-05
1.090000000000000000e+02 2.912628046874999601e-05
1.100000000000000000e+02 2.949002968749999713e-05
1.110000000000000000e+02 2.990318671875000082e-05
1.120000000000000000e+02 3.036662500000000676e-05
1.130000000000000000e+02 3.088111015624999821e-05
1.140000000000000000e+02 3.144729218749999693e-05
1.150000000000000000e+02 3.206609609374998969e-05
1.160000000000000000e+02 3.273808359374998848e-05
1.170000000000000000e+02 3.346417265624998446e-05
1.180000000000000000e+02 3.424492734375000734e-05
1.190000000000000000e+02 3.508127656249999780e-05
1.200000000000000000e+02 3.597383515625000627e-05
1.210000000000000000e+02 3.692329843750000558e-05
1.220000000000000000e+02 3.793042890624999825e-05
1.230000000000000000e+02 3.899586484375000881e-05
1.240000000000000000e+02 4.012060624999999879e-05
1.250000000000000000e+02 4.130485312500000930e-05
1.260000000000000000e+02 4.254986328125000169e-05
1.270000000000000000e+02 4.385583828124999049e-05
1.280000000000000000e+02 4.522400312500000040e-05
1.290000000000000000e+02 4.665437812500000447e-05
1.300000000000000000e+02 4.814812656249998943e-05
1.310000000000000000e+02 4.970591328125000241e-05
1.320000000000000000e+02 5.132845468749999972e-05
1.330000000000000000e+02 5.301581953124998448e-05
1.340000000000000000e+02 5.476961796875001449e-05
1.350000000000000000e+02 5.659007734375000125e-05
1.360000000000000000e+02 5.847749609375001942e-05
1.370000000000000000e+02 6.043305468750000061e-05
1.380000000000000000e+02 6.245757343750000092e-05
1.390000000000000000e+02 6.455127343749997716e-05
1.400000000000000000e+02 6.671517187500003226e-05
1.410000000000000000e+02 6.894967187500000553e-05
1.420000000000000000e+02 7.125580468749999113e-05
1.430000000000000000e+02 7.363390625000004264e-05
1.440000000000000000e+02 7.608451562499999828e-05
1.450000000000000000e+02 7.860910156249999300e-05
1.460000000000000000e+02 8.120782031249999876e-05
1.470000000000000000e+02 8.388121093749998931e-05
1.480000000000000000e+02 8.663015625000005564e-05
1.490000000000000000e+02 8.945578125000002573e-05
1.500000000000000000e+02 9.235824218750002062e-05
1.510000000000000000e+02 9.533816406249999594e-05
1.520000000000000000e+02 9.839710156250000073e-05
1.530000000000000000e+02 1.015346250000000172e-04
1.540000000000000000e+02 1.047526953124999890e-04
1.550000000000000000e+02 1.080510312500000236e-04
1.560000000000000000e+02 1.114312656249999932e-04
1.570000000000000000e+02 1.148934921874999977e-04
1.580000000000000000e+02 1.184388359375000276e-04
1.590000000000000000e+02 1.220678437500000255e-04
1.600000000000000000e+02 1.257818203124999958e-04
1.610000000000000000e+02 1.295806484374999461e-04
1.620000000000000000e+02 1.334666796875000208e-04
1.630000000000000000e+02 1.374393359375000365e-04
1.640000000000000000e+02 1.415001328124999543e-04
1.650000000000000000e+02 1.456496640624999495e-04
1.660000000000000000e+02 1.498892343750000673e-04
1.670000000000000000e+02 1.542190781249999675e-04
1.680000000000000000e+02 1.586406718750000655e-04
1.690000000000000000e+02 1.631554453125000153e-04
1.700000000000000000e+02 1.677629140624999906e-04
1.710000000000000000e+02 1.724648750000000485e-04
1.720000000000000000e+02 1.772625078124999746e-04
1.730000000000000000e+02 1.821569140625000293e-04
1.740000000000000000e+02 1.871488906250000372e-04
1.750000000000000000e+02 1.922390624999999946e-04
1.760000000000000000e+02 1.974290625000000719e-04
1.770000000000000000e+02 2.027199218750000518e-04
1.780000000000000000e+02 2.081127343749999818e-04
1.790000000000000000e+02 2.136089843749999751e-04
1.800000000000000000e+02 2.192090624999999075e-04
1.810000000000000000e+02 2.249144531249998649e-04
1.820000000000000000e+02 2.307272656249999840e-04
1.830000000000000000e+02 2.366468749999999703e-04
1.840000000000000000e+02 2.426762499999999959e-04
1.850000000000000000e+02 2.488159375000000440e-04
1.860000000000000000e+02 2.550685937500001259e-04
1.870000000000000000e+02 2.614332031249999902e-04
1.880000000000000000e+02 2.679124218749999735e-04
1.890000000000000000e+02 2.745089062499999786e-04
1.900000000000000000e+02 2.812212499999998784e-04
1.910000000000000000e+02 2.880546093750000489e-04
1.920000000000000000e+02 2.950064843750000170e-04
1.930000000000000000e+02 3.020812499999999735e-04
1.940000000000000000e+02 3.092798437500000755e-04
1.950000000000000000e+02 3.166036718749999082e-04
1.960000000000000000e+02 3.240545312500000977e-04
1.970000000000000000e+02 3.316340625000001058e-04
1.980000000000000000e+02 3.393433593750000616e-04
1.990000000000000000e+02 3.471846874999999651e-04
2.000000000000000000e+02 3.551610937499999473e-04
2.010000000000000000e+02 3.632725000000002120e-04
2.020000000000000000e+02 3.715212500000000134e-04
2.030000000000000000e+02 3.799092187500000993e-04
2.040000000000000000e+02 3.884397656250000025e-04
2.050000000000000000e+02 3.971130468750001287e-04
2.060000000000000000e+02 4.059317968749999060e-04
2.070000000000000000e+02 4.148984374999999027e-04
2.080000000000000000e+02 4.240148437500000536e-04
2.090000000000000000e+02 4.332823437499998763e-04
2.100000000000000000e+02 4.427039843749998272e-04
2.110000000000000000e+02 4.522827343749999699e-04
2.120000000000000000e+02 4.620192187499998671e-04
2.130000000000000000e+02 4.719161718750000309e-04
2.140000000000000000e+02 4.819767187499999551e-04
2.150000000000000000e+02 4.922030468749998434e-04
2.160000000000000000e+02 5.025971093749999688e-04
2.170000000000000000e+02 5.131614062500002623e-04
2.180000000000000000e+02 5.238997656249999016e-04
2.190000000000000000e+02 5.348124218749999558e-04
2.200000000000000000e+02 5.459046093750001636e-04
2.210000000000000000e+02 5.571763281249999828e-04
2.220000000000000000e+02 5.686327343749998436e-04
2.230000000000000000e+02 5.802744531250003928e-04
2.240000000000000000e+02 5.921067968750001352e-04
2.250000000000000000e+02 6.041296874999997624e-04
2.260000000000000000e+02 6.163480468749999363e-04
2.270000000000000000e+02 6.287646093749998683e-04
2.280000000000000000e+02 6.413815625000002501e-04
2.290000000000000000e+02 6.542026562500003004e-04
2.300000000000000000e+02 6.672303906249996792e-04
2.310000000000000000e+02 6.804685156249997736e-04
2.320000000000000000e+02 6.939197656250000118e-04
2.330000000000000000e+02 7.075878125000000874e-04
2.340000000000000000e+02 7.214754687499999293e-04
2.350000000000000000e+02 7.355865624999999080e-04
2.360000000000000000e+02 7.499232812499999562e-04
2.370000000000000000e+02 7.644899999999998311e-04
2.380000000000000000e+02 7.792903906250000937e-04
2.390000000000000000e+02 7.943267968750000524e-04
2.400000000000000000e+02 8.096052343750002270e-04
2.410000000000000000e+02 8.251275000000005393e-04
2.420000000000000000e+02 8.408958593750000135e-04
2.430000000000000000e+02 8.569171874999998014e-04
2.440000000000000000e+02 8.731935156250001349e-04
2.450000000000000000e+02 8.897261718749999897e-04
2.460000000000000000e+02 9.065250781250002148e-04
2.470000000000000000e+02 9.235903906250002944e-04
2.480000000000000000e+02 9.409228906249997087e-04
2.490000000000000000e+02 9.585300000000000807e-04
2.500000000000000000e+02 9.764194531249996162e-04
2.510000000000000000e+02 9.945875781249995974e-04
2.520000000000000000e+02 1.013046250000000387e-03
2.530000000000000000e+02 1.031795390625000076e-03
2.540000000000000000e+02 1.050840390624999511e-03
2.550000000000000000e+02 1.070181406249999479e-03
2.560000000000000000e+02 1.089828203125000044e-03
2.570000000000000000e+02 1.109782421874999257e-03
2.580000000000000000e+02 1.130050546874999560e-03
2.590000000000000000e+02 1.150634374999999357e-03
2.600000000000000000e+02 1.171542968749999516e-03
2.610000000000000000e+02 1.192771874999999995e-03
2.620000000000000000e+02 1.214336718749999726e-03
2.630000000000000000e+02 1.236231249999999830e-03
2.640000000000000000e+02 1.258469531249999844e-03
2.650000000000000000e+02 1.281049218750000135e-03
2.660000000000000000e+02 1.303984375000000022e-03
2.670000000000000000e+02 1.327264843749999647e-03
2.680000000000000000e+02 1.350914062499999468e-03
2.690000000000000000e+02 1.374924218750000777e-03
2.700000000000000000e+02 1.399295312500000322e-03
2.710000000000000000e+02 1.424053906249999734e-03
2.720000000000000000e+02 1.449175781250000702e-03
2.730000000000000000e+02 1.474691406250000633e-03
2.740000000000000000e+02 1.500589062500000273e-03
2.750000000000000000e+02 1.526883593749999617e-03
2.760000000000000000e+02 1.553575781249999770e-03
2.770000000000000000e+02 1.580678906249999814e-03
2.780000000000000000e+02 1.608183593749999696e-03
2.790000000000000000e+02 1.636108593749999087e-03
2.800000000000000000e+02 1.664450000000000261e-03
2.810000000000000000e+02 1.693208593750000638e-03
2.820000000000000000e+02 1.722407812499999373e-03
2.830000000000000000e+02 1.752035937499999817e-03
2.840000000000000000e+02 1.782109375000000056e-03
2.850000000000000000e+02 1.812628906250000112e-03
2.860000000000000000e+02 1.843594531249999769e-03
2.870000000000000000e+02 1.875014062500000769e-03
2.880000000000000000e+02 1.906902343749999418e-03
2.890000000000000000e+02 1.939257031249999770e-03
2.900000000000000000e+02 1.972088281249999731e-03
2.910000000000000000e+02 2.005398437499999586e-03
2.920000000000000000e+02 2.039178906250002123e-03
2.930000000000000000e+02 2.073464062500000957e-03
2.940000000000000000e+02 2.108232812500000688e-03
2.950000000000000000e+02 2.143501562499998750e-03
2.960000000000000000e+02 2.179283593749999862e-03
2.970000000000000000e+02 2.215574999999997841e-03
2.980000000000000000e+02 2.252373437500000859e-03
2.990000000000000000e+02 2.289700781250000004e-03
3.000000000000000000e+02 2.327552343749999045e-03
3.010000000000000000e+02 2.365939843750001353e-03
3.020000000000000000e+02 2.404851562500000522e-03
3.030000000000000000e+02 2.444316406249999549e-03
3.040000000000000000e+02 2.484324218749999012e-03
3.050000000000000000e+02 2.524885937499999657e-03
3.060000000000000000e+02 2.566000781250000595e-03
3.070000000000000000e+02 2.607682812500001363e-03
3.080000000000000000e+02 2.649934374999999426e-03
3.090000000000000000e+02 2.692749999999999398e-03
3.100000000000000000e+02 2.736143749999999514e-03
3.110000000000000000e+02 2.780124218750000022e-03
3.120000000000000000e+02 2.824680468750001908e-03
3.130000000000000000e+02 2.869831249999998338e-03
3.140000000000000000e+02 2.915578125000001068e-03
3.150000000000000000e+02 2.961919531250000077e-03
3.160000000000000000e+02 3.008864062499998649e-03
3.170000000000000000e+02 3.056412499999999408e-03
3.180000000000000000e+02 3.104566406249998928e-03
3.190000000000000000e+02 3.153342187500001587e-03
3.200000000000000000e+02 3.202729687499998416e-03
3.210000000000000000e+02 3.252731250000001628e-03
3.220000000000000000e+02 3.303353125000000560e-03
3.230000000000000000e+02 3.354603906250000229e-03
3.240000000000000000e+02 3.406482031250000157e-03
3.250000000000000000e+02 3.458984374999998952e-03
3.260000000000000000e+02 3.512114062499999308e-03
3.270000000000000000e+02 3.565878906250001448e-03
3.280000000000000000e+02 3.620274218749999599e-03
3.290000000000000000e+02 3.675303124999999057e-03
3.300000000000000000e+02 3.730961718749998841e-03
3.310000000000000000e+02 3.787248437500001074e-03
3.320000000000000000e+02 3.844170312499998587e-03
3.330000000000000000e+02 3.901727343750000486e-03
3.340000000000000000e+02 3.959908593749998651e-03
3.350000000000000000e+02 4.018719531249998443e-03
3.360000000000000000e+02 4.078157812500000229e-03
3.370000000000000000e+02 4.138208593749999678e-03
3.380000000000000000e+02 4.198879687499998750e-03
3.390000000000000000e+02 4.260164843749999868e-03
3.400000000000000000e+02 4.322060156250000749e-03
3.410000000000000000e+02 4.384551562499998389e-03
3.420000000000000000e+02 4.447643749999999861e-03
3.430000000000000000e+02 4.511321874999999100e-03
3.440000000000000000e+02 4.575582812500002088e-03
3.450000000000000000e+02 4.640414062500001526e-03
3.460000000000000000e+02 4.705803906250003582e-03
3.470000000000000000e+02 4.771753906250001363e-03
3.480000000000000000e+02 4.838232031249999586e-03
3.490000000000000000e+02 4.905245312500001488e-03
3.500000000000000000e+02 4.972762500000004436e-03
3.510000000000000000e+02 5.040777343749998710e-03
3.520000000000000000e+02 5.109276562499999973e-03
3.530000000000000000e+02 5.178238281249998923e-03
3.540000000000000000e+02 5.247646093749998991e-03
3.550000000000000000e+02 5.317474999999995990e-03
3.560000000000000000e+02 5.387732812499999684e-03
3.570000000000000000e+02 5.458323437500000805e-03
3.580000000000000000e+02 5.529303124999998369e-03
3.590000000000000000e+02 5.600587499999996020e-03
3.600000000000000000e+02 5.672211718750000409e-03
3.610000000000000000e+02 5.744064062500001816e-03
3.620000000000000000e+02 5.816190625000000267e-03
3.630000000000000000e+02 5.888514843750007437e-03
3.640000000000000000e+02 5.961015624999999735e-03
3.650000000000000000e+02 6.033658593749995254e-03
3.660000000000000000e+02 6.106344531249997647e-03
3.670000000000000000e+02 6.179155468750000164e-03
3.680000000000000000e+02 6.251908593749996683e-03
3.690000000000000000e+02 6.324698437500000762e-03
3.700000000000000000e+02 6.397369531249997958e-03
3.710000000000000000e+02 6.469895312499998781e-03
3.720000000000000000e+02 6.542264843749999448e-03
3.730000000000000000e+02 6.614360937499997456e-03
3.740000000000000000e+02 6.686159374999997747e-03
3.750000000000000000e+02 6.757592187499999667e-03
3.760000000000000000e+02 6.828609375000000911e-03
3.770000000000000000e+02 6.899114062499998694e-03
3.780000000000000000e+02 6.969030468749997341e-03
3.790000000000000000e+02 7.038356249999999821e-03
3.800000000000000000e+02 7.106912500000002290e-03
3.810000000000000000e+02 7.174712499999996891e-03
3.820000000000000000e+02 7.241622656250003634e-03
3.830000000000000000e+02 7.307552343750003433e-03
3.840000000000000000e+02 7.372400000000003777e-03
3.850000000000000000e+02 7.436132812500002853e-03
3.860000000000000000e+02 7.498635156249999073e-03
3.870000000000000000e+02 7.559746093750001686e-03
3.880000000000000000e+02 7.619427343749999616e-03
3.890000000000000000e+02 7.677523437499997501e-03
3.900000000000000000e+02 7.733979687499997237e-03
3.910000000000000000e+02 7.788622656249996438e-03
3.920000000000000000e+02 7.841385937500004039e-03
3.930000000000000000e+02 7.892096093749998570e-03
3.940000000000000000e+02 7.940676562500003852e-03
3.950000000000000000e+02 7.986939843749997145e-03
3.960000000000000000e+02 8.030805468749997386e-03
3.970000000000000000e+02 8.072094531250000732e-03
3.980000000000000000e+02 8.110707031249997367e-03
3.990000000000000000e+02 8.146507812499998585e-03
4.000000000000000000e+02 8.179334374999999713e-03
4.010000000000000000e+02 8.208982812499997922e-03
4.020000000000000000e+02 8.235400000000003828e-03
4.030000000000000000e+02 8.258325000000000388e-03
4.040000000000000000e+02 8.277724999999997932e-03
4.050000000000000000e+02 8.293364843749999674e-03
4.060000000000000000e+02 8.305086718749998473e-03
4.070000000000000000e+02 8.312788281250005698e-03
4.080000000000000000e+02 8.316250000000005929e-03
4.090000000000000000e+02 8.315328906249998958e-03
4.100000000000000000e+02 8.309906249999998717e-03
4.110000000000000000e+02 8.299767187499995993e-03
4.120000000000000000e+02 8.284772656250001532e-03
4.130000000000000000e+02 8.264746874999997703e-03
4.140000000000000000e+02 8.239599999999996233e-03
4.150000000000000000e+02 8.209195312500004033e-03
4.160000000000000000e+02 8.173316406250000568e-03
4.170000000000000000e+02 8.131875000000001949e-03
4.180000000000000000e+02 8.084750000000003392e-03
4.190000000000000000e+02 8.031849218749999644e-03
4.200000000000000000e+02 7.972957812500002309e-03
4.210000000000000000e+02 7.908109374999999774e-03
4.220000000000000000e+02 7.837178906250002325e-03
4.230000000000000000e+02 7.760096875000001455e-03
4.240000000000000000e+02 7.676789843750001126e-03
4.250000000000000000e+02 7.587303124999995700e-03
4.260000000000000000e+02 7.491571875000000227e-03
4.270000000000000000e+02 7.389600781250000965e-03
4.280000000000000000e+02 7.281519531249999039e-03
4.290000000000000000e+02 7.167317187500004544e-03
4.300000000000000000e+02 7.047123437500000392e-03
4.310000000000000000e+02 6.921102343750000843e-03
4.320000000000000000e+02 6.789415625000000572e-03
4.330000000000000000e+02 6.652338281250001414e-03
4.340000000000000000e+02 6.510098437500001257e-03
4.350000000000000000e+02 6.363036718750000355e-03
4.360000000000000000e+02 6.211553124999999800e-03
4.370000000000000000e+02 6.056082812499998663e-03
4.380000000000000000e+02 5.897135937499999037e-03
4.390000000000000000e+02 5.735322656249998083e-03
4.400000000000000000e+02 5.571288281249999613e-03
4.410000000000000000e+02 5.405806249999998980e-03
4.420000000000000000e+02 5.239713281250001596e-03
4.430000000000000000e+02 5.073976562499999711e-03
4.440000000000000000e+02 4.909630468750002252e-03
4.450000000000000000e+02 4.747882031249998393e-03
4.460000000000000000e+02 4.590024218750000592e-03
4.470000000000000000e+02 4.437493749999998557e-03
4.480000000000000000e+02 4.291898437499998623e-03
4.490000000000000000e+02 4.154977578124999064e-03
4.500000000000000000e+02 4.028663749999997039e-03
4.510000000000000000e+02 3.915061874999999601e-03
4.520000000000000000e+02 3.816485468749998122e-03
4.530000000000000000e+02 3.735448671874999366e-03
4.540000000000000000e+02 3.674702734375000224e-03
4.550000000000000000e+02 3.637235140625000307e-03
4.560000000000000000e+02 3.626309453124999197e-03
4.570000000000000000e+02 3.645464661718750710e-03
4.580000000000000000e+02 3.698535316406249916e-03
4.590000000000000000e+02 3.789687054687500539e-03
4.600000000000000000e+02 3.923419296874998581e-03
4.610000000000000000e+02 4.104620859374999778e-03
4.620000000000000000e+02 4.338546328125000677e-03
4.630000000000000000e+02 4.630892812499999740e-03
4.640000000000000000e+02 4.987822031249998511e-03
4.650000000000000000e+02 5.415884374999999952e-03
4.660000000000000000e+02 5.922289062500002421e-03
4.670000000000000000e+02 6.514648437499998522e-03
4.680000000000000000e+02 7.201317187499999516e-03
4.690000000000000000e+02 7.991038281249997904e-03
4.700000000000000000e+02 8.893439062499999478e-03
4.710000000000000000e+02 9.918757031249995915e-03
4.720000000000000000e+02 1.107791953125000090e-02
4.730000000000000000e+02 1.238278984375000731e-02
4.740000000000000000e+02 1.384596093750000215e-02
4.750000000000000000e+02 1.548098203124999642e-02
4.760000000000000000e+02 1.730227656250000329e-02
4.770000000000000000e+02 1.932539843750000902e-02
4.780000000000000000e+02 2.156704687499998857e-02
4.790000000000000000e+02 2.404488281249999790e-02
4.800000000000000000e+02 2.677772656249999272e-02
4.810000000000000000e+02 2.978607031249999593e-02
4.820000000000000000e+02 3.309135937500001096e-02
4.830000000000000000e+02 3.671681250000000118e-02
4.840000000000000000e+02 4.068695312500001521e-02
4.850000000000000000e+02 4.502823437499998971e-02
4.860000000000000000e+02 4.976856250000000897e-02
4.870000000000000000e+02 5.493791406250001647e-02
4.880000000000000000e+02 6.056786718750001297e-02
4.890000000000000000e+02 6.669249999999996015e-02
4.900000000000000000e+02 7.334841406250000584e-02
4.910000000000000000e+02 8.057282812500005109e-02
4.920000000000000000e+02 8.840774218750002689e-02
4.930000000000000000e+02 9.689632812499998638e-02
4.940000000000000000e+02 1.060845390624999829e-01
4.950000000000000000e+02 1.160224453125000138e-01
4.960000000000000000e+02 1.267612031250000271e-01
4.970000000000000000e+02 1.383564609374999810e-01
4.980000000000000000e+02 1.508687187500000193e-01
4.990000000000000000e+02 1.643594531249999713e-01
5.000000000000000000e+02 1.788950781250001620e-01
5.010000000000000000e+02 1.945466406250000446e-01
5.020000000000000000e+02 2.113897656249999757e-01
5.030000000000000000e+02 2.295031249999998635e-01
5.040000000000000000e+02 2.489708593750000754e-01
5.050000000000000000e+02 2.698837499999999778e-01
5.060000000000000000e+02 2.923360937499999146e-01
5.070000000000000000e+02 3.164282031249999183e-01
5.080000000000000000e+02 3.422676562499998854e-01
5.090000000000000000e+02 3.699667968750000591e-01
5.100000000000000000e+02 3.996454687500000658e-01
5.110000000000000000e+02 4.314305468749999872e-01
