0.000000000000000000e+00 2.398202914062499784e-04
1.000000000000000000e+00 2.397217499999998805e-04
2.000000000000000000e+00 2.395230289062500373e-04
3.000000000000000000e+00 2.392257718750000878e-04
4.000000000000000000e+00 2.388296921874999716e-04
5.000000000000000000e+00 2.383357570312500252e-04
6.000000000000000000e+00 2.377432671874998849e-04
7.000000000000000000e+00 2.370539453125001617e-04
8.000000000000000000e+00 2.362679179687500789e-04
9.000000000000000000e+00 2.353863492187498912e-04
1.000000000000000000e+01 2.344100257812500193e-04
1.100000000000000000e+01 2.333387515624999863e-04
1.200000000000000000e+01 2.321754757812500832e-04
1.300000000000000000e+01 2.309198312500000965e-04
1.400000000000000000e+01 2.295743914062498535e-04
1.500000000000000000e+01 2.281388195312499271e-04
1.600000000000000000e+01 2.266158250000000081e-04
1.700000000000000000e+01 2.250066593749999744e-04
1.800000000000000000e+01 2.233121351562500215e-04
1.900000000000000000e+01 2.215344492187500992e-04
2.000000000000000000e+01 2.196759773437499707e-04
2.100000000000000000e+01 2.177370531249999428e-04
2.200000000000000000e+01 2.157211609374999704e-04
2.300000000000000000e+01 2.136289625000000521e-04
2.400000000000000000e+01 2.114636226562499968e-04
2.500000000000000000e+01 2.092259460937499500e-04
2.600000000000000000e+01 2.069193531249998515e-04
2.700000000000000000e+01 2.045457842968750721e-04
2.800000000000000000e+01 2.021074932031251855e-04
2.900000000000000000e+01 1.996062290624999922e-04
3.000000000000000000e+01 1.970455831249999686e-04
3.100000000000000000e+01 1.944271436718750701e-04
3.200000000000000000e+01 1.917538246093749698e-04
3.300000000000000000e+01 1.890283073437499985e-04
3.400000000000000000e+01 1.862528814062499932e-04
3.500000000000000000e+01 1.834310022656249564e-04
3.600000000000000000e+01 1.805644846874999347e-04
3.700000000000000000e+01 1.776572810937500390e-04
3.800000000000000000e+01 1.747117007812501151e-04
3.900000000000000000e+01 1.717303973437498733e-04
4.000000000000000000e+01 1.687162042187499722e-04
4.100000000000000000e+01 1.656730060937499326e-04
4.200000000000000000e+01 1.626027664062500134e-04
4.300000000000000000e+01 1.595091694531249060e-04
4.400000000000000000e+01 1.563950200781248818e-04
4.500000000000000000e+01 1.532635253125000146e-04
4.600000000000000000e+01 1.501177194062498896e-04
4.700000000000000000e+01 1.469608325781249756e-04
4.800000000000000000e+01 1.437958892578125158e-04
4.900000000000000000e+01 1.406257176718749881e-04
5.000000000000000000e+01 1.374544326507812653e-04
5.100000000000000000e+01 1.342844145078124366e-04
5.200000000000000000e+01 1.311189505234375751e-04
5.300000000000000000e+01 1.279614418125001084e-04
5.400000000000000000e+01 1.248141707875000833e-04
5.500000000000000000e+01 1.216820962656249387e-04
5.600000000000000000e+01 1.185670414765624783e-04
5.700000000000000000e+01 1.154722861250000307e-04
5.800000000000000000e+01 1.124009333046875294e-04
5.900000000000000000e+01 1.093565189062500149e-04
6.000000000000000000e+01 1.063420678828125228e-04
6.100000000000000000e+01 1.033603145624999625e-04
6.200000000000000000e+01 1.004146097109374772e-04
6.300000000000000000e+01 9.750792116406249536e-05
6.400000000000000000e+01 9.464339335937501556e-05
6.500000000000000000e+01 9.182342046875003249e-05
6.600000000000000000e+01 8.905154000000000899e-05
6.700000000000000000e+01 8.633014531249998363e-05
6.800000000000000000e+01 8.366283429687500662e-05
6.900000000000000000e+01 8.105161507812500921e-05
7.000000000000000000e+01 7.849988124999997025e-05
7.100000000000000000e+01 7.601001789062498851e-05
7.200000000000000000e+01 7.358489421874999682e-05
7.300000000000000000e+01 7.122664046875001452e-05
7.400000000000000000e+01 6.893819074218750318e-05
7.500000000000000000e+01 6.672248730468751711e-05
7.600000000000000000e+01 6.458122990624998649e-05
7.700000000000000000e+01 6.251732724218750153e-05
7.800000000000000000e+01 6.053283883593747446e-05
7.900000000000000000e+01 5.862971421796878780e-05
8.000000000000000000e+01 5.681131655468745352e-05
8.100000000000000000e+01 5.507831101562498733e-05
8.200000000000000000e+01 5.343362671875003162e-05
8.300000000000000000e+01 5.187925951562500910e-05
8.400000000000000000e+01 5.041689867109376484e-05
8.500000000000000000e+01 4.904840721093749103e-05
8.600000000000000000e+01 4.777565595312500388e-05
8.700000000000000000e+01 4.660039999999999517e-05
8.800000000000000000e+01 4.552397093749998045e-05
8.900000000000000000e+01 4.454845601562498818e-05
9.000000000000000000e+01 4.367476054687500586e-05
9.100000000000000000e+01 4.290419609375004437e-05
9.200000000000000000e+01 4.223875234375001377e-05
9.300000000000000000e+01 4.167912734375001148e-05
9.400000000000000000e+01 4.122655781250001539e-05
9.500000000000000000e+01 4.088209296875000722e-05
9.600000000000000000e+01 4.064678984375001876e-05
9.700000000000000000e+01 4.052147421874998263e-05
9.800000000000000000e+01 4.050689843750000292e-05
9.900000000000000000e+01 4.060389765624996801e-05
1.000000000000000000e+02 4.081292187500001781e-05
1.010000000000000000e+02 4.113477343749999561e-05
1.020000000000000000e+02 4.156973437500000100e-05
1.030000000000000000e+02 4.211827343749999729e-05
1.040000000000000000e+02 4.278058593749998334e-05
1.050000000000000000e+02 4.355702343749999093e-05
1.060000000000000000e+02 4.444761718749999684e-05
1.070000000000000000e+02 4.545245312500002360e-05
1.080000000000000000e+02 4.657149218750000367e-05
1.090000000000000000e+02 4.780464062499997964e-05
1.100000000000000000e+02 4.915167968750003275e-05
1.110000000000000000e+02 5.061222656250001891e-05
1.120000000000000000e+02 5.218610156249999204e-05
1.130000000000000000e+02 5.387278906249999994e-05
1.140000000000000000e+02 5.567179687499998318e-05
1.150000000000000000e+02 5.758244531250002846e-05
1.160000000000000000e+02 5.960425781250001394e-05
1.170000000000000000e+02 6.173632031249998706e-05
1.180000000000000000e+02 6.397818749999997215e-05
1.190000000000000000e+02 6.632836718750000245e-05
1.200000000000000000e+02 6.878671875000001647e-05
1.210000000000000000e+02 7.135107812499996065e-05
1.220000000000000000e+02 7.402181250000000763e-05
1.230000000000000000e+02 7.679677343750000078e-05
1.240000000000000000e+02 7.967515624999998416e-05
1.250000000000000000e+02 8.265565624999999400e-05
1.260000000000000000e+02 8.573700781249997817e-05
1.270000000000000000e+02 8.891789843750001765e-05
1.280000000000000000e+02 9.219673437500000264e-05
1.290000000000000000e+02 9.557238281250001442e-05
1.300000000000000000e+02 9.904228906249997464e-05
1.310000000000000000e+02 1.026067187500000145e-04
1.320000000000000000e+02 1.062624765624999999e-04
1.330000000000000000e+02 1.100092656249999787e-04
1.340000000000000000e+02 1.138443515625000213e-04
1.350000000000000000e+02 1.177665234374999925e-04
1.360000000000000000e+02 1.217741093750000000e-04
1.370000000000000000e+02 1.258649218750000566e-04
1.380000000000000000e+02 1.300381718750000086e-04
1.390000000000000000e+02 1.342909453124999802e-04
1.400000000000000000e+02 1.386221718750000199e-04
1.410000000000000000e+02 1.430302500000000762e-04
1.420000000000000000e+02 1.475122656249999752e-04
1.430000000000000000e+02 1.520673046875000627e-04
1.440000000000000000e+02 1.566933437500000212e-04
1.450000000000000000e+02 1.613887343749999866e-04
1.460000000000000000e+02 1.661510859374999976e-04
1.470000000000000000e+02 1.709792421875000121e-04
1.480000000000000000e+02 1.758707421875000516e-04
1.490000000000000000e+02 1.808246015625000107e-04
1.500000000000000000e+02 1.858381718750000368e-04
1.510000000000000000e+02 1.909099453124999204e-04
1.520000000000000000e+02 1.960384921874999806e-04
1.530000000000000000e+02 2.012218984374999778e-04
1.540000000000000000e+02 2.064589296874999927e-04
1.550000000000000000e+02 2.117471875000000137e-04
1.560000000000000000e+02 2.170854765624999382e-04
1.570000000000000000e+02 2.224722187499999192e-04
1.580000000000000000e+02 2.279058046875000448e-04
1.590000000000000000e+02 2.333845546874999252e-04
1.600000000000000000e+02 2.389080703125000412e-04
1.610000000000000000e+02 2.444739140624999953e-04
1.620000000000000000e+02 2.500813984374999324e-04
1.630000000000000000e+02 2.557291796874999637e-04
1.640000000000000000e+02 2.614152890625000411e-04
1.650000000000000000e+02 2.671404218750000697e-04
1.660000000000000000e+02 2.729017734374999536e-04
1.670000000000000000e+02 2.786993046874998762e-04
1.680000000000000000e+02 2.845320156250000384e-04
1.690000000000000000e+02 2.903999296874999942e-04
1.700000000000000000e+02 2.963006015625000008e-04
1.710000000000000000e+02 3.022347343749998507e-04
1.720000000000000000e+02 3.082022265625001937e-04
1.730000000000000000e+02 3.142013281249999451e-04
1.740000000000000000e+02 3.202332031249999558e-04
1.750000000000000000e+02 3.262970937500000827e-04
1.760000000000000000e+02 3.323924453125000756e-04
1.770000000000000000e+02 3.385214843749998468e-04
1.780000000000000000e+02 3.446803515624998013e-04
1.790000000000000000e+02 3.508733984374999256e-04
1.800000000000000000e+02 3.570980624999998878e-04
1.810000000000000000e+02 3.633548437500000753e-04
1.820000000000000000e+02 3.696477539062500029e-04
1.830000000000000000e+02 3.759751515624998731e-04
1.840000000000000000e+02 3.823401539062498884e-04
1.850000000000000000e+02 3.887414929687498162e-04
1.860000000000000000e+02 3.951788851562500985e-04
1.870000000000000000e+02 4.016555726562499504e-04
1.880000000000000000e+02 4.081752210937499578e-04
1.890000000000000000e+02 4.147384804687500714e-04
1.900000000000000000e+02 4.213459726562500830e-04
1.910000000000000000e+02 4.279997664062499120e-04
1.920000000000000000e+02 4.347039882812500644e-04
1.930000000000000000e+02 4.414543750000001062e-04
1.940000000000000000e+02 4.482617585937500281e-04
1.950000000000000000e+02 4.551240609374999479e-04
1.960000000000000000e+02 4.620473786718750416e-04
1.970000000000000000e+02 4.690298800000001003e-04
1.980000000000000000e+02 4.760783940625000293e-04
1.990000000000000000e+02 4.831941700937498444e-04
2.000000000000000000e+02 4.903802742031249454e-04
2.010000000000000000e+02 4.976432257031250051e-04
2.020000000000000000e+02 5.049845440624999016e-04
2.030000000000000000e+02 5.124076735156253126e-04
2.040000000000000000e+02 5.199189721093752745e-04
2.050000000000000000e+02 5.275212130468749346e-04
2.060000000000000000e+02 5.352159296093749559e-04
2.070000000000000000e+02 5.430158132812500614e-04
2.080000000000000000e+02 5.509166931171877038e-04
2.090000000000000000e+02 5.589274180625002780e-04
2.100000000000000000e+02 5.670539303593748063e-04
2.110000000000000000e+02 5.752988087499998245e-04
2.120000000000000000e+02 5.836695729687502296e-04
2.130000000000000000e+02 5.921720900000000416e-04
2.140000000000000000e+02 6.008110499999998319e-04
2.150000000000000000e+02 6.095912124999998405e-04
2.160000000000000000e+02 6.185223820312498811e-04
2.170000000000000000e+02 6.276057929687499544e-04
2.180000000000000000e+02 6.368522828124999072e-04
2.190000000000000000e+02 6.462671031250001412e-04
2.200000000000000000e+02 6.558566304687501406e-04
2.210000000000000000e+02 6.656264054687501550e-04
2.220000000000000000e+02 6.755854468750000343e-04
2.230000000000000000e+02 6.857347265624999608e-04
2.240000000000000000e+02 6.960950140625002782e-04
2.250000000000000000e+02 7.066591171874999364e-04
2.260000000000000000e+02 7.174431562499997096e-04
2.270000000000000000e+02 7.284508046874997459e-04
2.280000000000000000e+02 7.396935624999999553e-04
2.290000000000000000e+02 7.511739296874998893e-04
2.300000000000000000e+02 7.629063281250000883e-04
2.310000000000000000e+02 7.748920000000002238e-04
2.320000000000000000e+02 7.871482187499997691e-04
2.330000000000000000e+02 7.996706093750001595e-04
2.340000000000000000e+02 8.124760546875002066e-04
2.350000000000000000e+02 8.255766874999998124e-04
2.360000000000000000e+02 8.389768671875000436e-04
2.370000000000000000e+02 8.526765234375003949e-04
2.380000000000000000e+02 8.666959531250002660e-04
2.390000000000000000e+02 8.810414062499998368e-04
2.400000000000000000e+02 8.957183593749999109e-04
2.410000000000000000e+02 9.107388359374997975e-04
2.420000000000000000e+02 9.261105624999998748e-04
2.430000000000000000e+02 9.418434062500000451e-04
2.440000000000000000e+02 9.579464765624999588e-04
2.450000000000000000e+02 9.744254765624997582e-04
2.460000000000000000e+02 9.912919609375001918e-04
2.470000000000000000e+02 1.008552273437500306e-03
2.480000000000000000e+02 1.026219875000000063e-03
2.490000000000000000e+02 1.044298203125000471e-03
2.500000000000000000e+02 1.062798906249999738e-03
2.510000000000000000e+02 1.081736406250000245e-03
2.520000000000000000e+02 1.101108203124999841e-03
2.530000000000000000e+02 1.120929374999999912e-03
2.540000000000000000e+02 1.141211328125000309e-03
2.550000000000000000e+02 1.161956015625000222e-03
2.560000000000000000e+02 1.183177109374999609e-03
2.570000000000000000e+02 1.204877421875000677e-03
2.580000000000000000e+02 1.227068671874999642e-03
2.590000000000000000e+02 1.249762578124999661e-03
2.600000000000000000e+02 1.272967500000000236e-03
2.610000000000000000e+02 1.296679296875000078e-03
2.620000000000000000e+02 1.320918359374999729e-03
2.630000000000000000e+02 1.345681718749999886e-03
2.640000000000000000e+02 1.370986953124999968e-03
2.650000000000000000e+02 1.396831796874999651e-03
2.660000000000000000e+02 1.423234375000000020e-03
2.670000000000000000e+02 1.450189687500000020e-03
2.680000000000000000e+02 1.477712421874999727e-03
2.690000000000000000e+02 1.505801249999999840e-03
2.700000000000000000e+02 1.534467421874999423e-03
2.710000000000000000e+02 1.563719140624999365e-03
2.720000000000000000e+02 1.593551718749999964e-03
2.730000000000000000e+02 1.623979375000000674e-03
2.740000000000000000e+02 1.655009999999999294e-03
2.750000000000000000e+02 1.686632812500000198e-03
2.760000000000000000e+02 1.718868203125000459e-03
2.770000000000000000e+02 1.751702578125000076e-03
2.780000000000000000e+02 1.785161250000000472e-03
2.790000000000000000e+02 1.819232265624999697e-03
2.800000000000000000e+02 1.853917890625000247e-03
2.810000000000000000e+02 1.889219531249999862e-03
2.820000000000000000e+02 1.925154140625000244e-03
2.830000000000000000e+02 1.961708593750000063e-03
2.840000000000000000e+02 1.998887500000000143e-03
2.850000000000000000e+02 2.036694531249999204e-03
2.860000000000000000e+02 2.075117187500000356e-03
2.870000000000000000e+02 2.114175000000000255e-03
2.880000000000000000e+02 2.153855468750000279e-03
2.890000000000000000e+02 2.194157812499999971e-03
2.900000000000000000e+02 2.235074999999998695e-03
2.910000000000000000e+02 2.276619531249999846e-03
2.920000000000000000e+02 2.318778125000001307e-03
2.930000000000000000e+02 2.361547656249999520e-03
2.940000000000000000e+02 2.404921093749999919e-03
2.950000000000000000e+02 2.448905468749999672e-03
2.960000000000000000e+02 2.493485937500000953e-03
2.970000000000000000e+02 2.538664062500000772e-03
2.980000000000000000e+02 2.584428124999998359e-03
2.990000000000000000e+02 2.630771093750000449e-03
3.000000000000000000e+02 2.677689062500000425e-03
3.010000000000000000e+02 2.725179687500000388e-03
3.020000000000000000e+02 2.773232031250000892e-03
3.030000000000000000e+02 2.821821093749999915e-03
3.040000000000000000e+02 2.870953906249999830e-03
3.050000000000000000e+02 2.920617968750000709e-03
3.060000000000000000e+02 2.970799999999999570e-03
3.070000000000000000e+02 3.021495312500001480e-03
3.080000000000000000e+02 3.072688281249999487e-03
3.090000000000000000e+02 3.124359375000000834e-03
3.100000000000000000e+02 3.176508593750000751e-03
3.110000000000000000e+02 3.229111718750000276e-03
3.120000000000000000e+02 3.282164062500000576e-03
3.130000000000000000e+02 3.335635937500000796e-03
3.140000000000000000e+02 3.389530468750001028e-03
3.150000000000000000e+02 3.443821093750001807e-03
3.160000000000000000e+02 3.498498437499999829e-03
3.170000000000000000e+02 3.553539843750000080e-03
3.180000000000000000e+02 3.608932031250000876e-03
3.190000000000000000e+02 3.664651562500000244e-03
3.200000000000000000e+02 3.720692187500001039e-03
3.210000000000000000e+02 3.777022656250000193e-03
3.220000000000000000e+02 3.833629687499998193e-03
3.230000000000000000e+02 3.890490624999999158e-03
3.240000000000000000e+02 3.947587500000000402e-03
3.250000000000000000e+02 4.004902343750000107e-03
3.260000000000000000e+02 4.062408593750001413e-03
3.270000000000000000e+02 4.120099218750001083e-03
3.280000000000000000e+02 4.177942968749999084e-03
3.290000000000000000e+02 4.235910937499997621e-03
3.300000000000000000e+02 4.293985937500001404e-03
3.310000000000000000e+02 4.352149218750000353e-03
3.320000000000000000e+02 4.410373437499998453e-03
3.330000000000000000e+02 4.468647656250000592e-03
3.340000000000000000e+02 4.526932031249999121e-03
3.350000000000000000e+02 4.585215624999999795e-03
3.360000000000000000e+02 4.643464843749999481e-03
3.370000000000000000e+02 4.701672656249996675e-03
3.380000000000000000e+02 4.759796875000000572e-03
3.390000000000000000e+02 4.817824999999997804e-03
3.400000000000000000e+02 4.875724999999999157e-03
3.410000000000000000e+02 4.933485937499998246e-03
3.420000000000000000e+02 4.991071093749997051e-03
3.430000000000000000e+02 5.048465625000001650e-03
3.440000000000000000e+02 5.105640625000000370e-03
3.450000000000000000e+02 5.162577343750001345e-03
3.460000000000000000e+02 5.219252343750002167e-03
3.470000000000000000e+02 5.275640624999997780e-03
3.480000000000000000e+02 5.331743749999998637e-03
3.490000000000000000e+02 5.387484374999999479e-03
3.500000000000000000e+02 5.442865625000001262e-03
3.510000000000000000e+02 5.497896875000001654e-03
3.520000000000000000e+02 5.552521093749999449e-03
3.530000000000000000e+02 5.606731249999999216e-03
3.540000000000000000e+02 5.660507031250000369e-03
3.550000000000000000e+02 5.713803906250000328e-03
3.560000000000000000e+02 5.766660156250000627e-03
3.570000000000000000e+02 5.819015624999999969e-03
3.580000000000000000e+02 5.870824999999998788e-03
3.590000000000000000e+02 5.922121874999998481e-03
3.600000000000000000e+02 5.972889062499999423e-03
3.610000000000000000e+02 6.023078906250000676e-03
3.620000000000000000e+02 6.072682031249998502e-03
3.630000000000000000e+02 6.121686718750001671e-03
3.640000000000000000e+02 6.170093750000002833e-03
3.650000000000000000e+02 6.217878906250000857e-03
3.660000000000000000e+02 6.265014843749996259e-03
3.670000000000000000e+02 6.311490624999997398e-03
3.680000000000000000e+02 6.357322656249999974e-03
3.690000000000000000e+02 6.402485937499998933e-03
3.700000000000000000e+02 6.446928906250000597e-03
3.710000000000000000e+02 6.490739062499999677e-03
3.720000000000000000e+02 6.533785156250002807e-03
3.730000000000000000e+02 6.576167968749998573e-03
3.740000000000000000e+02 6.617825000000000790e-03
3.750000000000000000e+02 6.658742968749998235e-03
3.760000000000000000e+02 6.698928906250000218e-03
3.770000000000000000e+02 6.738389843750003903e-03
3.780000000000000000e+02 6.777090624999997440e-03
3.790000000000000000e+02 6.815046093749999034e-03
3.800000000000000000e+02 6.852282031250002056e-03
3.810000000000000000e+02 6.888732031249997223e-03
3.820000000000000000e+02 6.924424218749999221e-03
3.830000000000000000e+02 6.959343749999997650e-03
3.840000000000000000e+02 6.993523437500002125e-03
3.850000000000000000e+02 7.026914062499996921e-03
3.860000000000000000e+02 7.059525781250000111e-03
3.870000000000000000e+02 7.091358593750003020e-03
3.880000000000000000e+02 7.122387499999995389e-03
3.890000000000000000e+02 7.152667968749998328e-03
3.900000000000000000e+02 7.182138281249999222e-03
3.910000000000000000e+02 7.210794531249999258e-03
3.920000000000000000e+02 7.238671874999996411e-03
3.930000000000000000e+02 7.265743750000000327e-03
3.940000000000000000e+02 7.291947656250000534e-03
3.950000000000000000e+02 7.317363281249996722e-03
3.960000000000000000e+02 7.341943750000001420e-03
3.970000000000000000e+02 7.365639062500001916e-03
3.980000000000000000e+02 7.388494531249998644e-03
3.990000000000000000e+02 7.410478125000001526e-03
4.000000000000000000e+02 7.431550781250000764e-03
4.010000000000000000e+02 7.451754687499999308e-03
4.020000000000000000e+02 7.470958593749996851e-03
4.030000000000000000e+02 7.489282031249999867e-03
4.040000000000000000e+02 7.506576562500003220e-03
4.050000000000000000e+02 7.522911718750003272e-03
4.060000000000000000e+02 7.538185156249999248e-03
4.070000000000000000e+02 7.552421093749997483e-03
4.080000000000000000e+02 7.565561718750003252e-03
4.090000000000000000e+02 7.577581250000004973e-03
4.100000000000000000e+02 7.588407031249996652e-03
4.110000000000000000e+02 7.598023437499998659e-03
4.120000000000000000e+02 7.606394531249999549e-03
4.130000000000000000e+02 7.613511718750005583e-03
4.140000000000000000e+02 7.619274218750000417e-03
4.150000000000000000e+02 7.623607812499996229e-03
4.160000000000000000e+02 7.626576562499999198e-03
4.170000000000000000e+02 7.628013281250003649e-03
4.180000000000000000e+02 7.627922656250001043e-03
4.190000000000000000e+02 7.626263281250002767e-03
4.200000000000000000e+02 7.622996875000002080e-03
4.210000000000000000e+02 7.617994531249998313e-03
4.220000000000000000e+02 7.611284374999997479e-03
4.230000000000000000e+02 7.602794531250002714e-03
4.240000000000000000e+02 7.592453906249997664e-03
4.250000000000000000e+02 7.580269531249998576e-03
4.260000000000000000e+02 7.566235156250001800e-03
4.270000000000000000e+02 7.550294531249999649e-03
4.280000000000000000e+02 7.532357031249997323e-03
4.290000000000000000e+02 7.512493749999999033e-03
4.300000000000000000e+02 7.490747656250000379e-03
4.310000000000000000e+02 7.467064843750000243e-03
4.320000000000000000e+02 7.441525781250004842e-03
4.330000000000000000e+02 7.414182031250000915e-03
4.340000000000000000e+02 7.385080468750000217e-03
4.350000000000000000e+02 7.354374999999999801e-03
4.360000000000000000e+02 7.322177343750000712e-03
4.370000000000000000e+02 7.288675781250004461e-03
4.380000000000000000e+02 7.254032031249997049e-03
4.390000000000000000e+02 7.218532031249999710e-03
4.400000000000000000e+02 7.182422656249999593e-03
4.410000000000000000e+02 7.146070312499998127e-03
4.420000000000000000e+02 7.109901562500001507e-03
4.430000000000000000e+02 7.074325781250001555e-03
4.440000000000000000e+02 7.039903906249997921e-03
4.450000000000000000e+02 7.007228124999998094e-03
4.460000000000000000e+02 6.977020312499998544e-03
4.470000000000000000e+02 6.950091406249997439e-03
4.480000000000000000e+02 6.927267968749998596e-03
4.490000000000000000e+02 6.909607109375001145e-03
4.500000000000000000e+02 6.898198906249997271e-03
4.510000000000000000e+02 6.894276640624999626e-03
4.520000000000000000e+02 6.899375703124998455e-03
4.530000000000000000e+02 6.914986875000000976e-03
4.540000000000000000e+02 6.942835312499999467e-03
4.550000000000000000e+02 6.984917734374999389e-03
4.560000000000000000e+02 7.043375070312499035e-03
4.570000000000000000e+02 7.120528789062498601e-03
4.580000000000000000e+02 7.219051842968746656e-03
4.590000000000000000e+02 7.341861521093752223e-03
4.600000000000000000e+02 7.491932757812500010e-03
4.610000000000000000e+02 7.672988757812498894e-03
4.620000000000000000e+02 7.888675515624998802e-03
4.630000000000000000e+02 8.143264140624998509e-03
4.640000000000000000e+02 8.441151562499998873e-03
4.650000000000000000e+02 8.787427187500002068e-03
4.660000000000000000e+02 9.187515624999999936e-03
4.670000000000000000e+02 9.647312499999997903e-03
4.680000000000000000e+02 1.017316484374999885e-02
4.690000000000000000e+02 1.077209843749999882e-02
4.700000000000000000e+02 1.145169687499999513e-02
4.710000000000000000e+02 1.222015234374999697e-02
4.720000000000000000e+02 1.308637656249999996e-02
4.730000000000000000e+02 1.405994843749999897e-02
4.740000000000000000e+02 1.515133828125000102e-02
4.750000000000000000e+02 1.637183671875000121e-02
4.760000000000000000e+02 1.773352734374999268e-02
4.770000000000000000e+02 1.924956093749998626e-02
4.780000000000000000e+02 2.093405546875001105e-02
4.790000000000000000e+02 2.280228124999997968e-02
4.800000000000000000e+02 2.487058593749999838e-02
4.810000000000000000e+02 2.715672656249999359e-02
4.820000000000000000e+02 2.967954687499996941e-02
4.830000000000000000e+02 3.245957031249999819e-02
4.840000000000000000e+02 3.551859375000000069e-02
4.850000000000000000e+02 3.888014062499998980e-02
4.860000000000000000e+02 4.256944531249996777e-02
4.870000000000000000e+02 4.661349218749999412e-02
4.880000000000000000e+02 5.104138281249999409e-02
4.890000000000000000e+02 5.588400781250001115e-02
4.900000000000000000e+02 6.117465625000002849e-02
4.910000000000000000e+02 6.694842968749994960e-02
4.920000000000000000e+02 7.324400000000000355e-02
4.930000000000000000e+02 8.010155468750002061e-02
4.940000000000000000e+02 8.756478125000001500e-02
4.950000000000000000e+02 9.567969531250002102e-02
4.960000000000000000e+02 1.044958906250000180e-01
4.970000000000000000e+02 1.140665312500000472e-01
4.980000000000000000e+02 1.244473359374999866e-01
4.990000000000000000e+02 1.356988828125000046e-01
5.000000000000000000e+02 1.478853281250001317e-01
5.010000000000000000e+02 1.610750000000000237e-01
5.020000000000000000e+02 1.753406015625000036e-01
5.030000000000000000e+02 1.907598749999999677e-01
5.040000000000000000e+02 2.074143750000000397e-01
5.050000000000000000e+02 2.253937500000000593e-01
5.060000000000000000e+02 2.447904687500000176e-01
5.070000000000000000e+02 2.657044531249999619e-01
5.080000000000000000e+02 2.882421875000000244e-01
5.090000000000000000e+02 3.125165625000000391e-01
5.100000000000000000e+02 3.386471875000000020e-01
5.110000000000000000e+02 3.667626562500001519e-01
