0.000000000000000000e+00 2.363583968750000296e-04
1.000000000000000000e+00 2.362560585937500870e-04
2.000000000000000000e+00 2.360511781249999730e-04
3.000000000000000000e+00 2.357433320312500515e-04
4.000000000000000000e+00 2.353335484375000360e-04
5.000000000000000000e+00 2.348225781249999218e-04
6.000000000000000000e+00 2.342097554687499832e-04
7.000000000000000000e+00 2.334967757812499243e-04
8.000000000000000000e+00 2.326843015625000793e-04
9.000000000000000000e+00 2.317734734374999564e-04
1.000000000000000000e+01 2.307641632812498507e-04
1.100000000000000000e+01 2.296587843749999447e-04
1.200000000000000000e+01 2.284567882812500446e-04
1.300000000000000000e+01 2.271609257812499331e-04
1.400000000000000000e+01 2.257718593749999988e-04
1.500000000000000000e+01 2.242915492187500936e-04
1.600000000000000000e+01 2.227207921875000419e-04
1.700000000000000000e+01 2.210628562500000264e-04
1.800000000000000000e+01 2.193167281250000980e-04
1.900000000000000000e+01 2.174872875000000302e-04
2.000000000000000000e+01 2.155742734374998897e-04
2.100000000000000000e+01 2.135807914062500749e-04
2.200000000000000000e+01 2.115086656249999238e-04
2.300000000000000000e+01 2.093595156249999987e-04
2.400000000000000000e+01 2.071372882812499516e-04
2.500000000000000000e+01 2.048423445312499394e-04
2.600000000000000000e+01 2.024780523437500162e-04
2.700000000000000000e+01 2.000475828125000200e-04
2.800000000000000000e+01 1.975518085937499739e-04
2.900000000000000000e+01 1.949949570312501843e-04
3.000000000000000000e+01 1.923792570312499986e-04
3.100000000000000000e+01 1.897074406250001146e-04
3.200000000000000000e+01 1.869818710937499659e-04
3.300000000000000000e+01 1.842063259374999897e-04
3.400000000000000000e+01 1.813829717968750734e-04
3.500000000000000000e+01 1.785152060156249638e-04
3.600000000000000000e+01 1.756063608593750138e-04
3.700000000000000000e+01 1.726589783593748915e-04
3.800000000000000000e+01 1.696767915624999878e-04
3.900000000000000000e+01 1.666629625000001769e-04
4.000000000000000000e+01 1.636200176562500874e-04
4.100000000000000000e+01 1.605519958593748780e-04
4.200000000000000000e+01 1.574617896093750253e-04
4.300000000000000000e+01 1.543527272656250438e-04
4.400000000000000000e+01 1.512283872656250004e-04
4.500000000000000000e+01 1.480917998437500317e-04
4.600000000000000000e+01 1.449474609375000079e-04
4.700000000000000000e+01 1.417973690625000003e-04
4.800000000000000000e+01 1.386453556406250882e-04
4.900000000000000000e+01 1.354952765937499277e-04
5.000000000000000000e+01 1.323506945156250421e-04
5.100000000000000000e+01 1.292143229999999561e-04
5.200000000000000000e+01 1.260900426718750199e-04
5.300000000000000000e+01 1.229818187343749815e-04
5.400000000000000000e+01 1.198915964218750710e-04
5.500000000000000000e+01 1.168250073437500592e-04
5.600000000000000000e+01 1.137834562109374945e-04
5.700000000000000000e+01 1.107708181640624579e-04
5.800000000000000000e+01 1.077909002656250514e-04
5.900000000000000000e+01 1.048471360546874756e-04
6.000000000000000000e+01 1.019425883593750079e-04
6.100000000000000000e+01 9.908066656249999967e-05
6.200000000000000000e+01 9.626438390625000952e-05
6.300000000000000000e+01 9.349699945312502536e-05
6.400000000000000000e+01 9.078254867187498199e-05
6.500000000000000000e+01 8.812276171874999981e-05
6.600000000000000000e+01 8.552159085937513603e-05
6.700000000000000000e+01 8.298241585937498428e-05
6.800000000000000000e+01 8.050734554687502889e-05
6.900000000000000000e+01 7.809954359374999514e-05
7.000000000000000000e+01 7.576254289062503032e-05
7.100000000000000000e+01 7.349872515624999590e-05
7.200000000000000000e+01 7.131076546875003805e-05
7.300000000000000000e+01 6.920138976562502516e-05
7.400000000000000000e+01 6.717348782031248074e-05
7.500000000000000000e+01 6.522952292968755693e-05
7.600000000000000000e+01 6.337219189843753186e-05
7.700000000000000000e+01 6.160346401406249740e-05
7.800000000000000000e+01 5.992596042968750076e-05
7.900000000000000000e+01 5.834210737500001627e-05
8.000000000000000000e+01 5.685372417187497878e-05
8.100000000000000000e+01 5.546349187500000042e-05
8.200000000000000000e+01 5.417264000781248957e-05
8.300000000000000000e+01 5.298405857656247761e-05
8.400000000000000000e+01 5.189855315624998197e-05
8.500000000000000000e+01 5.091886026562498732e-05
8.600000000000000000e+01 5.004649999999997561e-05
8.700000000000000000e+01 4.928288101562497631e-05
8.800000000000000000e+01 4.862885601562497032e-05
8.900000000000000000e+01 4.808666015624998461e-05
9.000000000000000000e+01 4.765772109374999307e-05
9.100000000000000000e+01 4.734265703125001236e-05
9.200000000000000000e+01 4.714314921874999237e-05
9.300000000000000000e+01 4.705965624999995737e-05
9.400000000000000000e+01 4.709369765624998167e-05
9.500000000000000000e+01 4.724557734374998255e-05
9.600000000000000000e+01 4.751641015625000477e-05
9.700000000000000000e+01 4.790659296875001425e-05
9.800000000000000000e+01 4.841677812500001999e-05
9.900000000000000000e+01 4.904742968750000406e-05
1.000000000000000000e+02 4.979882031249998828e-05
1.010000000000000000e+02 5.067122656250001275e-05
1.020000000000000000e+02 5.166485156249999767e-05
1.030000000000000000e+02 5.277960156250001270e-05
1.040000000000000000e+02 5.401546875000001453e-05
1.050000000000000000e+02 5.537239843749999806e-05
1.060000000000000000e+02 5.685005468750001814e-05
1.070000000000000000e+02 5.844807812499999288e-05
1.080000000000000000e+02 6.016610156250001390e-05
1.090000000000000000e+02 6.200349218749998061e-05
1.100000000000000000e+02 6.395982031250000397e-05
1.110000000000000000e+02 6.603420312500001335e-05
1.120000000000000000e+02 6.822587500000003226e-05
1.130000000000000000e+02 7.053392187499995906e-05
1.140000000000000000e+02 7.295756250000000169e-05
1.150000000000000000e+02 7.549550781249998483e-05
1.160000000000000000e+02 7.814648437499998246e-05
1.170000000000000000e+02 8.090942187500000228e-05
1.180000000000000000e+02 8.378342968749999810e-05
1.190000000000000000e+02 8.676663281249998104e-05
1.200000000000000000e+02 8.985739062500000150e-05
1.210000000000000000e+02 9.305480468750001739e-05
1.220000000000000000e+02 9.635689843750003909e-05
1.230000000000000000e+02 9.976191406250005671e-05
1.240000000000000000e+02 1.032679531249999989e-04
1.250000000000000000e+02 1.068737187500000060e-04
1.260000000000000000e+02 1.105775312499999730e-04
1.270000000000000000e+02 1.143763906250000288e-04
1.280000000000000000e+02 1.182686953124999728e-04
1.290000000000000000e+02 1.222535703125000081e-04
1.300000000000000000e+02 1.263274687499999686e-04
1.310000000000000000e+02 1.304893984374999702e-04
1.320000000000000000e+02 1.347362265624999812e-04
1.330000000000000000e+02 1.390668437499999622e-04
1.340000000000000000e+02 1.434774140625000348e-04
1.350000000000000000e+02 1.479672031249999080e-04
1.360000000000000000e+02 1.525331249999999864e-04
1.370000000000000000e+02 1.571731093749999502e-04
1.380000000000000000e+02 1.618851796875000538e-04
1.390000000000000000e+02 1.666657031250001763e-04
1.400000000000000000e+02 1.715131562500000085e-04
1.410000000000000000e+02 1.764258515624999777e-04
1.420000000000000000e+02 1.814006328125000104e-04
1.430000000000000000e+02 1.864347421874999050e-04
1.440000000000000000e+02 1.915265078124999722e-04
1.450000000000000000e+02 1.966729374999999979e-04
1.460000000000000000e+02 2.018722890625000320e-04
1.470000000000000000e+02 2.071216562499999506e-04
1.480000000000000000e+02 2.124187656249999204e-04
1.490000000000000000e+02 2.177617421875000067e-04
1.500000000000000000e+02 2.231475078125000138e-04
1.510000000000000000e+02 2.285744765625000445e-04
1.520000000000000000e+02 2.340397265625000106e-04
1.530000000000000000e+02 2.395419609374999440e-04
1.540000000000000000e+02 2.450783437500000635e-04
1.550000000000000000e+02 2.506475781249999676e-04
1.560000000000000000e+02 2.562463593749999321e-04
1.570000000000000000e+02 2.618732968750000925e-04
1.580000000000000000e+02 2.675268749999999999e-04
1.590000000000000000e+02 2.732046171875000904e-04
1.600000000000000000e+02 2.789050234375000151e-04
1.610000000000000000e+02 2.846262031249999019e-04
1.620000000000000000e+02 2.903670156249998631e-04
1.630000000000000000e+02 2.961249531249999720e-04
1.640000000000000000e+02 3.018988046874999443e-04
1.650000000000000000e+02 3.076877109375000157e-04
1.660000000000000000e+02 3.134899687499998898e-04
1.670000000000000000e+02 3.193044140624999626e-04
1.680000000000000000e+02 3.251302421874999529e-04
1.690000000000000000e+02 3.309664531249999534e-04
1.700000000000000000e+02 3.368112265625001632e-04
1.710000000000000000e+02 3.426651953124998698e-04
1.720000000000000000e+02 3.485271328124999899e-04
1.730000000000000000e+02 3.543950546874999959e-04
1.740000000000000000e+02 3.602727187500000239e-04
1.750000000000000000e+02 3.661520468750002061e-04
1.760000000000000000e+02 3.720430468750000452e-04
1.770000000000000000e+02 3.779373124999999001e-04
1.780000000000000000e+02 3.838414843750000702e-04
1.790000000000000000e+02 3.897499140624998966e-04
1.800000000000000000e+02 3.956657499999998362e-04
1.810000000000000000e+02 4.015895625000000225e-04
1.820000000000000000e+02 4.075224999999999052e-04
1.830000000000000000e+02 4.134665937500000416e-04
1.840000000000000000e+02 4.194203750000000661e-04
1.850000000000000000e+02 4.253861796874998879e-04
1.860000000000000000e+02 4.313648593750000343e-04
1.870000000000000000e+02 4.373612890625000536e-04
1.880000000000000000e+02 4.433728750000000100e-04
1.890000000000000000e+02 4.494012812500000034e-04
1.900000000000000000e+02 4.554506484375000770e-04
1.910000000000000000e+02 4.615274921875000538e-04
1.920000000000000000e+02 4.676263749999999227e-04
1.930000000000000000e+02 4.737560078124999777e-04
1.940000000000000000e+02 4.799133749999999628e-04
1.950000000000000000e+02 4.861054218750001255e-04
1.960000000000000000e+02 4.923363570312501696e-04
1.970000000000000000e+02 4.986083679687501906e-04
1.980000000000000000e+02 5.049252906250000124e-04
1.990000000000000000e+02 5.112871742187500212e-04
2.000000000000000000e+02 5.177041476562498730e-04
2.010000000000000000e+02 5.241785726562500376e-04
2.020000000000000000e+02 5.307103500000004371e-04
2.030000000000000000e+02 5.373100523437498218e-04
2.040000000000000000e+02 5.439793640624998637e-04
2.050000000000000000e+02 5.507259726562498776e-04
2.060000000000000000e+02 5.575494484374998727e-04
2.070000000000000000e+02 5.644620445312501650e-04
2.080000000000000000e+02 5.714625192187500376e-04
2.090000000000000000e+02 5.785670300781250953e-04
2.100000000000000000e+02 5.857703296093747306e-04
2.110000000000000000e+02 5.930827910937498454e-04
2.120000000000000000e+02 6.005123048359377281e-04
2.130000000000000000e+02 6.080634895312498961e-04
2.140000000000000000e+02 6.157455734375001828e-04
2.150000000000000000e+02 6.235612032812498130e-04
2.160000000000000000e+02 6.315240807812498060e-04
2.170000000000000000e+02 6.396358726562501561e-04
2.180000000000000000e+02 6.479094792968750904e-04
2.190000000000000000e+02 6.563439014843748748e-04
2.200000000000000000e+02 6.649499391406250414e-04
2.210000000000000000e+02 6.737461895468749642e-04
2.220000000000000000e+02 6.827283014062501777e-04
2.230000000000000000e+02 6.919090370078127133e-04
2.240000000000000000e+02 7.012954419609374653e-04
2.250000000000000000e+02 7.109010900781251915e-04
2.260000000000000000e+02 7.207289386718748357e-04
2.270000000000000000e+02 7.307897974218749773e-04
2.280000000000000000e+02 7.410960429687503100e-04
2.290000000000000000e+02 7.516555859374997447e-04
2.300000000000000000e+02 7.624753195312498552e-04
2.310000000000000000e+02 7.735673914062498203e-04
2.320000000000000000e+02 7.849326593750000341e-04
2.330000000000000000e+02 7.965944968750002068e-04
2.340000000000000000e+02 8.085594710937498743e-04
2.350000000000000000e+02 8.208303406250000347e-04
2.360000000000000000e+02 8.334216000000001928e-04
2.370000000000000000e+02 8.463470031250000481e-04
2.380000000000000000e+02 8.596078593749998439e-04
2.390000000000000000e+02 8.732266953125000179e-04
2.400000000000000000e+02 8.871982187500001681e-04
2.410000000000000000e+02 9.015494843749997152e-04
2.420000000000000000e+02 9.162811328124998399e-04
2.430000000000000000e+02 9.314037656250001660e-04
2.440000000000000000e+02 9.469293281249999356e-04
2.450000000000000000e+02 9.628700000000002188e-04
2.460000000000000000e+02 9.792352187499998428e-04
2.470000000000000000e+02 9.960341328124999553e-04
2.480000000000000000e+02 1.013279367187499983e-03
2.490000000000000000e+02 1.030973671875000212e-03
2.500000000000000000e+02 1.049140726562499890e-03
2.510000000000000000e+02 1.067780796874999959e-03
2.520000000000000000e+02 1.086908406249999931e-03
2.530000000000000000e+02 1.106533781250000062e-03
2.540000000000000000e+02 1.126659617187499799e-03
2.550000000000000000e+02 1.147307882812499940e-03
2.560000000000000000e+02 1.168482343750000020e-03
2.570000000000000000e+02 1.190191171875000292e-03
2.580000000000000000e+02 1.212444453125000000e-03
2.590000000000000000e+02 1.235248671875000502e-03
2.600000000000000000e+02 1.258624687500000143e-03
2.610000000000000000e+02 1.282569453124999658e-03
2.620000000000000000e+02 1.307098281249999879e-03
2.630000000000000000e+02 1.332214140625000544e-03
2.640000000000000000e+02 1.357929453125000319e-03
2.650000000000000000e+02 1.384255546874999529e-03
2.660000000000000000e+02 1.411190546875000246e-03
2.670000000000000000e+02 1.438752031249999723e-03
2.680000000000000000e+02 1.466942734375000640e-03
2.690000000000000000e+02 1.495767734375000324e-03
2.700000000000000000e+02 1.525234374999999898e-03
2.710000000000000000e+02 1.555351640625000269e-03
2.720000000000000000e+02 1.586123671875000127e-03
2.730000000000000000e+02 1.617560468750000062e-03
2.740000000000000000e+02 1.649661171874999659e-03
2.750000000000000000e+02 1.682428593749999606e-03
2.760000000000000000e+02 1.715871328124999717e-03
2.770000000000000000e+02 1.749999453125000107e-03
2.780000000000000000e+02 1.784805937500000359e-03
2.790000000000000000e+02 1.820298437500000345e-03
2.800000000000000000e+02 1.856481562499999807e-03
2.810000000000000000e+02 1.893341953124999272e-03
2.820000000000000000e+02 1.930909687499999606e-03
2.830000000000000000e+02 1.969167578125000095e-03
2.840000000000000000e+02 2.008114218749999964e-03
2.850000000000000000e+02 2.047751562500000570e-03
2.860000000000000000e+02 2.088079687499999268e-03
2.870000000000000000e+02 2.129107031249999425e-03
2.880000000000000000e+02 2.170823437500000314e-03
2.890000000000000000e+02 2.213225781250000978e-03
2.900000000000000000e+02 2.256307812500000370e-03
2.910000000000000000e+02 2.300070312500000248e-03
2.920000000000000000e+02 2.344512499999999288e-03
2.930000000000000000e+02 2.389622656249999755e-03
2.940000000000000000e+02 2.435404687500000026e-03
2.950000000000000000e+02 2.481838281249999518e-03
2.960000000000000000e+02 2.528924218749999120e-03
2.970000000000000000e+02 2.576665624999998922e-03
2.980000000000000000e+02 2.625033593750000262e-03
2.990000000000000000e+02 2.674028906250000125e-03
3.000000000000000000e+02 2.723647656249999268e-03
3.010000000000000000e+02 2.773877343749999932e-03
3.020000000000000000e+02 2.824690624999999598e-03
3.030000000000000000e+02 2.876098437499999879e-03
3.040000000000000000e+02 2.928081250000001082e-03
3.050000000000000000e+02 2.980618750000003057e-03
3.060000000000000000e+02 3.033699999999999852e-03
3.070000000000000000e+02 3.087311718749998456e-03
3.080000000000000000e+02 3.141429687500000342e-03
3.090000000000000000e+02 3.196060937499998339e-03
3.100000000000000000e+02 3.251166406249999564e-03
3.110000000000000000e+02 3.306741406249997812e-03
3.120000000000000000e+02 3.362756250000001768e-03
3.130000000000000000e+02 3.419200781249998999e-03
3.140000000000000000e+02 3.476056249999998071e-03
3.150000000000000000e+02 3.533293750000002058e-03
3.160000000000000000e+02 3.590899218749999712e-03
3.170000000000000000e+02 3.648850781250000813e-03
3.180000000000000000e+02 3.707118749999999303e-03
3.190000000000000000e+02 3.765695312499998428e-03
3.200000000000000000e+02 3.824542187500000554e-03
3.210000000000000000e+02 3.883638281250001607e-03
3.220000000000000000e+02 3.942966406249999792e-03
3.230000000000000000e+02 4.002492187500000624e-03
3.240000000000000000e+02 4.062201562499999363e-03
3.250000000000000000e+02 4.122055468750001825e-03
3.260000000000000000e+02 4.182033593749999618e-03
3.270000000000000000e+02 4.242103124999999607e-03
3.280000000000000000e+02 4.302248437499997004e-03
3.290000000000000000e+02 4.362432031249997670e-03
3.300000000000000000e+02 4.422623437499999428e-03
3.310000000000000000e+02 4.482799999999997724e-03
3.320000000000000000e+02 4.542933593750000422e-03
3.330000000000000000e+02 4.602988281250002152e-03
3.340000000000000000e+02 4.662935937500002972e-03
3.350000000000000000e+02 4.722753906250000931e-03
3.360000000000000000e+02 4.782403125000003578e-03
3.370000000000000000e+02 4.841866406250000879e-03
3.380000000000000000e+02 4.901101562499998558e-03
3.390000000000000000e+02 4.960080468750003614e-03
3.400000000000000000e+02 5.018781250000000672e-03
3.410000000000000000e+02 5.077154687500001762e-03
3.420000000000000000e+02 5.135198437500002044e-03
3.430000000000000000e+02 5.192861718750001361e-03
3.440000000000000000e+02 5.250116406249999770e-03
3.450000000000000000e+02 5.306946093749999836e-03
3.460000000000000000e+02 5.363307031250001168e-03
3.470000000000000000e+02 5.419195312500000618e-03
3.480000000000000000e+02 5.474536718750002556e-03
3.490000000000000000e+02 5.529355468750000308e-03
3.500000000000000000e+02 5.583587500000000703e-03
3.510000000000000000e+02 5.637228906249998860e-03
3.520000000000000000e+02 5.690249218749994335e-03
3.530000000000000000e+02 5.742615624999994860e-03
3.540000000000000000e+02 5.794272656249998404e-03
3.550000000000000000e+02 5.845271093750001659e-03
3.560000000000000000e+02 5.895533593749996762e-03
3.570000000000000000e+02 5.945042968749998831e-03
3.580000000000000000e+02 5.993797656250000015e-03
3.590000000000000000e+02 6.041767968749998594e-03
3.600000000000000000e+02 6.088918750000002662e-03
3.610000000000000000e+02 6.135258593749999892e-03
3.620000000000000000e+02 6.180757031250000248e-03
3.630000000000000000e+02 6.225367187499999781e-03
3.640000000000000000e+02 6.269147656249997140e-03
3.650000000000000000e+02 6.312000781250006430e-03
3.660000000000000000e+02 6.353963281250000518e-03
3.670000000000000000e+02 6.395035156249996751e-03
3.680000000000000000e+02 6.435160156250002185e-03
3.690000000000000000e+02 6.474382812500002055e-03
3.700000000000000000e+02 6.512648437500001726e-03
3.710000000000000000e+02 6.549978125000003107e-03
3.720000000000000000e+02 6.586375000000004552e-03
3.730000000000000000e+02 6.621732812499998670e-03
3.740000000000000000e+02 6.656232812500001081e-03
3.750000000000000000e+02 6.689749218750001662e-03
3.760000000000000000e+02 6.722295312500002097e-03
3.770000000000000000e+02 6.753884374999994528e-03
3.780000000000000000e+02 6.784534374999996384e-03
3.790000000000000000e+02 6.814216171874998285e-03
3.800000000000000000e+02 6.842972578125000246e-03
3.810000000000000000e+02 6.870817734374997862e-03
3.820000000000000000e+02 6.897687656250001825e-03
3.830000000000000000e+02 6.923635546875001046e-03
3.840000000000000000e+02 6.948707499999999017e-03
3.850000000000000000e+02 6.972823125000001190e-03
3.860000000000000000e+02 6.996108749999999619e-03
3.870000000000000000e+02 7.018447968749998329e-03
3.880000000000000000e+02 7.039947578125001389e-03
3.890000000000000000e+02 7.060625000000001796e-03
3.900000000000000000e+02 7.080404687499999850e-03
3.910000000000000000e+02 7.099392187500005481e-03
3.920000000000000000e+02 7.117482812500001803e-03
3.930000000000000000e+02 7.134827343750002257e-03
3.940000000000000000e+02 7.151385156250003074e-03
3.950000000000000000e+02 7.167174218749999999e-03
3.960000000000000000e+02 7.182184374999998379e-03
3.970000000000000000e+02 7.196404687499997899e-03
3.980000000000000000e+02 7.209912500000002084e-03
3.990000000000000000e+02 7.222664843749997121e-03
4.000000000000000000e+02 7.234725781249999599e-03
4.010000000000000000e+02 7.246007031249999605e-03
4.020000000000000000e+02 7.256619531250000331e-03
4.030000000000000000e+02 7.266478125000002362e-03
4.040000000000000000e+02 7.275665625000001142e-03
4.050000000000000000e+02 7.284153124999999743e-03
4.060000000000000000e+02 7.291910937499999044e-03
4.070000000000000000e+02 7.298982031250002452e-03
4.080000000000000000e+02 7.305324999999999666e-03
4.090000000000000000e+02 7.310949218750000499e-03
4.100000000000000000e+02 7.315856250000003259e-03
4.110000000000000000e+02 7.319998437499994001e-03
4.120000000000000000e+02 7.323389062499999561e-03
4.130000000000000000e+02 7.326000000000005251e-03
4.140000000000000000e+02 7.327838281249999565e-03
4.150000000000000000e+02 7.328864062499999138e-03
4.160000000000000000e+02 7.329038281249997643e-03
4.170000000000000000e+02 7.328364843750000829e-03
4.180000000000000000e+02 7.326797656250000866e-03
4.190000000000000000e+02 7.324332031249996752e-03
4.200000000000000000e+02 7.320932031249998730e-03
4.210000000000000000e+02 7.316549999999998923e-03
4.220000000000000000e+02 7.311188281249996965e-03
4.230000000000000000e+02 7.304749218750001757e-03
4.240000000000000000e+02 7.297331249999998784e-03
4.250000000000000000e+02 7.288802343749999427e-03
4.260000000000000000e+02 7.279222656250003247e-03
4.270000000000000000e+02 7.268512499999998412e-03
4.280000000000000000e+02 7.256678906250003773e-03
4.290000000000000000e+02 7.243811718750001530e-03
4.300000000000000000e+02 7.229754687499997598e-03
4.310000000000000000e+02 7.214692187499997279e-03
4.320000000000000000e+02 7.198596875000004558e-03
4.330000000000000000e+02 7.181510937500000698e-03
4.340000000000000000e+02 7.163478124999996498e-03
4.350000000000000000e+02 7.144677343750001006e-03
4.360000000000000000e+02 7.125130468749998371e-03
4.370000000000000000e+02 7.105051562500001687e-03
4.380000000000000000e+02 7.084590624999999656e-03
4.390000000000000000e+02 7.063989843750002710e-03
4.400000000000000000e+02 7.043478125000003122e-03
4.410000000000000000e+02 7.023393750000003245e-03
4.420000000000000000e+02 7.004015625000004595e-03
4.430000000000000000e+02 6.985856249999998491e-03
4.440000000000000000e+02 6.969329687499999440e-03
4.450000000000000000e+02 6.955004687500002114e-03
4.460000000000000000e+02 6.943499218749997828e-03
4.470000000000000000e+02 6.935529687500000678e-03
4.480000000000000000e+02 6.931952109374998547e-03
4.490000000000000000e+02 6.933633593749998630e-03
4.500000000000000000e+02 6.941656093750000860e-03
4.510000000000000000e+02 6.957165156249997713e-03
4.520000000000000000e+02 6.981424999999997702e-03
4.530000000000000000e+02 7.015970312500003150e-03
4.540000000000000000e+02 7.062349843750001174e-03
4.550000000000000000e+02 7.122408906249999734e-03
4.560000000000000000e+02 7.198231335937498553e-03
4.570000000000000000e+02 7.291922468749997312e-03
4.580000000000000000e+02 7.406049680468748675e-03
4.590000000000000000e+02 7.543246433593750293e-03
4.600000000000000000e+02 7.706526363359373841e-03
4.610000000000000000e+02 7.899194445312500423e-03
4.620000000000000000e+02 8.124887874999998580e-03
4.630000000000000000e+02 8.387587968750000525e-03
4.640000000000000000e+02 8.691543906250001617e-03
4.650000000000000000e+02 9.041630781249997140e-03
4.660000000000000000e+02 9.442943046875000926e-03
4.670000000000000000e+02 9.901197656250000992e-03
4.680000000000000000e+02 1.042255625000000456e-02
4.690000000000000000e+02 1.101370390625000181e-02
4.700000000000000000e+02 1.168201171874999784e-02
4.710000000000000000e+02 1.243535546875000272e-02
4.720000000000000000e+02 1.328238828125000853e-02
4.730000000000000000e+02 1.423240156249999493e-02
4.740000000000000000e+02 1.529556484374999283e-02
4.750000000000000000e+02 1.648272734374998938e-02
4.760000000000000000e+02 1.780573515624999867e-02
4.770000000000000000e+02 1.927742265624999424e-02
4.780000000000000000e+02 2.091159062500000387e-02
4.790000000000000000e+02 2.272306874999999865e-02
4.800000000000000000e+02 2.472784375000000243e-02
4.810000000000000000e+02 2.694333593750000352e-02
4.820000000000000000e+02 2.938795312500000825e-02
4.830000000000000000e+02 3.208182031250001592e-02
4.840000000000000000e+02 3.504643749999999947e-02
4.850000000000000000e+02 3.830482031250000141e-02
4.860000000000000000e+02 4.188180468749998220e-02
4.870000000000000000e+02 4.580386718750003444e-02
4.880000000000000000e+02 5.009944531249997668e-02
4.890000000000000000e+02 5.479969531250001441e-02
4.900000000000000000e+02 5.993676562500003385e-02
4.910000000000000000e+02 6.554603124999998365e-02
4.920000000000000000e+02 7.166485937500000070e-02
4.930000000000000000e+02 7.833337499999995512e-02
4.940000000000000000e+02 8.559443749999999518e-02
4.950000000000000000e+02 9.349435156249996659e-02
4.960000000000000000e+02 1.020821171874999739e-01
4.970000000000000000e+02 1.114098046874999470e-01
4.980000000000000000e+02 1.215330078125000102e-01
4.990000000000000000e+02 1.325121171875000281e-01
5.000000000000000000e+02 1.444104765625000286e-01
5.010000000000000000e+02 1.572966093749999794e-01
5.020000000000000000e+02 1.712423046874999299e-01
5.030000000000000000e+02 1.863251640624999927e-01
5.040000000000000000e+02 2.026262968750000559e-01
5.050000000000000000e+02 2.202357812500000678e-01
5.060000000000000000e+02 2.392452343750000043e-01
5.070000000000000000e+02 2.597543749999998708e-01
5.080000000000000000e+02 2.818706249999999858e-01
5.090000000000000000e+02 3.057062499999999017e-01
5.100000000000000000e+02 3.313814062499999546e-01
5.110000000000000000e+02 3.590237499999999193e-01
