0.000000000000000000e+00 3.613975078124998506e-04
1.000000000000000000e+00 3.611661171874998885e-04
2.000000000000000000e+00 3.607016796875001856e-04
3.000000000000000000e+00 3.600065859375001340e-04
4.000000000000000000e+00 3.590808984375000261e-04
5.000000000000000000e+00 3.579268515624999870e-04
6.000000000000000000e+00 3.565450703124998502e-04
7.000000000000000000e+00 3.549381406250000435e-04
8.000000000000000000e+00 3.531068828125000269e-04
9.000000000000000000e+00 3.510549531249999898e-04
1.000000000000000000e+01 3.487857421875000452e-04
1.100000000000000000e+01 3.463009375000000636e-04
1.200000000000000000e+01 3.436048671874999895e-04
1.300000000000000000e+01 3.407008046875000516e-04
1.400000000000000000e+01 3.375926328125001576e-04
1.500000000000000000e+01 3.342853828124999361e-04
1.600000000000000000e+01 3.307824281250001377e-04
1.700000000000000000e+01 3.270889976562501569e-04
1.800000000000000000e+01 3.232106273437501806e-04
1.900000000000000000e+01 3.191520859374999105e-04
2.000000000000000000e+01 3.149191437499998980e-04
2.100000000000000000e+01 3.105173796875000366e-04
2.200000000000000000e+01 3.059531156250001644e-04
2.300000000000000000e+01 3.012322757812500688e-04
2.400000000000000000e+01 2.963615328124998807e-04
2.500000000000000000e+01 2.913472281249999702e-04
2.600000000000000000e+01 2.861970234374999040e-04
2.700000000000000000e+01 2.809165257812501135e-04
2.800000000000000000e+01 2.755147062500001376e-04
2.900000000000000000e+01 2.699985132812500487e-04
3.000000000000000000e+01 2.643749507812499550e-04
3.100000000000000000e+01 2.586517875000000390e-04
3.200000000000000000e+01 2.528373132812500681e-04
3.300000000000000000e+01 2.469396218750000648e-04
3.400000000000000000e+01 2.409664078125000068e-04
3.500000000000000000e+01 2.349262679687500203e-04
3.600000000000000000e+01 2.288278593749999777e-04
3.700000000000000000e+01 2.226787414062500307e-04
3.800000000000000000e+01 2.164878585937500956e-04
3.900000000000000000e+01 2.102642934374999572e-04
4.000000000000000000e+01 2.040162245312499901e-04
4.100000000000000000e+01 1.977526378124999857e-04
4.200000000000000000e+01 1.914818807031249759e-04
4.300000000000000000e+01 1.852131536718750740e-04
4.400000000000000000e+01 1.789553350781250335e-04
4.500000000000000000e+01 1.727170291562500257e-04
4.600000000000000000e+01 1.665066282656250387e-04
4.700000000000000000e+01 1.603340842968750495e-04
4.800000000000000000e+01 1.542068222656249946e-04
4.900000000000000000e+01 1.481344356249999822e-04
5.000000000000000000e+01 1.421257053124999723e-04
5.100000000000000000e+01 1.361886706250000083e-04
5.200000000000000000e+01 1.303321320312500128e-04
5.300000000000000000e+01 1.245652273437499835e-04
5.400000000000000000e+01 1.188949320312499523e-04
5.500000000000000000e+01 1.133311812499999700e-04
5.600000000000000000e+01 1.078809625000000204e-04
5.700000000000000000e+01 1.025530078125000150e-04
5.800000000000000000e+01 9.735550390624999782e-05
5.900000000000000000e+01 9.229521093749998024e-05
6.000000000000000000e+01 8.738051562500000668e-05
6.100000000000000000e+01 8.261937812499999640e-05
6.200000000000000000e+01 7.801862109375000930e-05
6.300000000000000000e+01 7.358512890624998063e-05
6.400000000000000000e+01 6.932689062500002586e-05
6.500000000000000000e+01 6.524976796874999241e-05
6.600000000000000000e+01 6.136080468750000540e-05
6.700000000000000000e+01 5.766636718750002338e-05
6.800000000000000000e+01 5.417289062500000121e-05
6.900000000000000000e+01 5.088620312500000863e-05
7.000000000000000000e+01 4.781218749999999174e-05
7.100000000000000000e+01 4.495624218749998217e-05
7.200000000000000000e+01 4.232384375000000431e-05
7.300000000000000000e+01 3.992019531250000288e-05
7.400000000000000000e+01 3.774994531250000447e-05
7.500000000000000000e+01 3.581758593749999597e-05
7.600000000000000000e+01 3.412764843749999111e-05
7.700000000000000000e+01 3.268412499999999600e-05
7.800000000000000000e+01 3.149071093749998329e-05
7.900000000000000000e+01 3.055107812499999214e-05
8.000000000000000000e+01 2.986837500000000522e-05
8.100000000000000000e+01 2.944560937499998433e-05
8.200000000000000000e+01 2.928543749999999840e-05
8.300000000000000000e+01 2.939035156249998588e-05
8.400000000000000000e+01 2.976226171875000182e-05
8.500000000000000000e+01 3.040317031250000738e-05
8.600000000000000000e+01 3.131451953124999627e-05
8.700000000000000000e+01 3.249755312500000301e-05
8.800000000000000000e+01 3.395321718750000462e-05
8.900000000000000000e+01 3.568208515625000013e-05
9.000000000000000000e+01 3.768453671874997672e-05
9.100000000000000000e+01 3.996063890624997826e-05
9.200000000000000000e+01 4.250999804687498535e-05
9.300000000000000000e+01 4.533211934374998289e-05
9.400000000000000000e+01 4.842616849218749439e-05
9.500000000000000000e+01 5.179085839843752641e-05
9.600000000000000000e+01 5.542501257812500946e-05
9.700000000000000000e+01 5.932622500000001660e-05
9.800000000000000000e+01 6.349296249999997037e-05
9.900000000000000000e+01 6.792294843750002311e-05
1.000000000000000000e+02 7.261292890625007149e-05
1.010000000000000000e+02 7.756051484375001235e-05
1.020000000000000000e+02 8.276192968749993342e-05
1.030000000000000000e+02 8.821430468750000842e-05
1.040000000000000000e+02 9.391315625000006028e-05
1.050000000000000000e+02 9.985445312499998825e-05
1.060000000000000000e+02 1.060345859374999303e-04
1.070000000000000000e+02 1.124478984374999906e-04
1.080000000000000000e+02 1.190900000000000134e-04
1.090000000000000000e+02 1.259552890625000336e-04
1.100000000000000000e+02 1.330389140625000161e-04
1.110000000000000000e+02 1.403343203124998739e-04
1.120000000000000000e+02 1.478367109374999634e-04
1.130000000000000000e+02 1.555383515624999646e-04
1.140000000000000000e+02 1.634335625000001566e-04
1.150000000000000000e+02 1.715161562499999202e-04
1.160000000000000000e+02 1.797779140624999764e-04
1.170000000000000000e+02 1.882126796875001503e-04
1.180000000000000000e+02 1.968136640624999767e-04
1.190000000000000000e+02 2.055710000000000957e-04
1.200000000000000000e+02 2.144786328125000078e-04
1.210000000000000000e+02 2.235276640625000872e-04
1.220000000000000000e+02 2.327110468750000856e-04
1.230000000000000000e+02 2.420196171874998935e-04
1.240000000000000000e+02 2.514444296875000722e-04
1.250000000000000000e+02 2.609769218750000058e-04
1.260000000000000000e+02 2.706089999999999429e-04
1.270000000000000000e+02 2.803303828124999826e-04
1.280000000000000000e+02 2.901329140625000811e-04
1.290000000000000000e+02 3.000072578125000024e-04
1.300000000000000000e+02 3.099427968749998599e-04
1.310000000000000000e+02 3.199305234375001664e-04
1.320000000000000000e+02 3.299611640625002193e-04
1.330000000000000000e+02 3.400244765625001515e-04
1.340000000000000000e+02 3.501108437499997664e-04
1.350000000000000000e+02 3.602097265625000579e-04
1.360000000000000000e+02 3.703120859374998746e-04
1.370000000000000000e+02 3.804068749999999356e-04
1.380000000000000000e+02 3.904843359374998474e-04
1.390000000000000000e+02 4.005350703124998949e-04
1.400000000000000000e+02 4.105470390624999097e-04
1.410000000000000000e+02 4.205109921875000442e-04
1.420000000000000000e+02 4.304161328125002354e-04
1.430000000000000000e+02 4.402542109375000550e-04
1.440000000000000000e+02 4.500126796875000357e-04
1.450000000000000000e+02 4.596840312499999551e-04
1.460000000000000000e+02 4.692546328124998873e-04
1.470000000000000000e+02 4.787196328124998382e-04
1.480000000000000000e+02 4.880640078124999634e-04
1.490000000000000000e+02 4.972793671875000172e-04
1.500000000000000000e+02 5.063549218750001491e-04
1.510000000000000000e+02 5.152833124999998959e-04
1.520000000000000000e+02 5.240527890625001298e-04
1.530000000000000000e+02 5.326586015625000984e-04
1.540000000000000000e+02 5.410816562499997685e-04
1.550000000000000000e+02 5.493250000000000303e-04
1.560000000000000000e+02 5.573708828124997097e-04
1.570000000000000000e+02 5.652130781249996988e-04
1.580000000000000000e+02 5.728451406250001376e-04
1.590000000000000000e+02 5.802564687499995591e-04
1.600000000000000000e+02 5.874396562499998014e-04
1.610000000000000000e+02 5.943851171875002724e-04
1.620000000000000000e+02 6.010882578125001374e-04
1.630000000000000000e+02 6.075392499999997991e-04
1.640000000000000000e+02 6.137330781249999458e-04
1.650000000000000000e+02 6.196608749999994985e-04
1.660000000000000000e+02 6.253194843750000103e-04
1.670000000000000000e+02 6.306988125000001803e-04
1.680000000000000000e+02 6.358007187500001140e-04
1.690000000000000000e+02 6.406064375000002564e-04
1.700000000000000000e+02 6.451222968749995533e-04
1.710000000000000000e+02 6.493402421874997507e-04
1.720000000000000000e+02 6.532564218749998403e-04
1.730000000000000000e+02 6.568677968749999036e-04
1.740000000000000000e+02 6.601720156249995522e-04
1.750000000000000000e+02 6.631586718750004687e-04
1.760000000000000000e+02 6.658360781250001210e-04
1.770000000000000000e+02 6.681948359375002033e-04
1.780000000000000000e+02 6.702387500000003395e-04
1.790000000000000000e+02 6.719594921875007929e-04
1.800000000000000000e+02 6.733641562499998899e-04
1.810000000000000000e+02 6.744513593749999845e-04
1.820000000000000000e+02 6.752209453125002916e-04
1.830000000000000000e+02 6.756715624999997880e-04
1.840000000000000000e+02 6.758052578124999982e-04
1.850000000000000000e+02 6.756313515625001365e-04
1.860000000000000000e+02 6.751431718750003537e-04
1.870000000000000000e+02 6.743498359375005129e-04
1.880000000000000000e+02 6.732547031250007974e-04
1.890000000000000000e+02 6.718626328124999506e-04
1.900000000000000000e+02 6.701791015625001855e-04
1.910000000000000000e+02 6.682107265624995370e-04
1.920000000000000000e+02 6.659600625000002385e-04
1.930000000000000000e+02 6.634399062499998908e-04
1.940000000000000000e+02 6.606567890624993932e-04
1.950000000000000000e+02 6.576173203125000371e-04
1.960000000000000000e+02 6.543336406250000944e-04
1.970000000000000000e+02 6.508131406249996866e-04
1.980000000000000000e+02 6.470654999999997901e-04
1.990000000000000000e+02 6.431057109374998864e-04
2.000000000000000000e+02 6.389466875000001170e-04
2.010000000000000000e+02 6.345976484374997494e-04
2.020000000000000000e+02 6.300732890625002644e-04
2.030000000000000000e+02 6.253900624999998324e-04
2.040000000000000000e+02 6.205618750000001325e-04
2.050000000000000000e+02 6.155993750000000051e-04
2.060000000000000000e+02 6.105275000000000936e-04
2.070000000000000000e+02 6.053569531250004021e-04
2.080000000000000000e+02 6.001071093749998399e-04
2.090000000000000000e+02 5.947960937499997087e-04
2.100000000000000000e+02 5.894478125000000021e-04
2.110000000000000000e+02 5.840767187500001600e-04
2.120000000000000000e+02 5.787051562499999141e-04
2.130000000000000000e+02 5.733535156250001326e-04
2.140000000000000000e+02 5.680456249999998744e-04
2.150000000000000000e+02 5.628026562500000303e-04
2.160000000000000000e+02 5.576489062499997377e-04
2.170000000000000000e+02 5.526073437500002425e-04
2.180000000000000000e+02 5.477030468749999456e-04
2.190000000000000000e+02 5.429610937500000669e-04
2.200000000000000000e+02 5.384077343749999085e-04
2.210000000000000000e+02 5.340689843750001968e-04
2.220000000000000000e+02 5.299733593750000169e-04
2.230000000000000000e+02 5.261467187499999608e-04
2.240000000000000000e+02 5.226159375000000856e-04
2.250000000000000000e+02 5.194135156250000900e-04
2.260000000000000000e+02 5.165647656250003114e-04
2.270000000000000000e+02 5.141049218749999851e-04
2.280000000000000000e+02 5.120567187499998297e-04
2.290000000000000000e+02 5.104581249999999180e-04
2.300000000000000000e+02 5.093339062500001164e-04
2.310000000000000000e+02 5.087216406250000527e-04
2.320000000000000000e+02 5.086493750000001431e-04
2.330000000000000000e+02 5.091520312500000039e-04
2.340000000000000000e+02 5.102571875000000813e-04
2.350000000000000000e+02 5.120027343749998386e-04
2.360000000000000000e+02 5.144222656249998081e-04
2.370000000000000000e+02 5.175464843750000920e-04
2.380000000000000000e+02 5.214082031250002244e-04
2.390000000000000000e+02 5.260449218749998742e-04
2.400000000000000000e+02 5.314907812500001532e-04
2.410000000000000000e+02 5.377737187499996921e-04
2.420000000000000000e+02 5.449369375000000367e-04
2.430000000000000000e+02 5.530076562499998708e-04
2.440000000000000000e+02 5.620219531250001538e-04
2.450000000000000000e+02 5.720176875000000400e-04
2.460000000000000000e+02 5.830260390625001399e-04
2.470000000000000000e+02 5.950814296875003330e-04
2.480000000000000000e+02 6.082162343749998416e-04
2.490000000000000000e+02 6.224653281250001500e-04
2.500000000000000000e+02 6.378641328125000693e-04
2.510000000000000000e+02 6.544466484374999180e-04
2.520000000000000000e+02 6.722442968750001789e-04
2.530000000000000000e+02 6.912823437500003471e-04
2.540000000000000000e+02 7.116043828125003532e-04
2.550000000000000000e+02 7.332410937499999866e-04
2.560000000000000000e+02 7.562159374999999090e-04
2.570000000000000000e+02 7.805626562500001409e-04
2.580000000000000000e+02 8.063153906250000594e-04
2.590000000000000000e+02 8.335023437500001069e-04
2.600000000000000000e+02 8.621470312500001572e-04
2.610000000000000000e+02 8.922874999999998082e-04
2.620000000000000000e+02 9.239381250000003841e-04
2.630000000000000000e+02 9.571331250000000282e-04
2.640000000000000000e+02 9.918940624999998592e-04
2.650000000000000000e+02 1.028256250000000481e-03
2.660000000000000000e+02 1.066227812499999893e-03
2.670000000000000000e+02 1.105841250000000288e-03
2.680000000000000000e+02 1.147107421875000286e-03
2.690000000000000000e+02 1.190062265624999404e-03
2.700000000000000000e+02 1.234712421875000217e-03
2.710000000000000000e+02 1.281081640624999766e-03
2.720000000000000000e+02 1.329178828124999868e-03
2.730000000000000000e+02 1.379027265624999977e-03
2.740000000000000000e+02 1.430634375000000092e-03
2.750000000000000000e+02 1.484014531249999800e-03
2.760000000000000000e+02 1.539177500000000250e-03
2.770000000000000000e+02 1.596129296875000445e-03
2.780000000000000000e+02 1.654882187500000216e-03
2.790000000000000000e+02 1.715433281249999350e-03
2.800000000000000000e+02 1.777803359374999486e-03
2.810000000000000000e+02 1.841967109374999419e-03
2.820000000000000000e+02 1.907948828125000237e-03
2.830000000000000000e+02 1.975737578125000109e-03
2.840000000000000000e+02 2.045322265624999886e-03
2.850000000000000000e+02 2.116700703124998768e-03
2.860000000000000000e+02 2.189867578124999985e-03
2.870000000000000000e+02 2.264811484375001301e-03
2.880000000000000000e+02 2.341516484375000262e-03
2.890000000000000000e+02 2.419967187500001067e-03
2.900000000000000000e+02 2.500153125000000552e-03
2.910000000000000000e+02 2.582044531249998772e-03
2.920000000000000000e+02 2.665623437500000414e-03
2.930000000000000000e+02 2.750866406250000902e-03
2.940000000000000000e+02 2.837744531249999837e-03
2.950000000000000000e+02 2.926228125000000270e-03
2.960000000000000000e+02 3.016282812499998609e-03
2.970000000000000000e+02 3.107871875000000738e-03
2.980000000000000000e+02 3.200967968749999365e-03
2.990000000000000000e+02 3.295516406250000290e-03
3.000000000000000000e+02 3.391482031250001201e-03
3.010000000000000000e+02 3.488821875000000430e-03
3.020000000000000000e+02 3.587478124999999348e-03
3.030000000000000000e+02 3.687404687499998800e-03
3.040000000000000000e+02 3.788549218749999881e-03
3.050000000000000000e+02 3.890844531250000227e-03
3.060000000000000000e+02 3.994235156250000411e-03
3.070000000000000000e+02 4.098666406249998860e-03
3.080000000000000000e+02 4.204055468750000565e-03
3.090000000000000000e+02 4.310347656249998750e-03
3.100000000000000000e+02 4.417457031250000485e-03
3.110000000000000000e+02 4.525329687500000315e-03
3.120000000000000000e+02 4.633867187500001483e-03
3.130000000000000000e+02 4.743000781250000276e-03
3.140000000000000000e+02 4.852638281249999248e-03
3.150000000000000000e+02 4.962693750000001999e-03
3.160000000000000000e+02 5.073095312499996921e-03
3.170000000000000000e+02 5.183722656249998770e-03
3.180000000000000000e+02 5.294499218749997536e-03
3.190000000000000000e+02 5.405328124999999109e-03
3.200000000000000000e+02 5.516103124999998698e-03
3.210000000000000000e+02 5.626715625000004890e-03
3.220000000000000000e+02 5.737069531250002345e-03
3.230000000000000000e+02 5.847057812499999695e-03
3.240000000000000000e+02 5.956561718750001330e-03
3.250000000000000000e+02 6.065482812500002686e-03
3.260000000000000000e+02 6.173685937500003780e-03
3.270000000000000000e+02 6.281073437500000502e-03
3.280000000000000000e+02 6.387517968750002634e-03
3.290000000000000000e+02 6.492895312499999232e-03
3.300000000000000000e+02 6.597088281249999936e-03
3.310000000000000000e+02 6.699974218750000786e-03
3.320000000000000000e+02 6.801421093750002755e-03
3.330000000000000000e+02 6.901303125000000926e-03
3.340000000000000000e+02 6.999500781249996632e-03
3.350000000000000000e+02 7.095885156249997008e-03
3.360000000000000000e+02 7.190310937499997876e-03
3.370000000000000000e+02 7.282663281250001570e-03
3.380000000000000000e+02 7.372807031249996833e-03
3.390000000000000000e+02 7.460606249999998836e-03
3.400000000000000000e+02 7.545931249999999514e-03
3.410000000000000000e+02 7.628671874999997000e-03
3.420000000000000000e+02 7.708667187500002280e-03
3.430000000000000000e+02 7.785821875000002203e-03
3.440000000000000000e+02 7.859979687500002685e-03
3.450000000000000000e+02 7.930988281250000646e-03
3.460000000000000000e+02 7.998807812499999711e-03
3.470000000000000000e+02 8.063226562499999431e-03
3.480000000000000000e+02 8.124188281250001656e-03
3.490000000000000000e+02 8.181557031249999876e-03
3.500000000000000000e+02 8.235167187499998001e-03
3.510000000000000000e+02 8.284989062500002985e-03
3.520000000000000000e+02 8.330882812500000831e-03
3.530000000000000000e+02 8.372680468750004490e-03
3.540000000000000000e+02 8.410360156250002925e-03
3.550000000000000000e+02 8.443838281249999370e-03
3.560000000000000000e+02 8.472944531250001937e-03
3.570000000000000000e+02 8.497647656249995851e-03
3.580000000000000000e+02 8.517821093749999156e-03
3.590000000000000000e+02 8.533507031250000055e-03
3.600000000000000000e+02 8.544504687500001014e-03
3.610000000000000000e+02 8.550823437500000568e-03
3.620000000000000000e+02 8.552402343749999566e-03
3.630000000000000000e+02 8.549205468750004783e-03
3.640000000000000000e+02 8.541153125000004384e-03
3.650000000000000000e+02 8.528231249999997099e-03
3.660000000000000000e+02 8.510435156249997538e-03
3.670000000000000000e+02 8.487782031249994918e-03
3.680000000000000000e+02 8.460209375000006526e-03
3.690000000000000000e+02 8.427735156249997750e-03
3.700000000000000000e+02 8.390457812500000043e-03
3.710000000000000000e+02 8.348337499999997080e-03
3.720000000000000000e+02 8.301423437499998517e-03
3.730000000000000000e+02 8.249760156249995660e-03
3.740000000000000000e+02 8.193459375000003431e-03
3.750000000000000000e+02 8.132557812499999900e-03
3.760000000000000000e+02 8.067114843749995448e-03
3.770000000000000000e+02 7.997348437500002849e-03
3.780000000000000000e+02 7.923253124999998093e-03
3.790000000000000000e+02 7.844996874999999453e-03
3.800000000000000000e+02 7.762783593749996748e-03
3.810000000000000000e+02 7.676647656249998772e-03
3.820000000000000000e+02 7.586845312499998148e-03
3.830000000000000000e+02 7.493578906250002863e-03
3.840000000000000000e+02 7.396968750000000765e-03
3.850000000000000000e+02 7.297267968749999133e-03
3.860000000000000000e+02 7.194737500000001132e-03
3.870000000000000000e+02 7.089533203125002354e-03
3.880000000000000000e+02 6.981970781249999258e-03
3.890000000000000000e+02 6.872294687499998916e-03
3.900000000000000000e+02 6.760811406249998302e-03
3.910000000000000000e+02 6.647792187500001226e-03
3.920000000000000000e+02 6.533573593749997070e-03
3.930000000000000000e+02 6.418442968750000255e-03
3.940000000000000000e+02 6.302716093749998090e-03
3.950000000000000000e+02 6.186791562499998481e-03
3.960000000000000000e+02 6.071061640625000956e-03
3.970000000000000000e+02 5.955776562500005207e-03
3.980000000000000000e+02 5.841415234375003755e-03
3.990000000000000000e+02 5.728320781250001610e-03
4.000000000000000000e+02 5.616968203124996818e-03
4.010000000000000000e+02 5.507671953125000373e-03
4.020000000000000000e+02 5.400929687500000131e-03
4.030000000000000000e+02 5.297085203124997713e-03
4.040000000000000000e+02 5.196658140625001927e-03
4.050000000000000000e+02 5.099998648437503029e-03
4.060000000000000000e+02 5.007607804687497915e-03
4.070000000000000000e+02 4.919945601562504024e-03
4.080000000000000000e+02 4.837378390624998310e-03
4.090000000000000000e+02 4.760432265625002234e-03
4.100000000000000000e+02 4.689534610156248853e-03
4.110000000000000000e+02 4.625076644531250086e-03
4.120000000000000000e+02 4.567556390625002356e-03
4.130000000000000000e+02 4.517410902343751283e-03
4.140000000000000000e+02 4.475021025781251299e-03
4.150000000000000000e+02 4.440879593750000562e-03
4.160000000000000000e+02 4.415328675781247415e-03
4.170000000000000000e+02 4.398808546093751527e-03
4.180000000000000000e+02 4.391683960859375964e-03
4.190000000000000000e+02 4.394343501562498339e-03
4.200000000000000000e+02 4.407144613281249561e-03
4.210000000000000000e+02 4.430449828125000364e-03
4.220000000000000000e+02 4.464518055468751773e-03
4.230000000000000000e+02 4.509708954687501221e-03
4.240000000000000000e+02 4.566237057812496877e-03
4.250000000000000000e+02 4.634461821406248884e-03
4.260000000000000000e+02 4.714477006249998686e-03
4.270000000000000000e+02 4.806570490625001156e-03
4.280000000000000000e+02 4.910900888281254269e-03
4.290000000000000000e+02 5.027567337500000316e-03
4.300000000000000000e+02 5.156742268749997700e-03
4.310000000000000000e+02 5.298458536718749987e-03
4.320000000000000000e+02 5.452790710937499737e-03
4.330000000000000000e+02 5.619719696093750799e-03
4.340000000000000000e+02 5.799255389062501521e-03
4.350000000000000000e+02 5.991299869531249364e-03
4.360000000000000000e+02 6.195789849218751900e-03
4.370000000000000000e+02 6.412632278124997566e-03
4.380000000000000000e+02 6.641644789062504071e-03
4.390000000000000000e+02 6.882635167968751549e-03
4.400000000000000000e+02 7.135359677812501411e-03
4.410000000000000000e+02 7.399587771875001420e-03
4.420000000000000000e+02 7.675062656249996909e-03
4.430000000000000000e+02 7.961486078125001517e-03
4.440000000000000000e+02 8.258523343749999204e-03
4.450000000000000000e+02 8.565841046875001530e-03
4.460000000000000000e+02 8.883071882812496045e-03
4.470000000000000000e+02 9.209893851562501316e-03
4.480000000000000000e+02 9.545882132812504375e-03
4.490000000000000000e+02 9.890694953125001021e-03
4.500000000000000000e+02 1.024403141406249849e-02
4.510000000000000000e+02 1.060554421874999875e-02
4.520000000000000000e+02 1.097484843750000209e-02
4.530000000000000000e+02 1.135176718750000209e-02
4.540000000000000000e+02 1.173603703125000210e-02
4.550000000000000000e+02 1.212750226562500123e-02
4.560000000000000000e+02 1.252602101562499612e-02
4.570000000000000000e+02 1.293160164062500013e-02
4.580000000000000000e+02 1.334428218749999714e-02
4.590000000000000000e+02 1.376435310156250147e-02
4.600000000000000000e+02 1.419206491406250180e-02
4.610000000000000000e+02 1.462785435156250223e-02
4.620000000000000000e+02 1.507240955468749748e-02
4.630000000000000000e+02 1.552648219531250345e-02
4.640000000000000000e+02 1.599114591406250452e-02
4.650000000000000000e+02 1.646769054687500372e-02
4.660000000000000000e+02 1.695757164062499517e-02
4.670000000000000000e+02 1.746258679687499524e-02
4.680000000000000000e+02 1.798486085937500700e-02
4.690000000000000000e+02 1.852689960937500130e-02
4.700000000000000000e+02 1.909148828125001307e-02
4.710000000000000000e+02 1.968183437500000896e-02
4.720000000000000000e+02 2.030169375000000914e-02
4.730000000000000000e+02 2.095517812499999785e-02
4.740000000000000000e+02 2.164698046874998991e-02
4.750000000000000000e+02 2.238250078124999487e-02
4.760000000000000000e+02 2.316752812500001008e-02
4.770000000000000000e+02 2.400859765624999489e-02
4.780000000000000000e+02 2.491302578124999709e-02
4.790000000000000000e+02 2.588900156249999973e-02
4.800000000000000000e+02 2.694524921875000173e-02
4.810000000000000000e+02 2.809164062499999379e-02
4.820000000000000000e+02 2.933901250000001126e-02
4.830000000000000000e+02 3.069925781249999153e-02
4.840000000000000000e+02 3.218536015624998831e-02
4.850000000000000000e+02 3.381146796875001553e-02
4.860000000000000000e+02 3.559329687500001338e-02
4.870000000000000000e+02 3.754775781249997807e-02
4.880000000000000000e+02 3.969342187499998870e-02
4.890000000000000000e+02 4.205054687500001803e-02
4.900000000000000000e+02 4.464113281249999787e-02
4.910000000000000000e+02 4.748958593749998125e-02
4.920000000000000000e+02 5.062162500000001730e-02
4.930000000000000000e+02 5.406594531250001612e-02
4.940000000000000000e+02 5.785375781250001043e-02
4.950000000000000000e+02 6.201947421875000921e-02
4.960000000000000000e+02 6.659868515625000374e-02
4.970000000000000000e+02 7.163248906250004044e-02
4.980000000000000000e+02 7.716422578125006759e-02
4.990000000000000000e+02 8.324177499999997620e-02
5.000000000000000000e+02 8.991748203125003724e-02
5.010000000000000000e+02 9.724747656249996264e-02
5.020000000000000000e+02 1.052935296874999982e-01
5.030000000000000000e+02 1.141239593750000697e-01
5.040000000000000000e+02 1.238118203125000150e-01
5.050000000000000000e+02 1.344378359374999998e-01
5.060000000000000000e+02 1.460903046875000610e-01
5.070000000000000000e+02 1.588656093750000220e-01
5.080000000000000000e+02 1.728683828124999433e-01
5.090000000000000000e+02 1.882153046874999180e-01
5.100000000000000000e+02 2.050324687499999465e-01
5.110000000000000000e+02 2.234593906250000317e-01
