0.000000000000000000e+00 3.098258125000001237e-04
1.000000000000000000e+00 3.096136093749997657e-04
2.000000000000000000e+00 3.091873750000000663e-04
3.000000000000000000e+00 3.085492265624999110e-04
4.000000000000000000e+00 3.077004374999998764e-04
5.000000000000000000e+00 3.066414140625002907e-04
6.000000000000000000e+00 3.053737656249997105e-04
7.000000000000000000e+00 3.039002578125000412e-04
8.000000000000000000e+00 3.022227421874998745e-04
9.000000000000000000e+00 3.003427812500000685e-04
1.000000000000000000e+01 2.982644062500001817e-04
1.100000000000000000e+01 2.959902968750000507e-04
1.200000000000000000e+01 2.935236171874999072e-04
1.300000000000000000e+01 2.908677734375001269e-04
1.400000000000000000e+01 2.880288124999999121e-04
1.500000000000000000e+01 2.850087578125000409e-04
1.600000000000000000e+01 2.818131406249998788e-04
1.700000000000000000e+01 2.784457656249999711e-04
1.800000000000000000e+01 2.749125312500001403e-04
1.900000000000000000e+01 2.712190937499999572e-04
2.000000000000000000e+01 2.673698281249998836e-04
2.100000000000000000e+01 2.633715156250000366e-04
2.200000000000000000e+01 2.592299296874998708e-04
2.300000000000000000e+01 2.549505703125000151e-04
2.400000000000000000e+01 2.505408984375000116e-04
2.500000000000000000e+01 2.460070312499999475e-04
2.600000000000000000e+01 2.413554609375000647e-04
2.700000000000000000e+01 2.365943226562500440e-04
2.800000000000000000e+01 2.317293328124999882e-04
2.900000000000000000e+01 2.267682554687498817e-04
3.000000000000000000e+01 2.217190335937500108e-04
3.100000000000000000e+01 2.165884242187500063e-04
3.200000000000000000e+01 2.113852437500000252e-04
3.300000000000000000e+01 2.061163593749999496e-04
3.400000000000000000e+01 2.007901687499999291e-04
3.500000000000000000e+01 1.954146734375000565e-04
3.600000000000000000e+01 1.899976585937499744e-04
3.700000000000000000e+01 1.845470773437500231e-04
3.800000000000000000e+01 1.790728609375000658e-04
3.900000000000000000e+01 1.735814984375000044e-04
4.000000000000000000e+01 1.680811640625000684e-04
4.100000000000000000e+01 1.625815859375000379e-04
4.200000000000000000e+01 1.570900328124999522e-04
4.300000000000000000e+01 1.516158343749999637e-04
4.400000000000000000e+01 1.461661125781250003e-04
4.500000000000000000e+01 1.407502935937499848e-04
4.600000000000000000e+01 1.353760585937499822e-04
4.700000000000000000e+01 1.300520121093749933e-04
4.800000000000000000e+01 1.247862693750000020e-04
4.900000000000000000e+01 1.195866171015625752e-04
5.000000000000000000e+01 1.144615672343749500e-04
5.100000000000000000e+01 1.094196743437500334e-04
5.200000000000000000e+01 1.044677089062499874e-04
5.300000000000000000e+01 9.961398593749998709e-05
5.400000000000000000e+01 9.486626187500000671e-05
5.500000000000000000e+01 9.023188742187503587e-05
5.600000000000000000e+01 8.571869828124999645e-05
5.700000000000000000e+01 8.133413828124999383e-05
5.800000000000000000e+01 7.708495078124999141e-05
5.900000000000000000e+01 7.297825859374996104e-05
6.000000000000000000e+01 6.902064296875003277e-05
6.100000000000000000e+01 6.521955546874998969e-05
6.200000000000000000e+01 6.158079062499998834e-05
6.300000000000000000e+01 5.811115937500000670e-05
6.400000000000000000e+01 5.481656640624999832e-05
6.500000000000000000e+01 5.170295624999998794e-05
6.600000000000000000e+01 4.877614921875002909e-05
6.700000000000000000e+01 4.604140859374998871e-05
6.800000000000000000e+01 4.350438750000000564e-05
6.900000000000000000e+01 4.117033671874997645e-05
7.000000000000000000e+01 3.904359765625000262e-05
7.100000000000000000e+01 3.712903046874999660e-05
7.200000000000000000e+01 3.543113203125000785e-05
7.300000000000000000e+01 3.395412734375000667e-05
7.400000000000000000e+01 3.270165624999999760e-05
7.500000000000000000e+01 3.167765000000001340e-05
7.600000000000000000e+01 3.088542031249998738e-05
7.700000000000000000e+01 3.032810156250000583e-05
7.800000000000000000e+01 3.000866406249998725e-05
7.900000000000000000e+01 2.992978984375000939e-05
8.000000000000000000e+01 3.009376640624999508e-05
8.100000000000000000e+01 3.050283125000001277e-05
8.200000000000000000e+01 3.115873671874999932e-05
8.300000000000000000e+01 3.206319531250002034e-05
8.400000000000000000e+01 3.321739453124999286e-05
8.500000000000000000e+01 3.462249062500001302e-05
8.600000000000000000e+01 3.627921406249999450e-05
8.700000000000000000e+01 3.818807914062502355e-05
8.800000000000000000e+01 4.034940132812497128e-05
8.900000000000000000e+01 4.276298054687499339e-05
9.000000000000000000e+01 4.542859554687498464e-05
9.100000000000000000e+01 4.834585420312501432e-05
9.200000000000000000e+01 5.151394178906250739e-05
9.300000000000000000e+01 5.493095445312499200e-05
9.400000000000000000e+01 5.859633507812502250e-05
9.500000000000000000e+01 6.250888679687504647e-05
9.600000000000000000e+01 6.666511796874994829e-05
9.700000000000000000e+01 7.106423125000000697e-05
9.800000000000000000e+01 7.570309531250001564e-05
9.900000000000000000e+01 8.057936093750003718e-05
1.000000000000000000e+02 8.568988046875005869e-05
1.010000000000000000e+02 9.103153906249997684e-05
1.020000000000000000e+02 9.660053046874999801e-05
1.030000000000000000e+02 1.023932687499999768e-04
1.040000000000000000e+02 1.084063570312499475e-04
1.050000000000000000e+02 1.146348593749999412e-04
1.060000000000000000e+02 1.210746460937499525e-04
1.070000000000000000e+02 1.277206476562499501e-04
1.080000000000000000e+02 1.345686171874999764e-04
1.090000000000000000e+02 1.416130781249999462e-04
1.100000000000000000e+02 1.488479374999999332e-04
1.110000000000000000e+02 1.562686718750000685e-04
1.120000000000000000e+02 1.638685703124999273e-04
1.130000000000000000e+02 1.716418437500000899e-04
1.140000000000000000e+02 1.795826484375001358e-04
1.150000000000000000e+02 1.876845390624999881e-04
1.160000000000000000e+02 1.959399375000000576e-04
1.170000000000000000e+02 2.043423828125001131e-04
1.180000000000000000e+02 2.128854062499999273e-04
1.190000000000000000e+02 2.215608125000000463e-04
1.200000000000000000e+02 2.303615156249999986e-04
1.210000000000000000e+02 2.392810156250001696e-04
1.220000000000000000e+02 2.483101484374999890e-04
1.230000000000000000e+02 2.574414921874999753e-04
1.240000000000000000e+02 2.666665156249999297e-04
1.250000000000000000e+02 2.759784765624999315e-04
1.260000000000000000e+02 2.853670546874999378e-04
1.270000000000000000e+02 2.948250078124998032e-04
1.280000000000000000e+02 3.043435234375000461e-04
1.290000000000000000e+02 3.139135312499998030e-04
1.300000000000000000e+02 3.235265937500002081e-04
1.310000000000000000e+02 3.331732031249999234e-04
1.320000000000000000e+02 3.428455546875000212e-04
1.330000000000000000e+02 3.525334531250001757e-04
1.340000000000000000e+02 3.622276796874998183e-04
1.350000000000000000e+02 3.719185468750001991e-04
1.360000000000000000e+02 3.815988124999997633e-04
1.370000000000000000e+02 3.912575937499999565e-04
1.380000000000000000e+02 4.008857500000002233e-04
1.390000000000000000e+02 4.104740234374998527e-04
1.400000000000000000e+02 4.200125234375001477e-04
1.410000000000000000e+02 4.294910781250001739e-04
1.420000000000000000e+02 4.389041718750000157e-04
1.430000000000000000e+02 4.482365468750001145e-04
1.440000000000000000e+02 4.574842890625000370e-04
1.450000000000000000e+02 4.666341484374997100e-04
1.460000000000000000e+02 4.756768359374996319e-04
1.470000000000000000e+02 4.846066875000004529e-04
1.480000000000000000e+02 4.934141093749995792e-04
1.490000000000000000e+02 5.020879453124998471e-04
1.500000000000000000e+02 5.106187656249997148e-04
1.510000000000000000e+02 5.189988046874994751e-04
1.520000000000000000e+02 5.272218515625003371e-04
1.530000000000000000e+02 5.352735078125003387e-04
1.540000000000000000e+02 5.431520781250001552e-04
1.550000000000000000e+02 5.508468515625001118e-04
1.560000000000000000e+02 5.583503671874997989e-04
1.570000000000000000e+02 5.656488749999992981e-04
1.580000000000000000e+02 5.727448671874996828e-04
1.590000000000000000e+02 5.796210078124998865e-04
1.600000000000000000e+02 5.862827578124998537e-04
1.610000000000000000e+02 5.927117265625000487e-04
1.620000000000000000e+02 5.989056093749998413e-04
1.630000000000000000e+02 6.048587812499995903e-04
1.640000000000000000e+02 6.105595703125001267e-04
1.650000000000000000e+02 6.160130078124999948e-04
1.660000000000000000e+02 6.212051328125003631e-04
1.670000000000000000e+02 6.261362031250003370e-04
1.680000000000000000e+02 6.308004687499997988e-04
1.690000000000000000e+02 6.351903828125004441e-04
1.700000000000000000e+02 6.393051406249997690e-04
1.710000000000000000e+02 6.431413749999999796e-04
1.720000000000000000e+02 6.466950000000002991e-04
1.730000000000000000e+02 6.499634375000000247e-04
1.740000000000000000e+02 6.529493203125000473e-04
1.750000000000000000e+02 6.556433281249998517e-04
1.760000000000000000e+02 6.580489062500006602e-04
1.770000000000000000e+02 6.601662890624999643e-04
1.780000000000000000e+02 6.619933046874997744e-04
1.790000000000000000e+02 6.635258671875001813e-04
1.800000000000000000e+02 6.647762421874999330e-04
1.810000000000000000e+02 6.657387343750000757e-04
1.820000000000000000e+02 6.664154374999998326e-04
1.830000000000000000e+02 6.668099453124996974e-04
1.840000000000000000e+02 6.669244843750000160e-04
1.850000000000000000e+02 6.667653515624995340e-04
1.860000000000000000e+02 6.663329062499999053e-04
1.870000000000000000e+02 6.656382500000000571e-04
1.880000000000000000e+02 6.646793125000001034e-04
1.890000000000000000e+02 6.634682734375001384e-04
1.900000000000000000e+02 6.620092656249995048e-04
1.910000000000000000e+02 6.603101015625000535e-04
1.920000000000000000e+02 6.583834843750000854e-04
1.930000000000000000e+02 6.562297656249998492e-04
1.940000000000000000e+02 6.538655781249994806e-04
1.950000000000000000e+02 6.512967890624999029e-04
1.960000000000000000e+02 6.485364531250002078e-04
1.970000000000000000e+02 6.455951874999997942e-04
1.980000000000000000e+02 6.424814843749998301e-04
1.990000000000000000e+02 6.392142890624999928e-04
2.000000000000000000e+02 6.358029687499995803e-04
2.010000000000000000e+02 6.322664296874998084e-04
2.020000000000000000e+02 6.286136874999998349e-04
2.030000000000000000e+02 6.248650937500000065e-04
2.040000000000000000e+02 6.210266718750001884e-04
2.050000000000000000e+02 6.171290468749999819e-04
2.060000000000000000e+02 6.131833125000002698e-04
2.070000000000000000e+02 6.092043593750000449e-04
2.080000000000000000e+02 6.052135703124999783e-04
2.090000000000000000e+02 6.012324062499998329e-04
2.100000000000000000e+02 5.972742968750004546e-04
2.110000000000000000e+02 5.933685937499999464e-04
2.120000000000000000e+02 5.895323437500001778e-04
2.130000000000000000e+02 5.857839062500000502e-04
2.140000000000000000e+02 5.821497656250002603e-04
2.150000000000000000e+02 5.786512499999998818e-04
2.160000000000000000e+02 5.753120312499995738e-04
2.170000000000000000e+02 5.721560937499998306e-04
2.180000000000000000e+02 5.692075000000000216e-04
2.190000000000000000e+02 5.664917187499999684e-04
2.200000000000000000e+02 5.640331249999999599e-04
2.210000000000000000e+02 5.618594531249999262e-04
2.220000000000000000e+02 5.599958593749999620e-04
2.230000000000000000e+02 5.584694531250001094e-04
2.240000000000000000e+02 5.573077343749998800e-04
2.250000000000000000e+02 5.565378124999999666e-04
2.260000000000000000e+02 5.561889062499999516e-04
2.270000000000000000e+02 5.562857031249999595e-04
2.280000000000000000e+02 5.568609374999998907e-04
2.290000000000000000e+02 5.579440624999997466e-04
2.300000000000000000e+02 5.595600781250000292e-04
2.310000000000000000e+02 5.617403124999999697e-04
2.320000000000000000e+02 5.645188281249996368e-04
2.330000000000000000e+02 5.679186718749998017e-04
2.340000000000000000e+02 5.719769531250002304e-04
2.350000000000000000e+02 5.767188281250001502e-04
2.360000000000000000e+02 5.821764843750002914e-04
2.370000000000000000e+02 5.883799218749996085e-04
2.380000000000000000e+02 5.953620312499998714e-04
2.390000000000000000e+02 6.031489062499999221e-04
2.400000000000000000e+02 6.117771093749998145e-04
2.410000000000000000e+02 6.212736718749999575e-04
2.420000000000000000e+02 6.316735390625000633e-04
2.430000000000000000e+02 6.430001250000000595e-04
2.440000000000000000e+02 6.552903125000001565e-04
2.450000000000000000e+02 6.685695937499999469e-04
2.460000000000000000e+02 6.828746249999998689e-04
2.470000000000000000e+02 6.982292890624999283e-04
2.480000000000000000e+02 7.146673984375004340e-04
2.490000000000000000e+02 7.322198984374998429e-04
2.500000000000000000e+02 7.509093531250001776e-04
2.510000000000000000e+02 7.707729164062500100e-04
2.520000000000000000e+02 7.918359910156252046e-04
2.530000000000000000e+02 8.141263113281248243e-04
2.540000000000000000e+02 8.376739178906249857e-04
2.550000000000000000e+02 8.625056686718750960e-04
2.560000000000000000e+02 8.886451859374999620e-04
2.570000000000000000e+02 9.161232367187498778e-04
2.580000000000000000e+02 9.449694453125001298e-04
2.590000000000000000e+02 9.752028984374999524e-04
2.600000000000000000e+02 1.006850093750000057e-03
2.610000000000000000e+02 1.039939187499999609e-03
2.620000000000000000e+02 1.074489921875000035e-03
2.630000000000000000e+02 1.110525695312500078e-03
2.640000000000000000e+02 1.148072601562500098e-03
2.650000000000000000e+02 1.187151859375000420e-03
2.660000000000000000e+02 1.227780523437499872e-03
2.670000000000000000e+02 1.269978492187500124e-03
2.680000000000000000e+02 1.313770523437500070e-03
2.690000000000000000e+02 1.359168640625000105e-03
2.700000000000000000e+02 1.406201242187500242e-03
2.710000000000000000e+02 1.454871445312499708e-03
2.720000000000000000e+02 1.505205578125000040e-03
2.730000000000000000e+02 1.557208984374999512e-03
2.740000000000000000e+02 1.610896171875000026e-03
2.750000000000000000e+02 1.666286015624999887e-03
2.760000000000000000e+02 1.723389531249999804e-03
2.770000000000000000e+02 1.782207343749999447e-03
2.780000000000000000e+02 1.842764609375000103e-03
2.790000000000000000e+02 1.905046640625000180e-03
2.800000000000000000e+02 1.969076484375000338e-03
2.810000000000000000e+02 2.034849843749999589e-03
2.820000000000000000e+02 2.102377343750000144e-03
2.830000000000000000e+02 2.171658671875000435e-03
2.840000000000000000e+02 2.242680468750000121e-03
2.850000000000000000e+02 2.315464140625001378e-03
2.860000000000000000e+02 2.389990156249999307e-03
2.870000000000000000e+02 2.466261484374999719e-03
2.880000000000000000e+02 2.544267812499999802e-03
2.890000000000000000e+02 2.623999687500000195e-03
2.900000000000000000e+02 2.705456875000001021e-03
2.910000000000000000e+02 2.788616953124998903e-03
2.920000000000000000e+02 2.873464921875001302e-03
2.930000000000000000e+02 2.959992812500000705e-03
2.940000000000000000e+02 3.048175624999999861e-03
2.950000000000000000e+02 3.137996640624999330e-03
2.960000000000000000e+02 3.229433906249999393e-03
2.970000000000000000e+02 3.322459453124999157e-03
2.980000000000000000e+02 3.417049999999999168e-03
2.990000000000000000e+02 3.513174999999999892e-03
3.000000000000000000e+02 3.610795312499999379e-03
3.010000000000000000e+02 3.709886718749999101e-03
3.020000000000000000e+02 3.810399999999999811e-03
3.030000000000000000e+02 3.912303906249998443e-03
3.040000000000000000e+02 4.015555468750000266e-03
3.050000000000000000e+02 4.120110937499998384e-03
3.060000000000000000e+02 4.225916406249999487e-03
3.070000000000000000e+02 4.332914062500001912e-03
3.080000000000000000e+02 4.441064062500002345e-03
3.090000000000000000e+02 4.550304687500002915e-03
3.100000000000000000e+02 4.660567187499999042e-03
3.110000000000000000e+02 4.771794531250000797e-03
3.120000000000000000e+02 4.883928125000000856e-03
3.130000000000000000e+02 4.996874999999998714e-03
3.140000000000000000e+02 5.110579687500002750e-03
3.150000000000000000e+02 5.224966406249999945e-03
3.160000000000000000e+02 5.339936718750000477e-03
3.170000000000000000e+02 5.455419531250000134e-03
3.180000000000000000e+02 5.571341406250001141e-03
3.190000000000000000e+02 5.687578906249999948e-03
3.200000000000000000e+02 5.804070312499999551e-03
3.210000000000000000e+02 5.920693749999998180e-03
3.220000000000000000e+02 6.037360156250003683e-03
3.230000000000000000e+02 6.153964062499999582e-03
3.240000000000000000e+02 6.270392968749997388e-03
3.250000000000000000e+02 6.386532031249997701e-03
3.260000000000000000e+02 6.502284375000000338e-03
3.270000000000000000e+02 6.617510156250000844e-03
3.280000000000000000e+02 6.732090625000001008e-03
3.290000000000000000e+02 6.845914843749996773e-03
3.300000000000000000e+02 6.958842968749998428e-03
3.310000000000000000e+02 7.070743749999996997e-03
3.320000000000000000e+02 7.181496093750000705e-03
3.330000000000000000e+02 7.290941406250003691e-03
3.340000000000000000e+02 7.398962499999997382e-03
3.350000000000000000e+02 7.505396874999999655e-03
3.360000000000000000e+02 7.610115625000002035e-03
3.370000000000000000e+02 7.712960937499997380e-03
3.380000000000000000e+02 7.813810937499998666e-03
3.390000000000000000e+02 7.912461718749999595e-03
3.400000000000000000e+02 8.008790624999997942e-03
3.410000000000000000e+02 8.102652343750002539e-03
3.420000000000000000e+02 8.193891406249995471e-03
3.430000000000000000e+02 8.282371874999999717e-03
3.440000000000000000e+02 8.367886718749998481e-03
3.450000000000000000e+02 8.450318750000001405e-03
3.460000000000000000e+02 8.529490625000000353e-03
3.470000000000000000e+02 8.605236718749995767e-03
3.480000000000000000e+02 8.677428124999999118e-03
3.490000000000000000e+02 8.745922656249998511e-03
3.500000000000000000e+02 8.810530468750004535e-03
3.510000000000000000e+02 8.871135156250004733e-03
3.520000000000000000e+02 8.927560937499997087e-03
3.530000000000000000e+02 8.979676562499995171e-03
3.540000000000000000e+02 9.027357031250000594e-03
3.550000000000000000e+02 9.070484375000003457e-03
3.560000000000000000e+02 9.108837500000003043e-03
3.570000000000000000e+02 9.142393750000005204e-03
3.580000000000000000e+02 9.170942187500001272e-03
3.590000000000000000e+02 9.194394531249995214e-03
3.600000000000000000e+02 9.212667968750002864e-03
3.610000000000000000e+02 9.225692187499995311e-03
3.620000000000000000e+02 9.233266406250002778e-03
3.630000000000000000e+02 9.235403906250006997e-03
3.640000000000000000e+02 9.231953125000002744e-03
3.650000000000000000e+02 9.222903906250003170e-03
3.660000000000000000e+02 9.208171874999997175e-03
3.670000000000000000e+02 9.187653125000005624e-03
3.680000000000000000e+02 9.161432812499998440e-03
3.690000000000000000e+02 9.129385937499996315e-03
3.700000000000000000e+02 9.091546874999998501e-03
3.710000000000000000e+02 9.047882812499996250e-03
3.720000000000000000e+02 8.998452343750002955e-03
3.730000000000000000e+02 8.943253124999994697e-03
3.740000000000000000e+02 8.882332812500006239e-03
3.750000000000000000e+02 8.815728906249998761e-03
3.760000000000000000e+02 8.743539843749996779e-03
3.770000000000000000e+02 8.665830468749999987e-03
3.780000000000000000e+02 8.582720312499998380e-03
3.790000000000000000e+02 8.494355468750000929e-03
3.800000000000000000e+02 8.400884375000000626e-03
3.810000000000000000e+02 8.302385156250003187e-03
3.820000000000000000e+02 8.199105468749995351e-03
3.830000000000000000e+02 8.091167968750003631e-03
3.840000000000000000e+02 7.978867968749995751e-03
3.850000000000000000e+02 7.862417187500001653e-03
3.860000000000000000e+02 7.742010937500001799e-03
3.870000000000000000e+02 7.617983593749997999e-03
3.880000000000000000e+02 7.490586328125001594e-03
3.890000000000000000e+02 7.360128984375003888e-03
3.900000000000000000e+02 7.226917031250001955e-03
3.910000000000000000e+02 7.091379687499999723e-03
3.920000000000000000e+02 6.953791484374996675e-03
3.930000000000000000e+02 6.814576328125001269e-03
3.940000000000000000e+02 6.674116250000002373e-03
3.950000000000000000e+02 6.532851484375001155e-03
3.960000000000000000e+02 6.391187890625000395e-03
3.970000000000000000e+02 6.249660703124999828e-03
3.980000000000000000e+02 6.108601406250000615e-03
3.990000000000000000e+02 5.968631015625005046e-03
4.000000000000000000e+02 5.830111874999998473e-03
4.010000000000000000e+02 5.693691406250003112e-03
4.020000000000000000e+02 5.559805749999997999e-03
4.030000000000000000e+02 5.429063914062498032e-03
4.040000000000000000e+02 5.301927250000000418e-03
4.050000000000000000e+02 5.179016648437500571e-03
4.060000000000000000e+02 5.060903592968749032e-03
4.070000000000000000e+02 4.948124405546870316e-03
4.080000000000000000e+02 4.841251900781249479e-03
4.090000000000000000e+02 4.740890864843749775e-03
4.100000000000000000e+02 4.647624625000002646e-03
4.110000000000000000e+02 4.562041304687496773e-03
4.120000000000000000e+02 4.484675484374997176e-03
4.130000000000000000e+02 4.416156585937493911e-03
4.140000000000000000e+02 4.357027410156248670e-03
4.150000000000000000e+02 4.307883946093749548e-03
4.160000000000000000e+02 4.269239156250005315e-03
4.170000000000000000e+02 4.241645281250001204e-03
4.180000000000000000e+02 4.225638046875000720e-03
4.190000000000000000e+02 4.221725468749998843e-03
4.200000000000000000e+02 4.230398031249999781e-03
4.210000000000000000e+02 4.252095773437501551e-03
4.220000000000000000e+02 4.287304195312498407e-03
4.230000000000000000e+02 4.336406391406244336e-03
4.240000000000000000e+02 4.399831613281249450e-03
4.250000000000000000e+02 4.477889609374998900e-03
4.260000000000000000e+02 4.570944703124999592e-03
4.270000000000000000e+02 4.679232671874999396e-03
4.280000000000000000e+02 4.803080234375001548e-03
4.290000000000000000e+02 4.942621640624998702e-03
4.300000000000000000e+02 5.098056640625002814e-03
4.310000000000000000e+02 5.269511484374997737e-03
4.320000000000000000e+02 5.457029609374999639e-03
4.330000000000000000e+02 5.660630312500001399e-03
4.340000000000000000e+02 5.880375937499999692e-03
4.350000000000000000e+02 6.116107812500000407e-03
4.360000000000000000e+02 6.367751484374997197e-03
4.370000000000000000e+02 6.635126718750000360e-03
4.380000000000000000e+02 6.917947421874997421e-03
4.390000000000000000e+02 7.216003828124997743e-03
4.400000000000000000e+02 7.528900625000001234e-03
4.410000000000000000e+02 7.856323828124997521e-03
4.420000000000000000e+02 8.197742499999995450e-03
4.430000000000000000e+02 8.552775937500003284e-03
4.440000000000000000e+02 8.920879843750001773e-03
4.450000000000000000e+02 9.301393046874998488e-03
4.460000000000000000e+02 9.693772734374999853e-03
4.470000000000000000e+02 1.009740781250000226e-02
4.480000000000000000e+02 1.051151085937500340e-02
4.490000000000000000e+02 1.093546687500000086e-02
4.500000000000000000e+02 1.136854906250000553e-02
4.510000000000000000e+02 1.180996921875000077e-02
4.520000000000000000e+02 1.225895429687500100e-02
4.530000000000000000e+02 1.271487445312500207e-02
4.540000000000000000e+02 1.317696531249999865e-02
4.550000000000000000e+02 1.364449890624999835e-02
4.560000000000000000e+02 1.411682375000000017e-02
4.570000000000000000e+02 1.459326085937499851e-02
4.580000000000000000e+02 1.507337992187500302e-02
4.590000000000000000e+02 1.555660593750000410e-02
4.600000000000000000e+02 1.604248953125000238e-02
4.610000000000000000e+02 1.653086158593749383e-02
4.620000000000000000e+02 1.702152150000000447e-02
4.630000000000000000e+02 1.751440956249999958e-02
4.640000000000000000e+02 1.800968467968749528e-02
4.650000000000000000e+02 1.850771689843749845e-02
4.660000000000000000e+02 1.900895987499999149e-02
4.670000000000000000e+02 1.951427617187500088e-02
4.680000000000000000e+02 2.002472554687498643e-02
4.690000000000000000e+02 2.054139992187500874e-02
4.700000000000000000e+02 2.106611710937499396e-02
4.710000000000000000e+02 2.160080078124999511e-02
4.720000000000000000e+02 2.214779539062499900e-02
4.730000000000000000e+02 2.270978749999999491e-02
4.740000000000000000e+02 2.328998828124998616e-02
4.750000000000000000e+02 2.389202968750000350e-02
4.760000000000000000e+02 2.452015234375000755e-02
4.770000000000000000e+02 2.517908906249999648e-02
4.780000000000000000e+02 2.587401562499998947e-02
4.790000000000000000e+02 2.661113828125000885e-02
4.800000000000000000e+02 2.739702187500000011e-02
4.810000000000000000e+02 2.823920156249999647e-02
4.820000000000000000e+02 2.914588437499999324e-02
4.830000000000000000e+02 3.012635000000000313e-02
4.840000000000000000e+02 3.119073281250000010e-02
4.850000000000000000e+02 3.235018437499997263e-02
4.860000000000000000e+02 3.361697578125000252e-02
4.870000000000000000e+02 3.500483359374999270e-02
4.880000000000000000e+02 3.652880937499999869e-02
4.890000000000000000e+02 3.820510156249999623e-02
4.900000000000000000e+02 4.005209375000002431e-02
4.910000000000000000e+02 4.208928124999999215e-02
4.920000000000000000e+02 4.433902343749999975e-02
4.930000000000000000e+02 4.682487500000000191e-02
4.940000000000000000e+02 4.957359375000000568e-02
4.950000000000000000e+02 5.261460937500000989e-02
4.960000000000000000e+02 5.597888437500000286e-02
4.970000000000000000e+02 5.970312031249998957e-02
4.980000000000000000e+02 6.382526718750000660e-02
4.990000000000000000e+02 6.838829843750000859e-02
5.000000000000000000e+02 7.343977968749995644e-02
5.010000000000000000e+02 7.903225703125001111e-02
5.020000000000000000e+02 8.522320390625000297e-02
5.030000000000000000e+02 9.207686953124993856e-02
5.040000000000000000e+02 9.966338125000004378e-02
5.050000000000000000e+02 1.080622007812499785e-01
5.060000000000000000e+02 1.173582617187500510e-01
5.070000000000000000e+02 1.276498593749999799e-01
5.080000000000000000e+02 1.390443281250001162e-01
5.090000000000000000e+02 1.516588984374999671e-01
5.100000000000000000e+02 1.656280781249999390e-01
5.110000000000000000e+02 1.810971875000000342e-01
