0.000000000000000000e+00 2.833839140624999598e-04
1.000000000000000000e+00 2.831752890624999954e-04
2.000000000000000000e+00 2.827579062499999737e-04
3.000000000000000000e+00 2.821328515625000279e-04
4.000000000000000000e+00 2.813002812500001843e-04
5.000000000000000000e+00 2.802627343749999737e-04
6.000000000000000000e+00 2.790207734375000216e-04
7.000000000000000000e+00 2.775761484374999490e-04
8.000000000000000000e+00 2.759327265624999430e-04
9.000000000000000000e+00 2.740910468749999367e-04
1.000000000000000000e+01 2.720552968750001113e-04
1.100000000000000000e+01 2.698275390625000316e-04
1.200000000000000000e+01 2.674121640624999344e-04
1.300000000000000000e+01 2.648127499999999423e-04
1.400000000000000000e+01 2.620324453125001327e-04
1.500000000000000000e+01 2.590759062499998436e-04
1.600000000000000000e+01 2.559486562500000169e-04
1.700000000000000000e+01 2.526539218750000382e-04
1.800000000000000000e+01 2.491977812500000152e-04
1.900000000000000000e+01 2.455847343750000187e-04
2.000000000000000000e+01 2.418216250000000515e-04
2.100000000000000000e+01 2.379131640625000463e-04
2.200000000000000000e+01 2.338655390625000801e-04
2.300000000000000000e+01 2.296846640625000487e-04
2.400000000000000000e+01 2.253778828124999628e-04
2.500000000000000000e+01 2.209507734374999491e-04
2.600000000000000000e+01 2.164108046875000066e-04
2.700000000000000000e+01 2.117641718750000457e-04
2.800000000000000000e+01 2.070190937499999959e-04
2.900000000000000000e+01 2.021816484374999918e-04
3.000000000000000000e+01 1.972598437499999385e-04
3.100000000000000000e+01 1.922615000000000294e-04
3.200000000000000000e+01 1.871941328124999678e-04
3.300000000000000000e+01 1.820641328124999677e-04
3.400000000000000000e+01 1.768818750000000978e-04
3.500000000000000000e+01 1.716531804687499883e-04
3.600000000000000000e+01 1.663870984374999772e-04
3.700000000000000000e+01 1.610909906249999627e-04
3.800000000000000000e+01 1.557742562499999414e-04
3.900000000000000000e+01 1.504433789062499863e-04
4.000000000000000000e+01 1.451080382812500440e-04
4.100000000000000000e+01 1.397759507812499507e-04
4.200000000000000000e+01 1.344554296874999764e-04
4.300000000000000000e+01 1.291545992187500083e-04
4.400000000000000000e+01 1.238813343750000211e-04
4.500000000000000000e+01 1.186438117187500182e-04
4.600000000000000000e+01 1.134512242187499936e-04
4.700000000000000000e+01 1.083107187500000534e-04
4.800000000000000000e+01 1.032308398437499638e-04
4.900000000000000000e+01 9.821957812499999656e-05
5.000000000000000000e+01 9.328462578124998975e-05
5.100000000000000000e+01 8.843374054687498707e-05
5.200000000000000000e+01 8.367514156250000455e-05
5.300000000000000000e+01 7.901663382812497156e-05
5.400000000000000000e+01 7.446454484374998852e-05
5.500000000000000000e+01 7.002742667187499481e-05
5.600000000000000000e+01 6.571265178906251158e-05
5.700000000000000000e+01 6.152652947578124627e-05
5.800000000000000000e+01 5.747666880468752448e-05
5.900000000000000000e+01 5.357005406250001138e-05
6.000000000000000000e+01 4.981314875000000087e-05
6.100000000000000000e+01 4.621284281249998387e-05
6.200000000000000000e+01 4.277476296875000819e-05
6.300000000000000000e+01 3.950601320312500573e-05
6.400000000000000000e+01 3.641191640624999828e-05
6.500000000000000000e+01 3.349892578125000412e-05
6.600000000000000000e+01 3.077210546874999478e-05
6.700000000000000000e+01 2.823747890625000155e-05
6.800000000000000000e+01 2.589987031250000596e-05
6.900000000000000000e+01 2.376449531249999762e-05
7.000000000000000000e+01 2.183610078124999267e-05
7.100000000000000000e+01 2.011933593750000443e-05
7.200000000000000000e+01 1.861858515624999316e-05
7.300000000000000000e+01 1.733799609375000106e-05
7.400000000000000000e+01 1.628153828124999939e-05
7.500000000000000000e+01 1.545288984375000574e-05
7.600000000000000000e+01 1.485548750000000284e-05
7.700000000000000000e+01 1.449261328125000025e-05
7.800000000000000000e+01 1.436724687500000609e-05
7.900000000000000000e+01 1.448212968749999976e-05
8.000000000000000000e+01 1.483986718750000236e-05
8.100000000000000000e+01 1.544257796875000012e-05
8.200000000000000000e+01 1.629235171874999648e-05
8.300000000000000000e+01 1.739100726562500487e-05
8.400000000000000000e+01 1.874000734375001485e-05
8.500000000000000000e+01 2.034070096093751302e-05
8.600000000000000000e+01 2.219400964765625103e-05
8.700000000000000000e+01 2.430075692968748524e-05
8.800000000000000000e+01 2.666150789062501466e-05
8.900000000000000000e+01 2.927649156249999304e-05
9.000000000000000000e+01 3.214575187499999555e-05
9.100000000000000000e+01 3.526898749999998620e-05
9.200000000000000000e+01 3.864574843750000465e-05
9.300000000000000000e+01 4.227554218750001307e-05
9.400000000000000000e+01 4.615703984375002245e-05
9.500000000000000000e+01 5.028919062500002347e-05
9.600000000000000000e+01 5.466989218750000732e-05
9.700000000000000000e+01 5.929858046874998494e-05
9.800000000000000000e+01 6.417242265624997289e-05
9.900000000000000000e+01 6.928905781249999278e-05
1.000000000000000000e+02 7.464637265625003208e-05
1.010000000000000000e+02 8.024217421875003077e-05
1.020000000000000000e+02 8.607225703125002860e-05
1.030000000000000000e+02 9.213442968750001352e-05
1.040000000000000000e+02 9.842458593750003538e-05
1.050000000000000000e+02 1.049393515624999973e-04
1.060000000000000000e+02 1.116747109375000206e-04
1.070000000000000000e+02 1.186269062499999827e-04
1.080000000000000000e+02 1.257906171874999463e-04
1.090000000000000000e+02 1.331616015625000031e-04
1.100000000000000000e+02 1.407354999999999945e-04
1.110000000000000000e+02 1.485066484374999475e-04
1.120000000000000000e+02 1.564697578124999626e-04
1.130000000000000000e+02 1.646195859375000343e-04
1.140000000000000000e+02 1.729499765624999878e-04
1.150000000000000000e+02 1.814547500000000672e-04
1.160000000000000000e+02 1.901294375000001037e-04
1.170000000000000000e+02 1.989651406249999565e-04
1.180000000000000000e+02 2.079566875000000438e-04
1.190000000000000000e+02 2.170969609374999920e-04
1.200000000000000000e+02 2.263789140625000135e-04
1.210000000000000000e+02 2.357957812499999019e-04
1.220000000000000000e+02 2.453398515624999484e-04
1.230000000000000000e+02 2.550033124999998469e-04
1.240000000000000000e+02 2.647792421875000695e-04
1.250000000000000000e+02 2.746588750000000800e-04
1.260000000000000000e+02 2.846341250000000147e-04
1.270000000000000000e+02 2.946976796875000904e-04
1.280000000000000000e+02 3.048399140624999523e-04
1.290000000000000000e+02 3.150535078124999840e-04
1.300000000000000000e+02 3.253292500000001006e-04
1.310000000000000000e+02 3.356578906250000209e-04
1.320000000000000000e+02 3.460321249999999578e-04
1.330000000000000000e+02 3.564400703124998232e-04
1.340000000000000000e+02 3.668741406250000323e-04
1.350000000000000000e+02 3.773285312500001707e-04
1.360000000000000000e+02 3.877873046875000623e-04
1.370000000000000000e+02 3.982465078125000529e-04
1.380000000000000000e+02 4.086922812499999566e-04
1.390000000000000000e+02 4.191199843750000476e-04
1.400000000000000000e+02 4.295161796874999720e-04
1.410000000000000000e+02 4.398725234374997305e-04
1.420000000000000000e+02 4.501799296875000941e-04
1.430000000000000000e+02 4.604258437499999732e-04
1.440000000000000000e+02 4.706081171875000106e-04
1.450000000000000000e+02 4.807062187499997917e-04
1.460000000000000000e+02 4.907195859375002630e-04
1.470000000000000000e+02 5.006356874999999974e-04
1.480000000000000000e+02 5.104434296874998467e-04
1.490000000000000000e+02 5.201372109375002658e-04
1.500000000000000000e+02 5.297023593750000868e-04
1.510000000000000000e+02 5.391336796875005263e-04
1.520000000000000000e+02 5.484216562499994374e-04
1.530000000000000000e+02 5.575567734375003106e-04
1.540000000000000000e+02 5.665295390625002276e-04
1.550000000000000000e+02 5.753293046874996975e-04
1.560000000000000000e+02 5.839536796875003039e-04
1.570000000000000000e+02 5.923857578124999950e-04
1.580000000000000000e+02 6.006267109374998888e-04
1.590000000000000000e+02 6.086629140625000010e-04
1.600000000000000000e+02 6.164849453124998701e-04
1.610000000000000000e+02 6.240921171874999661e-04
1.620000000000000000e+02 6.314690859375003424e-04
1.630000000000000000e+02 6.386157890624998392e-04
1.640000000000000000e+02 6.455228124999998337e-04
1.650000000000000000e+02 6.521844921875000547e-04
1.660000000000000000e+02 6.585932343749995119e-04
1.670000000000000000e+02 6.647473515625000693e-04
1.680000000000000000e+02 6.706368750000006856e-04
1.690000000000000000e+02 6.762622343750000504e-04
1.700000000000000000e+02 6.816136718750002640e-04
1.710000000000000000e+02 6.866932109375002615e-04
1.720000000000000000e+02 6.914954843750000489e-04
1.730000000000000000e+02 6.960129609375005546e-04
1.740000000000000000e+02 7.002461015624996928e-04
1.750000000000000000e+02 7.041933671874998999e-04
1.760000000000000000e+02 7.078549531250000974e-04
1.770000000000000000e+02 7.112281015625001104e-04
1.780000000000000000e+02 7.143131640625005130e-04
1.790000000000000000e+02 7.171037812499995567e-04
1.800000000000000000e+02 7.196127578124999341e-04
1.810000000000000000e+02 7.218303046875001842e-04
1.820000000000000000e+02 7.237637656250004532e-04
1.830000000000000000e+02 7.254160156249998782e-04
1.840000000000000000e+02 7.267879453124994000e-04
1.850000000000000000e+02 7.278813749999999035e-04
1.860000000000000000e+02 7.287086874999999667e-04
1.870000000000000000e+02 7.292678593750000042e-04
1.880000000000000000e+02 7.295598593750004818e-04
1.890000000000000000e+02 7.296022187499997614e-04
1.900000000000000000e+02 7.293944375000002743e-04
1.910000000000000000e+02 7.289482031250002058e-04
1.920000000000000000e+02 7.282690078124995922e-04
1.930000000000000000e+02 7.273652187499997758e-04
1.940000000000000000e+02 7.262493281249998191e-04
1.950000000000000000e+02 7.249307656249999628e-04
1.960000000000000000e+02 7.234230390624999275e-04
1.970000000000000000e+02 7.217296718749995933e-04
1.980000000000000000e+02 7.198651875000000979e-04
1.990000000000000000e+02 7.178486406249997599e-04
2.000000000000000000e+02 7.156968281250003635e-04
2.010000000000000000e+02 7.134119296875000025e-04
2.020000000000000000e+02 7.110153046874999024e-04
2.030000000000000000e+02 7.085269453124999487e-04
2.040000000000000000e+02 7.059565468749998086e-04
2.050000000000000000e+02 7.033206249999997880e-04
2.060000000000000000e+02 7.006439453125006206e-04
2.070000000000000000e+02 6.979446093750002597e-04
2.080000000000000000e+02 6.952329687500001954e-04
2.090000000000000000e+02 6.925355468750003449e-04
2.100000000000000000e+02 6.898717968750002266e-04
2.110000000000000000e+02 6.872632031249998079e-04
2.120000000000000000e+02 6.847284374999995605e-04
2.130000000000000000e+02 6.822919531249996240e-04
2.140000000000000000e+02 6.799729687500001823e-04
2.150000000000000000e+02 6.778003125000002646e-04
2.160000000000000000e+02 6.757929687499999614e-04
2.170000000000000000e+02 6.739786718749997451e-04
2.180000000000000000e+02 6.723789843750000838e-04
2.190000000000000000e+02 6.710201562499998459e-04
2.200000000000000000e+02 6.699273437500001017e-04
2.210000000000000000e+02 6.691269531249999626e-04
2.220000000000000000e+02 6.686449218750001961e-04
2.230000000000000000e+02 6.685091406249999996e-04
2.240000000000000000e+02 6.687447656250001182e-04
2.250000000000000000e+02 6.693804687500002053e-04
2.260000000000000000e+02 6.704449218750003483e-04
2.270000000000000000e+02 6.719644531249999164e-04
2.280000000000000000e+02 6.739673437499995277e-04
2.290000000000000000e+02 6.764837500000000061e-04
2.300000000000000000e+02 6.795441406250002760e-04
2.310000000000000000e+02 6.831695312500001178e-04
2.320000000000000000e+02 6.873953906250001612e-04
2.330000000000000000e+02 6.922503124999999924e-04
2.340000000000000000e+02 6.977653906250000501e-04
2.350000000000000000e+02 7.039647656250002045e-04
2.360000000000000000e+02 7.108811718749997056e-04
2.370000000000000000e+02 7.185458593749999940e-04
2.380000000000000000e+02 7.269843750000001999e-04
2.390000000000000000e+02 7.362261718749999991e-04
2.400000000000000000e+02 7.463039062499999838e-04
2.410000000000000000e+02 7.572460156250000393e-04
2.420000000000000000e+02 7.690845312499997857e-04
2.430000000000000000e+02 7.818414062499998108e-04
2.440000000000000000e+02 7.955487500000001273e-04
2.450000000000000000e+02 8.102380468749999926e-04
2.460000000000000000e+02 8.259374765625001865e-04
2.470000000000000000e+02 8.426757812500001088e-04
2.480000000000000000e+02 8.604772109374996805e-04
2.490000000000000000e+02 8.793730624999999924e-04
2.500000000000000000e+02 8.993884453125000795e-04
2.510000000000000000e+02 9.205567265624998345e-04
2.520000000000000000e+02 9.429006015625001052e-04
2.530000000000000000e+02 9.664439218749999380e-04
2.540000000000000000e+02 9.912165234374997833e-04
2.550000000000000000e+02 1.017248164062499807e-03
2.560000000000000000e+02 1.044556450781249654e-03
2.570000000000000000e+02 1.073173564062500016e-03
2.580000000000000000e+02 1.103118978906249834e-03
2.590000000000000000e+02 1.134420090703125482e-03
2.600000000000000000e+02 1.167102308750000116e-03
2.610000000000000000e+02 1.201183260000000244e-03
2.620000000000000000e+02 1.236687593984374476e-03
2.630000000000000000e+02 1.273641532578125100e-03
2.640000000000000000e+02 1.312067210937499983e-03
2.650000000000000000e+02 1.351976763281249579e-03
2.660000000000000000e+02 1.393404288281250214e-03
2.670000000000000000e+02 1.436356943750000418e-03
2.680000000000000000e+02 1.480858553906250338e-03
2.690000000000000000e+02 1.526930601562499377e-03
2.700000000000000000e+02 1.574587687499999543e-03
2.710000000000000000e+02 1.623847429687500302e-03
2.720000000000000000e+02 1.674726039062499842e-03
2.730000000000000000e+02 1.727238882812499616e-03
2.740000000000000000e+02 1.781403648437500072e-03
2.750000000000000000e+02 1.837230375000000479e-03
2.760000000000000000e+02 1.894738312499999596e-03
2.770000000000000000e+02 1.953924390624999039e-03
2.780000000000000000e+02 2.014819640624999821e-03
2.790000000000000000e+02 2.077423499999998986e-03
2.800000000000000000e+02 2.141746015624999919e-03
2.810000000000000000e+02 2.207799765625000771e-03
2.820000000000000000e+02 2.275584687499999405e-03
2.830000000000000000e+02 2.345110546874998921e-03
2.840000000000000000e+02 2.416385468749999814e-03
2.850000000000000000e+02 2.489406796875001313e-03
2.860000000000000000e+02 2.564183750000000733e-03
2.870000000000000000e+02 2.640708359374998801e-03
2.880000000000000000e+02 2.718987968750000324e-03
2.890000000000000000e+02 2.799012187499999495e-03
2.900000000000000000e+02 2.880788828124998709e-03
2.910000000000000000e+02 2.964303906249999253e-03
2.920000000000000000e+02 3.049556874999999247e-03
2.930000000000000000e+02 3.136526250000001761e-03
2.940000000000000000e+02 3.225219453124999851e-03
2.950000000000000000e+02 3.315618593749999465e-03
2.960000000000000000e+02 3.407698046875000213e-03
2.970000000000000000e+02 3.501447187500000748e-03
2.980000000000000000e+02 3.596861484374999987e-03
2.990000000000000000e+02 3.693902187499999677e-03
3.000000000000000000e+02 3.792557578125000349e-03
3.010000000000000000e+02 3.892789296875001376e-03
3.020000000000000000e+02 3.994579453124999166e-03
3.030000000000000000e+02 4.097895312500000539e-03
3.040000000000000000e+02 4.202700000000001053e-03
3.050000000000000000e+02 4.308966406249998930e-03
3.060000000000000000e+02 4.416645312500000996e-03
3.070000000000000000e+02 4.525695312500000421e-03
3.080000000000000000e+02 4.636078906249999597e-03
3.090000000000000000e+02 4.747734374999999785e-03
3.100000000000000000e+02 4.860619531250000638e-03
3.110000000000000000e+02 4.974680468749999307e-03
3.120000000000000000e+02 5.089848437500000752e-03
3.130000000000000000e+02 5.206064843749999387e-03
3.140000000000000000e+02 5.323275000000000576e-03
3.150000000000000000e+02 5.441388281250001714e-03
3.160000000000000000e+02 5.560340625000000959e-03
3.170000000000000000e+02 5.680059375000000126e-03
3.180000000000000000e+02 5.800455468750000988e-03
3.190000000000000000e+02 5.921443749999997196e-03
3.200000000000000000e+02 6.042932031250001709e-03
3.210000000000000000e+02 6.164827343750000146e-03
3.220000000000000000e+02 6.287030468749999629e-03
3.230000000000000000e+02 6.409442187499999471e-03
3.240000000000000000e+02 6.531942968749999273e-03
3.250000000000000000e+02 6.654434375000000540e-03
3.260000000000000000e+02 6.776792968749998855e-03
3.270000000000000000e+02 6.898897656249998976e-03
3.280000000000000000e+02 7.020627343750001324e-03
3.290000000000000000e+02 7.141846874999998110e-03
3.300000000000000000e+02 7.262434375000000573e-03
3.310000000000000000e+02 7.382235156250000797e-03
3.320000000000000000e+02 7.501114843750003591e-03
3.330000000000000000e+02 7.618933593749999296e-03
3.340000000000000000e+02 7.735528906250001453e-03
3.350000000000000000e+02 7.850757812500001181e-03
3.360000000000000000e+02 7.964454687500004126e-03
3.370000000000000000e+02 8.076470312500000359e-03
3.380000000000000000e+02 8.186615624999997454e-03
3.390000000000000000e+02 8.294755468750004967e-03
3.400000000000000000e+02 8.400717187500001890e-03
3.410000000000000000e+02 8.504296874999997535e-03
3.420000000000000000e+02 8.605305468749999478e-03
3.430000000000000000e+02 8.703672656250001360e-03
3.440000000000000000e+02 8.799122656250000021e-03
3.450000000000000000e+02 8.891502343750001466e-03
3.460000000000000000e+02 8.980582812500000414e-03
3.470000000000000000e+02 9.066279687499996173e-03
3.480000000000000000e+02 9.148300781250000291e-03
3.490000000000000000e+02 9.226577343750000382e-03
3.500000000000000000e+02 9.300855468750006058e-03
3.510000000000000000e+02 9.371022656249998473e-03
3.520000000000000000e+02 9.436804687500003133e-03
3.530000000000000000e+02 9.498094531250002651e-03
3.540000000000000000e+02 9.554673437500002878e-03
3.550000000000000000e+02 9.606446874999998928e-03
3.560000000000000000e+02 9.653158593750000779e-03
3.570000000000000000e+02 9.694751562500004624e-03
3.580000000000000000e+02 9.731014062499999603e-03
3.590000000000000000e+02 9.761743749999999414e-03
3.600000000000000000e+02 9.786855468749995970e-03
3.610000000000000000e+02 9.806229687499997544e-03
3.620000000000000000e+02 9.819714062500001922e-03
3.630000000000000000e+02 9.827155468749997763e-03
3.640000000000000000e+02 9.828557031250004239e-03
3.650000000000000000e+02 9.823662500000001838e-03
3.660000000000000000e+02 9.812540624999999475e-03
3.670000000000000000e+02 9.794999218750002901e-03
3.680000000000000000e+02 9.771012500000005735e-03
3.690000000000000000e+02 9.740582031249998482e-03
3.700000000000000000e+02 9.703533593750006056e-03
3.710000000000000000e+02 9.659939062499997564e-03
3.720000000000000000e+02 9.609740624999996497e-03
3.730000000000000000e+02 9.553043749999995046e-03
3.740000000000000000e+02 9.489738281250001753e-03
3.750000000000000000e+02 9.419976562499996278e-03
3.760000000000000000e+02 9.343689843749999197e-03
3.770000000000000000e+02 9.261107812499997163e-03
3.780000000000000000e+02 9.172189843749997684e-03
3.790000000000000000e+02 9.077114062500009350e-03
3.800000000000000000e+02 8.976036718749996757e-03
3.810000000000000000e+02 8.869003906249993754e-03
3.820000000000000000e+02 8.756314062499999384e-03
3.830000000000000000e+02 8.638084374999997067e-03
3.840000000000000000e+02 8.514582812500001013e-03
3.850000000000000000e+02 8.385967187499999281e-03
3.860000000000000000e+02 8.252560156250003318e-03
3.870000000000000000e+02 8.114622656249998942e-03
3.880000000000000000e+02 7.972510937499998132e-03
3.890000000000000000e+02 7.826435625000002783e-03
3.900000000000000000e+02 7.676815781249997882e-03
3.910000000000000000e+02 7.524078750000000489e-03
3.920000000000000000e+02 7.368515859375001677e-03
3.930000000000000000e+02 7.210587890625000905e-03
3.940000000000000000e+02 7.050756796875005256e-03
3.950000000000000000e+02 6.889409140625002079e-03
3.960000000000000000e+02 6.727089218750001084e-03
3.970000000000000000e+02 6.564269296874999590e-03
3.980000000000000000e+02 6.401444531250004982e-03
3.990000000000000000e+02 6.239161484375002793e-03
4.000000000000000000e+02 6.078006250000000249e-03
4.010000000000000000e+02 5.918510960937503271e-03
4.020000000000000000e+02 5.761236289062496470e-03
4.030000000000000000e+02 5.606831304687498810e-03
4.040000000000000000e+02 5.455911539062498553e-03
4.050000000000000000e+02 5.309065048437500503e-03
4.060000000000000000e+02 5.166927028593749742e-03
4.070000000000000000e+02 5.030128919531248050e-03
4.080000000000000000e+02 4.899361196093750259e-03
4.090000000000000000e+02 4.775260468749997073e-03
4.100000000000000000e+02 4.658456773437498130e-03
4.110000000000000000e+02 4.549688664062498215e-03
4.120000000000000000e+02 4.449523500000000971e-03
4.130000000000000000e+02 4.358645929687498394e-03
4.140000000000000000e+02 4.277697843750000867e-03
4.150000000000000000e+02 4.207305655234373429e-03
4.160000000000000000e+02 4.148157170312501488e-03
4.170000000000000000e+02 4.100798320312501466e-03
4.180000000000000000e+02 4.065889460937498721e-03
4.190000000000000000e+02 4.043981171875001522e-03
4.200000000000000000e+02 4.035623359375003182e-03
4.210000000000000000e+02 4.041370187500000627e-03
4.220000000000000000e+02 4.061721242187497395e-03
4.230000000000000000e+02 4.097183614843748732e-03
4.240000000000000000e+02 4.148188042890626516e-03
4.250000000000000000e+02 4.215150614843749671e-03
4.260000000000000000e+02 4.298472101562499093e-03
4.270000000000000000e+02 4.398432820312500081e-03
4.280000000000000000e+02 4.515390156250002722e-03
4.290000000000000000e+02 4.649525703125001637e-03
4.300000000000000000e+02 4.801100000000001720e-03
4.310000000000000000e+02 4.970229062499998719e-03
4.320000000000000000e+02 5.157015156249999087e-03
4.330000000000000000e+02 5.361501562500002593e-03
4.340000000000000000e+02 5.583660390624999199e-03
4.350000000000000000e+02 5.823420781249998013e-03
4.360000000000000000e+02 6.080653515625000262e-03
4.370000000000000000e+02 6.355159609374997493e-03
4.380000000000000000e+02 6.646711249999999460e-03
4.390000000000000000e+02 6.954957187499999360e-03
4.400000000000000000e+02 7.279528906250000778e-03
4.410000000000000000e+02 7.619999062499999663e-03
4.420000000000000000e+02 7.975859218749999091e-03
4.430000000000000000e+02 8.346612500000001253e-03
4.440000000000000000e+02 8.731511875000000367e-03
4.450000000000000000e+02 9.130054765624997723e-03
4.460000000000000000e+02 9.541427343750002316e-03
4.470000000000000000e+02 9.964811484374998946e-03
4.480000000000000000e+02 1.039960281250000042e-02
4.490000000000000000e+02 1.084481367187499837e-02
4.500000000000000000e+02 1.129965390624999670e-02
4.510000000000000000e+02 1.176315632812499623e-02
4.520000000000000000e+02 1.223455234375000165e-02
4.530000000000000000e+02 1.271278906249999688e-02
4.540000000000000000e+02 1.319707062499999965e-02
4.550000000000000000e+02 1.368645960937499989e-02
4.560000000000000000e+02 1.418014093750000204e-02
4.570000000000000000e+02 1.467722375000000100e-02
4.580000000000000000e+02 1.517703617187500173e-02
4.590000000000000000e+02 1.567885812500000378e-02
4.600000000000000000e+02 1.618204000000000170e-02
4.610000000000000000e+02 1.668609460937500039e-02
4.620000000000000000e+02 1.719064160156249035e-02
4.630000000000000000e+02 1.769535882812499697e-02
4.640000000000000000e+02 1.820011232031249968e-02
4.650000000000000000e+02 1.870511552421875306e-02
4.660000000000000000e+02 1.921057416406249732e-02
4.670000000000000000e+02 1.971693681250000219e-02
4.680000000000000000e+02 2.022495960937499906e-02
4.690000000000000000e+02 2.073573171874999732e-02
4.700000000000000000e+02 2.125038992187500489e-02
4.710000000000000000e+02 2.177063414062500521e-02
4.720000000000000000e+02 2.229843289062500428e-02
4.730000000000000000e+02 2.283622109375000458e-02
4.740000000000000000e+02 2.338655937500000795e-02
4.750000000000000000e+02 2.395278906249999687e-02
4.760000000000000000e+02 2.453850546875002009e-02
4.770000000000000000e+02 2.514799453125000223e-02
4.780000000000000000e+02 2.578586562499998389e-02
4.790000000000000000e+02 2.645743125000001028e-02
4.800000000000000000e+02 2.716886953124999018e-02
4.810000000000000000e+02 2.792652109375001052e-02
4.820000000000000000e+02 2.873795156249999566e-02
4.830000000000000000e+02 2.961132187500000942e-02
4.840000000000000000e+02 3.055580390624999462e-02
4.850000000000000000e+02 3.158121015625000444e-02
4.860000000000000000e+02 3.269879921874998402e-02
4.870000000000000000e+02 3.392070078125000027e-02
4.880000000000000000e+02 3.526034687499999404e-02
4.890000000000000000e+02 3.673259843750000669e-02
4.900000000000000000e+02 3.835364843749999170e-02
4.910000000000000000e+02 4.014190625000003260e-02
4.920000000000000000e+02 4.211679687499998714e-02
4.930000000000000000e+02 4.430035937499995913e-02
4.940000000000000000e+02 4.671738281249997182e-02
4.950000000000000000e+02 4.939403124999998396e-02
4.960000000000000000e+02 5.236056249999999912e-02
4.970000000000000000e+02 5.564936093749996149e-02
4.980000000000000000e+02 5.929722421874998595e-02
4.990000000000000000e+02 6.334462500000000162e-02
5.000000000000000000e+02 6.783644687500001158e-02
5.010000000000000000e+02 7.282292499999999669e-02
5.020000000000000000e+02 7.835850390624997386e-02
5.030000000000000000e+02 8.450662757812493764e-02
5.040000000000000000e+02 9.133538492187501245e-02
5.050000000000000000e+02 9.892230468750005945e-02
5.060000000000000000e+02 1.073529375000000091e-01
5.070000000000000000e+02 1.167245664062499660e-01
5.080000000000000000e+02 1.271437265625000590e-01
5.090000000000000000e+02 1.387318984375000008e-01
5.100000000000000000e+02 1.516242890624999173e-01
5.110000000000000000e+02 1.659729453125000087e-01
