0.000000000000000000e+00 3.995042171874999882e-04
1.000000000000000000e+00 3.992721874999998963e-04
2.000000000000000000e+00 3.988079773437502471e-04
3.000000000000000000e+00 3.981126804687498688e-04
4.000000000000000000e+00 3.971879695312500059e-04
5.000000000000000000e+00 3.960344468749999185e-04
6.000000000000000000e+00 3.946547187500000888e-04
7.000000000000000000e+00 3.930504929687500082e-04
8.000000000000000000e+00 3.912253218750000512e-04
9.000000000000000000e+00 3.891811859374998258e-04
1.000000000000000000e+01 3.869225273437499864e-04
1.100000000000000000e+01 3.844522593750000728e-04
1.200000000000000000e+01 3.817751843749999101e-04
1.300000000000000000e+01 3.788952476562498068e-04
1.400000000000000000e+01 3.758166742187500652e-04
1.500000000000000000e+01 3.725451578124998353e-04
1.600000000000000000e+01 3.690864242187499953e-04
1.700000000000000000e+01 3.654456156250000289e-04
1.800000000000000000e+01 3.616279257812498910e-04
1.900000000000000000e+01 3.576407914062499933e-04
2.000000000000000000e+01 3.534891664062500701e-04
2.100000000000000000e+01 3.491814929687500255e-04
2.200000000000000000e+01 3.447227179687499337e-04
2.300000000000000000e+01 3.401211007812498599e-04
2.400000000000000000e+01 3.353838359374999097e-04
2.500000000000000000e+01 3.305174195312500247e-04
2.600000000000000000e+01 3.255294632812500257e-04
2.700000000000000000e+01 3.204285117187497737e-04
2.800000000000000000e+01 3.152222382812500221e-04
2.900000000000000000e+01 3.099185211718749806e-04
3.000000000000000000e+01 3.045248009374998898e-04
3.100000000000000000e+01 2.990496586718751422e-04
3.200000000000000000e+01 2.935011813281250353e-04
3.300000000000000000e+01 2.878873411718750022e-04
3.400000000000000000e+01 2.822171710156249724e-04
3.500000000000000000e+01 2.764985790625000116e-04
3.600000000000000000e+01 2.707402740624999075e-04
3.700000000000000000e+01 2.649501980781249905e-04
3.800000000000000000e+01 2.591369223750000349e-04
3.900000000000000000e+01 2.533084765625000147e-04
4.000000000000000000e+01 2.474738553124998693e-04
4.100000000000000000e+01 2.416401986718750639e-04
4.200000000000000000e+01 2.358169437500001254e-04
4.300000000000000000e+01 2.300118657812500681e-04
4.400000000000000000e+01 2.242339775000000033e-04
4.500000000000000000e+01 2.184897950000001181e-04
4.600000000000000000e+01 2.127885322656250446e-04
4.700000000000000000e+01 2.071378069531249865e-04
4.800000000000000000e+01 2.015460695312500453e-04
4.900000000000000000e+01 1.960198460937499613e-04
5.000000000000000000e+01 1.905681703124999791e-04
5.100000000000000000e+01 1.851985171875000996e-04
5.200000000000000000e+01 1.799181523437500766e-04
5.300000000000000000e+01 1.747347820312499900e-04
5.400000000000000000e+01 1.696558460937499949e-04
5.500000000000000000e+01 1.646881093749999892e-04
5.600000000000000000e+01 1.598400820312500799e-04
5.700000000000000000e+01 1.551176906249999228e-04
5.800000000000000000e+01 1.505286476562500339e-04
5.900000000000000000e+01 1.460799968749999691e-04
6.000000000000000000e+01 1.417775609374999758e-04
6.100000000000000000e+01 1.376299734374999658e-04
6.200000000000000000e+01 1.336424312499999900e-04
6.300000000000000000e+01 1.298228046875000150e-04
6.400000000000000000e+01 1.261767109375000386e-04
6.500000000000000000e+01 1.227112968749999636e-04
6.600000000000000000e+01 1.194325703124999888e-04
6.700000000000000000e+01 1.163464843750000165e-04
6.800000000000000000e+01 1.134610468749999517e-04
6.900000000000000000e+01 1.107804531250000392e-04
7.000000000000000000e+01 1.083123203125000236e-04
7.100000000000000000e+01 1.060621250000000582e-04
7.200000000000000000e+01 1.040357812499999844e-04
7.300000000000000000e+01 1.022398046875000048e-04
7.400000000000000000e+01 1.006797500000000147e-04
7.500000000000000000e+01 9.936110156249997321e-05
7.600000000000000000e+01 9.829046874999997942e-05
7.700000000000000000e+01 9.747227343750002331e-05
7.800000000000000000e+01 9.691326562500003497e-05
7.900000000000000000e+01 9.661892968749998727e-05
8.000000000000000000e+01 9.659371328125001112e-05
8.100000000000000000e+01 9.684427968749997656e-05
8.200000000000000000e+01 9.737495312499995211e-05
8.300000000000000000e+01 9.819120625000001164e-05
8.400000000000000000e+01 9.929823984374998725e-05
8.500000000000000000e+01 1.007005117187500642e-04
8.600000000000000000e+01 1.024030296875000459e-04
8.700000000000000000e+01 1.044107578125000194e-04
8.800000000000000000e+01 1.067284289062499924e-04
8.900000000000000000e+01 1.093596062499999706e-04
9.000000000000000000e+01 1.123091054687499969e-04
9.100000000000000000e+01 1.155808898437499964e-04
9.200000000000000000e+01 1.191788396875000089e-04
9.300000000000000000e+01 1.231057350781249778e-04
9.400000000000000000e+01 1.273664082812500490e-04
9.500000000000000000e+01 1.319630100781249633e-04
9.600000000000000000e+01 1.368994227343750167e-04
9.700000000000000000e+01 1.421768044374999726e-04
9.800000000000000000e+01 1.477989314062499884e-04
9.900000000000000000e+01 1.537669473437500004e-04
1.000000000000000000e+02 1.600835245078125271e-04
1.010000000000000000e+02 1.667496110937500371e-04
1.020000000000000000e+02 1.737660057812500205e-04
1.030000000000000000e+02 1.811346221875000659e-04
1.040000000000000000e+02 1.888543010937501028e-04
1.050000000000000000e+02 1.969258158593750155e-04
1.060000000000000000e+02 2.053487047656250093e-04
1.070000000000000000e+02 2.141220368984375058e-04
1.080000000000000000e+02 2.232449639999999622e-04
1.090000000000000000e+02 2.327148144531250541e-04
1.100000000000000000e+02 2.425298084375000578e-04
1.110000000000000000e+02 2.526878377343751169e-04
1.120000000000000000e+02 2.631849772656249436e-04
1.130000000000000000e+02 2.740173374999999955e-04
1.140000000000000000e+02 2.851816132812498594e-04
1.150000000000000000e+02 2.966725257812499131e-04
1.160000000000000000e+02 3.084849671875000482e-04
1.170000000000000000e+02 3.206125921874998963e-04
1.180000000000000000e+02 3.330500867187500646e-04
1.190000000000000000e+02 3.457897390624998851e-04
1.200000000000000000e+02 3.588251882812500820e-04
1.210000000000000000e+02 3.721469054687502284e-04
1.220000000000000000e+02 3.857471874999999877e-04
1.230000000000000000e+02 3.996166492187499305e-04
1.240000000000000000e+02 4.137472218750000972e-04
1.250000000000000000e+02 4.281274640625001675e-04
1.260000000000000000e+02 4.427465234375000964e-04
1.270000000000000000e+02 4.575920679687500324e-04
1.280000000000000000e+02 4.726546789062499891e-04
1.290000000000000000e+02 4.879225796875001045e-04
1.300000000000000000e+02 5.033804148437501669e-04
1.310000000000000000e+02 5.190172898437498935e-04
1.320000000000000000e+02 5.348202640625000347e-04
1.330000000000000000e+02 5.507690398437499338e-04
1.340000000000000000e+02 5.668576296874998800e-04
1.350000000000000000e+02 5.830679265624997328e-04
1.360000000000000000e+02 5.993837500000000294e-04
1.370000000000000000e+02 6.157899921874999613e-04
1.380000000000000000e+02 6.322707421875000322e-04
1.390000000000000000e+02 6.488128359374999068e-04
1.400000000000000000e+02 6.653967890625001914e-04
1.410000000000000000e+02 6.820071015624999374e-04
1.420000000000000000e+02 6.986268515624999200e-04
1.430000000000000000e+02 7.152408359375001185e-04
1.440000000000000000e+02 7.318315781249997570e-04
1.450000000000000000e+02 7.483819453125002642e-04
1.460000000000000000e+02 7.648741093749999650e-04
1.470000000000000000e+02 7.812920156249995038e-04
1.480000000000000000e+02 7.976229453125001541e-04
1.490000000000000000e+02 8.138457187500003787e-04
1.500000000000000000e+02 8.299448046874995707e-04
1.510000000000000000e+02 8.459028593750000284e-04
1.520000000000000000e+02 8.617055625000001823e-04
1.530000000000000000e+02 8.773398984375001611e-04
1.540000000000000000e+02 8.927847046875000666e-04
1.550000000000000000e+02 9.080298624999995653e-04
1.560000000000000000e+02 9.230643046875000807e-04
1.570000000000000000e+02 9.378665624999999026e-04
1.580000000000000000e+02 9.524258656250000812e-04
1.590000000000000000e+02 9.667322210937496314e-04
1.600000000000000000e+02 9.807705703124996489e-04
1.610000000000000000e+02 9.945314296874998780e-04
1.620000000000000000e+02 1.008000844531250053e-03
1.630000000000000000e+02 1.021176160937500030e-03
1.640000000000000000e+02 1.034042890625000172e-03
1.650000000000000000e+02 1.046592913281249506e-03
1.660000000000000000e+02 1.058817939843750009e-03
1.670000000000000000e+02 1.070715344531249094e-03
1.680000000000000000e+02 1.082276983593749489e-03
1.690000000000000000e+02 1.093499527343750211e-03
1.700000000000000000e+02 1.104380693750000447e-03
1.710000000000000000e+02 1.114910232031249455e-03
1.720000000000000000e+02 1.125093911718749945e-03
1.730000000000000000e+02 1.134932066406250245e-03
1.740000000000000000e+02 1.144423977343750299e-03
1.750000000000000000e+02 1.153567636718750298e-03
1.760000000000000000e+02 1.162373927343749716e-03
1.770000000000000000e+02 1.170832465625000702e-03
1.780000000000000000e+02 1.178963667968749643e-03
1.790000000000000000e+02 1.186767306718749171e-03
1.800000000000000000e+02 1.194245892187500340e-03
1.810000000000000000e+02 1.201414677578126027e-03
1.820000000000000000e+02 1.208281602109375664e-03
1.830000000000000000e+02 1.214852468749999959e-03
1.840000000000000000e+02 1.221147087500000636e-03
1.850000000000000000e+02 1.227172752343750131e-03
1.860000000000000000e+02 1.232944663281249726e-03
1.870000000000000000e+02 1.238474049218750428e-03
1.880000000000000000e+02 1.243777463281249898e-03
1.890000000000000000e+02 1.248873791406249299e-03
1.900000000000000000e+02 1.253779096875000214e-03
1.910000000000000000e+02 1.258506503124999726e-03
1.920000000000000000e+02 1.263091017968750226e-03
1.930000000000000000e+02 1.267532160156249841e-03
1.940000000000000000e+02 1.271860214843749653e-03
1.950000000000000000e+02 1.276094375000000640e-03
1.960000000000000000e+02 1.280257179687500479e-03
1.970000000000000000e+02 1.284366092968749779e-03
1.980000000000000000e+02 1.288449700000000777e-03
1.990000000000000000e+02 1.292525671875000611e-03
2.000000000000000000e+02 1.296615837343749987e-03
2.010000000000000000e+02 1.300744880859375837e-03
2.020000000000000000e+02 1.304940241406249033e-03
2.030000000000000000e+02 1.309217433359374967e-03
2.040000000000000000e+02 1.313607457890624995e-03
2.050000000000000000e+02 1.318125977343750053e-03
2.060000000000000000e+02 1.322802254687499915e-03
2.070000000000000000e+02 1.327652419531249930e-03
2.080000000000000000e+02 1.332702863281249716e-03
2.090000000000000000e+02 1.337975017187500049e-03
2.100000000000000000e+02 1.343487221093749842e-03
2.110000000000000000e+02 1.349263125000000436e-03
2.120000000000000000e+02 1.355322070312499697e-03
2.130000000000000000e+02 1.361677960937499651e-03
2.140000000000000000e+02 1.368352406249999766e-03
2.150000000000000000e+02 1.375366757812499429e-03
2.160000000000000000e+02 1.382730632812500518e-03
2.170000000000000000e+02 1.390459164062501137e-03
2.180000000000000000e+02 1.398568726562499608e-03
2.190000000000000000e+02 1.407074531249999415e-03
2.200000000000000000e+02 1.415975750000000128e-03
2.210000000000000000e+02 1.425300367187499161e-03
2.220000000000000000e+02 1.435044968749999610e-03
2.230000000000000000e+02 1.445220140624999374e-03
2.240000000000000000e+02 1.455824085937499615e-03
2.250000000000000000e+02 1.466869765625000233e-03
2.260000000000000000e+02 1.478353828125000173e-03
2.270000000000000000e+02 1.490279687499999591e-03
2.280000000000000000e+02 1.502646796875000291e-03
2.290000000000000000e+02 1.515451406249999911e-03
2.300000000000000000e+02 1.528683515625000678e-03
2.310000000000000000e+02 1.542346640625000525e-03
2.320000000000000000e+02 1.556425937500000327e-03
2.330000000000000000e+02 1.570913593750000508e-03
2.340000000000000000e+02 1.585802656250000177e-03
2.350000000000000000e+02 1.601073906250000557e-03
2.360000000000000000e+02 1.616721406249999569e-03
2.370000000000000000e+02 1.632720937499999338e-03
2.380000000000000000e+02 1.649062500000000571e-03
2.390000000000000000e+02 1.665723984374999512e-03
2.400000000000000000e+02 1.682690390625000585e-03
2.410000000000000000e+02 1.699941874999999058e-03
2.420000000000000000e+02 1.717445234374999396e-03
2.430000000000000000e+02 1.735189296875000323e-03
2.440000000000000000e+02 1.753146796875000579e-03
2.450000000000000000e+02 1.771305468749998814e-03
2.460000000000000000e+02 1.789621328124999747e-03
2.470000000000000000e+02 1.808083984375000392e-03
2.480000000000000000e+02 1.826663593750000193e-03
2.490000000000000000e+02 1.845336640625000035e-03
2.500000000000000000e+02 1.864080859375000796e-03
2.510000000000000000e+02 1.882868203124998807e-03
2.520000000000000000e+02 1.901687031249999762e-03
2.530000000000000000e+02 1.920502890624999678e-03
2.540000000000000000e+02 1.939297421874999327e-03
2.550000000000000000e+02 1.958056796874999700e-03
2.560000000000000000e+02 1.976757187499998160e-03
2.570000000000000000e+02 1.995389687500000262e-03
2.580000000000000000e+02 2.013925859375000158e-03
2.590000000000000000e+02 2.032368750000000581e-03
2.600000000000000000e+02 2.050713671874999661e-03
2.610000000000000000e+02 2.068928593749999514e-03
2.620000000000000000e+02 2.087036796874999593e-03
2.630000000000000000e+02 2.105021249999999323e-03
2.640000000000000000e+02 2.122896093750000369e-03
2.650000000000000000e+02 2.140665234374999372e-03
2.660000000000000000e+02 2.158345546875000028e-03
2.670000000000000000e+02 2.175943984375001278e-03
2.680000000000000000e+02 2.193491328125000799e-03
2.690000000000000000e+02 2.210997109375000078e-03
2.700000000000000000e+02 2.228517343749999990e-03
2.710000000000000000e+02 2.246059843750001193e-03
2.720000000000000000e+02 2.263683515625000437e-03
2.730000000000000000e+02 2.281430937500000030e-03
2.740000000000000000e+02 2.299356562500000367e-03
2.750000000000000000e+02 2.317514296874999529e-03
2.760000000000000000e+02 2.335968203124999792e-03
2.770000000000000000e+02 2.354791484374999487e-03
2.780000000000000000e+02 2.374060703125000817e-03
2.790000000000000000e+02 2.393855859374999836e-03
2.800000000000000000e+02 2.414270234375000355e-03
2.810000000000000000e+02 2.435391953125000224e-03
2.820000000000000000e+02 2.457328437500001014e-03
2.830000000000000000e+02 2.480187835937500661e-03
2.840000000000000000e+02 2.504077992187498346e-03
2.850000000000000000e+02 2.529121828124999190e-03
2.860000000000000000e+02 2.555446703124999476e-03
2.870000000000000000e+02 2.583174507812500097e-03
2.880000000000000000e+02 2.612448367187500311e-03
2.890000000000000000e+02 2.643408164062499566e-03
2.900000000000000000e+02 2.676202817968749079e-03
2.910000000000000000e+02 2.710966345312501233e-03
2.920000000000000000e+02 2.747875442968749672e-03
2.930000000000000000e+02 2.787069937500000465e-03
2.940000000000000000e+02 2.828718523437500406e-03
2.950000000000000000e+02 2.872981710937500422e-03
2.960000000000000000e+02 2.920026148437499317e-03
2.970000000000000000e+02 2.970013400781250715e-03
2.980000000000000000e+02 3.023136149999999887e-03
2.990000000000000000e+02 3.079535738906250854e-03
3.000000000000000000e+02 3.139372571875000996e-03
3.010000000000000000e+02 3.202852662499999260e-03
3.020000000000000000e+02 3.270102635937499700e-03
3.030000000000000000e+02 3.341314053124998934e-03
3.040000000000000000e+02 3.416610627343749044e-03
3.050000000000000000e+02 3.496169791406249922e-03
3.060000000000000000e+02 3.580142816406250462e-03
3.070000000000000000e+02 3.668687541484375036e-03
3.080000000000000000e+02 3.761901092968749239e-03
3.090000000000000000e+02 3.859970539843749892e-03
3.100000000000000000e+02 3.962966490624999887e-03
3.110000000000000000e+02 4.071036874218750441e-03
3.120000000000000000e+02 4.184231412500001232e-03
3.130000000000000000e+02 4.302698976562500770e-03
3.140000000000000000e+02 4.426523015625002944e-03
3.150000000000000000e+02 4.555717218750001546e-03
3.160000000000000000e+02 4.690331726562499241e-03
3.170000000000000000e+02 4.830504984375001004e-03
3.180000000000000000e+02 4.976133171874999248e-03
3.190000000000000000e+02 5.127356874999998253e-03
3.200000000000000000e+02 5.284032031250000122e-03
3.210000000000000000e+02 5.446195546875000175e-03
3.220000000000000000e+02 5.613814140625000317e-03
3.230000000000000000e+02 5.786799765624998752e-03
3.240000000000000000e+02 5.965077812499999625e-03
3.250000000000000000e+02 6.148554218749997802e-03
3.260000000000000000e+02 6.337100546875000170e-03
3.270000000000000000e+02 6.530564374999998922e-03
3.280000000000000000e+02 6.728762343749998195e-03
3.290000000000000000e+02 6.931556875000001450e-03
3.300000000000000000e+02 7.138704062500004360e-03
3.310000000000000000e+02 7.349983046875002181e-03
3.320000000000000000e+02 7.565132812499999158e-03
3.330000000000000000e+02 7.783930468750000289e-03
3.340000000000000000e+02 8.005986718750003617e-03
3.350000000000000000e+02 8.231041406250003828e-03
3.360000000000000000e+02 8.458824218750000956e-03
3.370000000000000000e+02 8.688846093749997418e-03
3.380000000000000000e+02 8.920823437500001105e-03
3.390000000000000000e+02 9.154316406249999802e-03
3.400000000000000000e+02 9.388960937499994316e-03
3.410000000000000000e+02 9.624217968750002974e-03
3.420000000000000000e+02 9.859785156250003638e-03
3.430000000000000000e+02 1.009503984374999705e-02
3.440000000000000000e+02 1.032962265625000063e-02
3.450000000000000000e+02 1.056301250000000504e-02
3.460000000000000000e+02 1.079471015624999808e-02
3.470000000000000000e+02 1.102412578124999792e-02
3.480000000000000000e+02 1.125079062500000671e-02
3.490000000000000000e+02 1.147412265624999858e-02
3.500000000000000000e+02 1.169363046874999368e-02
3.510000000000000000e+02 1.190880859375000392e-02
3.520000000000000000e+02 1.211898124999999556e-02
3.530000000000000000e+02 1.232366562499999721e-02
3.540000000000000000e+02 1.252226093750000505e-02
3.550000000000000000e+02 1.271431718750000439e-02
3.560000000000000000e+02 1.289917031250000477e-02
3.570000000000000000e+02 1.307631250000000460e-02
3.580000000000000000e+02 1.324522890625000338e-02
3.590000000000000000e+02 1.340545156249999155e-02
3.600000000000000000e+02 1.355628828124999519e-02
3.610000000000000000e+02 1.369740703125000084e-02
3.620000000000000000e+02 1.382821249999999398e-02
3.630000000000000000e+02 1.394832734375000584e-02
3.640000000000000000e+02 1.405730156249999918e-02
3.650000000000000000e+02 1.415461484374999634e-02
3.660000000000000000e+02 1.423989218749999348e-02
3.670000000000000000e+02 1.431279609375000345e-02
3.680000000000000000e+02 1.437292890624999701e-02
3.690000000000000000e+02 1.442003437500000672e-02
3.700000000000000000e+02 1.445380390625001024e-02
3.710000000000000000e+02 1.447392343749999422e-02
3.720000000000000000e+02 1.448025312500000016e-02
3.730000000000000000e+02 1.447249843749999661e-02
3.740000000000000000e+02 1.445060156249999318e-02
3.750000000000000000e+02 1.441434296874999701e-02
3.760000000000000000e+02 1.436380546874999921e-02
3.770000000000000000e+02 1.429883124999999783e-02
3.780000000000000000e+02 1.421948828125000480e-02
3.790000000000000000e+02 1.412581328124999473e-02
3.800000000000000000e+02 1.401790390625000556e-02
3.810000000000000000e+02 1.389595148437499164e-02
3.820000000000000000e+02 1.376002828124999779e-02
3.830000000000000000e+02 1.361044671875000049e-02
3.840000000000000000e+02 1.344755187500000504e-02
3.850000000000000000e+02 1.327153726562499761e-02
3.860000000000000000e+02 1.308287921874999940e-02
3.870000000000000000e+02 1.288194289062500296e-02
3.880000000000000000e+02 1.266925953125000621e-02
3.890000000000000000e+02 1.244528015624998991e-02
3.900000000000000000e+02 1.221061015624999926e-02
3.910000000000000000e+02 1.196584015624999747e-02
3.920000000000000000e+02 1.171161445312499973e-02
3.930000000000000000e+02 1.144860374999998910e-02
3.940000000000000000e+02 1.117765320312499693e-02
3.950000000000000000e+02 1.089940117187499814e-02
3.960000000000000000e+02 1.061473125781249929e-02
3.970000000000000000e+02 1.032448350000000035e-02
3.980000000000000000e+02 1.002961989843749284e-02
3.990000000000000000e+02 9.730984468750002170e-03
4.000000000000000000e+02 9.429570281250004155e-03
4.010000000000000000e+02 9.126337466406252152e-03
4.020000000000000000e+02 8.822363926562496600e-03
4.030000000000000000e+02 8.518624384453124532e-03
4.040000000000000000e+02 8.216265401562504109e-03
4.050000000000000000e+02 7.916303070312498413e-03
4.060000000000000000e+02 7.619877164062502026e-03
4.070000000000000000e+02 7.328063476562503981e-03
4.080000000000000000e+02 7.042037929687504187e-03
4.090000000000000000e+02 6.762898843750005454e-03
4.100000000000000000e+02 6.491771796874997759e-03
4.110000000000000000e+02 6.229803671874999983e-03
4.120000000000000000e+02 5.978124609375001439e-03
4.130000000000000000e+02 5.737835859375001006e-03
4.140000000000000000e+02 5.509995859374995815e-03
4.150000000000000000e+02 5.295784375000001966e-03
4.160000000000000000e+02 5.096165085937499027e-03
4.170000000000000000e+02 4.912214648437500560e-03
4.180000000000000000e+02 4.744909295312498693e-03
4.190000000000000000e+02 4.595186901562499371e-03
4.200000000000000000e+02 4.463996195312501004e-03
4.210000000000000000e+02 4.352161640625000320e-03
4.220000000000000000e+02 4.260522421875000305e-03
4.230000000000000000e+02 4.189769749999999043e-03
4.240000000000000000e+02 4.140653140625002310e-03
4.250000000000000000e+02 4.113748265624999831e-03
4.260000000000000000e+02 4.109574148437500525e-03
4.270000000000000000e+02 4.128646945312499858e-03
4.280000000000000000e+02 4.171255109374999957e-03
4.290000000000000000e+02 4.237722343750002611e-03
4.300000000000000000e+02 4.328267499999999095e-03
4.310000000000000000e+02 4.442914921875000013e-03
4.320000000000000000e+02 4.581685312500001842e-03
4.330000000000000000e+02 4.744453671874999251e-03
4.340000000000000000e+02 4.930999609374999391e-03
4.350000000000000000e+02 5.140988046874998656e-03
4.360000000000000000e+02 5.373960156250000460e-03
4.370000000000000000e+02 5.629361953125001927e-03
4.380000000000000000e+02 5.906520234374998748e-03
4.390000000000000000e+02 6.204645703124999148e-03
4.400000000000000000e+02 6.522880078125001257e-03
4.410000000000000000e+02 6.860154687499995553e-03
4.420000000000000000e+02 7.215421249999999509e-03
4.430000000000000000e+02 7.587409453125000015e-03
4.440000000000000000e+02 7.974952890625002996e-03
4.450000000000000000e+02 8.376586718749998856e-03
4.460000000000000000e+02 8.790821874999995081e-03
4.470000000000000000e+02 9.216151718750004510e-03
4.480000000000000000e+02 9.651021171875001289e-03
4.490000000000000000e+02 1.009374785156250467e-02
4.500000000000000000e+02 1.054282707812499893e-02
4.510000000000000000e+02 1.099630027265625747e-02
4.520000000000000000e+02 1.145278387343750051e-02
4.530000000000000000e+02 1.191051606249999770e-02
4.540000000000000000e+02 1.236781472656250068e-02
4.550000000000000000e+02 1.282321633593749670e-02
4.560000000000000000e+02 1.327520374999999891e-02
4.570000000000000000e+02 1.372245781250000345e-02
4.580000000000000000e+02 1.416365218750000390e-02
4.590000000000000000e+02 1.459780742187499238e-02
4.600000000000000000e+02 1.502398820312499973e-02
4.610000000000000000e+02 1.544139500000000532e-02
4.620000000000000000e+02 1.584961484375000534e-02
4.630000000000000000e+02 1.624833046874999548e-02
4.640000000000000000e+02 1.663766578125000159e-02
4.650000000000000000e+02 1.701780390625000361e-02
4.660000000000000000e+02 1.738940234375000241e-02
4.670000000000000000e+02 1.775317656249998308e-02
4.680000000000000000e+02 1.811042578124999469e-02
4.690000000000000000e+02 1.846252109374999992e-02
4.700000000000000000e+02 1.881125000000000158e-02
4.710000000000000000e+02 1.915863984374999163e-02
4.720000000000000000e+02 1.950687734375000301e-02
4.730000000000000000e+02 1.985852421874999968e-02
4.740000000000000000e+02 2.021646484375000039e-02
4.750000000000000000e+02 2.058345859374999254e-02
4.760000000000000000e+02 2.096271093749999676e-02
4.770000000000000000e+02 2.135756875000001040e-02
4.780000000000000000e+02 2.177126874999999601e-02
4.790000000000000000e+02 2.220766015624999618e-02
4.800000000000000000e+02 2.267018281250000183e-02
4.810000000000000000e+02 2.316258593749999720e-02
4.820000000000000000e+02 2.368891484374999537e-02
4.830000000000000000e+02 2.425302968749998983e-02
4.840000000000000000e+02 2.485906796874999547e-02
4.850000000000000000e+02 2.551144296874999565e-02
4.860000000000000000e+02 2.621445156250001157e-02
4.870000000000000000e+02 2.697281796875000345e-02
4.880000000000000000e+02 2.779158906250001060e-02
4.890000000000000000e+02 2.867617578124999692e-02
4.900000000000000000e+02 2.963227578124999831e-02
4.910000000000000000e+02 3.066634140625000213e-02
4.920000000000000000e+02 3.178537734375000423e-02
4.930000000000000000e+02 3.299740859374999946e-02
4.940000000000000000e+02 3.431133984375000362e-02
4.950000000000000000e+02 3.573790781250001103e-02
4.960000000000000000e+02 3.728858828124998609e-02
4.970000000000000000e+02 3.897790390624997908e-02
4.980000000000000000e+02 4.082224531249997734e-02
4.990000000000000000e+02 4.284103046874997850e-02
5.000000000000000000e+02 4.505838281249999883e-02
5.010000000000000000e+02 4.750193749999999382e-02
5.020000000000000000e+02 5.020602421875002691e-02
5.030000000000000000e+02 5.321095999999999465e-02
5.040000000000000000e+02 5.656661282812496666e-02
5.050000000000000000e+02 6.033178467187499255e-02
5.060000000000000000e+02 6.457917281250004360e-02
5.070000000000000000e+02 6.939503906250002463e-02
5.080000000000000000e+02 7.488488906249998744e-02
5.090000000000000000e+02 8.117541953125001486e-02
5.100000000000000000e+02 8.841900781249996399e-02
5.110000000000000000e+02 9.680008593750001611e-02
