0.000000000000000000e+00 8.876084203124998823e-04
1.000000000000000000e+00 8.870430437499998363e-04
2.000000000000000000e+00 8.859171054687500074e-04
3.000000000000000000e+00 8.842328156250003597e-04
4.000000000000000000e+00 8.819909054687497061e-04
5.000000000000000000e+00 8.791916796875002714e-04
6.000000000000000000e+00 8.758481765625000066e-04
7.000000000000000000e+00 8.719616874999998367e-04
8.000000000000000000e+00 8.675438374999999312e-04
9.000000000000000000e+00 8.625949085937498814e-04
1.000000000000000000e+01 8.571270624999998127e-04
1.100000000000000000e+01 8.511561414062500386e-04
1.200000000000000000e+01 8.446843859374995747e-04
1.300000000000000000e+01 8.377245187500001813e-04
1.400000000000000000e+01 8.302930398437502208e-04
1.500000000000000000e+01 8.223966195312498468e-04
1.600000000000000000e+01 8.140572921874998646e-04
1.700000000000000000e+01 8.052870609374999629e-04
1.800000000000000000e+01 7.960961343749996689e-04
1.900000000000000000e+01 7.865003812499996505e-04
2.000000000000000000e+01 7.765196351562501150e-04
2.100000000000000000e+01 7.661708039062498825e-04
2.200000000000000000e+01 7.554644195312503049e-04
2.300000000000000000e+01 7.444280171874998993e-04
2.400000000000000000e+01 7.330695296875004967e-04
2.500000000000000000e+01 7.214175499999999925e-04
2.600000000000000000e+01 7.094833132812500189e-04
2.700000000000000000e+01 6.972819453124998353e-04
2.800000000000000000e+01 6.848398984375003067e-04
2.900000000000000000e+01 6.721746718749997468e-04
3.000000000000000000e+01 6.593052578124997598e-04
3.100000000000000000e+01 6.462464765625004597e-04
3.200000000000000000e+01 6.330204375000001837e-04
3.300000000000000000e+01 6.196478515624999567e-04
3.400000000000000000e+01 6.061502109374999588e-04
3.500000000000000000e+01 5.925357890624999551e-04
3.600000000000000000e+01 5.788316328125000208e-04
3.700000000000000000e+01 5.650566406250001833e-04
3.800000000000000000e+01 5.512281249999997869e-04
3.900000000000000000e+01 5.373627187499997260e-04
4.000000000000000000e+01 5.234838281249999323e-04
4.100000000000000000e+01 5.096050624999999643e-04
4.200000000000000000e+01 4.957408359375001499e-04
4.300000000000000000e+01 4.819138046874998937e-04
4.400000000000000000e+01 4.681433515625000523e-04
4.500000000000000000e+01 4.544414921874998848e-04
4.600000000000000000e+01 4.408271328125003361e-04
4.700000000000000000e+01 4.273155781249999641e-04
4.800000000000000000e+01 4.139242265624999651e-04
4.900000000000000000e+01 4.006680625000001500e-04
5.000000000000000000e+01 3.875629062499999977e-04
5.100000000000000000e+01 3.746248359374999902e-04
5.200000000000000000e+01 3.618677109374999882e-04
5.300000000000000000e+01 3.493073984374999341e-04
5.400000000000000000e+01 3.369575078124999287e-04
5.500000000000000000e+01 3.248336328125001125e-04
5.600000000000000000e+01 3.129490624999999959e-04
5.700000000000000000e+01 3.013179765625001384e-04
5.800000000000000000e+01 2.899540624999998950e-04
5.900000000000000000e+01 2.788715312500001341e-04
6.000000000000000000e+01 2.680827343749999920e-04
6.100000000000000000e+01 2.576022734375000233e-04
6.200000000000000000e+01 2.474420000000000070e-04
6.300000000000000000e+01 2.376164765625000572e-04
6.400000000000000000e+01 2.281378125000000886e-04
6.500000000000000000e+01 2.190184687500000473e-04
6.600000000000000000e+01 2.102719687499999439e-04
6.700000000000000000e+01 2.019114843749999740e-04
6.800000000000000000e+01 1.939488593750000834e-04
6.900000000000000000e+01 1.863967265625000196e-04
7.000000000000000000e+01 1.792683203125000537e-04
7.100000000000000000e+01 1.725750234374999676e-04
7.200000000000000000e+01 1.663317031250000674e-04
7.300000000000000000e+01 1.605485546875000283e-04
7.400000000000000000e+01 1.552387656249999562e-04
7.500000000000000000e+01 1.504145078124999768e-04
7.600000000000000000e+01 1.460886875000000460e-04
7.700000000000000000e+01 1.422731249999999864e-04
7.800000000000000000e+01 1.389799375000000338e-04
7.900000000000000000e+01 1.362207031250000028e-04
8.000000000000000000e+01 1.340090390624999630e-04
8.100000000000000000e+01 1.323545851562500338e-04
8.200000000000000000e+01 1.312697859375000237e-04
8.300000000000000000e+01 1.307662656250000376e-04
8.400000000000000000e+01 1.308546812500000064e-04
8.500000000000000000e+01 1.315467785156249493e-04
8.600000000000000000e+01 1.328519971875000193e-04
8.700000000000000000e+01 1.347814534140625035e-04
8.800000000000000000e+01 1.373435541406250451e-04
8.900000000000000000e+01 1.405490269531249929e-04
9.000000000000000000e+01 1.444066550000000114e-04
9.100000000000000000e+01 1.489232971093749957e-04
9.200000000000000000e+01 1.541082481249999800e-04
9.300000000000000000e+01 1.599678849218749894e-04
9.400000000000000000e+01 1.665097328124999596e-04
9.500000000000000000e+01 1.737378578124999676e-04
9.600000000000000000e+01 1.816586023437500338e-04
9.700000000000000000e+01 1.902757273437500111e-04
9.800000000000000000e+01 1.995910093750000375e-04
9.900000000000000000e+01 2.096080992187499589e-04
1.000000000000000000e+02 2.203282742187499701e-04
1.010000000000000000e+02 2.317519632812500515e-04
1.020000000000000000e+02 2.438765375000000689e-04
1.030000000000000000e+02 2.567023125000000351e-04
1.040000000000000000e+02 2.702244210937500995e-04
1.050000000000000000e+02 2.844385570312499864e-04
1.060000000000000000e+02 2.993396203125000708e-04
1.070000000000000000e+02 3.149197218750000816e-04
1.080000000000000000e+02 3.311713468750001363e-04
1.090000000000000000e+02 3.480831417187500785e-04
1.100000000000000000e+02 3.656460148437500513e-04
1.110000000000000000e+02 3.838453554687500926e-04
1.120000000000000000e+02 4.026678951562500134e-04
1.130000000000000000e+02 4.220979130468748898e-04
1.140000000000000000e+02 4.421183982031248500e-04
1.150000000000000000e+02 4.627099650781250581e-04
1.160000000000000000e+02 4.838533571093747493e-04
1.170000000000000000e+02 5.055277168749998731e-04
1.180000000000000000e+02 5.277054762499997810e-04
1.190000000000000000e+02 5.503659114296877240e-04
1.200000000000000000e+02 5.734846014843747583e-04
1.210000000000000000e+02 5.970283203124999299e-04
1.220000000000000000e+02 6.209754652343749603e-04
1.230000000000000000e+02 6.452865101015625672e-04
1.240000000000000000e+02 6.699382482031245251e-04
1.250000000000000000e+02 6.948939619531251501e-04
1.260000000000000000e+02 7.201205913281249040e-04
1.270000000000000000e+02 7.455809439062499556e-04
1.280000000000000000e+02 7.712384071874998004e-04
1.290000000000000000e+02 7.970603937499999873e-04
1.300000000000000000e+02 8.230005875000004183e-04
1.310000000000000000e+02 8.490265460937500936e-04
1.320000000000000000e+02 8.750950671875000258e-04
1.330000000000000000e+02 9.011689132812500391e-04
1.340000000000000000e+02 9.272010460937499124e-04
1.350000000000000000e+02 9.531484311718748043e-04
1.360000000000000000e+02 9.789784358593745569e-04
1.370000000000000000e+02 1.004640329765625183e-03
1.380000000000000000e+02 1.030092006718749719e-03
1.390000000000000000e+02 1.055293345312498547e-03
1.400000000000000000e+02 1.080202116406250683e-03
1.410000000000000000e+02 1.104776318749999724e-03
1.420000000000000000e+02 1.128965888593750234e-03
1.430000000000000000e+02 1.152741895625000474e-03
1.440000000000000000e+02 1.176050277031250469e-03
1.450000000000000000e+02 1.198858663359374938e-03
1.460000000000000000e+02 1.221124706484375422e-03
1.470000000000000000e+02 1.242814742187499898e-03
1.480000000000000000e+02 1.263878635937499889e-03
1.490000000000000000e+02 1.284290317187499787e-03
1.500000000000000000e+02 1.304013759375000298e-03
1.510000000000000000e+02 1.323010168046875141e-03
1.520000000000000000e+02 1.341255687890624418e-03
1.530000000000000000e+02 1.358707690226561250e-03
1.540000000000000000e+02 1.375354495062500182e-03
1.550000000000000000e+02 1.391152377734374695e-03
1.560000000000000000e+02 1.406092902968750181e-03
1.570000000000000000e+02 1.420142531249999392e-03
1.580000000000000000e+02 1.433282560156250293e-03
1.590000000000000000e+02 1.445492387500000231e-03
1.600000000000000000e+02 1.456770763281250514e-03
1.610000000000000000e+02 1.467085423437499607e-03
1.620000000000000000e+02 1.476443742968749483e-03
1.630000000000000000e+02 1.484832526718749728e-03
1.640000000000000000e+02 1.492238907421874951e-03
1.650000000000000000e+02 1.498668148828124179e-03
1.660000000000000000e+02 1.504128461335936659e-03
1.670000000000000000e+02 1.508616202656249804e-03
1.680000000000000000e+02 1.512133993281249708e-03
1.690000000000000000e+02 1.514703703437499712e-03
1.700000000000000000e+02 1.516329100859374092e-03
1.710000000000000000e+02 1.517028961718750553e-03
1.720000000000000000e+02 1.516826839843750298e-03
1.730000000000000000e+02 1.515734434375000080e-03
1.740000000000000000e+02 1.513784797656250953e-03
1.750000000000000000e+02 1.511014550781249362e-03
1.760000000000000000e+02 1.507437913281250031e-03
1.770000000000000000e+02 1.503101877343750560e-03
1.780000000000000000e+02 1.498040692187499771e-03
1.790000000000000000e+02 1.492286667968749977e-03
1.800000000000000000e+02 1.485893718749999254e-03
1.810000000000000000e+02 1.478902108593750132e-03
1.820000000000000000e+02 1.471362514843750679e-03
1.830000000000000000e+02 1.463322944531250495e-03
1.840000000000000000e+02 1.454839122656250046e-03
1.850000000000000000e+02 1.445962942187499316e-03
1.860000000000000000e+02 1.436754375000000392e-03
1.870000000000000000e+02 1.427278390624999718e-03
1.880000000000000000e+02 1.417586023437500831e-03
1.890000000000000000e+02 1.407743359375000823e-03
1.900000000000000000e+02 1.397820164062500052e-03
1.910000000000000000e+02 1.387877632812499918e-03
1.920000000000000000e+02 1.377989742187500297e-03
1.930000000000000000e+02 1.368215812500000539e-03
1.940000000000000000e+02 1.358635624999998985e-03
1.950000000000000000e+02 1.349308656249999889e-03
1.960000000000000000e+02 1.340317875000000781e-03
1.970000000000000000e+02 1.331724773437499218e-03
1.980000000000000000e+02 1.323598687500000337e-03
1.990000000000000000e+02 1.316022703125000522e-03
2.000000000000000000e+02 1.309053757812499727e-03
2.010000000000000000e+02 1.302767304687500087e-03
2.020000000000000000e+02 1.297234882812499943e-03
2.030000000000000000e+02 1.292515914062499459e-03
2.040000000000000000e+02 1.288691414062500228e-03
2.050000000000000000e+02 1.285818343750001107e-03
2.060000000000000000e+02 1.283950718749999470e-03
2.070000000000000000e+02 1.283169446874999481e-03
2.080000000000000000e+02 1.283516046093750298e-03
2.090000000000000000e+02 1.285059504687499111e-03
2.100000000000000000e+02 1.287845476562500318e-03
2.110000000000000000e+02 1.291931629687500778e-03
2.120000000000000000e+02 1.297361451562499763e-03
2.130000000000000000e+02 1.304175827031250640e-03
2.140000000000000000e+02 1.312422411406249934e-03
2.150000000000000000e+02 1.322132039609374976e-03
2.160000000000000000e+02 1.333343970468749704e-03
2.170000000000000000e+02 1.346080268750000052e-03
2.180000000000000000e+02 1.360363703124999697e-03
2.190000000000000000e+02 1.376220930468750707e-03
2.200000000000000000e+02 1.393664093750000355e-03
2.210000000000000000e+02 1.412697289062499716e-03
2.220000000000000000e+02 1.433327796874999662e-03
2.230000000000000000e+02 1.455554374999999548e-03
2.240000000000000000e+02 1.479370390625000262e-03
2.250000000000000000e+02 1.504765742187500182e-03
2.260000000000000000e+02 1.531714085937500381e-03
2.270000000000000000e+02 1.560200757812500120e-03
2.280000000000000000e+02 1.590186171875001371e-03
2.290000000000000000e+02 1.621648867187500684e-03
2.300000000000000000e+02 1.654539499999999963e-03
2.310000000000000000e+02 1.688807257812499065e-03
2.320000000000000000e+02 1.724401765625000003e-03
2.330000000000000000e+02 1.761269402343750533e-03
2.340000000000000000e+02 1.799331074218749353e-03
2.350000000000000000e+02 1.838532354687498916e-03
2.360000000000000000e+02 1.878793800312499995e-03
2.370000000000000000e+02 1.920022916406249457e-03
2.380000000000000000e+02 1.962144727343750634e-03
2.390000000000000000e+02 2.005065005468749037e-03
2.400000000000000000e+02 2.048687381250001178e-03
2.410000000000000000e+02 2.092905953125001172e-03
2.420000000000000000e+02 2.137620070312500412e-03
2.430000000000000000e+02 2.182719218750000384e-03
2.440000000000000000e+02 2.228094796874999488e-03
2.450000000000000000e+02 2.273626984375001162e-03
2.460000000000000000e+02 2.319191218750000713e-03
2.470000000000000000e+02 2.364681593750000109e-03
2.480000000000000000e+02 2.409960187500000822e-03
2.490000000000000000e+02 2.454914351562500780e-03
2.500000000000000000e+02 2.499409242187500702e-03
2.510000000000000000e+02 2.543332648437500888e-03
2.520000000000000000e+02 2.586546171874997638e-03
2.530000000000000000e+02 2.628928125000000362e-03
2.540000000000000000e+02 2.670364687499999796e-03
2.550000000000000000e+02 2.710737968749998578e-03
2.560000000000000000e+02 2.749916093750000203e-03
2.570000000000000000e+02 2.787796015624999929e-03
2.580000000000000000e+02 2.824268593750001426e-03
2.590000000000000000e+02 2.859227343750000028e-03
2.600000000000000000e+02 2.892576562500002741e-03
2.610000000000000000e+02 2.924224374999998943e-03
2.620000000000000000e+02 2.954080156250000339e-03
2.630000000000000000e+02 2.982075390624999191e-03
2.640000000000000000e+02 3.008132109374999242e-03
2.650000000000000000e+02 3.032204218750002202e-03
2.660000000000000000e+02 3.054234843749998977e-03
2.670000000000000000e+02 3.074191250000001159e-03
2.680000000000000000e+02 3.092045624999999534e-03
2.690000000000000000e+02 3.107791015624997762e-03
2.700000000000000000e+02 3.121409843750002494e-03
2.710000000000000000e+02 3.132933046874998313e-03
2.720000000000000000e+02 3.142377187499999919e-03
2.730000000000000000e+02 3.149786093749999856e-03
2.740000000000000000e+02 3.155221875000001862e-03
2.750000000000000000e+02 3.158738750000000383e-03
2.760000000000000000e+02 3.160438203124999682e-03
2.770000000000000000e+02 3.160418671874999121e-03
2.780000000000000000e+02 3.158800234374999679e-03
2.790000000000000000e+02 3.155711171875000623e-03
2.800000000000000000e+02 3.151324531250000640e-03
2.810000000000000000e+02 3.145787734374998895e-03
2.820000000000000000e+02 3.139298046874998242e-03
2.830000000000000000e+02 3.132048203125000017e-03
2.840000000000000000e+02 3.124257343750000328e-03
2.850000000000000000e+02 3.116166640624999738e-03
2.860000000000000000e+02 3.108019609374999739e-03
2.870000000000000000e+02 3.100075156250002399e-03
2.880000000000000000e+02 3.092614843750000463e-03
2.890000000000000000e+02 3.085933046874999013e-03
2.900000000000000000e+02 3.080326953125000784e-03
2.910000000000000000e+02 3.076120000000000330e-03
2.920000000000000000e+02 3.073634296875000279e-03
2.930000000000000000e+02 3.073212968749999569e-03
2.940000000000000000e+02 3.075199375000000918e-03
2.950000000000000000e+02 3.079938812499999953e-03
2.960000000000000000e+02 3.087801835937499170e-03
2.970000000000000000e+02 3.099148687500001293e-03
2.980000000000000000e+02 3.114352382812499934e-03
2.990000000000000000e+02 3.133780976562500209e-03
3.000000000000000000e+02 3.157801374999999380e-03
3.010000000000000000e+02 3.186797148437500900e-03
3.020000000000000000e+02 3.221120882812500245e-03
3.030000000000000000e+02 3.261125895312500054e-03
3.040000000000000000e+02 3.307202417968751161e-03
3.050000000000000000e+02 3.359690003906250135e-03
3.060000000000000000e+02 3.418901250000000100e-03
3.070000000000000000e+02 3.485201373437498643e-03
3.080000000000000000e+02 3.558892539062500499e-03
3.090000000000000000e+02 3.640238049765623981e-03
3.100000000000000000e+02 3.729586617187498603e-03
3.110000000000000000e+02 3.827140561640625643e-03
3.120000000000000000e+02 3.933199507812500453e-03
3.130000000000000000e+02 4.047930535937499172e-03
3.140000000000000000e+02 4.171570928906251710e-03
3.150000000000000000e+02 4.304274374999997495e-03
3.160000000000000000e+02 4.446211689843749225e-03
3.170000000000000000e+02 4.597501726562500633e-03
3.180000000000000000e+02 4.758217085937498786e-03
3.190000000000000000e+02 4.928463632812499565e-03
3.200000000000000000e+02 5.108196523437499685e-03
3.210000000000000000e+02 5.297439560937498848e-03
3.220000000000000000e+02 5.496209737499999602e-03
3.230000000000000000e+02 5.704392767187501864e-03
3.240000000000000000e+02 5.921881872656248845e-03
3.250000000000000000e+02 6.148524296874995770e-03
3.260000000000000000e+02 6.384200307812497310e-03
3.270000000000000000e+02 6.628676749999997883e-03
3.280000000000000000e+02 6.881697656249997908e-03
3.290000000000000000e+02 7.142986554687496929e-03
3.300000000000000000e+02 7.412247195312497358e-03
3.310000000000000000e+02 7.689110859375001585e-03
3.320000000000000000e+02 7.973205000000000570e-03
3.330000000000000000e+02 8.264101796875001141e-03
3.340000000000000000e+02 8.561333281249999816e-03
3.350000000000000000e+02 8.864442109374998796e-03
3.360000000000000000e+02 9.172901640625001629e-03
3.370000000000000000e+02 9.486243750000001446e-03
3.380000000000000000e+02 9.803765703124994735e-03
3.390000000000000000e+02 1.012497851562500079e-02
3.400000000000000000e+02 1.044923984374999948e-02
3.410000000000000000e+02 1.077586875000000055e-02
3.420000000000000000e+02 1.110416406249999620e-02
3.430000000000000000e+02 1.143352968749999574e-02
3.440000000000000000e+02 1.176322109375000508e-02
3.450000000000000000e+02 1.209246640625000029e-02
3.460000000000000000e+02 1.242067421875000036e-02
3.470000000000000000e+02 1.274694531249999721e-02
3.480000000000000000e+02 1.307059218750000230e-02
3.490000000000000000e+02 1.339083671875000020e-02
3.500000000000000000e+02 1.370699687499999861e-02
3.510000000000000000e+02 1.401814531250000426e-02
3.520000000000000000e+02 1.432367343749999834e-02
3.530000000000000000e+02 1.462268593749999589e-02
3.540000000000000000e+02 1.491447343750001119e-02
3.550000000000000000e+02 1.519839218750000491e-02
3.560000000000000000e+02 1.547355703124999801e-02
3.570000000000000000e+02 1.573930546874999920e-02
3.580000000000000000e+02 1.599493593750000303e-02
3.590000000000000000e+02 1.623976796874999559e-02
3.600000000000000000e+02 1.647301484374999805e-02
3.610000000000000000e+02 1.669417187500000371e-02
3.620000000000000000e+02 1.690262187500000263e-02
3.630000000000000000e+02 1.709769296874999456e-02
3.640000000000000000e+02 1.727880546875000187e-02
3.650000000000000000e+02 1.744552968749999225e-02
3.660000000000000000e+02 1.759734687500000283e-02
3.670000000000000000e+02 1.773366093749999955e-02
3.680000000000000000e+02 1.785423906249999568e-02
3.690000000000000000e+02 1.795857109375001079e-02
3.700000000000000000e+02 1.804644218749999751e-02
3.710000000000000000e+02 1.811746484375001409e-02
3.720000000000000000e+02 1.817135703124999821e-02
3.730000000000000000e+02 1.820805039062501143e-02
3.740000000000000000e+02 1.822729546874999815e-02
3.750000000000000000e+02 1.822899156249999444e-02
3.760000000000000000e+02 1.821313789062500507e-02
3.770000000000000000e+02 1.817971781250000279e-02
3.780000000000000000e+02 1.812880414062499612e-02
3.790000000000000000e+02 1.806052085937499135e-02
3.800000000000000000e+02 1.797498046875000560e-02
3.810000000000000000e+02 1.787242773437498419e-02
3.820000000000000000e+02 1.775312546874999869e-02
3.830000000000000000e+02 1.761746304687498987e-02
3.840000000000000000e+02 1.746575907812498649e-02
3.850000000000000000e+02 1.729852898437499870e-02
3.860000000000000000e+02 1.711619118750000099e-02
3.870000000000000000e+02 1.691937701562500410e-02
3.880000000000000000e+02 1.670871392187498264e-02
3.890000000000000000e+02 1.648471006875000186e-02
3.900000000000000000e+02 1.624828162499999951e-02
3.910000000000000000e+02 1.600010336718749732e-02
3.920000000000000000e+02 1.574096180468749148e-02
3.930000000000000000e+02 1.547177667187500660e-02
3.940000000000000000e+02 1.519342554687500187e-02
3.950000000000000000e+02 1.490689578125000553e-02
3.960000000000000000e+02 1.461319218749999697e-02
3.970000000000000000e+02 1.431335531250000140e-02
3.980000000000000000e+02 1.400843148437500886e-02
3.990000000000000000e+02 1.369960984375000017e-02
4.000000000000000000e+02 1.338793070312499674e-02
4.010000000000000000e+02 1.307467382812500280e-02
4.020000000000000000e+02 1.276102554687499717e-02
4.030000000000000000e+02 1.244813257812499296e-02
4.040000000000000000e+02 1.213734382812499922e-02
4.050000000000000000e+02 1.182982687500000116e-02
4.060000000000000000e+02 1.152696125000000210e-02
4.070000000000000000e+02 1.122990125000000380e-02
4.080000000000000000e+02 1.094006593749999486e-02
4.090000000000000000e+02 1.065859601562499891e-02
4.100000000000000000e+02 1.038674781250000130e-02
4.110000000000000000e+02 1.012590394531250569e-02
4.120000000000000000e+02 9.877146882812500028e-03
4.130000000000000000e+02 9.641809414843759488e-03
4.140000000000000000e+02 9.420940514218753559e-03
4.150000000000000000e+02 9.215790632812505268e-03
4.160000000000000000e+02 9.027309718749997741e-03
4.170000000000000000e+02 8.856645250000003133e-03
4.180000000000000000e+02 8.704747031250004846e-03
4.190000000000000000e+02 8.572529375000000409e-03
4.200000000000000000e+02 8.460791171874995631e-03
4.210000000000000000e+02 8.370373125000005535e-03
4.220000000000000000e+02 8.301887031250003435e-03
4.230000000000000000e+02 8.255992968750002284e-03
4.240000000000000000e+02 8.233152890625001358e-03
4.250000000000000000e+02 8.233764296874999597e-03
4.260000000000000000e+02 8.258152343750000193e-03
4.270000000000000000e+02 8.306440624999996206e-03
4.280000000000000000e+02 8.378700781249998064e-03
4.290000000000000000e+02 8.474865624999996030e-03
4.300000000000000000e+02 8.594717187499996414e-03
4.310000000000000000e+02 8.737929687499999820e-03
4.320000000000000000e+02 8.903969531249996544e-03
4.330000000000000000e+02 9.092271875000007206e-03
4.340000000000000000e+02 9.302024999999996754e-03
4.350000000000000000e+02 9.532289062500002783e-03
4.360000000000000000e+02 9.781939843750009009e-03
4.370000000000000000e+02 1.004972812500000250e-02
4.380000000000000000e+02 1.033431953124999345e-02
4.390000000000000000e+02 1.063411796875000405e-02
4.400000000000000000e+02 1.094736953124999385e-02
4.410000000000000000e+02 1.127228906249999781e-02
4.420000000000000000e+02 1.160688515625000160e-02
4.430000000000000000e+02 1.194895312499999994e-02
4.440000000000000000e+02 1.229635156250000715e-02
4.450000000000000000e+02 1.264666640625000150e-02
4.460000000000000000e+02 1.299754843750000437e-02
4.470000000000000000e+02 1.334647187500000859e-02
4.480000000000000000e+02 1.369082812499999684e-02
4.490000000000000000e+02 1.402822734375000491e-02
4.500000000000000000e+02 1.435589765625000513e-02
4.510000000000000000e+02 1.467152578125000342e-02
4.520000000000000000e+02 1.497256484375000460e-02
4.530000000000000000e+02 1.525678593749999618e-02
4.540000000000000000e+02 1.552184765625000233e-02
4.550000000000000000e+02 1.576595312499999221e-02
4.560000000000000000e+02 1.598717499999999930e-02
4.570000000000000000e+02 1.618404765624999186e-02
4.580000000000000000e+02 1.635539687499999381e-02
4.590000000000000000e+02 1.650029999999999553e-02
4.600000000000000000e+02 1.661834453125000943e-02
4.610000000000000000e+02 1.670930937500000879e-02
4.620000000000000000e+02 1.677361875000000363e-02
4.630000000000000000e+02 1.681201953124999288e-02
4.640000000000000000e+02 1.682567109374999773e-02
4.650000000000000000e+02 1.681619765625000373e-02
4.660000000000000000e+02 1.678574453125000060e-02
4.670000000000000000e+02 1.673667343750000203e-02
4.680000000000000000e+02 1.667188359375000248e-02
4.690000000000000000e+02 1.659464375000000574e-02
4.700000000000000000e+02 1.650845234375000053e-02
4.710000000000000000e+02 1.641710859374999332e-02
4.720000000000000000e+02 1.632467500000000030e-02
4.730000000000000000e+02 1.623534375000000238e-02
4.740000000000000000e+02 1.615339687500000690e-02
4.750000000000000000e+02 1.608354999999999507e-02
4.760000000000000000e+02 1.603014765625000032e-02
4.770000000000000000e+02 1.599766406249999648e-02
4.780000000000000000e+02 1.599085156249999834e-02
4.790000000000000000e+02 1.601393749999999519e-02
4.800000000000000000e+02 1.607122343750000404e-02
4.810000000000000000e+02 1.616699531249999114e-02
4.820000000000000000e+02 1.630516640625000527e-02
4.830000000000000000e+02 1.648932031250000332e-02
4.840000000000000000e+02 1.672280234375000257e-02
4.850000000000000000e+02 1.700860625000000237e-02
4.860000000000000000e+02 1.734908437499999706e-02
4.870000000000000000e+02 1.774613515624999527e-02
4.880000000000000000e+02 1.820117656250000437e-02
4.890000000000000000e+02 1.871482031249999470e-02
4.900000000000000000e+02 1.928700937500000406e-02
4.910000000000000000e+02 1.991701406250000195e-02
4.920000000000000000e+02 2.060329453125000349e-02
4.930000000000000000e+02 2.134394687500000554e-02
4.940000000000000000e+02 2.213627812499999181e-02
4.950000000000000000e+02 2.297746875000002131e-02
4.960000000000000000e+02 2.386465781250000570e-02
4.970000000000000000e+02 2.479541953125000142e-02
4.980000000000000000e+02 2.576814609375000995e-02
4.990000000000000000e+02 2.678302968750000124e-02
5.000000000000000000e+02 2.784285546874998990e-02
5.010000000000000000e+02 2.895406796874999689e-02
5.020000000000000000e+02 3.012845656250000281e-02
5.030000000000000000e+02 3.138498945312500482e-02
5.040000000000000000e+02 3.275208882812499778e-02
5.050000000000000000e+02 3.427081492187501049e-02
5.060000000000000000e+02 3.599834286718751886e-02
5.070000000000000000e+02 3.801250968749998044e-02
5.080000000000000000e+02 4.041775546875001762e-02
5.090000000000000000e+02 4.335209375000000781e-02
5.100000000000000000e+02 4.699524609374998441e-02
5.110000000000000000e+02 5.157991484374999797e-02
