0.000000000000000000e+00 9.564295390624998928e-04
1.000000000000000000e+00 9.556017187499999885e-04
2.000000000000000000e+00 9.539493515625004083e-04
3.000000000000000000e+00 9.514797734375004352e-04
4.000000000000000000e+00 9.482016484374999540e-04
5.000000000000000000e+00 9.441176718749999313e-04
6.000000000000000000e+00 9.392449843750000187e-04
7.000000000000000000e+00 9.335953359374996692e-04
8.000000000000000000e+00 9.271853125000000190e-04
9.000000000000000000e+00 9.200279531249999513e-04
1.000000000000000000e+01 9.121554843750002842e-04
1.100000000000000000e+01 9.035797421874997752e-04
1.200000000000000000e+01 8.943341703125000982e-04
1.300000000000000000e+01 8.844341585937497011e-04
1.400000000000000000e+01 8.739130882812499654e-04
1.500000000000000000e+01 8.627983242187498448e-04
1.600000000000000000e+01 8.511183289062503174e-04
1.700000000000000000e+01 8.389096960937500111e-04
1.800000000000000000e+01 8.262000992187501025e-04
1.900000000000000000e+01 8.130249507812503619e-04
2.000000000000000000e+01 7.994229656249997101e-04
2.100000000000000000e+01 7.854171484375003067e-04
2.200000000000000000e+01 7.710521148437495713e-04
2.300000000000000000e+01 7.563668718750001093e-04
2.400000000000000000e+01 7.413902239062495269e-04
2.500000000000000000e+01 7.261573890625004852e-04
2.600000000000000000e+01 7.107123828124998609e-04
2.700000000000000000e+01 6.950813682031251701e-04
2.800000000000000000e+01 6.793106606874997448e-04
2.900000000000000000e+01 6.634244907031251835e-04
3.000000000000000000e+01 6.474687687499996406e-04
3.100000000000000000e+01 6.314683121093750667e-04
3.200000000000000000e+01 6.154601852343750045e-04
3.300000000000000000e+01 5.994775999999998320e-04
3.400000000000000000e+01 5.835494874999998336e-04
3.500000000000000000e+01 5.677094148437499639e-04
3.600000000000000000e+01 5.519797749999999070e-04
3.700000000000000000e+01 5.363944820312498097e-04
3.800000000000000000e+01 5.209776710937500657e-04
3.900000000000000000e+01 5.057564249999999288e-04
4.000000000000000000e+01 4.907546070312502826e-04
4.100000000000000000e+01 4.759876804687502845e-04
4.200000000000000000e+01 4.614859265624999879e-04
4.300000000000000000e+01 4.472629375000000771e-04
4.400000000000000000e+01 4.333373828124998002e-04
4.500000000000000000e+01 4.197280078124999590e-04
4.600000000000000000e+01 4.064483671875001409e-04
4.700000000000000000e+01 3.935116874999999978e-04
4.800000000000000000e+01 3.809303125000000254e-04
4.900000000000000000e+01 3.687148671874999981e-04
5.000000000000000000e+01 3.568750000000000416e-04
5.100000000000000000e+01 3.454187656250000361e-04
5.200000000000000000e+01 3.343526796874999132e-04
5.300000000000000000e+01 3.236832031250000126e-04
5.400000000000000000e+01 3.134141093749999202e-04
5.500000000000000000e+01 3.035507109374999297e-04
5.600000000000000000e+01 2.940940390624999321e-04
5.700000000000000000e+01 2.850482703124999082e-04
5.800000000000000000e+01 2.764113414062500658e-04
5.900000000000000000e+01 2.681864382812499531e-04
6.000000000000000000e+01 2.603728875000000656e-04
6.100000000000000000e+01 2.529693382812499324e-04
6.200000000000000000e+01 2.459757882812501186e-04
6.300000000000000000e+01 2.393911796874999720e-04
6.400000000000000000e+01 2.332132765624999975e-04
6.500000000000000000e+01 2.274415585937500242e-04
6.600000000000000000e+01 2.220744601562500741e-04
6.700000000000000000e+01 2.171096148437499668e-04
6.800000000000000000e+01 2.125470796874999761e-04
6.900000000000000000e+01 2.083851781249999164e-04
7.000000000000000000e+01 2.046229484374998764e-04
7.100000000000000000e+01 2.012605710937500432e-04
7.200000000000000000e+01 1.982976796874999970e-04
7.300000000000000000e+01 1.957353781249999210e-04
7.400000000000000000e+01 1.935737713281249586e-04
7.500000000000000000e+01 1.918153783593750457e-04
7.600000000000000000e+01 1.904625353906250294e-04
7.700000000000000000e+01 1.895169000781249673e-04
7.800000000000000000e+01 1.889830681250000968e-04
7.900000000000000000e+01 1.888644242343749376e-04
8.000000000000000000e+01 1.891667068984374887e-04
8.100000000000000000e+01 1.898934832789061849e-04
8.200000000000000000e+01 1.910519349877345041e-04
8.300000000000000000e+01 1.926485377343750292e-04
8.400000000000000000e+01 1.946894977343749345e-04
8.500000000000000000e+01 1.971839756250000038e-04
8.600000000000000000e+01 2.001378875000000570e-04
8.700000000000000000e+01 2.035618320312499667e-04
8.800000000000000000e+01 2.074627500000000662e-04
8.900000000000000000e+01 2.118499765624999847e-04
9.000000000000000000e+01 2.167322812500000937e-04
9.100000000000000000e+01 2.221208125000000003e-04
9.200000000000000000e+01 2.280218671874999952e-04
9.300000000000000000e+01 2.344465296874999143e-04
9.400000000000000000e+01 2.414030554687499877e-04
9.500000000000000000e+01 2.488996789062499740e-04
9.600000000000000000e+01 2.569449031249999675e-04
9.700000000000000000e+01 2.655464492187500024e-04
9.800000000000000000e+01 2.747102281249999057e-04
9.900000000000000000e+01 2.844434436718749556e-04
1.000000000000000000e+02 2.947508835156250630e-04
1.010000000000000000e+02 3.056373931249997721e-04
1.020000000000000000e+02 3.171055876562499224e-04
1.030000000000000000e+02 3.291579421093749486e-04
1.040000000000000000e+02 3.417946523437501182e-04
1.050000000000000000e+02 3.550147859374999356e-04
1.060000000000000000e+02 3.688177703124999470e-04
1.070000000000000000e+02 3.831971187499999564e-04
1.080000000000000000e+02 3.981500898437501166e-04
1.090000000000000000e+02 4.136687265625000080e-04
1.100000000000000000e+02 4.297419796874999386e-04
1.110000000000000000e+02 4.463596523437499955e-04
1.120000000000000000e+02 4.635093030468751072e-04
1.130000000000000000e+02 4.811764918749999748e-04
1.140000000000000000e+02 4.993394971874998405e-04
1.150000000000000000e+02 5.179851714062498657e-04
1.160000000000000000e+02 5.370908530468749414e-04
1.170000000000000000e+02 5.566267171874999869e-04
1.180000000000000000e+02 5.765727921874996484e-04
1.190000000000000000e+02 5.968992875000000628e-04
1.200000000000000000e+02 6.175793140625000094e-04
1.210000000000000000e+02 6.385768460937497155e-04
1.220000000000000000e+02 6.598560859375000691e-04
1.230000000000000000e+02 6.813835562500000862e-04
1.240000000000000000e+02 7.031222109374999241e-04
1.250000000000000000e+02 7.250261562499997351e-04
1.260000000000000000e+02 7.470578906249999377e-04
1.270000000000000000e+02 7.691747812500000954e-04
1.280000000000000000e+02 7.913281093749999391e-04
1.290000000000000000e+02 8.134743281250000554e-04
1.300000000000000000e+02 8.355636484375004135e-04
1.310000000000000000e+02 8.575416562500000556e-04
1.320000000000000000e+02 8.793691093749997963e-04
1.330000000000000000e+02 9.009836953125002334e-04
1.340000000000000000e+02 9.223393281249998204e-04
1.350000000000000000e+02 9.433782968749998771e-04
1.360000000000000000e+02 9.640572343750001367e-04
1.370000000000000000e+02 9.843041640624999953e-04
1.380000000000000000e+02 1.004086359375000199e-03
1.390000000000000000e+02 1.023340234374999630e-03
1.400000000000000000e+02 1.042012562500000067e-03
1.410000000000000000e+02 1.060053539062499753e-03
1.420000000000000000e+02 1.077405148437499301e-03
1.430000000000000000e+02 1.094027843749999793e-03
1.440000000000000000e+02 1.109862304687500145e-03
1.450000000000000000e+02 1.124864492187500117e-03
1.460000000000000000e+02 1.138984960937500148e-03
1.470000000000000000e+02 1.152181531249999889e-03
1.480000000000000000e+02 1.164411578124999657e-03
1.490000000000000000e+02 1.175627601562500169e-03
1.500000000000000000e+02 1.185806640624999849e-03
1.510000000000000000e+02 1.194897437500000090e-03
1.520000000000000000e+02 1.202874929687500422e-03
1.530000000000000000e+02 1.209706109374999788e-03
1.540000000000000000e+02 1.215366781250000732e-03
1.550000000000000000e+02 1.219833476562499778e-03
1.560000000000000000e+02 1.223078656249999927e-03
1.570000000000000000e+02 1.225098914062500372e-03
1.580000000000000000e+02 1.225870539062499714e-03
1.590000000000000000e+02 1.225390054687500001e-03
1.600000000000000000e+02 1.223652257812500284e-03
1.610000000000000000e+02 1.220653320312500411e-03
1.620000000000000000e+02 1.216401789062500002e-03
1.630000000000000000e+02 1.210905296875000028e-03
1.640000000000000000e+02 1.204175156250000172e-03
1.650000000000000000e+02 1.196223015625000373e-03
1.660000000000000000e+02 1.187080218749999964e-03
1.670000000000000000e+02 1.176757195312500177e-03
1.680000000000000000e+02 1.165304320312500084e-03
1.690000000000000000e+02 1.152745437500000579e-03
1.700000000000000000e+02 1.139122023437499562e-03
1.710000000000000000e+02 1.124474124999999590e-03
1.720000000000000000e+02 1.108857765625000666e-03
1.730000000000000000e+02 1.092323546875000658e-03
1.740000000000000000e+02 1.074922468750000261e-03
1.750000000000000000e+02 1.056728031249999818e-03
1.760000000000000000e+02 1.037803828125000334e-03
1.770000000000000000e+02 1.018215648437499708e-03
1.780000000000000000e+02 9.980410203125000216e-04
1.790000000000000000e+02 9.773562890624998192e-04
1.800000000000000000e+02 9.562492882812501614e-04
1.810000000000000000e+02 9.347978128124999385e-04
1.820000000000000000e+02 9.130980253906251405e-04
1.830000000000000000e+02 8.912392639062498767e-04
1.840000000000000000e+02 8.693201957812501848e-04
1.850000000000000000e+02 8.474368625781247269e-04
1.860000000000000000e+02 8.256902444531250777e-04
1.870000000000000000e+02 8.041895242187501900e-04
1.880000000000000000e+02 7.830307664062497591e-04
1.890000000000000000e+02 7.623282898437499632e-04
1.900000000000000000e+02 7.421937937499996883e-04
1.910000000000000000e+02 7.227371843750001737e-04
1.920000000000000000e+02 7.040678304687500357e-04
1.930000000000000000e+02 6.863019835937500144e-04
1.940000000000000000e+02 6.695484921875002361e-04
1.950000000000000000e+02 6.539318437500001632e-04
1.960000000000000000e+02 6.395533437500004227e-04
1.970000000000000000e+02 6.265370000000002526e-04
1.980000000000000000e+02 6.149889921874998177e-04
1.990000000000000000e+02 6.050251874999998218e-04
2.000000000000000000e+02 5.967547968749998101e-04
2.010000000000000000e+02 5.902892421875000073e-04
2.020000000000000000e+02 5.857337343749998955e-04
2.030000000000000000e+02 5.831929921875000835e-04
2.040000000000000000e+02 5.827700781250003169e-04
2.050000000000000000e+02 5.845646015625000991e-04
2.060000000000000000e+02 5.886728671874998054e-04
2.070000000000000000e+02 5.951848046874998058e-04
2.080000000000000000e+02 6.041899375000001418e-04
2.090000000000000000e+02 6.157722499999998675e-04
2.100000000000000000e+02 6.300069375000001692e-04
2.110000000000000000e+02 6.469726328124997738e-04
2.120000000000000000e+02 6.667362109374996935e-04
2.130000000000000000e+02 6.893609296875001340e-04
2.140000000000000000e+02 7.148979609374998562e-04
2.150000000000000000e+02 7.434012578125001689e-04
2.160000000000000000e+02 7.749139593750005699e-04
2.170000000000000000e+02 8.094709796875002462e-04
2.180000000000000000e+02 8.470963898437503621e-04
2.190000000000000000e+02 8.878136204687499386e-04
2.200000000000000000e+02 9.316375180468739782e-04
2.210000000000000000e+02 9.785698039062498254e-04
2.220000000000000000e+02 1.028605940624999692e-03
2.230000000000000000e+02 1.081727843750000416e-03
2.240000000000000000e+02 1.137918117187500505e-03
2.250000000000000000e+02 1.197138992187499629e-03
2.260000000000000000e+02 1.259354421874999200e-03
2.270000000000000000e+02 1.324508187499999750e-03
2.280000000000000000e+02 1.392533804687500279e-03
2.290000000000000000e+02 1.463371132812499482e-03
2.300000000000000000e+02 1.536929303124999306e-03
2.310000000000000000e+02 1.613116507812499675e-03
2.320000000000000000e+02 1.691831378125000472e-03
2.330000000000000000e+02 1.772965304453124648e-03
2.340000000000000000e+02 1.856383922656250308e-03
2.350000000000000000e+02 1.941960892187500048e-03
2.360000000000000000e+02 2.029546760156248405e-03
2.370000000000000000e+02 2.118992242187499320e-03
2.380000000000000000e+02 2.210128179687498393e-03
2.390000000000000000e+02 2.302788671875001004e-03
2.400000000000000000e+02 2.396782429687499202e-03
2.410000000000000000e+02 2.491925820312500955e-03
2.420000000000000000e+02 2.588006031249999016e-03
2.430000000000000000e+02 2.684826437499999302e-03
2.440000000000000000e+02 2.782158515624999148e-03
2.450000000000000000e+02 2.879786109374998706e-03
2.460000000000000000e+02 2.977477945312500662e-03
2.470000000000000000e+02 3.074994210937499837e-03
2.480000000000000000e+02 3.172094835937498778e-03
2.490000000000000000e+02 3.268530312500001096e-03
2.500000000000000000e+02 3.364057265625001753e-03
2.510000000000000000e+02 3.458422031250000476e-03
2.520000000000000000e+02 3.551364843750001287e-03
2.530000000000000000e+02 3.642631015624999465e-03
2.540000000000000000e+02 3.731963359374999411e-03
2.550000000000000000e+02 3.819132187499998856e-03
2.560000000000000000e+02 3.903864296874999789e-03
2.570000000000000000e+02 3.985894062500001077e-03
2.580000000000000000e+02 4.065015781250000404e-03
2.590000000000000000e+02 4.140965390625000152e-03
2.600000000000000000e+02 4.213556718750002469e-03
2.610000000000000000e+02 4.282497187500000461e-03
2.620000000000000000e+02 4.347654765624998571e-03
2.630000000000000000e+02 4.408752890624999254e-03
2.640000000000000000e+02 4.465677578125001358e-03
2.650000000000000000e+02 4.518238593750001364e-03
2.660000000000000000e+02 4.566242734374999050e-03
2.670000000000000000e+02 4.609586484374998162e-03
2.680000000000000000e+02 4.648116718749999501e-03
2.690000000000000000e+02 4.681778515625000317e-03
2.700000000000000000e+02 4.710435234374998371e-03
2.710000000000000000e+02 4.734064062500001335e-03
2.720000000000000000e+02 4.752604531249999403e-03
2.730000000000000000e+02 4.766068281250000760e-03
2.740000000000000000e+02 4.774429531249999893e-03
2.750000000000000000e+02 4.777780546874998979e-03
2.760000000000000000e+02 4.776130390624999320e-03
2.770000000000000000e+02 4.769575703125001655e-03
2.780000000000000000e+02 4.758263593749998376e-03
2.790000000000000000e+02 4.742305937499997383e-03
2.800000000000000000e+02 4.721917031249999938e-03
2.810000000000000000e+02 4.697252109375001095e-03
2.820000000000000000e+02 4.668573906250000037e-03
2.830000000000000000e+02 4.636135703125003095e-03
2.840000000000000000e+02 4.600224140625001207e-03
2.850000000000000000e+02 4.561152187499999643e-03
2.860000000000000000e+02 4.519268437499999666e-03
2.870000000000000000e+02 4.474944062499999764e-03
2.880000000000000000e+02 4.428575078124998357e-03
2.890000000000000000e+02 4.380579945312498315e-03
2.900000000000000000e+02 4.331411968750000646e-03
2.910000000000000000e+02 4.281540726562498879e-03
2.920000000000000000e+02 4.231447718749999781e-03
2.930000000000000000e+02 4.181666273437500622e-03
2.940000000000000000e+02 4.132708296874999972e-03
2.950000000000000000e+02 4.085115406250000060e-03
2.960000000000000000e+02 4.039475320312499451e-03
2.970000000000000000e+02 3.996334070312499570e-03
2.980000000000000000e+02 3.956298992187502750e-03
2.990000000000000000e+02 3.919954695312498349e-03
3.000000000000000000e+02 3.887900007031249404e-03
3.010000000000000000e+02 3.860740309374999669e-03
3.020000000000000000e+02 3.839084441406250513e-03
3.030000000000000000e+02 3.823551818906250656e-03
3.040000000000000000e+02 3.814724476562500206e-03
3.050000000000000000e+02 3.813197510156250518e-03
3.060000000000000000e+02 3.819597414062500529e-03
3.070000000000000000e+02 3.834475906249999906e-03
3.080000000000000000e+02 3.858377515625000670e-03
3.090000000000000000e+02 3.891863671874999393e-03
3.100000000000000000e+02 3.935490890625000654e-03
3.110000000000000000e+02 3.989735554687500255e-03
3.120000000000000000e+02 4.055109447656252662e-03
3.130000000000000000e+02 4.132064048437500067e-03
3.140000000000000000e+02 4.221026785937500095e-03
3.150000000000000000e+02 4.322379710937501035e-03
3.160000000000000000e+02 4.436525476562498856e-03
3.170000000000000000e+02 4.563807171874999929e-03
3.180000000000000000e+02 4.704485937499999944e-03
3.190000000000000000e+02 4.858847500000000943e-03
3.200000000000000000e+02 5.027088359375000981e-03
3.210000000000000000e+02 5.209418203124999841e-03
3.220000000000000000e+02 5.405919218749999366e-03
3.230000000000000000e+02 5.616751328124999082e-03
3.240000000000000000e+02 5.841878749999998739e-03
3.250000000000000000e+02 6.081321796874999790e-03
3.260000000000000000e+02 6.335060234374999440e-03
3.270000000000000000e+02 6.602968984374998906e-03
3.280000000000000000e+02 6.884910234375000472e-03
3.290000000000000000e+02 7.180599710937499158e-03
3.300000000000000000e+02 7.489927593750001812e-03
3.310000000000000000e+02 7.812448304687497937e-03
3.320000000000000000e+02 8.147852398437498839e-03
3.330000000000000000e+02 8.495732695312499180e-03
3.340000000000000000e+02 8.855628446874997881e-03
3.350000000000000000e+02 9.227040859375002305e-03
3.360000000000000000e+02 9.609360610937504529e-03
3.370000000000000000e+02 1.000199080468750119e-02
3.380000000000000000e+02 1.040434644531249876e-02
3.390000000000000000e+02 1.081558424218749363e-02
3.400000000000000000e+02 1.123507164062499848e-02
3.410000000000000000e+02 1.166191773437499565e-02
3.420000000000000000e+02 1.209533367187500159e-02
3.430000000000000000e+02 1.253443789062500154e-02
3.440000000000000000e+02 1.297823687499999844e-02
3.450000000000000000e+02 1.342587796874999961e-02
3.460000000000000000e+02 1.387625859375000298e-02
3.470000000000000000e+02 1.432837656250000521e-02
3.480000000000000000e+02 1.478124140625000464e-02
3.490000000000000000e+02 1.523362656250000155e-02
3.500000000000000000e+02 1.568463828125000320e-02
3.510000000000000000e+02 1.613293828124998802e-02
3.520000000000000000e+02 1.657758749999999753e-02
3.530000000000000000e+02 1.701719374999998910e-02
3.540000000000000000e+02 1.745080703125000132e-02
3.550000000000000000e+02 1.787710859375001016e-02
3.560000000000000000e+02 1.829499218749999073e-02
3.570000000000000000e+02 1.870327109374998742e-02
3.580000000000000000e+02 1.910082578124999361e-02
3.590000000000000000e+02 1.948640937499999601e-02
3.600000000000000000e+02 1.985904921874998702e-02
3.610000000000000000e+02 2.021745468749999025e-02
3.620000000000000000e+02 2.056063671874999374e-02
3.630000000000000000e+02 2.088757578125000069e-02
3.640000000000000000e+02 2.119716328124999008e-02
3.650000000000000000e+02 2.148852578124999316e-02
3.660000000000000000e+02 2.176058359375000750e-02
3.670000000000000000e+02 2.201251250000000464e-02
3.680000000000000000e+02 2.224357734375000117e-02
3.690000000000000000e+02 2.245276484375000048e-02
3.700000000000000000e+02 2.263966171874999891e-02
3.710000000000000000e+02 2.280336874999999708e-02
3.720000000000000000e+02 2.294348593750000775e-02
3.730000000000000000e+02 2.305934765624998578e-02
3.740000000000000000e+02 2.315069843749999190e-02
3.750000000000000000e+02 2.321708281249999783e-02
3.760000000000000000e+02 2.325827257812500964e-02
3.770000000000000000e+02 2.327407226562500098e-02
3.780000000000000000e+02 2.326445835937498985e-02
3.790000000000000000e+02 2.322939773437499023e-02
3.800000000000000000e+02 2.316896570312499196e-02
3.810000000000000000e+02 2.308351414062500759e-02
3.820000000000000000e+02 2.297316835937501106e-02
3.830000000000000000e+02 2.283845835937500096e-02
3.840000000000000000e+02 2.267982625000000349e-02
3.850000000000000000e+02 2.249787328124999708e-02
3.860000000000000000e+02 2.229330382812500649e-02
3.870000000000000000e+02 2.206692581250001284e-02
3.880000000000000000e+02 2.181964003125000384e-02
3.890000000000000000e+02 2.155241586718750074e-02
3.900000000000000000e+02 2.126634767187499803e-02
3.910000000000000000e+02 2.096255408437500828e-02
3.920000000000000000e+02 2.064242746640624140e-02
3.930000000000000000e+02 2.030717932031250034e-02
3.940000000000000000e+02 1.995824615625000145e-02
3.950000000000000000e+02 1.959716225000000811e-02
3.960000000000000000e+02 1.922552462499999004e-02
3.970000000000000000e+02 1.884489421874999127e-02
3.980000000000000000e+02 1.845701515625000622e-02
3.990000000000000000e+02 1.806363249999998546e-02
4.000000000000000000e+02 1.766656554687499533e-02
4.010000000000000000e+02 1.726755367187499807e-02
4.020000000000000000e+02 1.686853999999999784e-02
4.030000000000000000e+02 1.647144929687499940e-02
4.040000000000000000e+02 1.607820718749999878e-02
4.050000000000000000e+02 1.569066898437500995e-02
4.060000000000000000e+02 1.531088281250000266e-02
4.070000000000000000e+02 1.494074085937499574e-02
4.080000000000000000e+02 1.458212000000000744e-02
4.090000000000000000e+02 1.423693092187500349e-02
4.100000000000000000e+02 1.390706553124999509e-02
4.110000000000000000e+02 1.359437732031249478e-02
4.120000000000000000e+02 1.330051764062500398e-02
4.130000000000000000e+02 1.302728240234374800e-02
4.140000000000000000e+02 1.277620500468749747e-02
4.150000000000000000e+02 1.254884646093749542e-02
4.160000000000000000e+02 1.234673072656250654e-02
4.170000000000000000e+02 1.217106657031249636e-02
4.180000000000000000e+02 1.202310757812499742e-02
4.190000000000000000e+02 1.190399437499999914e-02
4.200000000000000000e+02 1.181473867187500873e-02
4.210000000000000000e+02 1.175614101562500770e-02
4.220000000000000000e+02 1.172885843749999629e-02
4.230000000000000000e+02 1.173356742187500051e-02
4.240000000000000000e+02 1.177058796875000111e-02
4.250000000000000000e+02 1.184024953124999772e-02
4.260000000000000000e+02 1.194259726562499520e-02
4.270000000000000000e+02 1.207749375000000472e-02
4.280000000000000000e+02 1.224475859374999157e-02
4.290000000000000000e+02 1.244390703124999970e-02
4.300000000000000000e+02 1.267422734374999867e-02
4.310000000000000000e+02 1.293495859375000216e-02
4.320000000000000000e+02 1.322498593750000805e-02
4.330000000000000000e+02 1.354299921874999556e-02
4.340000000000000000e+02 1.388752890625000007e-02
4.350000000000000000e+02 1.425672812500000143e-02
4.360000000000000000e+02 1.464870781249999823e-02
4.370000000000000000e+02 1.506115234374999848e-02
4.380000000000000000e+02 1.549157656250000660e-02
4.390000000000000000e+02 1.593732265624999561e-02
4.400000000000000000e+02 1.639533359375000207e-02
4.410000000000000000e+02 1.686257500000000464e-02
4.420000000000000000e+02 1.733536015624999316e-02
4.430000000000000000e+02 1.781030390624999127e-02
4.440000000000000000e+02 1.828352421875001008e-02
4.450000000000000000e+02 1.875105624999999498e-02
4.460000000000000000e+02 1.920888203125000263e-02
4.470000000000000000e+02 1.965272890625000338e-02
4.480000000000000000e+02 2.007850000000000953e-02
4.490000000000000000e+02 2.048192812500001722e-02
4.500000000000000000e+02 2.085874531249998914e-02
4.510000000000000000e+02 2.120498984375001131e-02
4.520000000000000000e+02 2.151678359374999822e-02
4.530000000000000000e+02 2.179037890624999085e-02
4.540000000000000000e+02 2.202238515624999754e-02
4.550000000000000000e+02 2.220970937500001824e-02
4.560000000000000000e+02 2.234973046874999536e-02
4.570000000000000000e+02 2.244020390624999056e-02
4.580000000000000000e+02 2.247949531250001409e-02
4.590000000000000000e+02 2.246633359374999514e-02
4.600000000000000000e+02 2.240030078124999671e-02
4.610000000000000000e+02 2.228132187499999584e-02
4.620000000000000000e+02 2.211000546874999570e-02
4.630000000000000000e+02 2.188775937500000296e-02
4.640000000000000000e+02 2.161640859374999724e-02
4.650000000000000000e+02 2.129848125000001480e-02
4.660000000000000000e+02 2.093705703124999415e-02
4.670000000000000000e+02 2.053579609375000628e-02
4.680000000000000000e+02 2.009902812500000482e-02
4.690000000000000000e+02 1.963130468749999316e-02
4.700000000000000000e+02 1.913789609375000228e-02
4.710000000000000000e+02 1.862434765625000169e-02
4.720000000000000000e+02 1.809678515625000664e-02
4.730000000000000000e+02 1.756156953124999448e-02
4.740000000000000000e+02 1.702543359375000356e-02
4.750000000000000000e+02 1.649537187500000474e-02
4.760000000000000000e+02 1.597881875000000187e-02
4.770000000000000000e+02 1.548321171875000762e-02
4.780000000000000000e+02 1.501622187499999754e-02
4.790000000000000000e+02 1.458560312500000074e-02
4.800000000000000000e+02 1.419900312499999817e-02
4.810000000000000000e+02 1.386400781249999895e-02
4.820000000000000000e+02 1.358791874999999878e-02
4.830000000000000000e+02 1.337755859374999308e-02
4.840000000000000000e+02 1.323915859374999796e-02
4.850000000000000000e+02 1.317832656249999165e-02
4.860000000000000000e+02 1.319946875000000026e-02
4.870000000000000000e+02 1.330595703124999932e-02
4.880000000000000000e+02 1.349995468749999768e-02
4.890000000000000000e+02 1.378202421874999417e-02
4.900000000000000000e+02 1.415115781250000752e-02
4.910000000000000000e+02 1.460466484374999853e-02
4.920000000000000000e+02 1.513798437499999476e-02
4.930000000000000000e+02 1.574476093749999778e-02
4.940000000000000000e+02 1.641696171874999430e-02
4.950000000000000000e+02 1.714462187499999832e-02
4.960000000000000000e+02 1.791646093749998947e-02
4.970000000000000000e+02 1.871998124999999305e-02
4.980000000000000000e+02 1.954179921875000975e-02
4.990000000000000000e+02 2.036888992187501843e-02
5.000000000000000000e+02 2.118865500000000415e-02
5.010000000000000000e+02 2.199108148437502533e-02
5.020000000000000000e+02 2.277001249999999893e-02
5.030000000000000000e+02 2.352559304687499783e-02
5.040000000000000000e+02 2.426741375000000117e-02
5.050000000000000000e+02 2.501827210937499629e-02
5.060000000000000000e+02 2.581974985937499772e-02
5.070000000000000000e+02 2.673829761718750711e-02
5.080000000000000000e+02 2.787408489843750878e-02
5.090000000000000000e+02 2.937153054687497572e-02
5.100000000000000000e+02 3.143277812499999102e-02
5.110000000000000000e+02 3.433497343749999237e-02
