0.000000000000000000e+00 9.235131335937504750e-04
1.000000000000000000e+00 9.227351374999999325e-04
2.000000000000000000e+00 9.211930414062499033e-04
3.000000000000000000e+00 9.188731578125005446e-04
4.000000000000000000e+00 9.157927289062498281e-04
5.000000000000000000e+00 9.119600695312498609e-04
6.000000000000000000e+00 9.073887812499998803e-04
7.000000000000000000e+00 9.020818749999998630e-04
8.000000000000000000e+00 8.960633906250005561e-04
9.000000000000000000e+00 8.893416203124999151e-04
1.000000000000000000e+01 8.819415601562498536e-04
1.100000000000000000e+01 8.738776351562499781e-04
1.200000000000000000e+01 8.651792125000001181e-04
1.300000000000000000e+01 8.558585203125001475e-04
1.400000000000000000e+01 8.459506398437496421e-04
1.500000000000000000e+01 8.354729335937499148e-04
1.600000000000000000e+01 8.244611937499997335e-04
1.700000000000000000e+01 8.129339327343752548e-04
1.800000000000000000e+01 8.009278131249992962e-04
1.900000000000000000e+01 7.884741942968746505e-04
2.000000000000000000e+01 7.756007826562502346e-04
2.100000000000000000e+01 7.623419835156246662e-04
2.200000000000000000e+01 7.487221926562499536e-04
2.300000000000000000e+01 7.347805324218747991e-04
2.400000000000000000e+01 7.205490988281249530e-04
2.500000000000000000e+01 7.060626884374998549e-04
2.600000000000000000e+01 6.913489704687497900e-04
2.700000000000000000e+01 6.764464226562503114e-04
2.800000000000000000e+01 6.613855679687501675e-04
2.900000000000000000e+01 6.461953374999998599e-04
3.000000000000000000e+01 6.309165531249994992e-04
3.100000000000000000e+01 6.155693945312497393e-04
3.200000000000000000e+01 6.001931523437500872e-04
3.300000000000000000e+01 5.848129515625000033e-04
3.400000000000000000e+01 5.694580179687500857e-04
3.500000000000000000e+01 5.541617874999998439e-04
3.600000000000000000e+01 5.389469296875000525e-04
3.700000000000000000e+01 5.238381250000002541e-04
3.800000000000000000e+01 5.088634921875000898e-04
3.900000000000000000e+01 4.940518359374997939e-04
4.000000000000000000e+01 4.794170234374999819e-04
4.100000000000000000e+01 4.649846796875001763e-04
4.200000000000000000e+01 4.507757812499999070e-04
4.300000000000000000e+01 4.368085781249999764e-04
4.400000000000000000e+01 4.231017187499999470e-04
4.500000000000000000e+01 4.096715078124999647e-04
4.600000000000000000e+01 3.965332421875000552e-04
4.700000000000000000e+01 3.837027187499999267e-04
4.800000000000000000e+01 3.711911796874997334e-04
4.900000000000000000e+01 3.590102187499999865e-04
5.000000000000000000e+01 3.471725546874999003e-04
5.100000000000000000e+01 3.356859296874998991e-04
5.200000000000000000e+01 3.245603281249998776e-04
5.300000000000000000e+01 3.138029843749999309e-04
5.400000000000000000e+01 3.034201562500002348e-04
5.500000000000000000e+01 2.934186796875000642e-04
5.600000000000000000e+01 2.838030937500000115e-04
5.700000000000000000e+01 2.745782265624999207e-04
5.800000000000000000e+01 2.657467968750001496e-04
5.900000000000000000e+01 2.573129062500000572e-04
6.000000000000000000e+01 2.492793437500000187e-04
6.100000000000000000e+01 2.416479765624999186e-04
6.200000000000000000e+01 2.344206562500001105e-04
6.300000000000000000e+01 2.275999296874998772e-04
6.400000000000000000e+01 2.211865156250000331e-04
6.500000000000000000e+01 2.151827656249999637e-04
6.600000000000000000e+01 2.095895390625000028e-04
6.700000000000000000e+01 2.044086562499999513e-04
6.800000000000000000e+01 1.996404874999999828e-04
6.900000000000000000e+01 1.952888992187500571e-04
7.000000000000000000e+01 1.913545570312500624e-04
7.100000000000000000e+01 1.878402874999999259e-04
7.200000000000000000e+01 1.847481515625001131e-04
7.300000000000000000e+01 1.820815773437499635e-04
7.400000000000000000e+01 1.798442234375000504e-04
7.500000000000000000e+01 1.780394710937499819e-04
7.600000000000000000e+01 1.766718804687498730e-04
7.700000000000000000e+01 1.757458851562499651e-04
7.800000000000000000e+01 1.752671914062499544e-04
7.900000000000000000e+01 1.752418281250000501e-04
8.000000000000000000e+01 1.756749601562500112e-04
8.100000000000000000e+01 1.765738664062499583e-04
8.200000000000000000e+01 1.779459570312499754e-04
8.300000000000000000e+01 1.797979093749999576e-04
8.400000000000000000e+01 1.821388906250000022e-04
8.500000000000000000e+01 1.849761187499999581e-04
8.600000000000000000e+01 1.883180374999998588e-04
8.700000000000000000e+01 1.921743203124999739e-04
8.800000000000000000e+01 1.965519109375000420e-04
8.900000000000000000e+01 2.014615890624999784e-04
9.000000000000000000e+01 2.069117179687499889e-04
9.100000000000000000e+01 2.129115359374999540e-04
9.200000000000000000e+01 2.194682164062499688e-04
9.300000000000000000e+01 2.265915445312499514e-04
9.400000000000000000e+01 2.342894664062499855e-04
9.500000000000000000e+01 2.425691292968750335e-04
9.600000000000000000e+01 2.514378276562499303e-04
9.700000000000000000e+01 2.609022293750000898e-04
9.800000000000000000e+01 2.709675995859374821e-04
9.900000000000000000e+01 2.816385349218749863e-04
1.000000000000000000e+02 2.929204562500000277e-04
1.010000000000000000e+02 3.048140093750000023e-04
1.020000000000000000e+02 3.173225015625001188e-04
1.030000000000000000e+02 3.304454015624998979e-04
1.040000000000000000e+02 3.441821710937499590e-04
1.050000000000000000e+02 3.585298679687501052e-04
1.060000000000000000e+02 3.734847742187499191e-04
1.070000000000000000e+02 3.890432398437500532e-04
1.080000000000000000e+02 4.051932468749999705e-04
1.090000000000000000e+02 4.219298523437500282e-04
1.100000000000000000e+02 4.392404244531248583e-04
1.110000000000000000e+02 4.571136981250000690e-04
1.120000000000000000e+02 4.755340222656248951e-04
1.130000000000000000e+02 4.944829112421875823e-04
1.140000000000000000e+02 5.139390808593750090e-04
1.150000000000000000e+02 5.338893061718750273e-04
1.160000000000000000e+02 5.543079164062502317e-04
1.170000000000000000e+02 5.751660117187499957e-04
1.180000000000000000e+02 5.964399484374996929e-04
1.190000000000000000e+02 6.180962664062498698e-04
1.200000000000000000e+02 6.401093124999998694e-04
1.210000000000000000e+02 6.624400734374998219e-04
1.220000000000000000e+02 6.850589320312500292e-04
1.230000000000000000e+02 7.079221484375001821e-04
1.240000000000000000e+02 7.309976093750000532e-04
1.250000000000000000e+02 7.542330546874997411e-04
1.260000000000000000e+02 7.775996796874998793e-04
1.270000000000000000e+02 8.010437890625003244e-04
1.280000000000000000e+02 8.245173906249998828e-04
1.290000000000000000e+02 8.479852109375002073e-04
1.300000000000000000e+02 8.713874765625001257e-04
1.310000000000000000e+02 8.946775312500002348e-04
1.320000000000000000e+02 9.178046406250003507e-04
1.330000000000000000e+02 9.407150156250002710e-04
1.340000000000000000e+02 9.633612968749999872e-04
1.350000000000000000e+02 9.856839218749997335e-04
1.360000000000000000e+02 1.007637429687500237e-03
1.370000000000000000e+02 1.029155765624999944e-03
1.380000000000000000e+02 1.050199687500000213e-03
1.390000000000000000e+02 1.070708015625000285e-03
1.400000000000000000e+02 1.090627039062500026e-03
1.410000000000000000e+02 1.109911273437499740e-03
1.420000000000000000e+02 1.128500999999999636e-03
1.430000000000000000e+02 1.146346226562500008e-03
1.440000000000000000e+02 1.163406429687499632e-03
1.450000000000000000e+02 1.179616984374999783e-03
1.460000000000000000e+02 1.194939203125000007e-03
1.470000000000000000e+02 1.209334750000000099e-03
1.480000000000000000e+02 1.222757906250000271e-03
1.490000000000000000e+02 1.235156742187499884e-03
1.500000000000000000e+02 1.246504812500000064e-03
1.510000000000000000e+02 1.256763914062500320e-03
1.520000000000000000e+02 1.265889148437499348e-03
1.530000000000000000e+02 1.273863445312499627e-03
1.540000000000000000e+02 1.280658710937499899e-03
1.550000000000000000e+02 1.286239601562499685e-03
1.560000000000000000e+02 1.290599640625000226e-03
1.570000000000000000e+02 1.293711851562499892e-03
1.580000000000000000e+02 1.295563867187499770e-03
1.590000000000000000e+02 1.296146976562500544e-03
1.600000000000000000e+02 1.295460765625000045e-03
1.610000000000000000e+02 1.293491203125000022e-03
1.620000000000000000e+02 1.290248812499999922e-03
1.630000000000000000e+02 1.285736773437500457e-03
1.640000000000000000e+02 1.279971765625000438e-03
1.650000000000000000e+02 1.272967132812499996e-03
1.660000000000000000e+02 1.264732484375000578e-03
1.670000000000000000e+02 1.255301773437499709e-03
1.680000000000000000e+02 1.244702460937500282e-03
1.690000000000000000e+02 1.232965296875000640e-03
1.700000000000000000e+02 1.220127101562500050e-03
1.710000000000000000e+02 1.206229203124999745e-03
1.720000000000000000e+02 1.191322320312499482e-03
1.730000000000000000e+02 1.175453507812499647e-03
1.740000000000000000e+02 1.158675624999999740e-03
1.750000000000000000e+02 1.141056101562500265e-03
1.760000000000000000e+02 1.122655694531249316e-03
1.770000000000000000e+02 1.103532307812499832e-03
1.780000000000000000e+02 1.083775595312499746e-03
1.790000000000000000e+02 1.063445879687500029e-03
1.800000000000000000e+02 1.042627076406249997e-03
1.810000000000000000e+02 1.021409019234374976e-03
1.820000000000000000e+02 9.998668389062498850e-04
1.830000000000000000e+02 9.781041626562500535e-04
1.840000000000000000e+02 9.562023143750000625e-04
1.850000000000000000e+02 9.342607496875000297e-04
1.860000000000000000e+02 9.123809117187501542e-04
1.870000000000000000e+02 8.906627554687495882e-04
1.880000000000000000e+02 8.692003507812499528e-04
1.890000000000000000e+02 8.481168968750001525e-04
1.900000000000000000e+02 8.275036781249999959e-04
1.910000000000000000e+02 8.074799312499999094e-04
1.920000000000000000e+02 7.881514484374997631e-04
1.930000000000000000e+02 7.696265859374997256e-04
1.940000000000000000e+02 7.520160234375000870e-04
1.950000000000000000e+02 7.354404765625003650e-04
1.960000000000000000e+02 7.200046953125000676e-04
1.970000000000000000e+02 7.058198906250000727e-04
1.980000000000000000e+02 6.930038437499999680e-04
1.990000000000000000e+02 6.816590078124996031e-04
2.000000000000000000e+02 6.719031953125003927e-04
2.010000000000000000e+02 6.638418437499999649e-04
2.020000000000000000e+02 6.575742265624996263e-04
2.030000000000000000e+02 6.532120703124996578e-04
2.040000000000000000e+02 6.508515000000000958e-04
2.050000000000000000e+02 6.505913359375002083e-04
2.060000000000000000e+02 6.525372578124997731e-04
2.070000000000000000e+02 6.567665390624999669e-04
2.080000000000000000e+02 6.633761953124994899e-04
2.090000000000000000e+02 6.724442890624999711e-04
2.100000000000000000e+02 6.840545703124999372e-04
2.110000000000000000e+02 6.982815546874996315e-04
2.120000000000000000e+02 7.151877031250005465e-04
2.130000000000000000e+02 7.348448906249998702e-04
2.140000000000000000e+02 7.572985703125002408e-04
2.150000000000000000e+02 7.826153906250001881e-04
2.160000000000000000e+02 8.108309843749997130e-04
2.170000000000000000e+02 8.419765953125003897e-04
2.180000000000000000e+02 8.760909179687502175e-04
2.190000000000000000e+02 9.131969812500002155e-04
2.200000000000000000e+02 9.533036867187498617e-04
2.210000000000000000e+02 9.964231246093746552e-04
2.220000000000000000e+02 1.042545452343750104e-03
2.230000000000000000e+02 1.091671617968750178e-03
2.240000000000000000e+02 1.143770992187500028e-03
2.250000000000000000e+02 1.198822343750000682e-03
2.260000000000000000e+02 1.256779695312500254e-03
2.270000000000000000e+02 1.317606734374999859e-03
2.280000000000000000e+02 1.381242335937500447e-03
2.290000000000000000e+02 1.447617867187499328e-03
2.300000000000000000e+02 1.516650308593751060e-03
2.310000000000000000e+02 1.588262107031250406e-03
2.320000000000000000e+02 1.662353657812499445e-03
2.330000000000000000e+02 1.738816003124999841e-03
2.340000000000000000e+02 1.817534169375000343e-03
2.350000000000000000e+02 1.898381821093749616e-03
2.360000000000000000e+02 1.981219503125000638e-03
2.370000000000000000e+02 2.065905765625000289e-03
2.380000000000000000e+02 2.152274796874999174e-03
2.390000000000000000e+02 2.240177554687499805e-03
2.400000000000000000e+02 2.329420398437501757e-03
2.410000000000000000e+02 2.419832281250001386e-03
2.420000000000000000e+02 2.511223171875001572e-03
2.430000000000000000e+02 2.603393171875000196e-03
2.440000000000000000e+02 2.696121929687502004e-03
2.450000000000000000e+02 2.789209898437499269e-03
2.460000000000000000e+02 2.882438523437498828e-03
2.470000000000000000e+02 2.975572804687501641e-03
2.480000000000000000e+02 3.068387500000002016e-03
2.490000000000000000e+02 3.160645468750000742e-03
2.500000000000000000e+02 3.252109687500000061e-03
2.510000000000000000e+02 3.342548984375000656e-03
2.520000000000000000e+02 3.431691093750000986e-03
2.530000000000000000e+02 3.519315156249998907e-03
2.540000000000000000e+02 3.605188125000000424e-03
2.550000000000000000e+02 3.689042187499999483e-03
2.560000000000000000e+02 3.770653046875000088e-03
2.570000000000000000e+02 3.849769921874999362e-03
2.580000000000000000e+02 3.926194453125001968e-03
2.590000000000000000e+02 3.999656718749999493e-03
2.600000000000000000e+02 4.069984374999999384e-03
2.610000000000000000e+02 4.136926796875000853e-03
2.620000000000000000e+02 4.200306484374997582e-03
2.630000000000000000e+02 4.259915937499999042e-03
2.640000000000000000e+02 4.315607421874997560e-03
2.650000000000000000e+02 4.367176093750002076e-03
2.660000000000000000e+02 4.414497343749999685e-03
2.670000000000000000e+02 4.457441796874999501e-03
2.680000000000000000e+02 4.495868203125002148e-03
2.690000000000000000e+02 4.529709843750001977e-03
2.700000000000000000e+02 4.558872265625004035e-03
2.710000000000000000e+02 4.583301562500002001e-03
2.720000000000000000e+02 4.602937109375000030e-03
2.730000000000000000e+02 4.617789062499999715e-03
2.740000000000000000e+02 4.627869453125001663e-03
2.750000000000000000e+02 4.633199609375001152e-03
2.760000000000000000e+02 4.633858593749999935e-03
2.770000000000000000e+02 4.629909296875000038e-03
2.780000000000000000e+02 4.621461171875002397e-03
2.790000000000000000e+02 4.608669296874997809e-03
2.800000000000000000e+02 4.591692968750000874e-03
2.810000000000000000e+02 4.570723203125003423e-03
2.820000000000000000e+02 4.545976875000000590e-03
2.830000000000000000e+02 4.517708906250000010e-03
2.840000000000000000e+02 4.486186640624998008e-03
2.850000000000000000e+02 4.451712343749996380e-03
2.860000000000000000e+02 4.414617109374998662e-03
2.870000000000000000e+02 4.375257890624999549e-03
2.880000000000000000e+02 4.334004609375002523e-03
2.890000000000000000e+02 4.291265781249998558e-03
2.900000000000000000e+02 4.247472812499999972e-03
2.910000000000000000e+02 4.203063429687502531e-03
2.920000000000000000e+02 4.158517679687501190e-03
2.930000000000000000e+02 4.114315406249997517e-03
2.940000000000000000e+02 4.070966757812498164e-03
2.950000000000000000e+02 4.029001187499998970e-03
2.960000000000000000e+02 3.988947398437498772e-03
2.970000000000000000e+02 3.951358515624999596e-03
2.980000000000000000e+02 3.916797929687500235e-03
2.990000000000000000e+02 3.885826078125001037e-03
3.000000000000000000e+02 3.859024609375000942e-03
3.010000000000000000e+02 3.836982296875001211e-03
3.020000000000000000e+02 3.820242499218749407e-03
3.030000000000000000e+02 3.809419792187498412e-03
3.040000000000000000e+02 3.805104231249999309e-03
3.050000000000000000e+02 3.807843841562499367e-03
3.060000000000000000e+02 3.818187789062500032e-03
3.070000000000000000e+02 3.836719101562499450e-03
3.080000000000000000e+02 3.863956968750001213e-03
3.090000000000000000e+02 3.900459210937501191e-03
3.100000000000000000e+02 3.946683335937497747e-03
3.110000000000000000e+02 4.003149641406249411e-03
3.120000000000000000e+02 4.070326013281250210e-03
3.130000000000000000e+02 4.148616376562499868e-03
3.140000000000000000e+02 4.238471303125001394e-03
3.150000000000000000e+02 4.340273632812498977e-03
3.160000000000000000e+02 4.454356382812500910e-03
3.170000000000000000e+02 4.581034921874998535e-03
3.180000000000000000e+02 4.720578593750002737e-03
3.190000000000000000e+02 4.873276875000002312e-03
3.200000000000000000e+02 5.039313593749999813e-03
3.210000000000000000e+02 5.218801874999999882e-03
3.220000000000000000e+02 5.411958671875000647e-03
3.230000000000000000e+02 5.618794140625000232e-03
3.240000000000000000e+02 5.839384765624999578e-03
3.250000000000000000e+02 6.073677109375000792e-03
3.260000000000000000e+02 6.321645468750002224e-03
3.270000000000000000e+02 6.583169796875001575e-03
3.280000000000000000e+02 6.858112390625000637e-03
3.290000000000000000e+02 7.146202656250002193e-03
3.300000000000000000e+02 7.447264648437501057e-03
3.310000000000000000e+02 7.761037007812501658e-03
3.320000000000000000e+02 8.087065539062496949e-03
3.330000000000000000e+02 8.424965296875003284e-03
3.340000000000000000e+02 8.774293625234377142e-03
3.350000000000000000e+02 9.134641914062499937e-03
3.360000000000000000e+02 9.505316382812498480e-03
3.370000000000000000e+02 9.885782203125000403e-03
3.380000000000000000e+02 1.027550128906249902e-02
3.390000000000000000e+02 1.067368429687500127e-02
3.400000000000000000e+02 1.107954562500000108e-02
3.410000000000000000e+02 1.149243484375000318e-02
3.420000000000000000e+02 1.191153335937500043e-02
3.430000000000000000e+02 1.233587679687500258e-02
3.440000000000000000e+02 1.276466273437500826e-02
3.450000000000000000e+02 1.319699562500000097e-02
3.460000000000000000e+02 1.363187460937500053e-02
3.470000000000000000e+02 1.406836015624999756e-02
3.480000000000000000e+02 1.450538984374999396e-02
3.490000000000000000e+02 1.494194296875000182e-02
3.500000000000000000e+02 1.537697265624999449e-02
3.510000000000000000e+02 1.580933437500001149e-02
3.520000000000000000e+02 1.623805312500000916e-02
3.530000000000000000e+02 1.666195078124999701e-02
3.540000000000000000e+02 1.707998203125000655e-02
3.550000000000000000e+02 1.749092578124999964e-02
3.560000000000000000e+02 1.789376093750000632e-02
3.570000000000000000e+02 1.828732187499999481e-02
3.580000000000000000e+02 1.867051953124999886e-02
3.590000000000000000e+02 1.904226875000000069e-02
3.600000000000000000e+02 1.940151874999999568e-02
3.610000000000000000e+02 1.974713828124999987e-02
3.620000000000000000e+02 2.007812421875001044e-02
3.630000000000000000e+02 2.039358593750001045e-02
3.640000000000000000e+02 2.069233671875000263e-02
3.650000000000000000e+02 2.097359296874999265e-02
3.660000000000000000e+02 2.123639921875002112e-02
3.670000000000000000e+02 2.147989765625000005e-02
3.680000000000000000e+02 2.170338515624999770e-02
3.690000000000000000e+02 2.190600390624999547e-02
3.700000000000000000e+02 2.208713437500001500e-02
3.710000000000000000e+02 2.224610781249999891e-02
3.720000000000000000e+02 2.238243984374999745e-02
3.730000000000000000e+02 2.249556093749998514e-02
3.740000000000000000e+02 2.258506249999999924e-02
3.750000000000000000e+02 2.265062968749999989e-02
3.760000000000000000e+02 2.269196343749999012e-02
3.770000000000000000e+02 2.270898242187500277e-02
3.780000000000000000e+02 2.270152703125000865e-02
3.790000000000000000e+02 2.266953250000000933e-02
3.800000000000000000e+02 2.261323460937499780e-02
3.810000000000000000e+02 2.253259343749997728e-02
3.820000000000000000e+02 2.242812046875001034e-02
3.830000000000000000e+02 2.229995851562500270e-02
3.840000000000000000e+02 2.214872539062500215e-02
3.850000000000000000e+02 2.197491273437500794e-02
3.860000000000000000e+02 2.177906336718749697e-02
3.870000000000000000e+02 2.156203921875000928e-02
3.880000000000000000e+02 2.132465141406250653e-02
3.890000000000000000e+02 2.106770600781248878e-02
3.900000000000000000e+02 2.079236469687499242e-02
3.910000000000000000e+02 2.049957623046875024e-02
3.920000000000000000e+02 2.019066101171874267e-02
3.930000000000000000e+02 1.986669717187500642e-02
3.940000000000000000e+02 1.952912433593749150e-02
3.950000000000000000e+02 1.917943521874999890e-02
3.960000000000000000e+02 1.881891594531250739e-02
3.970000000000000000e+02 1.844920499999999283e-02
3.980000000000000000e+02 1.807196523437500091e-02
3.990000000000000000e+02 1.768879570312499941e-02
4.000000000000000000e+02 1.730136906250000217e-02
4.010000000000000000e+02 1.691147968749998412e-02
4.020000000000000000e+02 1.652088156249998524e-02
4.030000000000000000e+02 1.613143890625001048e-02
4.040000000000000000e+02 1.574495468750000335e-02
4.050000000000000000e+02 1.536334546874999762e-02
4.060000000000000000e+02 1.498839281250000793e-02
4.070000000000000000e+02 1.462207781250000720e-02
4.080000000000000000e+02 1.426615228125000835e-02
4.090000000000000000e+02 1.392247526562499782e-02
4.100000000000000000e+02 1.359289454687499267e-02
4.110000000000000000e+02 1.327918069531250182e-02
4.120000000000000000e+02 1.298300963906249585e-02
4.130000000000000000e+02 1.270610090859374507e-02
4.140000000000000000e+02 1.245004625781249638e-02
4.150000000000000000e+02 1.221634883593750512e-02
4.160000000000000000e+02 1.200648731249999782e-02
4.170000000000000000e+02 1.182176703124999777e-02
4.180000000000000000e+02 1.166347429687499514e-02
4.190000000000000000e+02 1.153273562500000370e-02
4.200000000000000000e+02 1.143050804687499762e-02
4.210000000000000000e+02 1.135777789062499508e-02
4.220000000000000000e+02 1.131527437500000864e-02
4.230000000000000000e+02 1.130362523437499801e-02
4.240000000000000000e+02 1.132327812500000599e-02
4.250000000000000000e+02 1.137458968749999882e-02
4.260000000000000000e+02 1.145774843749999654e-02
4.270000000000000000e+02 1.157271953124999579e-02
4.280000000000000000e+02 1.171933359375000420e-02
4.290000000000000000e+02 1.189726171874999974e-02
4.300000000000000000e+02 1.210596953125001214e-02
4.310000000000000000e+02 1.234465937499999548e-02
4.320000000000000000e+02 1.261240156249999848e-02
4.330000000000000000e+02 1.290805624999999575e-02
4.340000000000000000e+02 1.323020156250000190e-02
4.350000000000000000e+02 1.357724609374999850e-02
4.360000000000000000e+02 1.394727500000000203e-02
4.370000000000000000e+02 1.433832812499999387e-02
4.380000000000000000e+02 1.474799531249999622e-02
4.390000000000000000e+02 1.517372656250000167e-02
4.400000000000000000e+02 1.561272499999999397e-02
4.410000000000000000e+02 1.606203749999999750e-02
4.420000000000000000e+02 1.651836171874999926e-02
4.430000000000000000e+02 1.697837578124999913e-02
4.440000000000000000e+02 1.743826406250000710e-02
4.450000000000000000e+02 1.789450312499999904e-02
4.460000000000000000e+02 1.834311250000000143e-02
4.470000000000000000e+02 1.878012890624999875e-02
4.480000000000000000e+02 1.920143671875000277e-02
4.490000000000000000e+02 1.960302890625000363e-02
4.500000000000000000e+02 1.998086171875000649e-02
4.510000000000000000e+02 2.033097031250001574e-02
4.520000000000000000e+02 2.064969296875000110e-02
4.530000000000000000e+02 2.093323359375000997e-02
4.540000000000000000e+02 2.117837812500001152e-02
4.550000000000000000e+02 2.138201406250000644e-02
4.560000000000000000e+02 2.154149218750000747e-02
4.570000000000000000e+02 2.165463750000000409e-02
4.580000000000000000e+02 2.171962578124999807e-02
4.590000000000000000e+02 2.173530390624998573e-02
4.600000000000000000e+02 2.170098125000001835e-02
4.610000000000000000e+02 2.161654218750000064e-02
4.620000000000000000e+02 2.148262187499998602e-02
4.630000000000000000e+02 2.130019375000000506e-02
4.640000000000000000e+02 2.107105859374999723e-02
4.650000000000000000e+02 2.079764062499999538e-02
4.660000000000000000e+02 2.048277578125001080e-02
4.670000000000000000e+02 2.013003750000000314e-02
4.680000000000000000e+02 1.974333671874998336e-02
4.690000000000000000e+02 1.932711640625001115e-02
4.700000000000000000e+02 1.888648359374998920e-02
4.710000000000000000e+02 1.842659531250001592e-02
4.720000000000000000e+02 1.795348281250000455e-02
4.730000000000000000e+02 1.747300468750000516e-02
4.740000000000000000e+02 1.699166562499999575e-02
4.750000000000000000e+02 1.651620312500000701e-02
4.760000000000000000e+02 1.605353203125000489e-02
4.770000000000000000e+02 1.561079687500000444e-02
4.780000000000000000e+02 1.519522187499999961e-02
4.790000000000000000e+02 1.481422734374999647e-02
4.800000000000000000e+02 1.447497031250000177e-02
4.810000000000000000e+02 1.418471953124999900e-02
4.820000000000000000e+02 1.395034374999999660e-02
4.830000000000000000e+02 1.377845937499999965e-02
4.840000000000000000e+02 1.367498515624999619e-02
4.850000000000000000e+02 1.364516718749999961e-02
4.860000000000000000e+02 1.369354765625000088e-02
4.870000000000000000e+02 1.382332499999999915e-02
4.880000000000000000e+02 1.403669765624999954e-02
4.890000000000000000e+02 1.433440000000000235e-02
4.900000000000000000e+02 1.471565781250000482e-02
4.910000000000000000e+02 1.517808671875000431e-02
4.920000000000000000e+02 1.571759609374999075e-02
4.930000000000000000e+02 1.632852656250000437e-02
4.940000000000000000e+02 1.700340234375000495e-02
4.950000000000000000e+02 1.773315859374999595e-02
4.960000000000000000e+02 1.850746250000000204e-02
4.970000000000000000e+02 1.931496406249999520e-02
4.980000000000000000e+02 2.014369765624999392e-02
4.990000000000000000e+02 2.098185859375001003e-02
5.000000000000000000e+02 2.181854046875000494e-02
5.010000000000000000e+02 2.264552914062499533e-02
5.020000000000000000e+02 2.345840804687499004e-02
5.030000000000000000e+02 2.425919234374999955e-02
5.040000000000000000e+02 2.505916953124999458e-02
5.050000000000000000e+02 2.588289117187500890e-02
5.060000000000000000e+02 2.677305567968749772e-02
5.070000000000000000e+02 2.779672954687500627e-02
5.080000000000000000e+02 2.905380948437502955e-02
5.090000000000000000e+02 3.068694812499999855e-02
5.100000000000000000e+02 3.289445000000001257e-02
5.110000000000000000e+02 3.594692734375000420e-02
