0.000000000000000000e+00 9.752823270312500122e-04
1.000000000000000000e+00 9.745997534375004700e-04
2.000000000000000000e+00 9.732412453125001460e-04
3.000000000000000000e+00 9.711950760937497918e-04
4.000000000000000000e+00 9.684757149218748470e-04
5.000000000000000000e+00 9.650977487500000907e-04
6.000000000000000000e+00 9.610530739843753910e-04
7.000000000000000000e+00 9.563604500781250090e-04
8.000000000000000000e+00 9.510247527343746897e-04
9.000000000000000000e+00 9.450625723437499617e-04
1.000000000000000000e+01 9.384946273437497601e-04
1.100000000000000000e+01 9.313152117968751193e-04
1.200000000000000000e+01 9.235578157031247093e-04
1.300000000000000000e+01 9.152288424999999129e-04
1.400000000000000000e+01 9.063491426562501809e-04
1.500000000000000000e+01 8.969476312500001235e-04
1.600000000000000000e+01 8.870311868749999971e-04
1.700000000000000000e+01 8.766276975781250869e-04
1.800000000000000000e+01 8.657578250000004831e-04
1.900000000000000000e+01 8.544425328125001369e-04
2.000000000000000000e+01 8.427024929687504254e-04
2.100000000000000000e+01 8.305691999999994949e-04
2.200000000000000000e+01 8.180567109375001160e-04
2.300000000000000000e+01 8.051997601562499440e-04
2.400000000000000000e+01 7.920214406249998776e-04
2.500000000000000000e+01 7.785409953125000445e-04
2.600000000000000000e+01 7.647892507812503521e-04
2.700000000000000000e+01 7.507890617187499812e-04
2.800000000000000000e+01 7.365669476562496099e-04
2.900000000000000000e+01 7.221451078125001302e-04
3.000000000000000000e+01 7.075471335937498800e-04
3.100000000000000000e+01 6.928079617187500290e-04
3.200000000000000000e+01 6.779434687500002655e-04
3.300000000000000000e+01 6.629808906250004782e-04
3.400000000000000000e+01 6.479421640624996809e-04
3.500000000000000000e+01 6.328516640624997887e-04
3.600000000000000000e+01 6.177334374999998538e-04
3.700000000000000000e+01 6.026075546875000457e-04
3.800000000000000000e+01 5.874989609374995942e-04
3.900000000000000000e+01 5.724247890624998896e-04
4.000000000000000000e+01 5.574077578124997075e-04
4.100000000000000000e+01 5.424697968749998649e-04
4.200000000000000000e+01 5.276280156250000297e-04
4.300000000000000000e+01 5.128962421875000793e-04
4.400000000000000000e+01 4.982975703125002180e-04
4.500000000000000000e+01 4.838478281250000834e-04
4.600000000000000000e+01 4.695607656249999734e-04
4.700000000000000000e+01 4.554574531249999648e-04
4.800000000000000000e+01 4.415478749999998437e-04
4.900000000000000000e+01 4.278478671874997316e-04
5.000000000000000000e+01 4.143707343750001608e-04
5.100000000000000000e+01 4.011300078124999721e-04
5.200000000000000000e+01 3.881366093750000844e-04
5.300000000000000000e+01 3.754037421875001078e-04
5.400000000000000000e+01 3.629421484375000258e-04
5.500000000000000000e+01 3.507622343749999989e-04
5.600000000000000000e+01 3.388753515624997985e-04
5.700000000000000000e+01 3.272903671875000697e-04
5.800000000000000000e+01 3.160178515624998568e-04
5.900000000000000000e+01 3.050665390625000375e-04
6.000000000000000000e+01 2.944448593750001865e-04
6.100000000000000000e+01 2.841630312499999664e-04
6.200000000000000000e+01 2.742289687500000365e-04
6.300000000000000000e+01 2.646506562500001514e-04
6.400000000000000000e+01 2.554375078124999639e-04
6.500000000000000000e+01 2.465975234375000877e-04
6.600000000000000000e+01 2.381389843750000943e-04
6.700000000000000000e+01 2.300710234375000554e-04
6.800000000000000000e+01 2.224018125000000879e-04
6.900000000000000000e+01 2.151393593750001510e-04
7.000000000000000000e+01 2.082931015625000748e-04
7.100000000000000000e+01 2.018723515624999991e-04
7.200000000000000000e+01 1.958859843750000501e-04
7.300000000000000000e+01 1.903432578124998544e-04
7.400000000000000000e+01 1.852536875000000412e-04
7.500000000000000000e+01 1.806267968749999888e-04
7.600000000000000000e+01 1.764735468750001078e-04
7.700000000000000000e+01 1.728037499999999496e-04
7.800000000000000000e+01 1.696274218749999887e-04
7.900000000000000000e+01 1.669558671874999398e-04
8.000000000000000000e+01 1.648001484374999703e-04
8.100000000000000000e+01 1.631709765625000261e-04
8.200000000000000000e+01 1.620789453125000604e-04
8.300000000000000000e+01 1.615364609375000214e-04
8.400000000000000000e+01 1.615540703125000225e-04
8.500000000000000000e+01 1.621443828125000133e-04
8.600000000000000000e+01 1.633169140624999725e-04
8.700000000000000000e+01 1.650837500000000167e-04
8.800000000000000000e+01 1.674563515624999681e-04
8.900000000000000000e+01 1.704457578125000063e-04
9.000000000000000000e+01 1.740618914062499610e-04
9.100000000000000000e+01 1.783152585937500267e-04
9.200000000000000000e+01 1.832160757812500247e-04
9.300000000000000000e+01 1.887735921875000630e-04
9.400000000000000000e+01 1.949967546874999537e-04
9.500000000000000000e+01 2.018932757812499684e-04
9.600000000000000000e+01 2.094715029687499561e-04
9.700000000000000000e+01 2.177370409375000186e-04
9.800000000000000000e+01 2.266962914062500411e-04
9.900000000000000000e+01 2.363541447656250592e-04
1.000000000000000000e+02 2.467137264843749576e-04
1.010000000000000000e+02 2.577782621874999121e-04
1.020000000000000000e+02 2.695482694531249482e-04
1.030000000000000000e+02 2.820248468749999996e-04
1.040000000000000000e+02 2.952065140624999845e-04
1.050000000000000000e+02 3.090891007812499036e-04
1.060000000000000000e+02 3.236701210937499053e-04
1.070000000000000000e+02 3.389422421875000978e-04
1.080000000000000000e+02 3.548990054687499018e-04
1.090000000000000000e+02 3.715304929687499296e-04
1.100000000000000000e+02 3.888265078125001059e-04
1.110000000000000000e+02 4.067733546875000497e-04
1.120000000000000000e+02 4.253565093749999684e-04
1.130000000000000000e+02 4.445595522656248569e-04
1.140000000000000000e+02 4.643660473437501417e-04
1.150000000000000000e+02 4.847495019531249290e-04
1.160000000000000000e+02 5.056959682031248945e-04
1.170000000000000000e+02 5.271752976562500779e-04
1.180000000000000000e+02 5.491636970312499663e-04
1.190000000000000000e+02 5.716315484375002372e-04
1.200000000000000000e+02 5.945518906250002022e-04
1.210000000000000000e+02 6.178906234374998210e-04
1.220000000000000000e+02 6.416160390624999973e-04
1.230000000000000000e+02 6.656867140624995278e-04
1.240000000000000000e+02 6.900724718750002448e-04
1.250000000000000000e+02 7.147346882812498836e-04
1.260000000000000000e+02 7.396244304687500876e-04
1.270000000000000000e+02 7.647079523437501879e-04
1.280000000000000000e+02 7.899399843749998346e-04
1.290000000000000000e+02 8.152754843750002495e-04
1.300000000000000000e+02 8.406695312499999889e-04
1.310000000000000000e+02 8.660671640625002259e-04
1.320000000000000000e+02 8.914305468750000593e-04
1.330000000000000000e+02 9.167111874999998595e-04
1.340000000000000000e+02 9.418522734375002568e-04
1.350000000000000000e+02 9.668025781249999168e-04
1.360000000000000000e+02 9.915206249999999628e-04
1.370000000000000000e+02 1.015948781250000047e-03
1.380000000000000000e+02 1.040035476562499884e-03
1.390000000000000000e+02 1.063735945312499834e-03
1.400000000000000000e+02 1.086993664062499941e-03
1.410000000000000000e+02 1.109756226562500035e-03
1.420000000000000000e+02 1.131979874999999728e-03
1.430000000000000000e+02 1.153608414062499759e-03
1.440000000000000000e+02 1.174602867187500262e-03
1.450000000000000000e+02 1.194902531250000011e-03
1.460000000000000000e+02 1.214470656249999701e-03
1.470000000000000000e+02 1.233258515624999826e-03
1.480000000000000000e+02 1.251226562500000385e-03
1.490000000000000000e+02 1.268328601562500107e-03
1.500000000000000000e+02 1.284522351562499779e-03
1.510000000000000000e+02 1.299778585937499823e-03
1.520000000000000000e+02 1.314060726562499325e-03
1.530000000000000000e+02 1.327328148437500153e-03
1.540000000000000000e+02 1.339556109374999502e-03
1.550000000000000000e+02 1.350714992187499732e-03
1.560000000000000000e+02 1.360775226562499930e-03
1.570000000000000000e+02 1.369724726562500383e-03
1.580000000000000000e+02 1.377537765625000757e-03
1.590000000000000000e+02 1.384197242187499210e-03
1.600000000000000000e+02 1.389695789062500055e-03
1.610000000000000000e+02 1.394016226562499756e-03
1.620000000000000000e+02 1.397161031249999829e-03
1.630000000000000000e+02 1.399124103906250211e-03
1.640000000000000000e+02 1.399906617968750414e-03
1.650000000000000000e+02 1.399515066406250554e-03
1.660000000000000000e+02 1.397965564062499978e-03
1.670000000000000000e+02 1.395258682812500249e-03
1.680000000000000000e+02 1.391417941406249874e-03
1.690000000000000000e+02 1.386464582031249381e-03
1.700000000000000000e+02 1.380425124218750531e-03
1.710000000000000000e+02 1.373323879687500439e-03
1.720000000000000000e+02 1.365201752343750147e-03
1.730000000000000000e+02 1.356080082031249157e-03
1.740000000000000000e+02 1.346016687500000948e-03
1.750000000000000000e+02 1.335050704453125559e-03
1.760000000000000000e+02 1.323222283960936779e-03
1.770000000000000000e+02 1.310599492812499541e-03
1.780000000000000000e+02 1.297220572656250515e-03
1.790000000000000000e+02 1.283157500312499160e-03
1.800000000000000000e+02 1.268465873828125180e-03
1.810000000000000000e+02 1.253217323437499486e-03
1.820000000000000000e+02 1.237477826562499933e-03
1.830000000000000000e+02 1.221318284375000210e-03
1.840000000000000000e+02 1.204817825000000127e-03
1.850000000000000000e+02 1.188058170312500730e-03
1.860000000000000000e+02 1.171115589062500734e-03
1.870000000000000000e+02 1.154068449218749719e-03
1.880000000000000000e+02 1.137013578125000215e-03
1.890000000000000000e+02 1.120025148437499892e-03
1.900000000000000000e+02 1.103205774218750206e-03
1.910000000000000000e+02 1.086639054687499892e-03
1.920000000000000000e+02 1.070418398437499637e-03
1.930000000000000000e+02 1.054637867187499956e-03
1.940000000000000000e+02 1.039397335937500538e-03
1.950000000000000000e+02 1.024783929687499541e-03
1.960000000000000000e+02 1.010901109374999539e-03
1.970000000000000000e+02 9.978433515625000257e-04
1.980000000000000000e+02 9.857007109374997869e-04
1.990000000000000000e+02 9.745704687500002022e-04
2.000000000000000000e+02 9.645507109374999504e-04
2.010000000000000000e+02 9.557306562499997757e-04
2.020000000000000000e+02 9.482076484374992896e-04
2.030000000000000000e+02 9.420749218749998330e-04
2.040000000000000000e+02 9.374128281249998786e-04
2.050000000000000000e+02 9.343146093750002209e-04
2.060000000000000000e+02 9.328637109375001978e-04
2.070000000000000000e+02 9.331419062500000269e-04
2.080000000000000000e+02 9.352251328124996368e-04
2.090000000000000000e+02 9.391924765625005514e-04
2.100000000000000000e+02 9.451144531249993730e-04
2.110000000000000000e+02 9.530562265625000746e-04
2.120000000000000000e+02 9.630866328125005761e-04
2.130000000000000000e+02 9.752572578124999629e-04
2.140000000000000000e+02 9.896275890625000349e-04
2.150000000000000000e+02 1.006242132812499570e-03
2.160000000000000000e+02 1.025144090625000745e-03
2.170000000000000000e+02 1.046375159296874732e-03
2.180000000000000000e+02 1.069967064765625381e-03
2.190000000000000000e+02 1.095938819843750257e-03
2.200000000000000000e+02 1.124311000000000234e-03
2.210000000000000000e+02 1.155097554687499820e-03
2.220000000000000000e+02 1.188306651562498701e-03
2.230000000000000000e+02 1.223922859374999882e-03
2.240000000000000000e+02 1.261950664062499831e-03
2.250000000000000000e+02 1.302363390625000620e-03
2.260000000000000000e+02 1.345145093749998497e-03
2.270000000000000000e+02 1.390253406249999501e-03
2.280000000000000000e+02 1.437650257812499166e-03
2.290000000000000000e+02 1.487288703124999868e-03
2.300000000000000000e+02 1.539109101562500257e-03
2.310000000000000000e+02 1.593047820312499347e-03
2.320000000000000000e+02 1.649032563281249480e-03
2.330000000000000000e+02 1.706972484374999488e-03
2.340000000000000000e+02 1.766788141328124806e-03
2.350000000000000000e+02 1.828373983437500379e-03
2.360000000000000000e+02 1.891629302343749786e-03
2.370000000000000000e+02 1.956428145312500387e-03
2.380000000000000000e+02 2.022670226562500381e-03
2.390000000000000000e+02 2.090205132812498773e-03
2.400000000000000000e+02 2.158905046875000434e-03
2.410000000000000000e+02 2.228629171874999676e-03
2.420000000000000000e+02 2.299220484374999568e-03
2.430000000000000000e+02 2.370534171875001740e-03
2.440000000000000000e+02 2.442392117187498247e-03
2.450000000000000000e+02 2.514637914062498557e-03
2.460000000000000000e+02 2.587091718749999752e-03
2.470000000000000000e+02 2.659586351562500273e-03
2.480000000000000000e+02 2.731935312499997673e-03
2.490000000000000000e+02 2.803952890625001013e-03
2.500000000000000000e+02 2.875466093750000084e-03
2.510000000000000000e+02 2.946269921875000874e-03
2.520000000000000000e+02 3.016183906250000796e-03
2.530000000000000000e+02 3.085022499999999501e-03
2.540000000000000000e+02 3.152597343749999857e-03
2.550000000000000000e+02 3.218719218750000412e-03
2.560000000000000000e+02 3.283196640625000041e-03
2.570000000000000000e+02 3.345865546875000963e-03
2.580000000000000000e+02 3.406544218750000384e-03
2.590000000000000000e+02 3.465048593749999774e-03
2.600000000000000000e+02 3.521232656249999662e-03
2.610000000000000000e+02 3.574925703125000128e-03
2.620000000000000000e+02 3.625984687500001438e-03
2.630000000000000000e+02 3.674262812500000194e-03
2.640000000000000000e+02 3.719642187500000335e-03
2.650000000000000000e+02 3.761994375000000945e-03
2.660000000000000000e+02 3.801215937499999656e-03
2.670000000000000000e+02 3.837217890625000804e-03
2.680000000000000000e+02 3.869914140624999398e-03
2.690000000000000000e+02 3.899246953124999807e-03
2.700000000000000000e+02 3.925166015624998589e-03
2.710000000000000000e+02 3.947645000000000494e-03
2.720000000000000000e+02 3.966661249999999667e-03
2.730000000000000000e+02 3.982239140625001492e-03
2.740000000000000000e+02 3.994384062499999229e-03
2.750000000000000000e+02 4.003145078125000013e-03
2.760000000000000000e+02 4.008600000000001051e-03
2.770000000000000000e+02 4.010824687499998410e-03
2.780000000000000000e+02 4.009913984375000282e-03
2.790000000000000000e+02 4.006018046874999620e-03
2.800000000000000000e+02 3.999284453125000714e-03
2.810000000000000000e+02 3.989866953124999831e-03
2.820000000000000000e+02 3.977983671875000987e-03
2.830000000000000000e+02 3.963835078124999280e-03
2.840000000000000000e+02 3.947668281249998648e-03
2.850000000000000000e+02 3.929730546875002083e-03
2.860000000000000000e+02 3.910313749999998201e-03
2.870000000000000000e+02 3.889710624999999453e-03
2.880000000000000000e+02 3.868248046874999888e-03
2.890000000000000000e+02 3.846257656249999282e-03
2.900000000000000000e+02 3.824103750000000176e-03
2.910000000000000000e+02 3.802149296874999303e-03
2.920000000000000000e+02 3.780792734375000314e-03
2.930000000000000000e+02 3.760438671874999708e-03
2.940000000000000000e+02 3.741506804687499705e-03
2.950000000000000000e+02 3.724416140624998116e-03
2.960000000000000000e+02 3.709620726562501847e-03
2.970000000000000000e+02 3.697552437500001721e-03
2.980000000000000000e+02 3.688698859374999785e-03
2.990000000000000000e+02 3.683487203125000373e-03
3.000000000000000000e+02 3.682395117187499921e-03
3.010000000000000000e+02 3.685909234374998809e-03
3.020000000000000000e+02 3.694453539062500687e-03
3.030000000000000000e+02 3.708536859375000105e-03
3.040000000000000000e+02 3.728593173437499270e-03
3.050000000000000000e+02 3.755092658593749654e-03
3.060000000000000000e+02 3.788462366406250646e-03
3.070000000000000000e+02 3.829158645000000066e-03
3.080000000000000000e+02 3.877594419531249850e-03
3.090000000000000000e+02 3.934157535156249802e-03
3.100000000000000000e+02 3.999277382031251986e-03
3.110000000000000000e+02 4.073312642968750230e-03
3.120000000000000000e+02 4.156600056250000196e-03
3.130000000000000000e+02 4.249477132812497747e-03
3.140000000000000000e+02 4.352248523437502077e-03
3.150000000000000000e+02 4.465180789062500252e-03
3.160000000000000000e+02 4.588570828124998412e-03
3.170000000000000000e+02 4.722605281249999364e-03
3.180000000000000000e+02 4.867461484375001923e-03
3.190000000000000000e+02 5.023316593749999580e-03
3.200000000000000000e+02 5.190302148437500943e-03
3.210000000000000000e+02 5.368477484375001017e-03
3.220000000000000000e+02 5.557937187500002277e-03
3.230000000000000000e+02 5.758689679687500722e-03
3.240000000000000000e+02 5.970676718750002505e-03
3.250000000000000000e+02 6.193860742187499643e-03
3.260000000000000000e+02 6.428168320312501079e-03
3.270000000000000000e+02 6.673439992187500322e-03
3.280000000000000000e+02 6.929501281249995752e-03
3.290000000000000000e+02 7.196112179687500290e-03
3.300000000000000000e+02 7.472991335937500916e-03
3.310000000000000000e+02 7.759932387499999737e-03
3.320000000000000000e+02 8.056480643749999032e-03
3.330000000000000000e+02 8.362364950781249473e-03
3.340000000000000000e+02 8.677097585937498109e-03
3.350000000000000000e+02 9.000278679687502906e-03
3.360000000000000000e+02 9.331349328124998593e-03
3.370000000000000000e+02 9.669791242187501454e-03
3.380000000000000000e+02 1.001505695312499868e-02
3.390000000000000000e+02 1.036657507812500587e-02
3.400000000000000000e+02 1.072363406250000269e-02
3.410000000000000000e+02 1.108561992187500136e-02
3.420000000000000000e+02 1.145182031249999434e-02
3.430000000000000000e+02 1.182158867187499580e-02
3.440000000000000000e+02 1.219401835937499595e-02
3.450000000000000000e+02 1.256847257812500687e-02
3.460000000000000000e+02 1.294406484375000381e-02
3.470000000000000000e+02 1.331998750000000162e-02
3.480000000000000000e+02 1.369552109375000298e-02
3.490000000000000000e+02 1.406954921874999445e-02
3.500000000000000000e+02 1.444147812499999711e-02
3.510000000000000000e+02 1.481022421875000973e-02
3.520000000000000000e+02 1.517505859375000224e-02
3.530000000000000000e+02 1.553495468750001017e-02
3.540000000000000000e+02 1.588916640624999863e-02
3.550000000000000000e+02 1.623657968749999195e-02
3.560000000000000000e+02 1.657644062499999751e-02
3.570000000000000000e+02 1.690786015624999236e-02
3.580000000000000000e+02 1.722992421875000138e-02
3.590000000000000000e+02 1.754177656249999301e-02
3.600000000000000000e+02 1.784250937499999579e-02
3.610000000000000000e+02 1.813133281250000825e-02
3.620000000000000000e+02 1.840742968750000083e-02
3.630000000000000000e+02 1.867003124999999999e-02
3.640000000000000000e+02 1.891823203125000269e-02
3.650000000000000000e+02 1.915147968750000387e-02
3.660000000000000000e+02 1.936897578125000921e-02
3.670000000000000000e+02 1.957005859375000184e-02
3.680000000000000000e+02 1.975411093750000305e-02
3.690000000000000000e+02 1.992058828125000541e-02
3.700000000000000000e+02 2.006891093750000354e-02
3.710000000000000000e+02 2.019855000000001996e-02
3.720000000000000000e+02 2.030914453125000005e-02
3.730000000000000000e+02 2.040029296875001813e-02
3.740000000000000000e+02 2.047160687499999243e-02
3.750000000000000000e+02 2.052290625000000035e-02
3.760000000000000000e+02 2.055400460937500950e-02
3.770000000000000000e+02 2.056468000000000879e-02
3.780000000000000000e+02 2.055488437500000570e-02
3.790000000000000000e+02 2.052460929687499255e-02
3.800000000000000000e+02 2.047395937499998930e-02
3.810000000000000000e+02 2.040300453124999774e-02
3.820000000000000000e+02 2.031202734375000749e-02
3.830000000000000000e+02 2.020118664062500388e-02
3.840000000000000000e+02 2.007101227343749406e-02
3.850000000000000000e+02 1.992179062499999792e-02
3.860000000000000000e+02 1.975406712500000009e-02
3.870000000000000000e+02 1.956841030468749881e-02
3.880000000000000000e+02 1.936544458281249520e-02
3.890000000000000000e+02 1.914596289062501025e-02
3.900000000000000000e+02 1.891067582031249333e-02
3.910000000000000000e+02 1.866053587500000541e-02
3.920000000000000000e+02 1.839636168749999787e-02
3.930000000000000000e+02 1.811926874999998660e-02
3.940000000000000000e+02 1.783028617187499762e-02
3.950000000000000000e+02 1.753045796875000312e-02
3.960000000000000000e+02 1.722107226562500509e-02
3.970000000000000000e+02 1.690336726562501404e-02
3.980000000000000000e+02 1.657850578124999905e-02
3.990000000000000000e+02 1.624799601562499848e-02
4.000000000000000000e+02 1.591310617187499318e-02
4.010000000000000000e+02 1.557534921875000124e-02
4.020000000000000000e+02 1.523616250000000422e-02
4.030000000000000000e+02 1.489698648437499766e-02
4.040000000000000000e+02 1.455940257812500353e-02
4.050000000000000000e+02 1.422485984374999637e-02
4.060000000000000000e+02 1.389506789062500136e-02
4.070000000000000000e+02 1.357144328124999799e-02
4.080000000000000000e+02 1.325562414062499833e-02
4.090000000000000000e+02 1.294915720312499706e-02
4.100000000000000000e+02 1.265351147656250397e-02
4.110000000000000000e+02 1.237025278124999871e-02
4.120000000000000000e+02 1.210086889218750343e-02
4.130000000000000000e+02 1.184678849531249807e-02
4.140000000000000000e+02 1.160944596406250119e-02
4.150000000000000000e+02 1.139017504687499585e-02
4.160000000000000000e+02 1.119027796875000404e-02
4.170000000000000000e+02 1.101088031249999877e-02
4.180000000000000000e+02 1.085326187500000421e-02
4.190000000000000000e+02 1.071837046875000199e-02
4.200000000000000000e+02 1.060717437500000027e-02
4.210000000000000000e+02 1.052057953125000098e-02
4.220000000000000000e+02 1.045930609374999716e-02
4.230000000000000000e+02 1.042405609375000181e-02
4.240000000000000000e+02 1.041521062499999387e-02
4.250000000000000000e+02 1.043328203124999250e-02
4.260000000000000000e+02 1.047848828124999139e-02
4.270000000000000000e+02 1.055098671874999533e-02
4.280000000000000000e+02 1.065068203125000244e-02
4.290000000000000000e+02 1.077741640624999518e-02
4.300000000000000000e+02 1.093083593749999589e-02
4.310000000000000000e+02 1.111038984375000392e-02
4.320000000000000000e+02 1.131544843749999855e-02
4.330000000000000000e+02 1.154501875000000545e-02
4.340000000000000000e+02 1.179809375000000216e-02
4.350000000000000000e+02 1.207342656249999965e-02
4.360000000000000000e+02 1.236954374999999981e-02
4.370000000000000000e+02 1.268476093749999582e-02
4.380000000000000000e+02 1.301716171875000848e-02
4.390000000000000000e+02 1.336475156249999907e-02
4.400000000000000000e+02 1.372519531249999716e-02
4.410000000000000000e+02 1.409610546874999482e-02
4.420000000000000000e+02 1.447480000000000121e-02
4.430000000000000000e+02 1.485854062499999267e-02
4.440000000000000000e+02 1.524428749999999673e-02
4.450000000000000000e+02 1.562899062500000893e-02
4.460000000000000000e+02 1.600946796874999287e-02
4.470000000000000000e+02 1.638235078125000257e-02
4.480000000000000000e+02 1.674442031250000448e-02
4.490000000000000000e+02 1.709219531250000604e-02
4.500000000000000000e+02 1.742250156249999099e-02
4.510000000000000000e+02 1.773192031250000328e-02
4.520000000000000000e+02 1.801742187500000522e-02
4.530000000000000000e+02 1.827588437500001287e-02
4.540000000000000000e+02 1.850450234374998934e-02
4.550000000000000000e+02 1.870083046875000571e-02
4.560000000000000000e+02 1.886251640624999129e-02
4.570000000000000000e+02 1.898780937500000113e-02
4.580000000000000000e+02 1.907513515624999559e-02
4.590000000000000000e+02 1.912340703124999070e-02
4.600000000000000000e+02 1.913221953124999777e-02
4.610000000000000000e+02 1.910136562500000523e-02
4.620000000000000000e+02 1.903140390625000788e-02
4.630000000000000000e+02 1.892334453125001786e-02
4.640000000000000000e+02 1.877869609374999832e-02
4.650000000000000000e+02 1.859953749999998865e-02
4.660000000000000000e+02 1.838852109374999530e-02
4.670000000000000000e+02 1.814868359374999934e-02
4.680000000000000000e+02 1.788361093749999201e-02
4.690000000000000000e+02 1.759723828125000014e-02
4.700000000000000000e+02 1.729399374999999670e-02
4.710000000000000000e+02 1.697846484374999562e-02
4.720000000000000000e+02 1.665590703125000016e-02
4.730000000000000000e+02 1.633128515624999652e-02
4.740000000000000000e+02 1.601034843749999867e-02
4.750000000000000000e+02 1.569873593749999963e-02
4.760000000000000000e+02 1.540232499999999623e-02
4.770000000000000000e+02 1.512693749999999629e-02
4.780000000000000000e+02 1.487874921874999395e-02
4.790000000000000000e+02 1.466367499999999581e-02
4.800000000000000000e+02 1.448761953124999557e-02
4.810000000000000000e+02 1.435635703124999926e-02
4.820000000000000000e+02 1.427535859375000590e-02
4.830000000000000000e+02 1.424996406250000208e-02
4.840000000000000000e+02 1.428476406250000011e-02
4.850000000000000000e+02 1.438397109374999795e-02
4.860000000000000000e+02 1.455101093750000435e-02
4.870000000000000000e+02 1.478837812499999953e-02
4.880000000000000000e+02 1.509782187500000386e-02
4.890000000000000000e+02 1.547975390624999753e-02
4.900000000000000000e+02 1.593347031249999282e-02
4.910000000000000000e+02 1.645697734375000179e-02
4.920000000000000000e+02 1.704704843749998977e-02
4.930000000000000000e+02 1.769914453125000231e-02
4.940000000000000000e+02 1.840739140625000103e-02
4.950000000000000000e+02 1.916494062500000845e-02
4.960000000000000000e+02 1.996418593750000706e-02
4.970000000000000000e+02 2.079692499999999736e-02
4.980000000000000000e+02 2.165516093749998011e-02
4.990000000000000000e+02 2.253153515624999742e-02
5.000000000000000000e+02 2.342048203125000200e-02
5.010000000000000000e+02 2.431943203125001840e-02
5.020000000000000000e+02 2.523029320312500032e-02
5.030000000000000000e+02 2.616190984374999057e-02
5.040000000000000000e+02 2.713239953125000728e-02
5.050000000000000000e+02 2.817309339062500084e-02
5.060000000000000000e+02 2.933257223679687498e-02
5.070000000000000000e+02 3.068278108593750636e-02
5.080000000000000000e+02 3.232570460937498474e-02
5.090000000000000000e+02 3.440266968750001209e-02
5.100000000000000000e+02 3.710525312500002199e-02
5.110000000000000000e+02 4.068962343750000960e-02
