0.000000000000000000e+00 6.854691796875000877e-04
1.000000000000000000e+00 6.846052187500001242e-04
2.000000000000000000e+00 6.828807265624999099e-04
3.000000000000000000e+00 6.802993593749999054e-04
4.000000000000000000e+00 6.768818515624998224e-04
5.000000000000000000e+00 6.726294609374996493e-04
6.000000000000000000e+00 6.675663593749999987e-04
7.000000000000000000e+00 6.617098671874995603e-04
8.000000000000000000e+00 6.550807812499996391e-04
9.000000000000000000e+00 6.477122890625002221e-04
1.000000000000000000e+01 6.396280546875000210e-04
1.100000000000000000e+01 6.308608671874997749e-04
1.200000000000000000e+01 6.214449843750002086e-04
1.300000000000000000e+01 6.114171484374999804e-04
1.400000000000000000e+01 6.008195624999998615e-04
1.500000000000000000e+01 5.896861406250001074e-04
1.600000000000000000e+01 5.780596406249998960e-04
1.700000000000000000e+01 5.659891796874999374e-04
1.800000000000000000e+01 5.535168359375002012e-04
1.900000000000000000e+01 5.406922734375000251e-04
2.000000000000000000e+01 5.275570218750000795e-04
2.100000000000000000e+01 5.141653507812500969e-04
2.200000000000000000e+01 5.005607203125000135e-04
2.300000000000000000e+01 4.867956617187499889e-04
2.400000000000000000e+01 4.729137789062499812e-04
2.500000000000000000e+01 4.589660304687501321e-04
2.600000000000000000e+01 4.450003039062498580e-04
2.700000000000000000e+01 4.310628717968751017e-04
2.800000000000000000e+01 4.172033042187499059e-04
2.900000000000000000e+01 4.034600947656247802e-04
3.000000000000000000e+01 3.898824818749999500e-04
3.100000000000000000e+01 3.765110991328125822e-04
3.200000000000000000e+01 3.633856528124998356e-04
3.300000000000000000e+01 3.505449570312499808e-04
3.400000000000000000e+01 3.380263679687500397e-04
3.500000000000000000e+01 3.258643078125001346e-04
3.600000000000000000e+01 3.140914406250001488e-04
3.700000000000000000e+01 3.027371234374999932e-04
3.800000000000000000e+01 2.918299773437501069e-04
3.900000000000000000e+01 2.813947273437499767e-04
4.000000000000000000e+01 2.714546640625000503e-04
4.100000000000000000e+01 2.620290648437501556e-04
4.200000000000000000e+01 2.531358218750000039e-04
4.300000000000000000e+01 2.447894828124999177e-04
4.400000000000000000e+01 2.370024234374999803e-04
4.500000000000000000e+01 2.297843671874999093e-04
4.600000000000000000e+01 2.231428437500000564e-04
4.700000000000000000e+01 2.170810507812499638e-04
4.800000000000000000e+01 2.116027195312500365e-04
4.900000000000000000e+01 2.067059648437500415e-04
5.000000000000000000e+01 2.023898124999999278e-04
5.100000000000000000e+01 1.986487664062499593e-04
5.200000000000000000e+01 1.954761414062500008e-04
5.300000000000000000e+01 1.928638179687500924e-04
5.400000000000000000e+01 1.908006859375000538e-04
5.500000000000000000e+01 1.892745626562499785e-04
5.600000000000000000e+01 1.882721676562499561e-04
5.700000000000000000e+01 1.877788583593750500e-04
5.800000000000000000e+01 1.877784302578126038e-04
5.900000000000000000e+01 1.882537718749999938e-04
6.000000000000000000e+01 1.891869758593750386e-04
6.100000000000000000e+01 1.905589735156250342e-04
6.200000000000000000e+01 1.923512960937500793e-04
6.300000000000000000e+01 1.945438839062499077e-04
6.400000000000000000e+01 1.971187203828125714e-04
6.500000000000000000e+01 2.000544121874999446e-04
6.600000000000000000e+01 2.033330289062500195e-04
6.700000000000000000e+01 2.069344695312498258e-04
6.800000000000000000e+01 2.108414273437500368e-04
6.900000000000000000e+01 2.150350781250000981e-04
7.000000000000000000e+01 2.194993749999999723e-04
7.100000000000000000e+01 2.242169062499999933e-04
7.200000000000000000e+01 2.291741484375000692e-04
7.300000000000000000e+01 2.343557968749999888e-04
7.400000000000000000e+01 2.397502031249999202e-04
7.500000000000000000e+01 2.453450937500000081e-04
7.600000000000000000e+01 2.511309687499999944e-04
7.700000000000000000e+01 2.570987031250001015e-04
7.800000000000000000e+01 2.632409140625000411e-04
7.900000000000000000e+01 2.695534296875000033e-04
8.000000000000000000e+01 2.760319921874999525e-04
8.100000000000000000e+01 2.826731015624999962e-04
8.200000000000000000e+01 2.894772031250000084e-04
8.300000000000000000e+01 2.964432500000001064e-04
8.400000000000000000e+01 3.035758281249999364e-04
8.500000000000000000e+01 3.108764218749999098e-04
8.600000000000000000e+01 3.183511093749999171e-04
8.700000000000000000e+01 3.260064453124999779e-04
8.800000000000000000e+01 3.338492734374999592e-04
8.900000000000000000e+01 3.418880234374998693e-04
9.000000000000000000e+01 3.501341718750000643e-04
9.100000000000000000e+01 3.585960078125001926e-04
9.200000000000000000e+01 3.672855624999999931e-04
9.300000000000000000e+01 3.762184765624999611e-04
9.400000000000000000e+01 3.854022187500000143e-04
9.500000000000000000e+01 3.948522656250001922e-04
9.600000000000000000e+01 4.045828125000000704e-04
9.700000000000000000e+01 4.146049140625000101e-04
9.800000000000000000e+01 4.249318593750000639e-04
9.900000000000000000e+01 4.355774687500001672e-04
1.000000000000000000e+02 4.465544921875000059e-04
1.010000000000000000e+02 4.578758124999999547e-04
1.020000000000000000e+02 4.695475937500001844e-04
1.030000000000000000e+02 4.815850359374999152e-04
1.040000000000000000e+02 4.939965046874999263e-04
1.050000000000000000e+02 5.067849796874999936e-04
1.060000000000000000e+02 5.199612531249999010e-04
1.070000000000000000e+02 5.335272844531250115e-04
1.080000000000000000e+02 5.474893255468749010e-04
1.090000000000000000e+02 5.618448361718752669e-04
1.100000000000000000e+02 5.765949414062499813e-04
1.110000000000000000e+02 5.917384421875001221e-04
1.120000000000000000e+02 6.072632320312504718e-04
1.130000000000000000e+02 6.231727859374999387e-04
1.140000000000000000e+02 6.394452570312498954e-04
1.150000000000000000e+02 6.560740929687502998e-04
1.160000000000000000e+02 6.730449898437500722e-04
1.170000000000000000e+02 6.903404248437500310e-04
1.180000000000000000e+02 7.079405255468747922e-04
1.190000000000000000e+02 7.258242492968752660e-04
1.200000000000000000e+02 7.439583157031248511e-04
1.210000000000000000e+02 7.623214234374996309e-04
1.220000000000000000e+02 7.808818945312497256e-04
1.230000000000000000e+02 7.996107726562501480e-04
1.240000000000000000e+02 8.184664499999998351e-04
1.250000000000000000e+02 8.374167734374999249e-04
1.260000000000000000e+02 8.564139218749998277e-04
1.270000000000000000e+02 8.754272656250000964e-04
1.280000000000000000e+02 8.944013671875002038e-04
1.290000000000000000e+02 9.132947812500001724e-04
1.300000000000000000e+02 9.320618437500001853e-04
1.310000000000000000e+02 9.506507734374999592e-04
1.320000000000000000e+02 9.690094140625001668e-04
1.330000000000000000e+02 9.870893984374998122e-04
1.340000000000000000e+02 1.004831859375000282e-03
1.350000000000000000e+02 1.022186945312500818e-03
1.360000000000000000e+02 1.039093515624999993e-03
1.370000000000000000e+02 1.055507992187500578e-03
1.380000000000000000e+02 1.071363554687499798e-03
1.390000000000000000e+02 1.086609257812499747e-03
1.400000000000000000e+02 1.101191226562499726e-03
1.410000000000000000e+02 1.115051796874999730e-03
1.420000000000000000e+02 1.128134765624999852e-03
1.430000000000000000e+02 1.140394296875000581e-03
1.440000000000000000e+02 1.151773359375000061e-03
1.450000000000000000e+02 1.162220390624999411e-03
1.460000000000000000e+02 1.171698593750000435e-03
1.470000000000000000e+02 1.180148593750000125e-03
1.480000000000000000e+02 1.187523828124999788e-03
1.490000000000000000e+02 1.193792031249999927e-03
1.500000000000000000e+02 1.198916093750000559e-03
1.510000000000000000e+02 1.202851093749999524e-03
1.520000000000000000e+02 1.205576328124999480e-03
1.530000000000000000e+02 1.207041718750000115e-03
1.540000000000000000e+02 1.207245078124999111e-03
1.550000000000000000e+02 1.206149531249999397e-03
1.560000000000000000e+02 1.203742187499999951e-03
1.570000000000000000e+02 1.200009609375000041e-03
1.580000000000000000e+02 1.194940390624999165e-03
1.590000000000000000e+02 1.188531406249999185e-03
1.600000000000000000e+02 1.180785859375000366e-03
1.610000000000000000e+02 1.171700078125000087e-03
1.620000000000000000e+02 1.161286406250000959e-03
1.630000000000000000e+02 1.149563984375000063e-03
1.640000000000000000e+02 1.136547734375000169e-03
1.650000000000000000e+02 1.122265624999999349e-03
1.660000000000000000e+02 1.106740703124999350e-03
1.670000000000000000e+02 1.090011796874999469e-03
1.680000000000000000e+02 1.072124062499999354e-03
1.690000000000000000e+02 1.053110312499999732e-03
1.700000000000000000e+02 1.033030703125000166e-03
1.710000000000000000e+02 1.011939218749999996e-03
1.720000000000000000e+02 9.898936875000000080e-04
1.730000000000000000e+02 9.669553515624998430e-04
1.740000000000000000e+02 9.432106562500005122e-04
1.750000000000000000e+02 9.187125859374994973e-04
1.760000000000000000e+02 8.935573125000002793e-04
1.770000000000000000e+02 8.678215390624999985e-04
1.780000000000000000e+02 8.415970937500001940e-04
1.790000000000000000e+02 8.149775781250003870e-04
1.800000000000000000e+02 7.880528906249997714e-04
1.810000000000000000e+02 7.609302578124998041e-04
1.820000000000000000e+02 7.337130703125000581e-04
1.830000000000000000e+02 7.065070625000001740e-04
1.840000000000000000e+02 6.794241796875001007e-04
1.850000000000000000e+02 6.525829843749998823e-04
1.860000000000000000e+02 6.260861773437496934e-04
1.870000000000000000e+02 6.000683562499999199e-04
1.880000000000000000e+02 5.746407070312503466e-04
1.890000000000000000e+02 5.499324763281249933e-04
1.900000000000000000e+02 5.260633869531250407e-04
1.910000000000000000e+02 5.031599531249995915e-04
1.920000000000000000e+02 4.813479343749998149e-04
1.930000000000000000e+02 4.607575804687499507e-04
1.940000000000000000e+02 4.415157607031248575e-04
1.950000000000000000e+02 4.237476769843748431e-04
1.960000000000000000e+02 4.075811737499999694e-04
1.970000000000000000e+02 3.931465468750000168e-04
1.980000000000000000e+02 3.805639203125000852e-04
1.990000000000000000e+02 3.699589445312502891e-04
2.000000000000000000e+02 3.614522265624999973e-04
2.010000000000000000e+02 3.551672343750001304e-04
2.020000000000000000e+02 3.512183671874999531e-04
2.030000000000000000e+02 3.497213593750001306e-04
2.040000000000000000e+02 3.507868281250000643e-04
2.050000000000000000e+02 3.545231406250001229e-04
2.060000000000000000e+02 3.610339062500000896e-04
2.070000000000000000e+02 3.704184375000001118e-04
2.080000000000000000e+02 3.827710624999999247e-04
2.090000000000000000e+02 3.981817187499999485e-04
2.100000000000000000e+02 4.167338984374999839e-04
2.110000000000000000e+02 4.385064140625000184e-04
2.120000000000000000e+02 4.635717031250000337e-04
2.130000000000000000e+02 4.919948046875000569e-04
2.140000000000000000e+02 5.238313984374996747e-04
2.150000000000000000e+02 5.591361093750000589e-04
2.160000000000000000e+02 5.979494062499997493e-04
2.170000000000000000e+02 6.403101718750005061e-04
2.180000000000000000e+02 6.862452109374999297e-04
2.190000000000000000e+02 7.357696171875001585e-04
2.200000000000000000e+02 7.888921195312497206e-04
2.210000000000000000e+02 8.456158476562503946e-04
2.220000000000000000e+02 9.059308163281245586e-04
2.230000000000000000e+02 9.698114761718755862e-04
2.240000000000000000e+02 1.037232631249999449e-03
2.250000000000000000e+02 1.108149627343749761e-03
2.260000000000000000e+02 1.182515453906250128e-03
2.270000000000000000e+02 1.260269781250000082e-03
2.280000000000000000e+02 1.341325945312499702e-03
2.290000000000000000e+02 1.425610914062499417e-03
2.300000000000000000e+02 1.513016003906249947e-03
2.310000000000000000e+02 1.603440224999999998e-03
2.320000000000000000e+02 1.696764442187500069e-03
2.330000000000000000e+02 1.792845496875000505e-03
2.340000000000000000e+02 1.891546577656249900e-03
2.350000000000000000e+02 1.992713400054687851e-03
2.360000000000000000e+02 2.096162232812499686e-03
2.370000000000000000e+02 2.201727235156249619e-03
2.380000000000000000e+02 2.309209074218750504e-03
2.390000000000000000e+02 2.418409524218750710e-03
2.400000000000000000e+02 2.529102979687499614e-03
2.410000000000000000e+02 2.641074864843750199e-03
2.420000000000000000e+02 2.754079551562500523e-03
2.430000000000000000e+02 2.867871096093751147e-03
2.440000000000000000e+02 2.982194757812500763e-03
2.450000000000000000e+02 3.096787593749999838e-03
2.460000000000000000e+02 3.211374476562500746e-03
2.470000000000000000e+02 3.325679992187499483e-03
2.480000000000000000e+02 3.439406429687500745e-03
2.490000000000000000e+02 3.552249624999996580e-03
2.500000000000000000e+02 3.663928898437499634e-03
2.510000000000000000e+02 3.774145632812499901e-03
2.520000000000000000e+02 3.882554226562498663e-03
2.530000000000000000e+02 3.988900937500001326e-03
2.540000000000000000e+02 4.092835093750001214e-03
2.550000000000000000e+02 4.194075773437499176e-03
2.560000000000000000e+02 4.292256507812501620e-03
2.570000000000000000e+02 4.387191171874999830e-03
2.580000000000000000e+02 4.478467195312498678e-03
2.590000000000000000e+02 4.565843570312499468e-03
2.600000000000000000e+02 4.649062914062499115e-03
2.610000000000000000e+02 4.727763921874998491e-03
2.620000000000000000e+02 4.801782671875001046e-03
2.630000000000000000e+02 4.870779757812497210e-03
2.640000000000000000e+02 4.934588070312499915e-03
2.650000000000000000e+02 4.992954476562495164e-03
2.660000000000000000e+02 5.045668460937500523e-03
2.670000000000000000e+02 5.092574820312494033e-03
2.680000000000000000e+02 5.133484132812502106e-03
2.690000000000000000e+02 5.168277671874997245e-03
2.700000000000000000e+02 5.196823929687502917e-03
2.710000000000000000e+02 5.219019179687499344e-03
2.720000000000000000e+02 5.234823890625003862e-03
2.730000000000000000e+02 5.244235179687499124e-03
2.740000000000000000e+02 5.247150195312497850e-03
2.750000000000000000e+02 5.243656570312499668e-03
2.760000000000000000e+02 5.233818257812497370e-03
2.770000000000000000e+02 5.217657812499996647e-03
2.780000000000000000e+02 5.195377703125001086e-03
2.790000000000000000e+02 5.167072889843752487e-03
2.800000000000000000e+02 5.132963178906249993e-03
2.810000000000000000e+02 5.093244937499995413e-03
2.820000000000000000e+02 5.048202092968750651e-03
2.830000000000000000e+02 4.998104520312500292e-03
2.840000000000000000e+02 4.943263162500001993e-03
2.850000000000000000e+02 4.884083527343748531e-03
2.860000000000000000e+02 4.820928030390622676e-03
2.870000000000000000e+02 4.754254778125000490e-03
2.880000000000000000e+02 4.684489258593749726e-03
2.890000000000000000e+02 4.612119937499999968e-03
2.900000000000000000e+02 4.537691320312502163e-03
2.910000000000000000e+02 4.461736707031249520e-03
2.920000000000000000e+02 4.384843503125000243e-03
2.930000000000000000e+02 4.307610179687500901e-03
2.940000000000000000e+02 4.230659976562499598e-03
2.950000000000000000e+02 4.154643664062499832e-03
2.960000000000000000e+02 4.080230570312501012e-03
2.970000000000000000e+02 4.008099734375000257e-03
2.980000000000000000e+02 3.938968359375000401e-03
2.990000000000000000e+02 3.873532375000001381e-03
3.000000000000000000e+02 3.812527570312499933e-03
3.010000000000000000e+02 3.756678140625000634e-03
3.020000000000000000e+02 3.706727273437499578e-03
3.030000000000000000e+02 3.663416906249998724e-03
3.040000000000000000e+02 3.627483164062499186e-03
3.050000000000000000e+02 3.599659687500001651e-03
3.060000000000000000e+02 3.580676796874999231e-03
3.070000000000000000e+02 3.571258906250000722e-03
3.080000000000000000e+02 3.572109921875001211e-03
3.090000000000000000e+02 3.583921640625000425e-03
3.100000000000000000e+02 3.607374687500000936e-03
3.110000000000000000e+02 3.643113515624998335e-03
3.120000000000000000e+02 3.691766812500000845e-03
3.130000000000000000e+02 3.753957148437500179e-03
3.140000000000000000e+02 3.830245196875001028e-03
3.150000000000000000e+02 3.921148821093751319e-03
3.160000000000000000e+02 4.027192851562499953e-03
3.170000000000000000e+02 4.148842414062500240e-03
3.180000000000000000e+02 4.286512344296873264e-03
3.190000000000000000e+02 4.440577453124998700e-03
3.200000000000000000e+02 4.611365007812498994e-03
3.210000000000000000e+02 4.799230945312499969e-03
3.220000000000000000e+02 5.004291718750000610e-03
3.230000000000000000e+02 5.226820156250001730e-03
3.240000000000000000e+02 5.466909140624998456e-03
3.250000000000000000e+02 5.724664296875000245e-03
3.260000000000000000e+02 6.000005781250002286e-03
3.270000000000000000e+02 6.292918046875001052e-03
3.280000000000000000e+02 6.603425156249998623e-03
3.290000000000000000e+02 6.931132499999998441e-03
3.300000000000000000e+02 7.275908046874999743e-03
3.310000000000000000e+02 7.637488515625000599e-03
3.320000000000000000e+02 8.015441171875000229e-03
3.330000000000000000e+02 8.409298343749999766e-03
3.340000000000000000e+02 8.818647656250001160e-03
3.350000000000000000e+02 9.242824351562501511e-03
3.360000000000000000e+02 9.681268875000002827e-03
3.370000000000000000e+02 1.013323449296875400e-02
3.380000000000000000e+02 1.059792175000000281e-02
3.390000000000000000e+02 1.107458917968750546e-02
3.400000000000000000e+02 1.156224746093749770e-02
3.410000000000000000e+02 1.205999728125000357e-02
3.420000000000000000e+02 1.256678125000000069e-02
3.430000000000000000e+02 1.308152226562499763e-02
3.440000000000000000e+02 1.360313812499999893e-02
3.450000000000000000e+02 1.413043609375000224e-02
3.460000000000000000e+02 1.466217140624999880e-02
3.470000000000000000e+02 1.519702804687499652e-02
3.480000000000000000e+02 1.573379109375000473e-02
3.490000000000000000e+02 1.627097187500000514e-02
3.500000000000000000e+02 1.680732265624999833e-02
3.510000000000000000e+02 1.734128984374999974e-02
3.520000000000000000e+02 1.787151874999999210e-02
3.530000000000000000e+02 1.839661250000000636e-02
3.540000000000000000e+02 1.891489843749999053e-02
3.550000000000000000e+02 1.942505156250000017e-02
3.560000000000000000e+02 1.992564687499999779e-02
3.570000000000000000e+02 2.041491718749999240e-02
3.580000000000000000e+02 2.089169687499999734e-02
3.590000000000000000e+02 2.135442734375000637e-02
3.600000000000000000e+02 2.180156718749998862e-02
3.610000000000000000e+02 2.223189531250001350e-02
3.620000000000000000e+02 2.264394375000000625e-02
3.630000000000000000e+02 2.303634218750000295e-02
3.640000000000000000e+02 2.340793046875001490e-02
3.650000000000000000e+02 2.375733124999999946e-02
3.660000000000000000e+02 2.408351875000000128e-02
3.670000000000000000e+02 2.438527656250000925e-02
3.680000000000000000e+02 2.466173125000000257e-02
3.690000000000000000e+02 2.491186796874998374e-02
3.700000000000000000e+02 2.513476796874999572e-02
3.710000000000000000e+02 2.532971875000000414e-02
3.720000000000000000e+02 2.549600859375000111e-02
3.730000000000000000e+02 2.563307812500000005e-02
3.740000000000000000e+02 2.574050390624999657e-02
3.750000000000000000e+02 2.581783515625000330e-02
3.760000000000000000e+02 2.586490859374999257e-02
3.770000000000000000e+02 2.588151015624998511e-02
3.780000000000000000e+02 2.586772367187500574e-02
3.790000000000000000e+02 2.582358968750000233e-02
3.800000000000000000e+02 2.574935867187499311e-02
3.810000000000000000e+02 2.564535429687501630e-02
3.820000000000000000e+02 2.551210687499998186e-02
3.830000000000000000e+02 2.535019898437499558e-02
3.840000000000000000e+02 2.516033046874999873e-02
3.850000000000000000e+02 2.494347468750001198e-02
3.860000000000000000e+02 2.470038273437500168e-02
3.870000000000000000e+02 2.443237210937500292e-02
3.880000000000000000e+02 2.414060523437499758e-02
3.890000000000000000e+02 2.382631451562500571e-02
3.900000000000000000e+02 2.349100046093750144e-02
3.910000000000000000e+02 2.313620824218749761e-02
3.920000000000000000e+02 2.276351226562499386e-02
3.930000000000000000e+02 2.237471081015624669e-02
3.940000000000000000e+02 2.197161124374999788e-02
3.950000000000000000e+02 2.155610324843748940e-02
3.960000000000000000e+02 2.113013826562500780e-02
3.970000000000000000e+02 2.069573777343750379e-02
3.980000000000000000e+02 2.025498903906250425e-02
3.990000000000000000e+02 1.981008039843748514e-02
4.000000000000000000e+02 1.936317515624999541e-02
4.010000000000000000e+02 1.891656848437500704e-02
4.020000000000000000e+02 1.847239100781250185e-02
4.030000000000000000e+02 1.803297320312501062e-02
4.040000000000000000e+02 1.760051140625000163e-02
4.050000000000000000e+02 1.717737257812500598e-02
4.060000000000000000e+02 1.676571935156249971e-02
4.070000000000000000e+02 1.636782375781249341e-02
4.080000000000000000e+02 1.598577242968750312e-02
4.090000000000000000e+02 1.562178297656249132e-02
4.100000000000000000e+02 1.527784207812499760e-02
4.110000000000000000e+02 1.495602025468750242e-02
4.120000000000000000e+02 1.465809688648437789e-02
4.130000000000000000e+02 1.438591713906249743e-02
4.140000000000000000e+02 1.414112680468749585e-02
4.150000000000000000e+02 1.392526095312499566e-02
4.160000000000000000e+02 1.373977082031250727e-02
4.170000000000000000e+02 1.358594484374999432e-02
4.180000000000000000e+02 1.346488398437499859e-02
4.190000000000000000e+02 1.337755429687500879e-02
4.200000000000000000e+02 1.332487726562499829e-02
4.210000000000000000e+02 1.330741601562500202e-02
4.220000000000000000e+02 1.332575437500000196e-02
4.230000000000000000e+02 1.338019867187500642e-02
4.240000000000000000e+02 1.347087867187499524e-02
4.250000000000000000e+02 1.359788890625000281e-02
4.260000000000000000e+02 1.376092812500000033e-02
4.270000000000000000e+02 1.395967343750001248e-02
4.280000000000000000e+02 1.419356953125000542e-02
4.290000000000000000e+02 1.446172968750000266e-02
4.300000000000000000e+02 1.476325234374999476e-02
4.310000000000000000e+02 1.509692499999999542e-02
4.320000000000000000e+02 1.546118984374999714e-02
4.330000000000000000e+02 1.585441796874999948e-02
4.340000000000000000e+02 1.627464296875000965e-02
4.350000000000000000e+02 1.671965156250000348e-02
4.360000000000000000e+02 1.718692968750000147e-02
4.370000000000000000e+02 1.767376093750000141e-02
4.380000000000000000e+02 1.817708281249998808e-02
4.390000000000000000e+02 1.869368906250000462e-02
4.400000000000000000e+02 1.921998828124999587e-02
4.410000000000000000e+02 1.975216171874998733e-02
4.420000000000000000e+02 2.028623515624999180e-02
4.430000000000000000e+02 2.081789374999999317e-02
4.440000000000000000e+02 2.134277890625000534e-02
4.450000000000000000e+02 2.185639062499998564e-02
4.460000000000000000e+02 2.235396406249999177e-02
4.470000000000000000e+02 2.283078046875000947e-02
4.480000000000000000e+02 2.328214453125000347e-02
4.490000000000000000e+02 2.370314999999999922e-02
4.500000000000000000e+02 2.408927968750000301e-02
4.510000000000000000e+02 2.443597343749999776e-02
4.520000000000000000e+02 2.473898124999999310e-02
4.530000000000000000e+02 2.499426250000000987e-02
4.540000000000000000e+02 2.519802890624998903e-02
4.550000000000000000e+02 2.534717734374999573e-02
4.560000000000000000e+02 2.543878359375000009e-02
4.570000000000000000e+02 2.547049453124999516e-02
4.580000000000000000e+02 2.544062499999999102e-02
4.590000000000000000e+02 2.534803593749999223e-02
4.600000000000000000e+02 2.519219296875000250e-02
4.610000000000000000e+02 2.497321562500001008e-02
4.620000000000000000e+02 2.469187578125001115e-02
4.630000000000000000e+02 2.434980078125000350e-02
4.640000000000000000e+02 2.394904453124999111e-02
4.650000000000000000e+02 2.349239531249999388e-02
4.660000000000000000e+02 2.298331484374998776e-02
4.670000000000000000e+02 2.242590390625000263e-02
4.680000000000000000e+02 2.182478125000000130e-02
4.690000000000000000e+02 2.118520156250000563e-02
4.700000000000000000e+02 2.051292421874998870e-02
4.710000000000000000e+02 1.981431093750000288e-02
4.720000000000000000e+02 1.909610312499998921e-02
4.730000000000000000e+02 1.836567656249999542e-02
4.740000000000000000e+02 1.763066093750000757e-02
4.750000000000000000e+02 1.689938984375000119e-02
4.760000000000000000e+02 1.618021249999999564e-02
4.770000000000000000e+02 1.548203124999999666e-02
4.780000000000000000e+02 1.481383749999999611e-02
4.790000000000000000e+02 1.418473515625000118e-02
4.800000000000000000e+02 1.360387351562499826e-02
4.810000000000000000e+02 1.308009828124999732e-02
4.820000000000000000e+02 1.262198523437500601e-02
4.830000000000000000e+02 1.223744343750000733e-02
4.840000000000000000e+02 1.193404609375000106e-02
4.850000000000000000e+02 1.171783734374999553e-02
4.860000000000000000e+02 1.159413976562500594e-02
4.870000000000000000e+02 1.156688523437499928e-02
4.880000000000000000e+02 1.163836562499999741e-02
4.890000000000000000e+02 1.180933875000000736e-02
4.900000000000000000e+02 1.207860343750000176e-02
4.910000000000000000e+02 1.244311796875000563e-02
4.920000000000000000e+02 1.289759531250000112e-02
4.930000000000000000e+02 1.343506250000000776e-02
4.940000000000000000e+02 1.404580703125000302e-02
4.950000000000000000e+02 1.471856406249999645e-02
4.960000000000000000e+02 1.543981015625000251e-02
4.970000000000000000e+02 1.619460531249999544e-02
4.980000000000000000e+02 1.696661046874999718e-02
4.990000000000000000e+02 1.773893984375000260e-02
5.000000000000000000e+02 1.849503476562498749e-02
5.010000000000000000e+02 1.922028578125000928e-02
5.020000000000000000e+02 1.990354671874999815e-02
5.030000000000000000e+02 2.053971273437500342e-02
5.040000000000000000e+02 2.113336320312499475e-02
5.050000000000000000e+02 2.170280234375000089e-02
5.060000000000000000e+02 2.228586281250000828e-02
5.070000000000000000e+02 2.294777685937499437e-02
5.080000000000000000e+02 2.379035107187500372e-02
5.090000000000000000e+02 2.496457398437499850e-02
5.100000000000000000e+02 2.668690414062500210e-02
5.110000000000000000e+02 2.925957109375000934e-02
