0.000000000000000000e+00 8.119353124999995758e-04
1.000000000000000000e+00 8.103532812500000536e-04
2.000000000000000000e+00 8.071893749999998428e-04
3.000000000000000000e+00 8.024625781249997928e-04
4.000000000000000000e+00 7.961996093750000432e-04
5.000000000000000000e+00 7.884246875000000977e-04
6.000000000000000000e+00 7.791732812500000438e-04
7.000000000000000000e+00 7.684855468750002123e-04
8.000000000000000000e+00 7.564161718750003326e-04
9.000000000000000000e+00 7.430214843750000296e-04
1.000000000000000000e+01 7.283548437500001653e-04
1.100000000000000000e+01 7.124892187500002794e-04
1.200000000000000000e+01 6.954948437500000497e-04
1.300000000000000000e+01 6.774481250000004588e-04
1.400000000000000000e+01 6.584324218750002393e-04
1.500000000000000000e+01 6.385322656250004341e-04
1.600000000000000000e+01 6.178366406250001761e-04
1.700000000000000000e+01 5.964414062499999664e-04
1.800000000000000000e+01 5.744340625000000445e-04
1.900000000000000000e+01 5.519170312499997342e-04
2.000000000000000000e+01 5.289838281250000118e-04
2.100000000000000000e+01 5.057382812499998945e-04
2.200000000000000000e+01 4.822764062500002353e-04
2.300000000000000000e+01 4.587045312499999283e-04
2.400000000000000000e+01 4.351154687499997776e-04
2.500000000000000000e+01 4.116107031250000343e-04
2.600000000000000000e+01 3.882867968750001791e-04
2.700000000000000000e+01 3.652396875000001302e-04
2.800000000000000000e+01 3.425620078125000815e-04
2.900000000000000000e+01 3.203425703124997983e-04
3.000000000000000000e+01 2.986698125000001106e-04
3.100000000000000000e+01 2.776252343750001332e-04
3.200000000000000000e+01 2.572884765624999597e-04
3.300000000000000000e+01 2.377347109374999758e-04
3.400000000000000000e+01 2.190325312499998012e-04
3.500000000000000000e+01 2.012473124999999096e-04
3.600000000000000000e+01 1.844385234374999532e-04
3.700000000000000000e+01 1.686609453124999645e-04
3.800000000000000000e+01 1.539621359375000539e-04
3.900000000000000000e+01 1.403852953125000720e-04
4.000000000000000000e+01 1.279669734375000144e-04
4.100000000000000000e+01 1.167372181249999726e-04
4.200000000000000000e+01 1.067208823593749858e-04
4.300000000000000000e+01 9.793625315624995625e-05
4.400000000000000000e+01 9.039612067968753602e-05
4.500000000000000000e+01 8.410609796874998539e-05
4.600000000000000000e+01 7.906676695312499648e-05
4.700000000000000000e+01 7.527288624999997591e-05
4.800000000000000000e+01 7.271286109375000607e-05
4.900000000000000000e+01 7.137020570312498720e-05
5.000000000000000000e+01 7.122280406249998903e-05
5.100000000000000000e+01 7.224416101562499510e-05
5.200000000000000000e+01 7.440216328125002197e-05
5.300000000000000000e+01 7.766082656249997539e-05
5.400000000000000000e+01 8.197933203124998342e-05
5.500000000000000000e+01 8.731419687500001077e-05
5.600000000000000000e+01 9.361719921875003914e-05
5.700000000000000000e+01 1.008373610156249977e-04
5.800000000000000000e+01 1.089218679687500244e-04
5.900000000000000000e+01 1.178137068750000267e-04
6.000000000000000000e+01 1.274557888281249230e-04
6.100000000000000000e+01 1.377878070312499878e-04
6.200000000000000000e+01 1.487493726562499560e-04
6.300000000000000000e+01 1.602790445312499048e-04
6.400000000000000000e+01 1.723144218749999581e-04
6.500000000000000000e+01 1.847932499999999946e-04
6.600000000000000000e+01 1.976541953125001024e-04
6.700000000000000000e+01 2.108359843750000069e-04
6.800000000000000000e+01 2.242789453124999460e-04
6.900000000000000000e+01 2.379247968749999677e-04
7.000000000000000000e+01 2.517161562499999994e-04
7.100000000000000000e+01 2.655987109375000329e-04
7.200000000000000000e+01 2.795196640625000756e-04
7.300000000000000000e+01 2.934300078125000647e-04
7.400000000000000000e+01 3.072818046875000248e-04
7.500000000000000000e+01 3.210317578125000855e-04
7.600000000000000000e+01 3.346392265624999543e-04
7.700000000000000000e+01 3.480671093749999152e-04
7.800000000000000000e+01 3.612822656250001189e-04
7.900000000000000000e+01 3.742545312499999085e-04
8.000000000000000000e+01 3.869572656249999163e-04
8.100000000000000000e+01 3.993690624999999715e-04
8.200000000000000000e+01 4.114721093749999087e-04
8.300000000000000000e+01 4.232513281249998581e-04
8.400000000000000000e+01 4.346974999999999559e-04
8.500000000000000000e+01 4.458017968750001866e-04
8.600000000000000000e+01 4.565637500000000381e-04
8.700000000000000000e+01 4.669832812500001478e-04
8.800000000000000000e+01 4.770650000000000411e-04
8.900000000000000000e+01 4.868189843750002680e-04
9.000000000000000000e+01 4.962517968749999763e-04
9.100000000000000000e+01 5.053787499999998342e-04
9.200000000000000000e+01 5.142220312500000350e-04
9.300000000000000000e+01 5.227979687499998990e-04
9.400000000000000000e+01 5.311267968750000516e-04
9.500000000000000000e+01 5.392360156250001124e-04
9.600000000000000000e+01 5.471475000000002769e-04
9.700000000000000000e+01 5.548971093749998848e-04
9.800000000000000000e+01 5.625027343750000361e-04
9.900000000000000000e+01 5.700070312499997457e-04
1.000000000000000000e+02 5.774313203124997176e-04
1.010000000000000000e+02 5.848106796874998113e-04
1.020000000000000000e+02 5.921757187499999617e-04
1.030000000000000000e+02 5.995581093749998694e-04
1.040000000000000000e+02 6.069878906249999862e-04
1.050000000000000000e+02 6.144933515624999504e-04
1.060000000000000000e+02 6.221071796874999039e-04
1.070000000000000000e+02 6.298551015624997496e-04
1.080000000000000000e+02 6.377560859375000198e-04
1.090000000000000000e+02 6.458470781249998080e-04
1.100000000000000000e+02 6.541397109375001470e-04
1.110000000000000000e+02 6.626547937499999066e-04
1.120000000000000000e+02 6.714139953124999977e-04
1.130000000000000000e+02 6.804249304687500118e-04
1.140000000000000000e+02 6.897012676562497323e-04
1.150000000000000000e+02 6.992461476562500129e-04
1.160000000000000000e+02 7.090725101562501877e-04
1.170000000000000000e+02 7.191745859375002839e-04
1.180000000000000000e+02 7.295550117187499977e-04
1.190000000000000000e+02 7.402014257812497859e-04
1.200000000000000000e+02 7.511092695312499880e-04
1.210000000000000000e+02 7.622628766406246625e-04
1.220000000000000000e+02 7.736456132812498908e-04
1.230000000000000000e+02 7.852337757812499850e-04
1.240000000000000000e+02 7.970145171874999353e-04
1.250000000000000000e+02 8.089447851562501547e-04
1.260000000000000000e+02 8.210060390624999722e-04
1.270000000000000000e+02 8.331542421874999936e-04
1.280000000000000000e+02 8.453623046875000579e-04
1.290000000000000000e+02 8.575796562499994613e-04
1.300000000000000000e+02 8.697691718749998553e-04
1.310000000000000000e+02 8.818812031249999425e-04
1.320000000000000000e+02 8.938715624999999960e-04
1.330000000000000000e+02 9.056876718749998266e-04
1.340000000000000000e+02 9.172788281249996678e-04
1.350000000000000000e+02 9.285909687499998948e-04
1.360000000000000000e+02 9.395699453124997354e-04
1.370000000000000000e+02 9.501535156249999673e-04
1.380000000000000000e+02 9.602978906249998951e-04
1.390000000000000000e+02 9.699350781249994197e-04
1.400000000000000000e+02 9.790142968749998998e-04
1.410000000000000000e+02 9.874757031250003085e-04
1.420000000000000000e+02 9.952633593749997312e-04
1.430000000000000000e+02 1.002322656249999590e-03
1.440000000000000000e+02 1.008596718749999897e-03
1.450000000000000000e+02 1.014041093749999982e-03
1.460000000000000000e+02 1.018600703125000211e-03
1.470000000000000000e+02 1.022224765625000644e-03
1.480000000000000000e+02 1.024875546874999890e-03
1.490000000000000000e+02 1.026505234374999699e-03
1.500000000000000000e+02 1.027074296874999409e-03
1.510000000000000000e+02 1.026547734375000097e-03
1.520000000000000000e+02 1.024899374999999708e-03
1.530000000000000000e+02 1.022091562499999415e-03
1.540000000000000000e+02 1.018103203124999696e-03
1.550000000000000000e+02 1.012925703125000304e-03
1.560000000000000000e+02 1.006533437500000414e-03
1.570000000000000000e+02 9.989177343749996042e-04
1.580000000000000000e+02 9.900787500000003943e-04
1.590000000000000000e+02 9.800186718749996813e-04
1.600000000000000000e+02 9.687387500000001683e-04
1.610000000000000000e+02 9.562561718750007232e-04
1.620000000000000000e+02 9.425827343749999072e-04
1.630000000000000000e+02 9.277461718749997104e-04
1.640000000000000000e+02 9.117743749999998723e-04
1.650000000000000000e+02 8.947007031250001812e-04
1.660000000000000000e+02 8.765685937499998913e-04
1.670000000000000000e+02 8.574207812499997109e-04
1.680000000000000000e+02 8.373124218750002071e-04
1.690000000000000000e+02 8.162945312500001147e-04
1.700000000000000000e+02 7.944376562500001394e-04
1.710000000000000000e+02 7.718054687499998354e-04
1.720000000000000000e+02 7.484675781249998600e-04
1.730000000000000000e+02 7.245118750000002468e-04
1.740000000000000000e+02 7.000163281249998553e-04
1.750000000000000000e+02 6.750682031250004574e-04
1.760000000000000000e+02 6.497610156250004272e-04
1.770000000000000000e+02 6.241911718750001951e-04
1.780000000000000000e+02 5.984603906249999971e-04
1.790000000000000000e+02 5.726717968749998715e-04
1.800000000000000000e+02 5.469346093750002266e-04
1.810000000000000000e+02 5.213592187500002036e-04
1.820000000000000000e+02 4.960611718749999158e-04
1.830000000000000000e+02 4.711534062499999286e-04
1.840000000000000000e+02 4.467579609375000281e-04
1.850000000000000000e+02 4.229974218749998210e-04
1.860000000000000000e+02 3.999895625000000378e-04
1.870000000000000000e+02 3.778594296874999113e-04
1.880000000000000000e+02 3.567350390624999851e-04
1.890000000000000000e+02 3.367378749999999578e-04
1.900000000000000000e+02 3.179933437499999033e-04
1.910000000000000000e+02 3.006288320312499912e-04
1.920000000000000000e+02 2.847735614140624750e-04
1.930000000000000000e+02 2.705419619531249683e-04
1.940000000000000000e+02 2.580637476562501692e-04
1.950000000000000000e+02 2.474610765624999731e-04
1.960000000000000000e+02 2.388502046874998650e-04
1.970000000000000000e+02 2.323501896093749502e-04
1.980000000000000000e+02 2.280775995703125387e-04
1.990000000000000000e+02 2.261441626562499143e-04
2.000000000000000000e+02 2.266601164062499838e-04
2.010000000000000000e+02 2.297311137499999248e-04
2.020000000000000000e+02 2.354590511718750699e-04
2.030000000000000000e+02 2.439414812499999348e-04
2.040000000000000000e+02 2.552764007812500656e-04
2.050000000000000000e+02 2.695491757812501282e-04
2.060000000000000000e+02 2.868445078124999157e-04
2.070000000000000000e+02 3.072438437499997311e-04
2.080000000000000000e+02 3.308205234375001112e-04
2.090000000000000000e+02 3.576421171874998050e-04
2.100000000000000000e+02 3.877714687500002119e-04
2.110000000000000000e+02 4.212641953125000299e-04
2.120000000000000000e+02 4.581690703124999329e-04
2.130000000000000000e+02 4.985313046874999222e-04
2.140000000000000000e+02 5.423811953124995549e-04
2.150000000000000000e+02 5.897526249999996990e-04
2.160000000000000000e+02 6.406658281249997871e-04
2.170000000000000000e+02 6.951292500000002530e-04
2.180000000000000000e+02 7.531490703125000123e-04
2.190000000000000000e+02 8.147223281250002983e-04
2.200000000000000000e+02 8.798407343750000529e-04
2.210000000000000000e+02 9.484792578124996579e-04
2.220000000000000000e+02 1.020607007812499977e-03
2.230000000000000000e+02 1.096180578125000114e-03
2.240000000000000000e+02 1.175162617187500104e-03
2.250000000000000000e+02 1.257480492187500231e-03
2.260000000000000000e+02 1.343080484375000364e-03
2.270000000000000000e+02 1.431863632812499466e-03
2.280000000000000000e+02 1.523753976562500223e-03
2.290000000000000000e+02 1.618648976562500445e-03
2.300000000000000000e+02 1.716435031250000730e-03
2.310000000000000000e+02 1.816986164062500382e-03
2.320000000000000000e+02 1.920171843749999803e-03
2.330000000000000000e+02 2.025840593749998926e-03
2.340000000000000000e+02 2.133845578124999795e-03
2.350000000000000000e+02 2.244014153124999130e-03
2.360000000000000000e+02 2.356162933593748936e-03
2.370000000000000000e+02 2.470104956250000934e-03
2.380000000000000000e+02 2.585632244531249884e-03
2.390000000000000000e+02 2.702534264843749288e-03
2.400000000000000000e+02 2.820583957812497922e-03
2.410000000000000000e+02 2.939543824218751600e-03
2.420000000000000000e+02 3.059174235156249515e-03
2.430000000000000000e+02 3.179199243750000393e-03
2.440000000000000000e+02 3.299372498437499242e-03
2.450000000000000000e+02 3.419409199218749126e-03
2.460000000000000000e+02 3.539015520312500940e-03
2.470000000000000000e+02 3.657919414062499493e-03
2.480000000000000000e+02 3.775801546874999783e-03
2.490000000000000000e+02 3.892359414062499315e-03
2.500000000000000000e+02 4.007311289062497409e-03
2.510000000000000000e+02 4.120271640625000099e-03
2.520000000000000000e+02 4.230987656250000811e-03
2.530000000000000000e+02 4.339124546874998170e-03
2.540000000000000000e+02 4.444335078124999304e-03
2.550000000000000000e+02 4.546292367187498677e-03
2.560000000000000000e+02 4.644721695312498642e-03
2.570000000000000000e+02 4.739289750000001168e-03
2.580000000000000000e+02 4.829651874999997714e-03
2.590000000000000000e+02 4.915543046875000058e-03
2.600000000000000000e+02 4.996659687499996685e-03
2.610000000000000000e+02 5.072747187499999748e-03
2.620000000000000000e+02 5.143473437499999738e-03
2.630000000000000000e+02 5.208625234375006095e-03
2.640000000000000000e+02 5.267964296874999390e-03
2.650000000000000000e+02 5.321208671875000094e-03
2.660000000000000000e+02 5.368225859375002490e-03
2.670000000000000000e+02 5.408794296874994828e-03
2.680000000000000000e+02 5.442771953124998091e-03
2.690000000000000000e+02 5.470029765625000415e-03
2.700000000000000000e+02 5.490422968750002103e-03
2.710000000000000000e+02 5.503920078124999345e-03
2.720000000000000000e+02 5.510402187499998349e-03
2.730000000000000000e+02 5.509941875000001245e-03
2.740000000000000000e+02 5.502459296874996283e-03
2.750000000000000000e+02 5.488075468750001733e-03
2.760000000000000000e+02 5.466829687500002546e-03
2.770000000000000000e+02 5.438834296874995103e-03
2.780000000000000000e+02 5.404254453124997422e-03
2.790000000000000000e+02 5.363262890624994478e-03
2.800000000000000000e+02 5.316112656250000096e-03
2.810000000000000000e+02 5.263026171874999985e-03
2.820000000000000000e+02 5.204314062499998048e-03
2.830000000000000000e+02 5.140332734375003577e-03
2.840000000000000000e+02 5.071437187500001456e-03
2.850000000000000000e+02 4.998031328125001997e-03
2.860000000000000000e+02 4.920593593749999703e-03
2.870000000000000000e+02 4.839593906249999196e-03
2.880000000000000000e+02 4.755510625000001525e-03
2.890000000000000000e+02 4.668923281249998287e-03
2.900000000000000000e+02 4.580403203124998844e-03
2.910000000000000000e+02 4.490588125000001020e-03
2.920000000000000000e+02 4.400096640625001006e-03
2.930000000000000000e+02 4.309598828124997817e-03
2.940000000000000000e+02 4.219803593749999956e-03
2.950000000000000000e+02 4.131437890624999054e-03
2.960000000000000000e+02 4.045225781249999104e-03
2.970000000000000000e+02 3.961943515624999183e-03
2.980000000000000000e+02 3.882388359374999882e-03
2.990000000000000000e+02 3.807339609375000843e-03
3.000000000000000000e+02 3.737617578124999198e-03
3.010000000000000000e+02 3.674038359374998640e-03
3.020000000000000000e+02 3.617448984375000887e-03
3.030000000000000000e+02 3.568668437500000738e-03
3.040000000000000000e+02 3.528554531249998572e-03
3.050000000000000000e+02 3.497942734375000026e-03
3.060000000000000000e+02 3.477653359375001366e-03
3.070000000000000000e+02 3.468531015625000817e-03
3.080000000000000000e+02 3.471399687500000084e-03
3.090000000000000000e+02 3.487060546875000305e-03
3.100000000000000000e+02 3.516306718749999480e-03
3.110000000000000000e+02 3.559902968750000563e-03
3.120000000000000000e+02 3.618605289062500497e-03
3.130000000000000000e+02 3.693122593750000193e-03
3.140000000000000000e+02 3.784159213281249479e-03
3.150000000000000000e+02 3.892361201562501930e-03
3.160000000000000000e+02 4.018344148437499354e-03
3.170000000000000000e+02 4.162689468749997818e-03
3.180000000000000000e+02 4.325950625000001687e-03
3.190000000000000000e+02 4.508554609374999800e-03
3.200000000000000000e+02 4.710954453125000899e-03
3.210000000000000000e+02 4.933528203125000719e-03
3.220000000000000000e+02 5.176571374999999406e-03
3.230000000000000000e+02 5.440320249999999226e-03
3.240000000000000000e+02 5.725019628124998657e-03
3.250000000000000000e+02 6.030689662500003309e-03
3.260000000000000000e+02 6.357415937499998580e-03
3.270000000000000000e+02 6.705129492187498867e-03
3.280000000000000000e+02 7.073705781250003502e-03
3.290000000000000000e+02 7.462962734375000982e-03
3.300000000000000000e+02 7.872597500000000012e-03
3.310000000000000000e+02 8.302242500000002814e-03
3.320000000000000000e+02 8.751424296874999245e-03
3.330000000000000000e+02 9.219636874999999343e-03
3.340000000000000000e+02 9.706171015624999107e-03
3.350000000000000000e+02 1.021033554687500282e-02
3.360000000000000000e+02 1.073132835937499335e-02
3.370000000000000000e+02 1.126822460937499520e-02
3.380000000000000000e+02 1.182003390624999754e-02
3.390000000000000000e+02 1.238563361718750429e-02
3.400000000000000000e+02 1.296396075781250379e-02
3.410000000000000000e+02 1.355364765624999905e-02
3.420000000000000000e+02 1.415348192968749266e-02
3.430000000000000000e+02 1.476198156249999491e-02
3.440000000000000000e+02 1.537774742187499391e-02
3.450000000000000000e+02 1.599915304687499207e-02
3.460000000000000000e+02 1.662468406249999545e-02
3.470000000000000000e+02 1.725261203125000309e-02
3.480000000000000000e+02 1.788136656250000067e-02
3.490000000000000000e+02 1.850905960937499622e-02
3.500000000000000000e+02 1.913392625000000236e-02
3.510000000000000000e+02 1.975421249999999643e-02
3.520000000000000000e+02 2.036811250000000392e-02
3.530000000000000000e+02 2.097363749999999263e-02
3.540000000000000000e+02 2.156908750000000388e-02
3.550000000000000000e+02 2.215259374999999781e-02
3.560000000000000000e+02 2.272221484375000489e-02
3.570000000000000000e+02 2.327620937499999543e-02
3.580000000000000000e+02 2.381276171874999181e-02
3.590000000000000000e+02 2.433010468749999961e-02
3.600000000000000000e+02 2.482667109375000583e-02
3.610000000000000000e+02 2.530063437500001261e-02
3.620000000000000000e+02 2.575052031249998319e-02
3.630000000000000000e+02 2.617483046874999331e-02
3.640000000000000000e+02 2.657215000000000965e-02
3.650000000000000000e+02 2.694100390625000369e-02
3.660000000000000000e+02 2.728021640624999494e-02
3.670000000000000000e+02 2.758883515624998770e-02
3.680000000000000000e+02 2.786562187499999621e-02
3.690000000000000000e+02 2.810977187500000515e-02
3.700000000000000000e+02 2.832046875000000796e-02
3.710000000000000000e+02 2.849710703124998940e-02
3.720000000000000000e+02 2.863921718750000664e-02
3.730000000000000000e+02 2.874631953125001207e-02
3.740000000000000000e+02 2.881826250000000048e-02
3.750000000000000000e+02 2.885495859375000749e-02
3.760000000000000000e+02 2.885648984374998213e-02
3.770000000000000000e+02 2.882308281250000465e-02
3.780000000000000000e+02 2.875516093750000307e-02
3.790000000000000000e+02 2.865318125000000660e-02
3.800000000000000000e+02 2.851784062500000924e-02
3.810000000000000000e+02 2.835010000000001001e-02
3.820000000000000000e+02 2.815080234374999629e-02
3.830000000000000000e+02 2.792115625000000240e-02
3.840000000000000000e+02 2.766250624999999283e-02
3.850000000000000000e+02 2.737617343749998086e-02
3.860000000000000000e+02 2.706373828124999936e-02
3.870000000000000000e+02 2.672687101562500056e-02
3.880000000000000000e+02 2.636743593750001322e-02
3.890000000000000000e+02 2.598734695312501092e-02
3.900000000000000000e+02 2.558852203125000849e-02
3.910000000000000000e+02 2.517314390624999718e-02
3.920000000000000000e+02 2.474335539062501310e-02
3.930000000000000000e+02 2.430144773437499517e-02
3.940000000000000000e+02 2.384970343749999791e-02
3.950000000000000000e+02 2.339060868749999814e-02
3.960000000000000000e+02 2.292654634374999972e-02
3.970000000000000000e+02 2.245989887500000545e-02
3.980000000000000000e+02 2.199328313906249652e-02
3.990000000000000000e+02 2.152910443359373760e-02
4.000000000000000000e+02 2.106993819140625529e-02
4.010000000000000000e+02 2.061835571874999495e-02
4.020000000000000000e+02 2.017673212500001312e-02
4.030000000000000000e+02 1.974766541406251102e-02
4.040000000000000000e+02 1.933346332031250434e-02
4.050000000000000000e+02 1.893651595312499658e-02
4.060000000000000000e+02 1.855929307812498666e-02
4.070000000000000000e+02 1.820384489062499417e-02
4.080000000000000000e+02 1.787231395312499291e-02
4.090000000000000000e+02 1.756670285156250108e-02
4.100000000000000000e+02 1.728897433828124885e-02
4.110000000000000000e+02 1.704080459687500396e-02
4.120000000000000000e+02 1.682373307343749957e-02
4.130000000000000000e+02 1.663924394531251030e-02
4.140000000000000000e+02 1.648860143749999660e-02
4.150000000000000000e+02 1.637283312500000670e-02
4.160000000000000000e+02 1.629286945312500776e-02
4.170000000000000000e+02 1.624943835937501385e-02
4.180000000000000000e+02 1.624310039062499059e-02
4.190000000000000000e+02 1.627419414062500347e-02
4.200000000000000000e+02 1.634302187499999184e-02
4.210000000000000000e+02 1.644949984375000326e-02
4.220000000000000000e+02 1.659363914062499806e-02
4.230000000000000000e+02 1.677512656250000275e-02
4.240000000000000000e+02 1.699344296875000826e-02
4.250000000000000000e+02 1.724800781250001441e-02
4.260000000000000000e+02 1.753816562500000106e-02
4.270000000000000000e+02 1.786283124999999555e-02
4.280000000000000000e+02 1.822089843750000077e-02
4.290000000000000000e+02 1.861102578124999504e-02
4.300000000000000000e+02 1.903167109375000082e-02
4.310000000000000000e+02 1.948106406249998368e-02
4.320000000000000000e+02 1.995721874999999146e-02
4.330000000000000000e+02 2.045784062499999764e-02
4.340000000000000000e+02 2.098043749999999041e-02
4.350000000000000000e+02 2.152237187499999455e-02
4.360000000000000000e+02 2.208040781250000806e-02
4.370000000000000000e+02 2.265150312500000332e-02
4.380000000000000000e+02 2.323199765625000995e-02
4.390000000000000000e+02 2.381803359375001677e-02
4.400000000000000000e+02 2.440573046875000110e-02
4.410000000000000000e+02 2.499069765625000494e-02
4.420000000000000000e+02 2.556865468749999759e-02
4.430000000000000000e+02 2.613482812499999530e-02
4.440000000000000000e+02 2.668464296875000530e-02
4.450000000000000000e+02 2.721304218750002571e-02
4.460000000000000000e+02 2.771522265624998954e-02
4.470000000000000000e+02 2.818618437499997853e-02
4.480000000000000000e+02 2.862090859374997326e-02
4.490000000000000000e+02 2.901456796875001229e-02
4.500000000000000000e+02 2.936234609375000179e-02
4.510000000000000000e+02 2.965968984375002074e-02
4.520000000000000000e+02 2.990231796874999112e-02
4.530000000000000000e+02 3.008604453124998079e-02
4.540000000000000000e+02 3.020741093750000175e-02
4.550000000000000000e+02 3.026304140624999292e-02
4.560000000000000000e+02 3.025027500000001049e-02
4.570000000000000000e+02 3.016686875000000601e-02
4.580000000000000000e+02 3.001123203124999791e-02
4.590000000000000000e+02 2.978229921875001629e-02
4.600000000000000000e+02 2.947979687500000903e-02
4.610000000000000000e+02 2.910393828125000873e-02
4.620000000000000000e+02 2.865577734375000796e-02
4.630000000000000000e+02 2.813698281249997490e-02
4.640000000000000000e+02 2.754970937499998454e-02
4.650000000000000000e+02 2.689708046874999398e-02
4.660000000000000000e+02 2.618266093749999773e-02
4.670000000000000000e+02 2.541079843750000677e-02
4.680000000000000000e+02 2.458640546875000277e-02
4.690000000000000000e+02 2.371516093749997944e-02
4.700000000000000000e+02 2.280323749999998983e-02
4.710000000000000000e+02 2.185760703125000717e-02
4.720000000000000000e+02 2.088578906249999312e-02
4.730000000000000000e+02 1.989581875000001263e-02
4.740000000000000000e+02 1.889652265625001160e-02
4.750000000000000000e+02 1.789702109375000683e-02
4.760000000000000000e+02 1.690709062499999929e-02
4.770000000000000000e+02 1.593655859375000400e-02
4.780000000000000000e+02 1.499572499999999968e-02
4.790000000000000000e+02 1.409478203124999753e-02
4.800000000000000000e+02 1.324388828124999605e-02
4.810000000000000000e+02 1.245297109374999579e-02
4.820000000000000000e+02 1.173144218749999981e-02
4.830000000000000000e+02 1.108814140624999646e-02
4.840000000000000000e+02 1.053112187500000393e-02
4.850000000000000000e+02 1.006744765625000593e-02
4.860000000000000000e+02 9.702937500000004961e-03
4.870000000000000000e+02 9.442389062500002386e-03
4.880000000000000000e+02 9.288810156249998826e-03
4.890000000000000000e+02 9.243896875000004454e-03
4.900000000000000000e+02 9.307320312500002440e-03
4.910000000000000000e+02 9.476983593750007082e-03
4.920000000000000000e+02 9.748587499999999267e-03
4.930000000000000000e+02 1.011592968749999363e-02
4.940000000000000000e+02 1.057029124999999715e-02
4.950000000000000000e+02 1.110075109375000153e-02
4.960000000000000000e+02 1.169423132812500571e-02
4.970000000000000000e+02 1.233563828125000712e-02
4.980000000000000000e+02 1.300819515624999922e-02
4.990000000000000000e+02 1.369407679687500295e-02
5.000000000000000000e+02 1.437549835937500069e-02
5.010000000000000000e+02 1.503563265624999722e-02
5.020000000000000000e+02 1.566082289062499522e-02
5.030000000000000000e+02 1.624318546875000782e-02
5.040000000000000000e+02 1.678367960937499070e-02
5.050000000000000000e+02 1.729728515625000157e-02
5.060000000000000000e+02 1.781916812499999975e-02
5.070000000000000000e+02 1.841338093750000127e-02
5.080000000000000000e+02 1.918429718750000457e-02
5.090000000000000000e+02 2.029204132812499964e-02
5.100000000000000000e+02 2.197295657812499761e-02
5.110000000000000000e+02 2.456705271093750573e-02
