0.000000000000000000e+00 8.122082812499999875e-04
1.000000000000000000e+00 8.109221875000000631e-04
2.000000000000000000e+00 8.083591406249998482e-04
3.000000000000000000e+00 8.045251562499994291e-04
4.000000000000000000e+00 7.994372656249998160e-04
5.000000000000000000e+00 7.931222656249999146e-04
6.000000000000000000e+00 7.856042968750004624e-04
7.000000000000000000e+00 7.769113281249997484e-04
8.000000000000000000e+00 7.670865625000001858e-04
9.000000000000000000e+00 7.561646093750002545e-04
1.000000000000000000e+01 7.441989843749999755e-04
1.100000000000000000e+01 7.312380468750000239e-04
1.200000000000000000e+01 7.173355468749998635e-04
1.300000000000000000e+01 7.025498437500001100e-04
1.400000000000000000e+01 6.869396093750000220e-04
1.500000000000000000e+01 6.705758593750001670e-04
1.600000000000000000e+01 6.535208593749999720e-04
1.700000000000000000e+01 6.358471874999999411e-04
1.800000000000000000e+01 6.176232031249999799e-04
1.900000000000000000e+01 5.989262500000000359e-04
2.000000000000000000e+01 5.798281250000001568e-04
2.100000000000000000e+01 5.604074218749999572e-04
2.200000000000000000e+01 5.407367968750000087e-04
2.300000000000000000e+01 5.208967187499999145e-04
2.400000000000000000e+01 5.009604375000002588e-04
2.500000000000000000e+01 4.810066796875000442e-04
2.600000000000000000e+01 4.611065312500000723e-04
2.700000000000000000e+01 4.413362812499995987e-04
2.800000000000000000e+01 4.217671484375000598e-04
2.900000000000000000e+01 4.024677968750001167e-04
3.000000000000000000e+01 3.835071171874999919e-04
3.100000000000000000e+01 3.649497812500000142e-04
3.200000000000000000e+01 3.468573749999999140e-04
3.300000000000000000e+01 3.292896249999999127e-04
3.400000000000000000e+01 3.123024296875000238e-04
3.500000000000000000e+01 2.959463281249998293e-04
3.600000000000000000e+01 2.802718828124999288e-04
3.700000000000000000e+01 2.653217664062499899e-04
3.800000000000000000e+01 2.511364171875000973e-04
3.900000000000000000e+01 2.377526351562499250e-04
4.000000000000000000e+01 2.252019054687500420e-04
4.100000000000000000e+01 2.135112562500000020e-04
4.200000000000000000e+01 2.027040982812500030e-04
4.300000000000000000e+01 1.927974100781249445e-04
4.400000000000000000e+01 1.838070389843749429e-04
4.500000000000000000e+01 1.757412513281250157e-04
4.600000000000000000e+01 1.686059677343749780e-04
4.700000000000000000e+01 1.624021152343750694e-04
4.800000000000000000e+01 1.571264337499998927e-04
4.900000000000000000e+01 1.527717959374999416e-04
5.000000000000000000e+01 1.493260278906249764e-04
5.100000000000000000e+01 1.467753147656249721e-04
5.200000000000000000e+01 1.451010742187499800e-04
5.300000000000000000e+01 1.442810320312500039e-04
5.400000000000000000e+01 1.442908281249999868e-04
5.500000000000000000e+01 1.451026882812500357e-04
5.600000000000000000e+01 1.466858585937499937e-04
5.700000000000000000e+01 1.490079460937499922e-04
5.800000000000000000e+01 1.520335429687500253e-04
5.900000000000000000e+01 1.557272953125000481e-04
6.000000000000000000e+01 1.600494499999999623e-04
6.100000000000000000e+01 1.649607453124999961e-04
6.200000000000000000e+01 1.704207685937501253e-04
6.300000000000000000e+01 1.763895044531249914e-04
6.400000000000000000e+01 1.828231665624999928e-04
6.500000000000000000e+01 1.896822249999999862e-04
6.600000000000000000e+01 1.969235820312499358e-04
6.700000000000000000e+01 2.045064531249999749e-04
6.800000000000000000e+01 2.123901484374999670e-04
6.900000000000000000e+01 2.205358671875000875e-04
7.000000000000000000e+01 2.289042578124999617e-04
7.100000000000000000e+01 2.374596640624999531e-04
7.200000000000000000e+01 2.461646171874999969e-04
7.300000000000000000e+01 2.549872812499999909e-04
7.400000000000000000e+01 2.638948515625000714e-04
7.500000000000000000e+01 2.728592031250000262e-04
7.600000000000000000e+01 2.818514296875000540e-04
7.700000000000000000e+01 2.908469062499999432e-04
7.800000000000000000e+01 2.998245703125001008e-04
7.900000000000000000e+01 3.087637734374999569e-04
8.000000000000000000e+01 3.176473906250000686e-04
8.100000000000000000e+01 3.264611640624999716e-04
8.200000000000000000e+01 3.351940859374999849e-04
8.300000000000000000e+01 3.438366562500000671e-04
8.400000000000000000e+01 3.523823437499998073e-04
8.500000000000000000e+01 3.608279687499999573e-04
8.600000000000000000e+01 3.691732031249999853e-04
8.700000000000000000e+01 3.774192187500000875e-04
8.800000000000000000e+01 3.855689843750000024e-04
8.900000000000000000e+01 3.936302343749998331e-04
9.000000000000000000e+01 4.016130468750000754e-04
9.100000000000000000e+01 4.095260937499997970e-04
9.200000000000000000e+01 4.173810156250001889e-04
9.300000000000000000e+01 4.251940625000000707e-04
9.400000000000000000e+01 4.329804765625000387e-04
9.500000000000000000e+01 4.407595546874998023e-04
9.600000000000000000e+01 4.485462343749999558e-04
9.700000000000000000e+01 4.563620468750000081e-04
9.800000000000000000e+01 4.642274062500000020e-04
9.900000000000000000e+01 4.721603203125000542e-04
1.000000000000000000e+02 4.801846796875000037e-04
1.010000000000000000e+02 4.883180468750000390e-04
1.020000000000000000e+02 4.965864765625001070e-04
1.030000000000000000e+02 5.050004453125000060e-04
1.040000000000000000e+02 5.135909609375000030e-04
1.050000000000000000e+02 5.223692578124999311e-04
1.060000000000000000e+02 5.313569062500001459e-04
1.070000000000000000e+02 5.405656484375001049e-04
1.080000000000000000e+02 5.500151843750000205e-04
1.090000000000000000e+02 5.597126351562499392e-04
1.100000000000000000e+02 5.696761953124999771e-04
1.110000000000000000e+02 5.799094640625002128e-04
1.120000000000000000e+02 5.904169226562499791e-04
1.130000000000000000e+02 6.012094037500000229e-04
1.140000000000000000e+02 6.122879835937499468e-04
1.150000000000000000e+02 6.236436054687501205e-04
1.160000000000000000e+02 6.352811374999999027e-04
1.170000000000000000e+02 6.471926218750003812e-04
1.180000000000000000e+02 6.593647882812501276e-04
1.190000000000000000e+02 6.717896992187500672e-04
1.200000000000000000e+02 6.844470799999997088e-04
1.210000000000000000e+02 6.973204106250000108e-04
1.220000000000000000e+02 7.103930084374997494e-04
1.230000000000000000e+02 7.236359718750001073e-04
1.240000000000000000e+02 7.370217914062499173e-04
1.250000000000000000e+02 7.505236328125000026e-04
1.260000000000000000e+02 7.641019882812497997e-04
1.270000000000000000e+02 7.777270937500000347e-04
1.280000000000000000e+02 7.913616171874998662e-04
1.290000000000000000e+02 8.049658750000003408e-04
1.300000000000000000e+02 8.184897031250001074e-04
1.310000000000000000e+02 8.319016484374997834e-04
1.320000000000000000e+02 8.451387578125001956e-04
1.330000000000000000e+02 8.581722734374996756e-04
1.340000000000000000e+02 8.709337890624999686e-04
1.350000000000000000e+02 8.833834062499998493e-04
1.360000000000000000e+02 8.954705156250000438e-04
1.370000000000000000e+02 9.071355156250001566e-04
1.380000000000000000e+02 9.183335546874996178e-04
1.390000000000000000e+02 9.290101250000000130e-04
1.400000000000000000e+02 9.391053437499997936e-04
1.410000000000000000e+02 9.485736718750000527e-04
1.420000000000000000e+02 9.573658593750002587e-04
1.430000000000000000e+02 9.654262499999998913e-04
1.440000000000000000e+02 9.727060156249997145e-04
1.450000000000000000e+02 9.791574218750000256e-04
1.460000000000000000e+02 9.847328125000005383e-04
1.470000000000000000e+02 9.893898437500000132e-04
1.480000000000000000e+02 9.930903125000001275e-04
1.490000000000000000e+02 9.957906249999999744e-04
1.500000000000000000e+02 9.974593750000002555e-04
1.510000000000000000e+02 9.980565624999999073e-04
1.520000000000000000e+02 9.975587499999999906e-04
1.530000000000000000e+02 9.959390625000001229e-04
1.540000000000000000e+02 9.931756249999996750e-04
1.550000000000000000e+02 9.892472656250002501e-04
1.560000000000000000e+02 9.841406250000002062e-04
1.570000000000000000e+02 9.778535937499997863e-04
1.580000000000000000e+02 9.703762499999996592e-04
1.590000000000000000e+02 9.617032812500000191e-04
1.600000000000000000e+02 9.518545312499999619e-04
1.610000000000000000e+02 9.408274218749999775e-04
1.620000000000000000e+02 9.286441406249997714e-04
1.630000000000000000e+02 9.153203906249998602e-04
1.640000000000000000e+02 9.008847656250001555e-04
1.650000000000000000e+02 8.853678906250002584e-04
1.660000000000000000e+02 8.688053906249996322e-04
1.670000000000000000e+02 8.512418749999999500e-04
1.680000000000000000e+02 8.327181249999996955e-04
1.690000000000000000e+02 8.132913281249996677e-04
1.700000000000000000e+02 7.930195312499998877e-04
1.710000000000000000e+02 7.719585156249999429e-04
1.720000000000000000e+02 7.501820312499997206e-04
1.730000000000000000e+02 7.277599999999999304e-04
1.740000000000000000e+02 7.047698437500002615e-04
1.750000000000000000e+02 6.812935156249999699e-04
1.760000000000000000e+02 6.574196093749999116e-04
1.770000000000000000e+02 6.332303906250001538e-04
1.780000000000000000e+02 6.088274843749995726e-04
1.790000000000000000e+02 5.843037578124998105e-04
1.800000000000000000e+02 5.597681484375001230e-04
1.810000000000000000e+02 5.353191718750000471e-04
1.820000000000000000e+02 5.110686718750000190e-04
1.830000000000000000e+02 4.871256718750000079e-04
1.840000000000000000e+02 4.636071796875001171e-04
1.850000000000000000e+02 4.406249296875000814e-04
1.860000000000000000e+02 4.182999140624999671e-04
1.870000000000000000e+02 3.967484453125000809e-04
1.880000000000000000e+02 3.761006406250001310e-04
1.890000000000000000e+02 3.564677625000000033e-04
1.900000000000000000e+02 3.379780085937500152e-04
1.910000000000000000e+02 3.207553164062499295e-04
1.920000000000000000e+02 3.049213792968750395e-04
1.930000000000000000e+02 2.906005549218750148e-04
1.940000000000000000e+02 2.779155617187501251e-04
1.950000000000000000e+02 2.669894356250000766e-04
1.960000000000000000e+02 2.579423089843750237e-04
1.970000000000000000e+02 2.508910872656249500e-04
1.980000000000000000e+02 2.459561890625000589e-04
1.990000000000000000e+02 2.432522468749999433e-04
2.000000000000000000e+02 2.428910210937500268e-04
2.010000000000000000e+02 2.449820078125000840e-04
2.020000000000000000e+02 2.496318593750000855e-04
2.030000000000000000e+02 2.569427734374999392e-04
2.040000000000000000e+02 2.670149453125000329e-04
2.050000000000000000e+02 2.799421640625000059e-04
2.060000000000000000e+02 2.958149921874998409e-04
2.070000000000000000e+02 3.147177656249999247e-04
2.080000000000000000e+02 3.367315624999999194e-04
2.090000000000000000e+02 3.619301250000000417e-04
2.100000000000000000e+02 3.903826015624998363e-04
2.110000000000000000e+02 4.221505703125002303e-04
2.120000000000000000e+02 4.572908281250001681e-04
2.130000000000000000e+02 4.958501171874999834e-04
2.140000000000000000e+02 5.378748359374999196e-04
2.150000000000000000e+02 5.833939765624995702e-04
2.160000000000000000e+02 6.324364374999995536e-04
2.170000000000000000e+02 6.850204921874997925e-04
2.180000000000000000e+02 7.411575781249999046e-04
2.190000000000000000e+02 8.008459687500002564e-04
2.200000000000000000e+02 8.640807265624998691e-04
2.210000000000000000e+02 9.308456484375001155e-04
2.220000000000000000e+02 1.001110510156249210e-03
2.230000000000000000e+02 1.074840946874999932e-03
2.240000000000000000e+02 1.151986088281250174e-03
2.250000000000000000e+02 1.232498321093749736e-03
2.260000000000000000e+02 1.316298975468750731e-03
2.270000000000000000e+02 1.403318740781249897e-03
2.280000000000000000e+02 1.493464243749999688e-03
2.290000000000000000e+02 1.586628229687501741e-03
2.300000000000000000e+02 1.682709731250000553e-03
2.310000000000000000e+02 1.781578196874999400e-03
2.320000000000000000e+02 1.883096465625000698e-03
2.330000000000000000e+02 1.987118117187500112e-03
2.340000000000000000e+02 2.093486742187500131e-03
2.350000000000000000e+02 2.202028859375000387e-03
2.360000000000000000e+02 2.312561726562499705e-03
2.370000000000000000e+02 2.424888492187498700e-03
2.380000000000000000e+02 2.538806539062497120e-03
2.390000000000000000e+02 2.654093148437498568e-03
2.400000000000000000e+02 2.770520828124997236e-03
2.410000000000000000e+02 2.887849343749999877e-03
2.420000000000000000e+02 3.005827125000000346e-03
2.430000000000000000e+02 3.124197343750001118e-03
2.440000000000000000e+02 3.242687882812502094e-03
2.450000000000000000e+02 3.361017328125000259e-03
2.460000000000000000e+02 3.478895835937499854e-03
2.470000000000000000e+02 3.596046960937501324e-03
2.480000000000000000e+02 3.712126078125000013e-03
2.490000000000000000e+02 3.826880414062499083e-03
2.500000000000000000e+02 3.939950312500000926e-03
2.510000000000000000e+02 4.051077539062497915e-03
2.520000000000000000e+02 4.159854851562499491e-03
2.530000000000000000e+02 4.266069632812498520e-03
2.540000000000000000e+02 4.369300124999997773e-03
2.550000000000000000e+02 4.469287164062501171e-03
2.560000000000000000e+02 4.565708203125000246e-03
2.570000000000000000e+02 4.658241359374998107e-03
2.580000000000000000e+02 4.746568101562501085e-03
2.590000000000000000e+02 4.830428851562502263e-03
2.600000000000000000e+02 4.909484585937500326e-03
2.610000000000000000e+02 4.983522734375000693e-03
2.620000000000000000e+02 5.052202367187497850e-03
2.630000000000000000e+02 5.115328875000000122e-03
2.640000000000000000e+02 5.172673960937495402e-03
2.650000000000000000e+02 5.224003578124997160e-03
2.660000000000000000e+02 5.269101906249995179e-03
2.670000000000000000e+02 5.307821218749999778e-03
2.680000000000000000e+02 5.340009429687499719e-03
2.690000000000000000e+02 5.365506984374998969e-03
2.700000000000000000e+02 5.384273140625003146e-03
2.710000000000000000e+02 5.396177242187502957e-03
2.720000000000000000e+02 5.401243109374998658e-03
2.730000000000000000e+02 5.399381257812501354e-03
2.740000000000000000e+02 5.390676429687497884e-03
2.750000000000000000e+02 5.375156078124999383e-03
2.760000000000000000e+02 5.352894195312500950e-03
2.770000000000000000e+02 5.324054781250002998e-03
2.780000000000000000e+02 5.288767242187502465e-03
2.790000000000000000e+02 5.247218343749999493e-03
2.800000000000000000e+02 5.199656515624995375e-03
2.810000000000000000e+02 5.146373343749999912e-03
2.820000000000000000e+02 5.087587367187503679e-03
2.830000000000000000e+02 5.023733679687500571e-03
2.840000000000000000e+02 4.955158000000001173e-03
2.850000000000000000e+02 4.882266671874999769e-03
2.860000000000000000e+02 4.805492273437499823e-03
2.870000000000000000e+02 4.725338781250002125e-03
2.880000000000000000e+02 4.642298851562500633e-03
2.890000000000000000e+02 4.556931093750000127e-03
2.900000000000000000e+02 4.469824921874998927e-03
2.910000000000000000e+02 4.381562578124999566e-03
2.920000000000000000e+02 4.292795625000001697e-03
2.930000000000000000e+02 4.204180000000000070e-03
2.940000000000000000e+02 4.116393046874999850e-03
2.950000000000000000e+02 4.030139765625003791e-03
2.960000000000000000e+02 3.946147343749999495e-03
2.970000000000000000e+02 3.865160234375000173e-03
2.980000000000000000e+02 3.787933906250000662e-03
2.990000000000000000e+02 3.715233046874998318e-03
3.000000000000000000e+02 3.647831328125001379e-03
3.010000000000000000e+02 3.586523671874999528e-03
3.020000000000000000e+02 3.532104062499998118e-03
3.030000000000000000e+02 3.485347109375000127e-03
3.040000000000000000e+02 3.447057187500001535e-03
3.050000000000000000e+02 3.418019453124998899e-03
3.060000000000000000e+02 3.399007734375001245e-03
3.070000000000000000e+02 3.390793749999999624e-03
3.080000000000000000e+02 3.394135546874999659e-03
3.090000000000000000e+02 3.409764296875002036e-03
3.100000000000000000e+02 3.438412421875000711e-03
3.110000000000000000e+02 3.480776015625000955e-03
3.120000000000000000e+02 3.537523249999999751e-03
3.130000000000000000e+02 3.609297914062499762e-03
3.140000000000000000e+02 3.696717300781249705e-03
3.150000000000000000e+02 3.800355239062501618e-03
3.160000000000000000e+02 3.920746515624999422e-03
3.170000000000000000e+02 4.058412406249998008e-03
3.180000000000000000e+02 4.213779687499999600e-03
3.190000000000000000e+02 4.387276703125001648e-03
3.200000000000000000e+02 4.579223992187500016e-03
3.210000000000000000e+02 4.790002264062499099e-03
3.220000000000000000e+02 5.019784882812500411e-03
3.230000000000000000e+02 5.268815007812498522e-03
3.240000000000000000e+02 5.537167437500000594e-03
3.250000000000000000e+02 5.824987734374998533e-03
3.260000000000000000e+02 6.132249140624998832e-03
3.270000000000000000e+02 6.458860937499998935e-03
3.280000000000000000e+02 6.804675703125002278e-03
3.290000000000000000e+02 7.169524531249999756e-03
3.300000000000000000e+02 7.553115468750001490e-03
3.310000000000000000e+02 7.955114609374997620e-03
3.320000000000000000e+02 8.375073828125002839e-03
3.330000000000000000e+02 8.812518359375000332e-03
3.340000000000000000e+02 9.266800703124997846e-03
3.350000000000000000e+02 9.737300156250001601e-03
3.360000000000000000e+02 1.022332703124999992e-02
3.370000000000000000e+02 1.072399068749999886e-02
3.380000000000000000e+02 1.123842557812499560e-02
3.390000000000000000e+02 1.176576689843750363e-02
3.400000000000000000e+02 1.230477513281250448e-02
3.410000000000000000e+02 1.285457721093750255e-02
3.420000000000000000e+02 1.341382555468749807e-02
3.430000000000000000e+02 1.398135880468749995e-02
3.440000000000000000e+02 1.455586085937499857e-02
3.450000000000000000e+02 1.513598999999999500e-02
3.460000000000000000e+02 1.572022406250000309e-02
3.470000000000000000e+02 1.630720992187499607e-02
3.480000000000000000e+02 1.689547531249999471e-02
3.490000000000000000e+02 1.748327710937501098e-02
3.500000000000000000e+02 1.806919921875000182e-02
3.510000000000000000e+02 1.865153203124999756e-02
3.520000000000000000e+02 1.922864140624998969e-02
3.530000000000000000e+02 1.979887109375001036e-02
3.540000000000000000e+02 2.036057109374999827e-02
3.550000000000000000e+02 2.091202265625000112e-02
3.560000000000000000e+02 2.145165937500000466e-02
3.570000000000000000e+02 2.197770312499998727e-02
3.580000000000000000e+02 2.248850000000001889e-02
3.590000000000000000e+02 2.298254843750001733e-02
3.600000000000000000e+02 2.345819531249998535e-02
3.610000000000000000e+02 2.391393281249999322e-02
3.620000000000000000e+02 2.434822890624999472e-02
3.630000000000000000e+02 2.475972890625000727e-02
3.640000000000000000e+02 2.514696015624999156e-02
3.650000000000000000e+02 2.550875000000000017e-02
3.660000000000000000e+02 2.584383046874999881e-02
3.670000000000000000e+02 2.615107343750000535e-02
3.680000000000000000e+02 2.642942656250001077e-02
3.690000000000000000e+02 2.667804062500000323e-02
3.700000000000000000e+02 2.689595234374999796e-02
3.710000000000000000e+02 2.708266953125001292e-02
3.720000000000000000e+02 2.723737343749998985e-02
3.730000000000000000e+02 2.735967031249999376e-02
3.740000000000000000e+02 2.744932109374999263e-02
3.750000000000000000e+02 2.750595156249999174e-02
3.760000000000000000e+02 2.752965703125000163e-02
3.770000000000000000e+02 2.752037734375001321e-02
3.780000000000000000e+02 2.747828515624999371e-02
3.790000000000000000e+02 2.740385000000001084e-02
3.800000000000000000e+02 2.729744687500000946e-02
3.810000000000000000e+02 2.715976328125000588e-02
3.820000000000000000e+02 2.699159375000000430e-02
3.830000000000000000e+02 2.679375953125001306e-02
3.840000000000000000e+02 2.656729210937499794e-02
3.850000000000000000e+02 2.631349093750000312e-02
3.860000000000000000e+02 2.603356757812499978e-02
3.870000000000000000e+02 2.572900390625000241e-02
3.880000000000000000e+02 2.540132117187499441e-02
3.890000000000000000e+02 2.505225335937499159e-02
3.900000000000000000e+02 2.468341992187499806e-02
3.910000000000000000e+02 2.429686867187498892e-02
3.920000000000000000e+02 2.389445542187499869e-02
3.930000000000000000e+02 2.347832892187498924e-02
3.940000000000000000e+02 2.305051659374999368e-02
3.950000000000000000e+02 2.261331562499997727e-02
3.960000000000000000e+02 2.216888345312500314e-02
3.970000000000000000e+02 2.171959631953125636e-02
3.980000000000000000e+02 2.126775832031251035e-02
3.990000000000000000e+02 2.081574394531250996e-02
4.000000000000000000e+02 2.036599446875000941e-02
4.010000000000000000e+02 1.992093218750000047e-02
4.020000000000000000e+02 1.948287980468750222e-02
4.030000000000000000e+02 1.905430312500000500e-02
4.040000000000000000e+02 1.863759085937500073e-02
4.050000000000000000e+02 1.823506015625001031e-02
4.060000000000000000e+02 1.784903984375000099e-02
4.070000000000000000e+02 1.748170507812498928e-02
4.080000000000000000e+02 1.713528420312498968e-02
4.090000000000000000e+02 1.681180448437500155e-02
4.100000000000000000e+02 1.651323861718749508e-02
4.110000000000000000e+02 1.624141249218751318e-02
4.120000000000000000e+02 1.599811864765623981e-02
4.130000000000000000e+02 1.578484986249998820e-02
4.140000000000000000e+02 1.560307592968750157e-02
4.150000000000000000e+02 1.545402331249999539e-02
4.160000000000000000e+02 1.533884857812499967e-02
4.170000000000000000e+02 1.525850882812499962e-02
4.180000000000000000e+02 1.521370812499999066e-02
4.190000000000000000e+02 1.520506539062500308e-02
4.200000000000000000e+02 1.523305640625000068e-02
4.210000000000000000e+02 1.529790468750000590e-02
4.220000000000000000e+02 1.539971937499999034e-02
4.230000000000000000e+02 1.553841343750000069e-02
4.240000000000000000e+02 1.571365117187500243e-02
4.250000000000000000e+02 1.592517734374999938e-02
4.260000000000000000e+02 1.617219765625000499e-02
4.270000000000000000e+02 1.645398984374999568e-02
4.280000000000000000e+02 1.676959453125000457e-02
4.290000000000000000e+02 1.711789453125001081e-02
4.300000000000000000e+02 1.749729374999998976e-02
4.310000000000000000e+02 1.790631640624999743e-02
4.320000000000000000e+02 1.834307656250001167e-02
4.330000000000000000e+02 1.880541874999999349e-02
4.340000000000000000e+02 1.929108281249999196e-02
4.350000000000000000e+02 1.979731640624999081e-02
4.360000000000000000e+02 2.032128281249999738e-02
4.370000000000000000e+02 2.085975078124999160e-02
4.380000000000000000e+02 2.140941015624999236e-02
4.390000000000000000e+02 2.196646484375000194e-02
4.400000000000000000e+02 2.252693437500001214e-02
4.410000000000000000e+02 2.308674921874996969e-02
4.420000000000000000e+02 2.364135546874998606e-02
4.430000000000000000e+02 2.418641249999999715e-02
4.440000000000000000e+02 2.471713437500000152e-02
4.450000000000000000e+02 2.522857968750000235e-02
4.460000000000000000e+02 2.571591953125001301e-02
4.470000000000000000e+02 2.617428437499999191e-02
4.480000000000000000e+02 2.659873203125000599e-02
4.490000000000000000e+02 2.698450312500001724e-02
4.500000000000000000e+02 2.732683671875000414e-02
4.510000000000000000e+02 2.762128203125000653e-02
4.520000000000000000e+02 2.786366171874999145e-02
4.530000000000000000e+02 2.804996250000000788e-02
4.540000000000000000e+02 2.817670624999999915e-02
4.550000000000000000e+02 2.824089140624999258e-02
4.560000000000000000e+02 2.823982578125000184e-02
4.570000000000000000e+02 2.817150468750001524e-02
4.580000000000000000e+02 2.803443828125000425e-02
4.590000000000000000e+02 2.782781953124999902e-02
4.600000000000000000e+02 2.755144296874999579e-02
4.610000000000000000e+02 2.720578749999999491e-02
4.620000000000000000e+02 2.679203906250000183e-02
4.630000000000000000e+02 2.631193437499999843e-02
4.640000000000000000e+02 2.576811250000001288e-02
4.650000000000000000e+02 2.516360937499999284e-02
4.660000000000000000e+02 2.450233984375002616e-02
4.670000000000000000e+02 2.378873906250000142e-02
4.680000000000000000e+02 2.302777734374998608e-02
4.690000000000000000e+02 2.222520703124999247e-02
4.700000000000000000e+02 2.138736484375000982e-02
4.710000000000000000e+02 2.052110624999999022e-02
4.720000000000000000e+02 1.963377031249998947e-02
4.730000000000000000e+02 1.873348671875000801e-02
4.740000000000000000e+02 1.782863046875000912e-02
4.750000000000000000e+02 1.692827812499999099e-02
4.760000000000000000e+02 1.604166249999999794e-02
4.770000000000000000e+02 1.517853984374999306e-02
4.780000000000000000e+02 1.434867890625000399e-02
4.790000000000000000e+02 1.356186249999999718e-02
4.800000000000000000e+02 1.282803749999999847e-02
4.810000000000000000e+02 1.215653671875000126e-02
4.820000000000000000e+02 1.155647031250000081e-02
4.830000000000000000e+02 1.103605781249999973e-02
4.840000000000000000e+02 1.060289843749999059e-02
4.850000000000000000e+02 1.026338828124999034e-02
4.860000000000000000e+02 1.002275546874999493e-02
4.870000000000000000e+02 9.884779687500001161e-03
4.880000000000000000e+02 9.851806249999995810e-03
4.890000000000000000e+02 9.924290624999996743e-03
4.900000000000000000e+02 1.010094609375000035e-02
4.910000000000000000e+02 1.037843671875000005e-02
4.920000000000000000e+02 1.075138281250000161e-02
4.930000000000000000e+02 1.121216328125000314e-02
4.940000000000000000e+02 1.175100585937499491e-02
4.950000000000000000e+02 1.235586671875000229e-02
4.960000000000000000e+02 1.301274898437499751e-02
4.970000000000000000e+02 1.370566437499999568e-02
4.980000000000000000e+02 1.441731179687501078e-02
4.990000000000000000e+02 1.512962648437499863e-02
5.000000000000000000e+02 1.582467195312500102e-02
5.010000000000000000e+02 1.648629593749999928e-02
5.020000000000000000e+02 1.710172148437500220e-02
5.030000000000000000e+02 1.766446328125000076e-02
5.040000000000000000e+02 1.817768375000000311e-02
5.050000000000000000e+02 1.865887031249999564e-02
5.060000000000000000e+02 1.914629007812499589e-02
5.070000000000000000e+02 1.970678492187499797e-02
5.080000000000000000e+02 2.044683517187498994e-02
5.090000000000000000e+02 2.152699790624999776e-02
5.100000000000000000e+02 2.317965546093749690e-02
5.110000000000000000e+02 2.573445453125000615e-02
