0.000000000000000000e+00 1.121991718750000406e-03
1.000000000000000000e+00 1.119921171874999760e-03
2.000000000000000000e+00 1.115782343749999878e-03
3.000000000000000000e+00 1.109603281250000741e-03
4.000000000000000000e+00 1.101408359374999929e-03
5.000000000000000000e+00 1.091226171874999954e-03
6.000000000000000000e+00 1.079111562499999923e-03
7.000000000000000000e+00 1.065111718750000151e-03
8.000000000000000000e+00 1.049289843749999897e-03
9.000000000000000000e+00 1.031717500000000742e-03
1.000000000000000000e+01 1.012463906250000078e-03
1.100000000000000000e+01 9.916171874999996604e-04
1.200000000000000000e+01 9.692689843750002584e-04
1.300000000000000000e+01 9.455107031250000555e-04
1.400000000000000000e+01 9.204467187499999498e-04
1.500000000000000000e+01 8.941808593749998261e-04
1.600000000000000000e+01 8.668286718750002314e-04
1.700000000000000000e+01 8.385031249999996003e-04
1.800000000000000000e+01 8.093242968749995644e-04
1.900000000000000000e+01 7.794075781249998856e-04
2.000000000000000000e+01 7.488767968749998963e-04
2.100000000000000000e+01 7.178619531249996917e-04
2.200000000000000000e+01 6.864847656250000398e-04
2.300000000000000000e+01 6.548707031250001684e-04
2.400000000000000000e+01 6.231404687500002957e-04
2.500000000000000000e+01 5.914234375000004124e-04
2.600000000000000000e+01 5.598382812499996374e-04
2.700000000000000000e+01 5.285068750000000660e-04
2.800000000000000000e+01 4.975451562499997628e-04
2.900000000000000000e+01 4.670626562499998933e-04
3.000000000000000000e+01 4.371732031249999035e-04
3.100000000000000000e+01 4.079800000000003324e-04
3.200000000000000000e+01 3.795836718749999320e-04
3.300000000000000000e+01 3.520777968750000791e-04
3.400000000000000000e+01 3.255517031249998880e-04
3.500000000000000000e+01 3.000881093750000007e-04
3.600000000000000000e+01 2.757636796875000715e-04
3.700000000000000000e+01 2.526474921874998988e-04
3.800000000000000000e+01 2.308026015624999581e-04
3.900000000000000000e+01 2.102847343750000281e-04
4.000000000000000000e+01 1.911413281249999679e-04
4.100000000000000000e+01 1.734141015624999366e-04
4.200000000000000000e+01 1.571359585937499837e-04
4.300000000000000000e+01 1.423334867187500143e-04
4.400000000000000000e+01 1.290243337499999573e-04
4.500000000000000000e+01 1.172199617968749485e-04
4.600000000000000000e+01 1.069243214062500522e-04
4.700000000000000000e+01 9.813347921874999991e-05
4.800000000000000000e+01 9.083739175000003167e-05
4.900000000000000000e+01 8.501907927343751222e-05
5.000000000000000000e+01 8.065496217187498795e-05
5.100000000000000000e+01 7.771476679687501412e-05
5.200000000000000000e+01 7.616320515625000262e-05
5.300000000000000000e+01 7.595851875000000767e-05
5.400000000000000000e+01 7.705476328125002432e-05
5.500000000000000000e+01 7.940085624999997224e-05
5.600000000000000000e+01 8.294057656250002932e-05
5.700000000000000000e+01 8.761482968749998313e-05
5.800000000000000000e+01 9.336042890625008926e-05
5.900000000000000000e+01 1.001112039062500026e-04
6.000000000000000000e+01 1.077992253906250166e-04
6.100000000000000000e+01 1.163530750000000007e-04
6.200000000000000000e+01 1.257007637500000036e-04
6.300000000000000000e+01 1.357689335156249952e-04
6.400000000000000000e+01 1.464834593750000754e-04
6.500000000000000000e+01 1.577700898437500092e-04
6.600000000000000000e+01 1.695544031250000526e-04
6.700000000000000000e+01 1.817636406249999485e-04
6.800000000000000000e+01 1.943265312499999466e-04
6.900000000000000000e+01 2.071704609375000388e-04
7.000000000000000000e+01 2.202276718749999486e-04
7.100000000000000000e+01 2.334323281250000142e-04
7.200000000000000000e+01 2.467211328125000231e-04
7.300000000000000000e+01 2.600323203125000414e-04
7.400000000000000000e+01 2.733090312499999921e-04
7.500000000000000000e+01 2.864970859374997699e-04
7.600000000000000000e+01 2.995476328125000432e-04
7.700000000000000000e+01 3.124141874999999632e-04
7.800000000000000000e+01 3.250544921875000342e-04
7.900000000000000000e+01 3.374322968749999836e-04
8.000000000000000000e+01 3.495139374999998582e-04
8.100000000000000000e+01 3.612726015625000015e-04
8.200000000000000000e+01 3.726828593750001919e-04
8.300000000000000000e+01 3.837260156250000241e-04
8.400000000000000000e+01 3.943890625000001106e-04
8.500000000000000000e+01 4.046605468749998663e-04
8.600000000000000000e+01 4.145357812500001320e-04
8.700000000000000000e+01 4.240146875000000274e-04
8.800000000000000000e+01 4.331000781250001863e-04
8.900000000000000000e+01 4.417993750000001715e-04
9.000000000000000000e+01 4.501224218750000060e-04
9.100000000000000000e+01 4.580866406250001690e-04
9.200000000000000000e+01 4.657081250000000500e-04
9.300000000000000000e+01 4.730107812500001846e-04
9.400000000000000000e+01 4.800210937499998598e-04
9.500000000000000000e+01 4.867611718749999608e-04
9.600000000000000000e+01 4.932607031249999861e-04
9.700000000000000000e+01 4.995595312500001597e-04
9.800000000000000000e+01 5.056811093750000633e-04
9.900000000000000000e+01 5.116692421874999503e-04
1.000000000000000000e+02 5.175490859375000237e-04
1.010000000000000000e+02 5.233652031250002465e-04
1.020000000000000000e+02 5.291516796875000246e-04
1.030000000000000000e+02 5.349423515624998713e-04
1.040000000000000000e+02 5.407774453125002972e-04
1.050000000000000000e+02 5.466897343749999895e-04
1.060000000000000000e+02 5.527129296874999610e-04
1.070000000000000000e+02 5.588844843749999052e-04
1.080000000000000000e+02 5.652266328124999368e-04
1.090000000000000000e+02 5.717781015624998379e-04
1.100000000000000000e+02 5.785567265624999784e-04
1.110000000000000000e+02 5.855946007812499890e-04
1.120000000000000000e+02 5.929083570312498972e-04
1.130000000000000000e+02 6.005161218750001582e-04
1.140000000000000000e+02 6.084336432812499033e-04
1.150000000000000000e+02 6.166723911718751316e-04
1.160000000000000000e+02 6.252392523437500437e-04
1.170000000000000000e+02 6.341437023437497718e-04
1.180000000000000000e+02 6.433755468749995619e-04
1.190000000000000000e+02 6.529384398437497895e-04
1.200000000000000000e+02 6.628271576562503068e-04
1.210000000000000000e+02 6.730229003124999073e-04
1.220000000000000000e+02 6.835146593749998880e-04
1.230000000000000000e+02 6.942803367187501320e-04
1.240000000000000000e+02 7.053012453124999975e-04
1.250000000000000000e+02 7.165403671875001258e-04
1.260000000000000000e+02 7.279704453125000752e-04
1.270000000000000000e+02 7.395572656250001386e-04
1.280000000000000000e+02 7.512689687500003887e-04
1.290000000000000000e+02 7.630539765625000016e-04
1.300000000000000000e+02 7.748754140624999551e-04
1.310000000000000000e+02 7.866816484374999962e-04
1.320000000000000000e+02 7.984194218750000765e-04
1.330000000000000000e+02 8.100437734375000092e-04
1.340000000000000000e+02 8.214919140624999923e-04
1.350000000000000000e+02 8.327160937500004394e-04
1.360000000000000000e+02 8.436548437499998779e-04
1.370000000000000000e+02 8.542474218750001390e-04
1.380000000000000000e+02 8.644402343749998333e-04
1.390000000000000000e+02 8.741694531250003564e-04
1.400000000000000000e+02 8.833724218749997763e-04
1.410000000000000000e+02 8.919957812500002668e-04
1.420000000000000000e+02 8.999783593750000903e-04
1.430000000000000000e+02 9.072673437499999402e-04
1.440000000000000000e+02 9.137989843750003033e-04
1.450000000000000000e+02 9.195182031250000295e-04
1.460000000000000000e+02 9.243828906249999247e-04
1.470000000000000000e+02 9.283335156249997730e-04
1.480000000000000000e+02 9.313312500000001711e-04
1.490000000000000000e+02 9.333263281250002083e-04
1.500000000000000000e+02 9.342778906249997071e-04
1.510000000000000000e+02 9.341538281249999560e-04
1.520000000000000000e+02 9.329228906250002732e-04
1.530000000000000000e+02 9.305521093750001227e-04
1.540000000000000000e+02 9.270236718750002065e-04
1.550000000000000000e+02 9.223166406249999442e-04
1.560000000000000000e+02 9.164178906249999560e-04
1.570000000000000000e+02 9.093184375000002003e-04
1.580000000000000000e+02 9.010176562500000303e-04
1.590000000000000000e+02 8.915184374999998761e-04
1.600000000000000000e+02 8.808288281250001642e-04
1.610000000000000000e+02 8.689664062499996653e-04
1.620000000000000000e+02 8.559457031250000550e-04
1.630000000000000000e+02 8.417946093750004223e-04
1.640000000000000000e+02 8.265515624999999426e-04
1.650000000000000000e+02 8.102485937500000790e-04
1.660000000000000000e+02 7.929314062500005195e-04
1.670000000000000000e+02 7.746489062499999165e-04
1.680000000000000000e+02 7.554570312500000521e-04
1.690000000000000000e+02 7.354217187499999383e-04
1.700000000000000000e+02 7.146029687499999778e-04
1.710000000000000000e+02 6.930759375000000765e-04
1.720000000000000000e+02 6.709193749999999836e-04
1.730000000000000000e+02 6.482136718749998859e-04
1.740000000000000000e+02 6.250467968750004263e-04
1.750000000000000000e+02 6.015071093750000908e-04
1.760000000000000000e+02 5.776953125000003006e-04
1.770000000000000000e+02 5.537078906250000356e-04
1.780000000000000000e+02 5.296493750000002198e-04
1.790000000000000000e+02 5.056274218750000243e-04
1.800000000000000000e+02 4.817506250000001865e-04
1.810000000000000000e+02 4.581285937500000961e-04
1.820000000000000000e+02 4.348831874999999048e-04
1.830000000000000000e+02 4.121269140624999163e-04
1.840000000000000000e+02 3.899798046874999977e-04
1.850000000000000000e+02 3.685635937499999871e-04
1.860000000000000000e+02 3.479988828125000480e-04
1.870000000000000000e+02 3.284067187499999465e-04
1.880000000000000000e+02 3.099089843750000390e-04
1.890000000000000000e+02 2.926291468750000973e-04
1.900000000000000000e+02 2.766870851562501770e-04
1.910000000000000000e+02 2.622055508593750428e-04
1.920000000000000000e+02 2.493047452187499872e-04
1.930000000000000000e+02 2.381037421874999417e-04
1.940000000000000000e+02 2.287166617187499549e-04
1.950000000000000000e+02 2.212592585937500004e-04
1.960000000000000000e+02 2.158439729687499883e-04
1.970000000000000000e+02 2.125806281249999847e-04
1.980000000000000000e+02 2.115732796875000228e-04
1.990000000000000000e+02 2.129292140625000057e-04
2.000000000000000000e+02 2.167425568750000172e-04
2.010000000000000000e+02 2.231117726562499744e-04
2.020000000000000000e+02 2.321282867656249290e-04
2.030000000000000000e+02 2.438766211718748904e-04
2.040000000000000000e+02 2.584426031250000328e-04
2.050000000000000000e+02 2.758985289062499129e-04
2.060000000000000000e+02 2.963182296874998186e-04
2.070000000000000000e+02 3.197716249999999947e-04
2.080000000000000000e+02 3.463161640624999637e-04
2.090000000000000000e+02 3.760080390624999749e-04
2.100000000000000000e+02 4.088934609375000995e-04
2.110000000000000000e+02 4.450217109375001479e-04
2.120000000000000000e+02 4.844252500000000017e-04
2.130000000000000000e+02 5.271338125000001647e-04
2.140000000000000000e+02 5.731730781249993719e-04
2.150000000000000000e+02 6.225546640624996398e-04
2.160000000000000000e+02 6.752903515624998632e-04
2.170000000000000000e+02 7.313862656250000706e-04
2.180000000000000000e+02 7.908318359375002965e-04
2.190000000000000000e+02 8.536172499999997425e-04
2.200000000000000000e+02 9.197095624999998120e-04
2.210000000000000000e+02 9.890982109374999928e-04
2.220000000000000000e+02 1.061729601562499872e-03
2.230000000000000000e+02 1.137564820312500415e-03
2.240000000000000000e+02 1.216548968749999945e-03
2.250000000000000000e+02 1.298618929687501327e-03
2.260000000000000000e+02 1.383694445312500182e-03
2.270000000000000000e+02 1.471702070312500259e-03
2.280000000000000000e+02 1.562542218750000199e-03
2.290000000000000000e+02 1.656123945312499299e-03
2.300000000000000000e+02 1.752331250000000720e-03
2.310000000000000000e+02 1.851042554687500150e-03
2.320000000000000000e+02 1.952121609374999700e-03
2.330000000000000000e+02 2.055436679687497586e-03
2.340000000000000000e+02 2.160826492187500631e-03
2.350000000000000000e+02 2.268146101562499260e-03
2.360000000000000000e+02 2.377207249999999106e-03
2.370000000000000000e+02 2.487825398437500807e-03
2.380000000000000000e+02 2.599818703125000765e-03
2.390000000000000000e+02 2.712976257812498970e-03
2.400000000000000000e+02 2.827089299218748381e-03
2.410000000000000000e+02 2.941927764062499898e-03
2.420000000000000000e+02 3.057264086718749444e-03
2.430000000000000000e+02 3.172847341406251701e-03
2.440000000000000000e+02 3.288435709687498581e-03
2.450000000000000000e+02 3.403760948367186463e-03
2.460000000000000000e+02 3.518563779062500868e-03
2.470000000000000000e+02 3.632564033593748028e-03
2.480000000000000000e+02 3.745466700781247948e-03
2.490000000000000000e+02 3.856999064062499507e-03
2.500000000000000000e+02 3.966885721093748804e-03
2.510000000000000000e+02 4.074787242187499943e-03
2.520000000000000000e+02 4.180428109374995961e-03
2.530000000000000000e+02 4.283540601562500945e-03
2.540000000000000000e+02 4.383768109375000936e-03
2.550000000000000000e+02 4.480813664062499591e-03
2.560000000000000000e+02 4.574427507812495013e-03
2.570000000000000000e+02 4.664307398437499488e-03
2.580000000000000000e+02 4.750128101562499892e-03
2.590000000000000000e+02 4.831604984375000543e-03
2.600000000000000000e+02 4.908506937499998619e-03
2.610000000000000000e+02 4.980551664062495693e-03
2.620000000000000000e+02 5.047559921875000022e-03
2.630000000000000000e+02 5.109180234375002537e-03
2.640000000000000000e+02 5.165240468749999515e-03
2.650000000000000000e+02 5.215584687499998442e-03
2.660000000000000000e+02 5.259961328125002493e-03
2.670000000000000000e+02 5.298242031249996396e-03
2.680000000000000000e+02 5.330331640624998146e-03
2.690000000000000000e+02 5.356040546875003895e-03
2.700000000000000000e+02 5.375351874999999106e-03
2.710000000000000000e+02 5.388138828125002382e-03
2.720000000000000000e+02 5.394393828124999929e-03
2.730000000000000000e+02 5.394162500000001560e-03
2.740000000000000000e+02 5.387428437500000299e-03
2.750000000000000000e+02 5.374229375000001870e-03
2.760000000000000000e+02 5.354709375000002436e-03
2.770000000000000000e+02 5.328970468749999467e-03
2.780000000000000000e+02 5.297190546875000378e-03
2.790000000000000000e+02 5.259556640624998662e-03
2.800000000000000000e+02 5.216312734375001640e-03
2.810000000000000000e+02 5.167712109375001764e-03
2.820000000000000000e+02 5.114054218750002309e-03
2.830000000000000000e+02 5.055698828124998226e-03
2.840000000000000000e+02 4.992987578125002678e-03
2.850000000000000000e+02 4.926342968749997109e-03
2.860000000000000000e+02 4.856237187500000996e-03
2.870000000000000000e+02 4.783066875000002022e-03
2.880000000000000000e+02 4.707410624999996615e-03
2.890000000000000000e+02 4.629790078124999472e-03
2.900000000000000000e+02 4.550747421875001031e-03
2.910000000000000000e+02 4.470887656250000300e-03
2.920000000000000000e+02 4.390861718750000732e-03
2.930000000000000000e+02 4.311276718749998058e-03
2.940000000000000000e+02 4.232844765625002996e-03
2.950000000000000000e+02 4.156244999999999384e-03
2.960000000000000000e+02 4.082194531250001382e-03
2.970000000000000000e+02 4.011445781250000224e-03
2.980000000000000000e+02 3.944741718750000362e-03
2.990000000000000000e+02 3.882849453125000478e-03
3.000000000000000000e+02 3.826556562499999325e-03
3.010000000000000000e+02 3.776659999999997658e-03
3.020000000000000000e+02 3.733948203125000281e-03
3.030000000000000000e+02 3.699241015624998505e-03
3.040000000000000000e+02 3.673345859375000150e-03
3.050000000000000000e+02 3.657076640625000086e-03
3.060000000000000000e+02 3.651228984374999334e-03
3.070000000000000000e+02 3.656618046874998175e-03
3.080000000000000000e+02 3.674029921875000913e-03
3.090000000000000000e+02 3.704249843749999292e-03
3.100000000000000000e+02 3.748042656249999261e-03
3.110000000000000000e+02 3.806160390625000934e-03
3.120000000000000000e+02 3.879324203125000727e-03
3.130000000000000000e+02 3.968239734374998454e-03
3.140000000000000000e+02 4.073575443750001440e-03
3.150000000000000000e+02 4.195975633906250633e-03
3.160000000000000000e+02 4.336032937499999587e-03
3.170000000000000000e+02 4.494308781250001134e-03
3.180000000000000000e+02 4.671350492187499419e-03
3.190000000000000000e+02 4.867544531250001145e-03
3.200000000000000000e+02 5.083396328124999836e-03
3.210000000000000000e+02 5.319205156250000378e-03
3.220000000000000000e+02 5.575326874999999779e-03
3.230000000000000000e+02 5.851928750000001504e-03
3.240000000000000000e+02 6.149232492187498358e-03
3.250000000000000000e+02 6.467262450000000468e-03
3.260000000000000000e+02 6.806169640624999163e-03
3.270000000000000000e+02 7.165717679687500126e-03
3.280000000000000000e+02 7.545938335937498603e-03
3.290000000000000000e+02 7.946530625000005135e-03
3.300000000000000000e+02 8.367138281249998644e-03
3.310000000000000000e+02 8.807479062499999969e-03
3.320000000000000000e+02 9.266961875000001916e-03
3.330000000000000000e+02 9.745102187500001914e-03
3.340000000000000000e+02 1.024119351562500536e-02
3.350000000000000000e+02 1.075444421875000264e-02
3.360000000000000000e+02 1.128413570312500162e-02
3.370000000000000000e+02 1.182918515625000326e-02
3.380000000000000000e+02 1.238860281249999640e-02
3.390000000000000000e+02 1.296134781249999417e-02
3.400000000000000000e+02 1.354618539062499814e-02
3.410000000000000000e+02 1.414173992187499861e-02
3.420000000000000000e+02 1.474675898437500209e-02
3.430000000000000000e+02 1.535981268750000010e-02
3.440000000000000000e+02 1.597938705468750220e-02
3.450000000000000000e+02 1.660382291406250696e-02
3.460000000000000000e+02 1.723158749999999934e-02
3.470000000000000000e+02 1.786096257812499685e-02
3.480000000000000000e+02 1.849018078125000408e-02
3.490000000000000000e+02 1.911751999999999549e-02
3.500000000000000000e+02 1.974117820312500451e-02
3.510000000000000000e+02 2.035927351562499127e-02
3.520000000000000000e+02 2.097000937499999759e-02
3.530000000000000000e+02 2.157158046875000054e-02
3.540000000000000000e+02 2.216193359375000574e-02
3.550000000000000000e+02 2.273946953125001447e-02
3.560000000000000000e+02 2.330219453125000409e-02
3.570000000000000000e+02 2.384833515624999387e-02
3.580000000000000000e+02 2.437611640625000214e-02
3.590000000000000000e+02 2.488389843749999955e-02
3.600000000000000000e+02 2.536994296874999638e-02
3.610000000000000000e+02 2.583264218750000799e-02
3.620000000000000000e+02 2.627049531249999251e-02
3.630000000000000000e+02 2.668203125000000522e-02
3.640000000000000000e+02 2.706587187499999783e-02
3.650000000000000000e+02 2.742079765624998861e-02
3.660000000000000000e+02 2.774567031250001203e-02
3.670000000000000000e+02 2.803938281249998901e-02
3.680000000000000000e+02 2.830098984374998516e-02
3.690000000000000000e+02 2.852978046875000867e-02
3.700000000000000000e+02 2.872496953125000529e-02
3.710000000000000000e+02 2.888611484375000829e-02
3.720000000000000000e+02 2.901273203124998812e-02
3.730000000000000000e+02 2.910471093750000710e-02
3.740000000000000000e+02 2.916170781250000330e-02
3.750000000000000000e+02 2.918398046874999888e-02
3.760000000000000000e+02 2.917166093750001021e-02
3.770000000000000000e+02 2.912501093749999062e-02
3.780000000000000000e+02 2.904460937499998494e-02
3.790000000000000000e+02 2.893116171874999740e-02
3.800000000000000000e+02 2.878534296875001272e-02
3.810000000000000000e+02 2.860819140625000048e-02
3.820000000000000000e+02 2.840081718750002079e-02
3.830000000000000000e+02 2.816444843749999968e-02
3.840000000000000000e+02 2.790043906249999386e-02
3.850000000000000000e+02 2.761034999999999184e-02
3.860000000000000000e+02 2.729579218750000785e-02
3.870000000000000000e+02 2.695853578124998706e-02
3.880000000000000000e+02 2.660042562499999319e-02
3.890000000000000000e+02 2.622349218749998531e-02
3.900000000000000000e+02 2.582972124999998245e-02
3.910000000000000000e+02 2.542122859374998725e-02
3.920000000000000000e+02 2.500033671874998809e-02
3.930000000000000000e+02 2.456925929687499635e-02
3.940000000000000000e+02 2.413026703124999950e-02
3.950000000000000000e+02 2.368580554687500089e-02
3.960000000000000000e+02 2.323824358593750555e-02
3.970000000000000000e+02 2.279004422656250722e-02
3.980000000000000000e+02 2.234358178828125402e-02
3.990000000000000000e+02 2.190145065859376225e-02
4.000000000000000000e+02 2.146594050078125607e-02
4.010000000000000000e+02 2.103960987499998644e-02
4.020000000000000000e+02 2.062486730468748863e-02
4.030000000000000000e+02 2.022399612500001137e-02
4.040000000000000000e+02 1.983939090625001095e-02
4.050000000000000000e+02 1.947334301562501230e-02
4.060000000000000000e+02 1.912793155468749812e-02
4.070000000000000000e+02 1.880535948437498869e-02
4.080000000000000000e+02 1.850749828906251421e-02
4.090000000000000000e+02 1.823627379687500424e-02
4.100000000000000000e+02 1.799344489687499521e-02
4.110000000000000000e+02 1.778036942507812621e-02
4.120000000000000000e+02 1.759868467499999325e-02
4.130000000000000000e+02 1.744948923437501104e-02
4.140000000000000000e+02 1.733392460156250522e-02
4.150000000000000000e+02 1.725284250000000755e-02
4.160000000000000000e+02 1.720694070312500309e-02
4.170000000000000000e+02 1.719679656249999827e-02
4.180000000000000000e+02 1.722277484374999668e-02
4.190000000000000000e+02 1.728505999999999446e-02
4.200000000000000000e+02 1.738369820312502326e-02
4.210000000000000000e+02 1.751862820312500083e-02
4.220000000000000000e+02 1.768958437500000452e-02
4.230000000000000000e+02 1.789609843750000762e-02
4.240000000000000000e+02 1.813770859374998906e-02
4.250000000000000000e+02 1.841364999999999669e-02
4.260000000000000000e+02 1.872310078125002247e-02
4.270000000000000000e+02 1.906498750000000519e-02
4.280000000000000000e+02 1.943819687500001822e-02
4.290000000000000000e+02 1.984122499999999706e-02
4.300000000000000000e+02 2.027258749999999096e-02
4.310000000000000000e+02 2.073039296875000409e-02
4.320000000000000000e+02 2.121273828124999386e-02
4.330000000000000000e+02 2.171727187499999240e-02
4.340000000000000000e+02 2.224141874999999852e-02
4.350000000000000000e+02 2.278257265624999972e-02
4.360000000000000000e+02 2.333766406249999578e-02
4.370000000000000000e+02 2.390333906250000431e-02
4.380000000000000000e+02 2.447626249999998796e-02
4.390000000000000000e+02 2.505262031249999577e-02
4.400000000000000000e+02 2.562846171875000911e-02
4.410000000000000000e+02 2.619954453125001442e-02
4.420000000000000000e+02 2.676160468750000965e-02
4.430000000000000000e+02 2.731014218749999375e-02
4.440000000000000000e+02 2.784044921874999357e-02
4.450000000000000000e+02 2.834787656250000593e-02
4.460000000000000000e+02 2.882740000000002037e-02
4.470000000000000000e+02 2.927430624999999981e-02
4.480000000000000000e+02 2.968373359374999396e-02
4.490000000000000000e+02 3.005088828125001069e-02
4.500000000000000000e+02 3.037112734375000886e-02
4.510000000000000000e+02 3.064005156250000639e-02
4.520000000000000000e+02 3.085338593750000524e-02
4.530000000000000000e+02 3.100714765625000105e-02
4.540000000000000000e+02 3.109776718749999308e-02
4.550000000000000000e+02 3.112220937500001505e-02
4.560000000000000000e+02 3.107773828125001692e-02
4.570000000000000000e+02 3.096223515625000366e-02
4.580000000000000000e+02 3.077404296875001222e-02
4.590000000000000000e+02 3.051228046874998601e-02
4.600000000000000000e+02 3.017660312500000316e-02
4.610000000000000000e+02 2.976729062499999801e-02
4.620000000000000000e+02 2.928524140624999897e-02
4.630000000000000000e+02 2.873206718749999472e-02
4.640000000000000000e+02 2.811008203124999022e-02
4.650000000000000000e+02 2.742211953125000060e-02
4.660000000000000000e+02 2.667171718750001655e-02
4.670000000000000000e+02 2.586306718749998776e-02
4.680000000000000000e+02 2.500109843750001129e-02
4.690000000000000000e+02 2.409129765625000336e-02
4.700000000000000000e+02 2.313986406250000127e-02
4.710000000000000000e+02 2.215363671875000828e-02
4.720000000000000000e+02 2.114010000000001235e-02
4.730000000000000000e+02 2.010736484375000993e-02
4.740000000000000000e+02 1.906419843750001286e-02
4.750000000000000000e+02 1.801972499999998992e-02
4.760000000000000000e+02 1.698360078125000019e-02
4.770000000000000000e+02 1.596579453125000075e-02
4.780000000000000000e+02 1.497649687499999493e-02
4.790000000000000000e+02 1.402579609374999918e-02
4.800000000000000000e+02 1.312389375000000413e-02
4.810000000000000000e+02 1.228054062499999398e-02
4.820000000000000000e+02 1.150526484375000158e-02
4.830000000000000000e+02 1.080672109374999912e-02
4.840000000000000000e+02 1.019304921875000165e-02
4.850000000000000000e+02 9.671484375000000827e-03
4.860000000000000000e+02 9.247913281250007625e-03
4.870000000000000000e+02 8.927342187500001205e-03
4.880000000000000000e+02 8.713232031249996956e-03
4.890000000000000000e+02 8.607467187500003961e-03
4.900000000000000000e+02 8.610371093749997692e-03
4.910000000000000000e+02 8.720410937499999127e-03
4.920000000000000000e+02 8.933952187500001849e-03
4.930000000000000000e+02 9.245358906250002520e-03
4.940000000000000000e+02 9.646751249999994948e-03
4.950000000000000000e+02 1.012799507812499854e-02
4.960000000000000000e+02 1.067665835937500231e-02
4.970000000000000000e+02 1.127847703124999941e-02
4.980000000000000000e+02 1.191747757812499503e-02
4.990000000000000000e+02 1.257643937500000676e-02
5.000000000000000000e+02 1.323810945312500070e-02
5.010000000000000000e+02 1.388608218750000088e-02
5.020000000000000000e+02 1.450702804687499688e-02
5.030000000000000000e+02 1.509266726562500174e-02
5.040000000000000000e+02 1.564357460937500569e-02
5.050000000000000000e+02 1.617390437500000611e-02
5.060000000000000000e+02 1.671758546875000764e-02
5.070000000000000000e+02 1.733751593749999209e-02
5.080000000000000000e+02 1.813706765625000550e-02
5.090000000000000000e+02 1.927698875000000145e-02
5.100000000000000000e+02 2.099667896874998774e-02
5.110000000000000000e+02 2.364380132812499147e-02
