0.000000000000000000e+00 9.530682812500000179e-04
1.000000000000000000e+00 9.512475000000003957e-04
2.000000000000000000e+00 9.476225781249996566e-04
3.000000000000000000e+00 9.421985937499998982e-04
4.000000000000000000e+00 9.350060156250000450e-04
5.000000000000000000e+00 9.260759375000003190e-04
6.000000000000000000e+00 9.154470312499999891e-04
7.000000000000000000e+00 9.031689062500001565e-04
8.000000000000000000e+00 8.892985156249993582e-04
9.000000000000000000e+00 8.738943749999999707e-04
1.000000000000000000e+01 8.570235937499995219e-04
1.100000000000000000e+01 8.387682031250000454e-04
1.200000000000000000e+01 8.192024218749998808e-04
1.300000000000000000e+01 7.984104687499999102e-04
1.400000000000000000e+01 7.764927343749999846e-04
1.500000000000000000e+01 7.535379687500001191e-04
1.600000000000000000e+01 7.296457812500000339e-04
1.700000000000000000e+01 7.049232812499999466e-04
1.800000000000000000e+01 6.794742968749997421e-04
1.900000000000000000e+01 6.534049218750002811e-04
2.000000000000000000e+01 6.268282031250001739e-04
2.100000000000000000e+01 5.998572656250003750e-04
2.200000000000000000e+01 5.725985156249999543e-04
2.300000000000000000e+01 5.451700000000002030e-04
2.400000000000000000e+01 5.176789843749999556e-04
2.500000000000000000e+01 4.902400781249999272e-04
2.600000000000000000e+01 4.629596093750002047e-04
2.700000000000000000e+01 4.359458593749999554e-04
2.800000000000000000e+01 4.093028906249996995e-04
2.900000000000000000e+01 3.831310156249999798e-04
3.000000000000000000e+01 3.575296875000000024e-04
3.100000000000000000e+01 3.325902265625000015e-04
3.200000000000000000e+01 3.084042187499999631e-04
3.300000000000000000e+01 2.850541640624999393e-04
3.400000000000000000e+01 2.626202265625000192e-04
3.500000000000000000e+01 2.411747265624999211e-04
3.600000000000000000e+01 2.207870781249999983e-04
3.700000000000000000e+01 2.015176640624999371e-04
3.800000000000000000e+01 1.834236250000000458e-04
3.900000000000000000e+01 1.665512734375000983e-04
4.000000000000000000e+01 1.509449046874999326e-04
4.100000000000000000e+01 1.366394476562499908e-04
4.200000000000000000e+01 1.236636007812500914e-04
4.300000000000000000e+01 1.120406710156250679e-04
4.400000000000000000e+01 1.017843235859374639e-04
4.500000000000000000e+01 9.290449453906255025e-05
4.600000000000000000e+01 8.540264562499997475e-05
4.700000000000000000e+01 7.927449117187498244e-05
4.800000000000000000e+01 7.450947164062500701e-05
4.900000000000000000e+01 7.109073523437502205e-05
5.000000000000000000e+01 6.899561862500000746e-05
5.100000000000000000e+01 6.819597328125004811e-05
5.200000000000000000e+01 6.865833988281251979e-05
5.300000000000000000e+01 7.034357687500002653e-05
5.400000000000000000e+01 7.320862421875002084e-05
5.500000000000000000e+01 7.720660546874999887e-05
5.600000000000000000e+01 8.228535859374996549e-05
5.700000000000000000e+01 8.839045156249998364e-05
5.800000000000000000e+01 9.546296898437502630e-05
5.900000000000000000e+01 1.034431904140625070e-04
6.000000000000000000e+01 1.122674291406250142e-04
6.100000000000000000e+01 1.218708707031250212e-04
6.200000000000000000e+01 1.321869062499999681e-04
6.300000000000000000e+01 1.431490226562499174e-04
6.400000000000000000e+01 1.546883429687500461e-04
6.500000000000000000e+01 1.667382812500000570e-04
6.600000000000000000e+01 1.792298828125000380e-04
6.700000000000000000e+01 1.920971953125000470e-04
6.800000000000000000e+01 2.052737656249999879e-04
6.900000000000000000e+01 2.186949140624999970e-04
7.000000000000000000e+01 2.322994843750000903e-04
7.100000000000000000e+01 2.460254687500000549e-04
7.200000000000000000e+01 2.598158281250000437e-04
7.300000000000000000e+01 2.736154687500000804e-04
7.400000000000000000e+01 2.873725625000000689e-04
7.500000000000000000e+01 3.010371093749999809e-04
7.600000000000000000e+01 3.145657031250000037e-04
7.700000000000000000e+01 3.279164921875001026e-04
7.800000000000000000e+01 3.410507187499999698e-04
7.900000000000000000e+01 3.539362343750001010e-04
8.000000000000000000e+01 3.665427343750000760e-04
8.100000000000000000e+01 3.788451562500000759e-04
8.200000000000000000e+01 3.908233593749999685e-04
8.300000000000000000e+01 4.024591406249999567e-04
8.400000000000000000e+01 4.137415625000000511e-04
8.500000000000000000e+01 4.246618749999999786e-04
8.600000000000000000e+01 4.352142968749999090e-04
8.700000000000000000e+01 4.454012499999999769e-04
8.800000000000000000e+01 4.552250781249999787e-04
8.900000000000000000e+01 4.646918749999997969e-04
9.000000000000000000e+01 4.738137499999999966e-04
9.100000000000000000e+01 4.826096874999998010e-04
9.200000000000000000e+01 4.910903906250001357e-04
9.300000000000000000e+01 4.992778125000001252e-04
9.400000000000000000e+01 5.071987500000000844e-04
9.500000000000000000e+01 5.148764843750001192e-04
9.600000000000000000e+01 5.223344531250001446e-04
9.700000000000000000e+01 5.296114062500000387e-04
9.800000000000000000e+01 5.367306249999999074e-04
9.900000000000000000e+01 5.437235390624999042e-04
1.000000000000000000e+02 5.506299218750000191e-04
1.010000000000000000e+02 5.574755000000000465e-04
1.020000000000000000e+02 5.643006796874998603e-04
1.030000000000000000e+02 5.711338593750000170e-04
1.040000000000000000e+02 5.780084296874998546e-04
1.050000000000000000e+02 5.849608046874998305e-04
1.060000000000000000e+02 5.920158437499996535e-04
1.070000000000000000e+02 5.992072109375001440e-04
1.080000000000000000e+02 6.065627656249997571e-04
1.090000000000000000e+02 6.141065000000000672e-04
1.100000000000000000e+02 6.218614140625000272e-04
1.110000000000000000e+02 6.298533914062500643e-04
1.120000000000000000e+02 6.380968624999999120e-04
1.130000000000000000e+02 6.466095742187497270e-04
1.140000000000000000e+02 6.554008396796877529e-04
1.150000000000000000e+02 6.644872414062499800e-04
1.160000000000000000e+02 6.738657687500000182e-04
1.170000000000000000e+02 6.835442898437498176e-04
1.180000000000000000e+02 6.935147359374999607e-04
1.190000000000000000e+02 7.037827289062500470e-04
1.200000000000000000e+02 7.143289698437504161e-04
1.210000000000000000e+02 7.251465835937501202e-04
1.220000000000000000e+02 7.362158445312502958e-04
1.230000000000000000e+02 7.475173773437501648e-04
1.240000000000000000e+02 7.590259125000004513e-04
1.250000000000000000e+02 7.707173281249999090e-04
1.260000000000000000e+02 7.825539843749999835e-04
1.270000000000000000e+02 7.945061796875001756e-04
1.280000000000000000e+02 8.065391718750001236e-04
1.290000000000000000e+02 8.186027812500001107e-04
1.300000000000000000e+02 8.306559609374999497e-04
1.310000000000000000e+02 8.426547187500002447e-04
1.320000000000000000e+02 8.545504531250000145e-04
1.330000000000000000e+02 8.662873750000000010e-04
1.340000000000000000e+02 8.778133906249998685e-04
1.350000000000000000e+02 8.890770390625000325e-04
1.360000000000000000e+02 9.000203906250004099e-04
1.370000000000000000e+02 9.105849999999997800e-04
1.380000000000000000e+02 9.207142187499997707e-04
1.390000000000000000e+02 9.303421874999997024e-04
1.400000000000000000e+02 9.394262500000000182e-04
1.410000000000000000e+02 9.478993750000000050e-04
1.420000000000000000e+02 9.557022656249997573e-04
1.430000000000000000e+02 9.627824999999998710e-04
1.440000000000000000e+02 9.690810156249998839e-04
1.450000000000000000e+02 9.745497656249993900e-04
1.460000000000000000e+02 9.791357812499999237e-04
1.470000000000000000e+02 9.827890625000001556e-04
1.480000000000000000e+02 9.854671093750002296e-04
1.490000000000000000e+02 9.871216406250004054e-04
1.500000000000000000e+02 9.877211718750001247e-04
1.510000000000000000e+02 9.872199218750000657e-04
1.520000000000000000e+02 9.855989062500000297e-04
1.530000000000000000e+02 9.828181249999998204e-04
1.540000000000000000e+02 9.788605468750001624e-04
1.550000000000000000e+02 9.737087500000002512e-04
1.560000000000000000e+02 9.673504687500000376e-04
1.570000000000000000e+02 9.597735937499998239e-04
1.580000000000000000e+02 9.509806249999999206e-04
1.590000000000000000e+02 9.409634375000002675e-04
1.600000000000000000e+02 9.297416406250000841e-04
1.610000000000000000e+02 9.173182812500003686e-04
1.620000000000000000e+02 9.037245312500001094e-04
1.630000000000000000e+02 8.889821093750000175e-04
1.640000000000000000e+02 8.731173437500003298e-04
1.650000000000000000e+02 8.561699999999999562e-04
1.660000000000000000e+02 8.381808593749999828e-04
1.670000000000000000e+02 8.192028124999997836e-04
1.680000000000000000e+02 7.992903125000001873e-04
1.690000000000000000e+02 7.784988281249998615e-04
1.700000000000000000e+02 7.568953124999999943e-04
1.710000000000000000e+02 7.345554687500000955e-04
1.720000000000000000e+02 7.115461718749999847e-04
1.730000000000000000e+02 6.879568750000001742e-04
1.740000000000000000e+02 6.638692968750002600e-04
1.750000000000000000e+02 6.393746874999999170e-04
1.760000000000000000e+02 6.145685937500000280e-04
1.770000000000000000e+02 5.895491406249999018e-04
1.780000000000000000e+02 5.644213281249999990e-04
1.790000000000000000e+02 5.392889062500001371e-04
1.800000000000000000e+02 5.142621875000000405e-04
1.810000000000000000e+02 4.894546875000000243e-04
1.820000000000000000e+02 4.649865781249999360e-04
1.830000000000000000e+02 4.409665546875001342e-04
1.840000000000000000e+02 4.175200390625000342e-04
1.850000000000000000e+02 3.947653671875000700e-04
1.860000000000000000e+02 3.728289765624999896e-04
1.870000000000000000e+02 3.518346875000001052e-04
1.880000000000000000e+02 3.319017968750001286e-04
1.890000000000000000e+02 3.131621742187501250e-04
1.900000000000000000e+02 2.957321359374999112e-04
1.910000000000000000e+02 2.797434696093750359e-04
1.920000000000000000e+02 2.653144784374999597e-04
1.930000000000000000e+02 2.525719460937499920e-04
1.940000000000000000e+02 2.416332656249999640e-04
1.950000000000000000e+02 2.326173476562499922e-04
1.960000000000000000e+02 2.256424323437499857e-04
1.970000000000000000e+02 2.208239755468750353e-04
1.980000000000000000e+02 2.182720675781251026e-04
1.990000000000000000e+02 2.180933687265625620e-04
2.000000000000000000e+02 2.203987643750000217e-04
2.010000000000000000e+02 2.252826526562499694e-04
2.020000000000000000e+02 2.328490981249999123e-04
2.030000000000000000e+02 2.431861104687499235e-04
2.040000000000000000e+02 2.563846179687500823e-04
2.050000000000000000e+02 2.725305460937500215e-04
2.060000000000000000e+02 2.916986718749999289e-04
2.070000000000000000e+02 3.139653203125000280e-04
2.080000000000000000e+02 3.393982890625001515e-04
2.090000000000000000e+02 3.680576015624997680e-04
2.100000000000000000e+02 4.000025156249998877e-04
2.110000000000000000e+02 4.352792031250000060e-04
2.120000000000000000e+02 4.739336328124999962e-04
2.130000000000000000e+02 5.160027656250000278e-04
2.140000000000000000e+02 5.615119374999999382e-04
2.150000000000000000e+02 6.104860703124999994e-04
2.160000000000000000e+02 6.629416406249999958e-04
2.170000000000000000e+02 7.188821171875000530e-04
2.180000000000000000e+02 7.783137890625003302e-04
2.190000000000000000e+02 8.412174687500001934e-04
2.200000000000000000e+02 9.075803671874994351e-04
2.210000000000000000e+02 9.773797031249998549e-04
2.220000000000000000e+02 1.050572468750000021e-03
2.230000000000000000e+02 1.127130195312500173e-03
2.240000000000000000e+02 1.206984453124999032e-03
2.250000000000000000e+02 1.290080164062499569e-03
2.260000000000000000e+02 1.376341648437500419e-03
2.270000000000000000e+02 1.465696531249999560e-03
2.280000000000000000e+02 1.558036015625000482e-03
2.290000000000000000e+02 1.653270976562500223e-03
2.300000000000000000e+02 1.751283546874999241e-03
2.310000000000000000e+02 1.851958210937499358e-03
2.320000000000000000e+02 1.955145679687500006e-03
2.330000000000000000e+02 2.060702382812499775e-03
2.340000000000000000e+02 2.168487187499999660e-03
2.350000000000000000e+02 2.278318632812499113e-03
2.360000000000000000e+02 2.390021062499999519e-03
2.370000000000000000e+02 2.503411825781251630e-03
2.380000000000000000e+02 2.618284196093749547e-03
2.390000000000000000e+02 2.734421903125001767e-03
2.400000000000000000e+02 2.851612300781253100e-03
2.410000000000000000e+02 2.969615053125001028e-03
2.420000000000000000e+02 3.088188285937501932e-03
2.430000000000000000e+02 3.207087317578123913e-03
2.440000000000000000e+02 3.326038731406248412e-03
2.450000000000000000e+02 3.444772890546874550e-03
2.460000000000000000e+02 3.563014642968749621e-03
2.470000000000000000e+02 3.680457887499999099e-03
2.480000000000000000e+02 3.796866309375001181e-03
2.490000000000000000e+02 3.911862156249998508e-03
2.500000000000000000e+02 4.025172460937500446e-03
2.510000000000000000e+02 4.136501499999997895e-03
2.520000000000000000e+02 4.245492945312500169e-03
2.530000000000000000e+02 4.351895164062505490e-03
2.540000000000000000e+02 4.455361960937498540e-03
2.550000000000000000e+02 4.555578421874997841e-03
2.560000000000000000e+02 4.652188773437501354e-03
2.570000000000000000e+02 4.744981937499999185e-03
2.580000000000000000e+02 4.833536468749997407e-03
2.590000000000000000e+02 4.917701718750003108e-03
2.600000000000000000e+02 4.997079921874997971e-03
2.610000000000000000e+02 5.071389218749996347e-03
2.620000000000000000e+02 5.140462109374997930e-03
2.630000000000000000e+02 5.203972265624999712e-03
2.640000000000000000e+02 5.261695312499996627e-03
2.650000000000000000e+02 5.313430781250000519e-03
2.660000000000000000e+02 5.358997343749997977e-03
2.670000000000000000e+02 5.398220468750000202e-03
2.680000000000000000e+02 5.430895312500001390e-03
2.690000000000000000e+02 5.456948828124999658e-03
2.700000000000000000e+02 5.476285390625001102e-03
2.710000000000000000e+02 5.488804999999998512e-03
2.720000000000000000e+02 5.494447343750001080e-03
2.730000000000000000e+02 5.493282812500003415e-03
2.740000000000000000e+02 5.485236640625001936e-03
2.750000000000000000e+02 5.470416875000001788e-03
2.760000000000000000e+02 5.448871093749998312e-03
2.770000000000000000e+02 5.420817890624997012e-03
2.780000000000000000e+02 5.386337968749998345e-03
2.790000000000000000e+02 5.345618203124999357e-03
2.800000000000000000e+02 5.298907109374997176e-03
2.810000000000000000e+02 5.246483828124999700e-03
2.820000000000000000e+02 5.188642265625003150e-03
2.830000000000000000e+02 5.125726250000000456e-03
2.840000000000000000e+02 5.058117421875001074e-03
2.850000000000000000e+02 4.986209609374998505e-03
2.860000000000000000e+02 4.910503203124999549e-03
2.870000000000000000e+02 4.831439218750004094e-03
2.880000000000000000e+02 4.749551406250000080e-03
2.890000000000000000e+02 4.665377265625000359e-03
2.900000000000000000e+02 4.579522578125003532e-03
2.910000000000000000e+02 4.492590234375003211e-03
2.920000000000000000e+02 4.405210468750002904e-03
2.930000000000000000e+02 4.318091406249996780e-03
2.940000000000000000e+02 4.231881953124998902e-03
2.950000000000000000e+02 4.147332031249998351e-03
2.960000000000000000e+02 4.065184765625000363e-03
2.970000000000000000e+02 3.986189531249999946e-03
2.980000000000000000e+02 3.911138671874999848e-03
2.990000000000000000e+02 3.840814531250000274e-03
3.000000000000000000e+02 3.776046093750000301e-03
3.010000000000000000e+02 3.717637187500000967e-03
3.020000000000000000e+02 3.666419609374999868e-03
3.030000000000000000e+02 3.623220781249999935e-03
3.040000000000000000e+02 3.588886796874999480e-03
3.050000000000000000e+02 3.564248281249999747e-03
3.060000000000000000e+02 3.550137890625001784e-03
3.070000000000000000e+02 3.547379609375002091e-03
3.080000000000000000e+02 3.556786015624998406e-03
3.090000000000000000e+02 3.579164296875000408e-03
3.100000000000000000e+02 3.615305078124999606e-03
3.110000000000000000e+02 3.665965468749998214e-03
3.120000000000000000e+02 3.731889210937500492e-03
3.130000000000000000e+02 3.813796499999999243e-03
3.140000000000000000e+02 3.912360099218750546e-03
3.150000000000000000e+02 4.028259259374999957e-03
3.160000000000000000e+02 4.162068804687500331e-03
3.170000000000000000e+02 4.314369414062499755e-03
3.180000000000000000e+02 4.485692968750000682e-03
3.190000000000000000e+02 4.676542343749997763e-03
3.200000000000000000e+02 4.887248984375000202e-03
3.210000000000000000e+02 5.118252968749998841e-03
3.220000000000000000e+02 5.369816796874999493e-03
3.230000000000000000e+02 5.642174335937498973e-03
3.240000000000000000e+02 5.935513859374999882e-03
3.250000000000000000e+02 6.249914736718749017e-03
3.260000000000000000e+02 6.585394187499996922e-03
3.270000000000000000e+02 6.941893062500000162e-03
3.280000000000000000e+02 7.319269640625003341e-03
3.290000000000000000e+02 7.717316640625001070e-03
3.300000000000000000e+02 8.135706093750002046e-03
3.310000000000000000e+02 8.574021874999998918e-03
3.320000000000000000e+02 9.031809218749999035e-03
3.330000000000000000e+02 9.508520859374999454e-03
3.340000000000000000e+02 1.000342140624999911e-02
3.350000000000000000e+02 1.051576812499999992e-02
3.360000000000000000e+02 1.104473335937500300e-02
3.370000000000000000e+02 1.158944515624999935e-02
3.380000000000000000e+02 1.214874507812499851e-02
3.390000000000000000e+02 1.272159671093749805e-02
3.400000000000000000e+02 1.330680667187499749e-02
3.410000000000000000e+02 1.390301740624999907e-02
3.420000000000000000e+02 1.450897124562499675e-02
3.430000000000000000e+02 1.512318400000000479e-02
3.440000000000000000e+02 1.574419485156249021e-02
3.450000000000000000e+02 1.637034794531249532e-02
3.460000000000000000e+02 1.700008148437499866e-02
3.470000000000000000e+02 1.763161882812500081e-02
3.480000000000000000e+02 1.826342773437499706e-02
3.490000000000000000e+02 1.889356859375001044e-02
3.500000000000000000e+02 1.952025921875000236e-02
3.510000000000000000e+02 2.014161046875000832e-02
3.520000000000000000e+02 2.075596406249999651e-02
3.530000000000000000e+02 2.136119765624999722e-02
3.540000000000000000e+02 2.195561249999999215e-02
3.550000000000000000e+02 2.253738515624999564e-02
3.560000000000000000e+02 2.310453281249999491e-02
3.570000000000000000e+02 2.365534843750000463e-02
3.580000000000000000e+02 2.418798281249999807e-02
3.590000000000000000e+02 2.470067734374999796e-02
3.600000000000000000e+02 2.519185625000000539e-02
3.610000000000000000e+02 2.565971406250000184e-02
3.620000000000000000e+02 2.610284921875000164e-02
3.630000000000000000e+02 2.651979296875001807e-02
3.640000000000000000e+02 2.690907812500000287e-02
3.650000000000000000e+02 2.726934843750001072e-02
3.660000000000000000e+02 2.759943125000000053e-02
3.670000000000000000e+02 2.789839531249999061e-02
3.680000000000000000e+02 2.816509062500000687e-02
3.690000000000000000e+02 2.839881171875001734e-02
3.700000000000000000e+02 2.859871406249999901e-02
3.710000000000000000e+02 2.876427812499999723e-02
3.720000000000000000e+02 2.889508671874999046e-02
3.730000000000000000e+02 2.899078046875001174e-02
3.740000000000000000e+02 2.905123984374999649e-02
3.750000000000000000e+02 2.907650078124998649e-02
3.760000000000000000e+02 2.906661093750000091e-02
3.770000000000000000e+02 2.902196171874999939e-02
3.780000000000000000e+02 2.894298203124999122e-02
3.790000000000000000e+02 2.883035781249999527e-02
3.800000000000000000e+02 2.868467265625000012e-02
3.810000000000000000e+02 2.850698750000000073e-02
3.820000000000000000e+02 2.829836562500001595e-02
3.830000000000000000e+02 2.805998437500000636e-02
3.840000000000000000e+02 2.779319062500000895e-02
3.850000000000000000e+02 2.749955234375002847e-02
3.860000000000000000e+02 2.718061171874999390e-02
3.870000000000000000e+02 2.683809148437499986e-02
3.880000000000000000e+02 2.647395523437501286e-02
3.890000000000000000e+02 2.609004914062500874e-02
3.900000000000000000e+02 2.568849515624999427e-02
3.910000000000000000e+02 2.527144445312501375e-02
3.920000000000000000e+02 2.484111929687500900e-02
3.930000000000000000e+02 2.439972125000000602e-02
3.940000000000000000e+02 2.394970226562498361e-02
3.950000000000000000e+02 2.349343929687499125e-02
3.960000000000000000e+02 2.303338896875000569e-02
3.970000000000000000e+02 2.257194430468748014e-02
3.980000000000000000e+02 2.211167120703125613e-02
3.990000000000000000e+02 2.165506652933594720e-02
4.000000000000000000e+02 2.120456952812499810e-02
4.010000000000000000e+02 2.076275700781249345e-02
4.020000000000000000e+02 2.033198161718749800e-02
4.030000000000000000e+02 1.991478285937499718e-02
4.040000000000000000e+02 1.951358312500000095e-02
4.050000000000000000e+02 1.913057284374999889e-02
4.060000000000000000e+02 1.876805825781249076e-02
4.070000000000000000e+02 1.842831167968749656e-02
4.080000000000000000e+02 1.811323074999998672e-02
4.090000000000000000e+02 1.782482148437500996e-02
4.100000000000000000e+02 1.756486052421875332e-02
4.110000000000000000e+02 1.733506992656249496e-02
4.120000000000000000e+02 1.713679424921874667e-02
4.130000000000000000e+02 1.697153035937500401e-02
4.140000000000000000e+02 1.684032074218750133e-02
4.150000000000000000e+02 1.674417000000000613e-02
4.160000000000000000e+02 1.668387695312499586e-02
4.170000000000000000e+02 1.666011804687499848e-02
4.180000000000000000e+02 1.667329953125000486e-02
4.190000000000000000e+02 1.672368195312499625e-02
4.200000000000000000e+02 1.681143882812500406e-02
4.210000000000000000e+02 1.693648984374999597e-02
4.220000000000000000e+02 1.709864531250000763e-02
4.230000000000000000e+02 1.729752812499999945e-02
4.240000000000000000e+02 1.753266640624999775e-02
4.250000000000000000e+02 1.780336328124999465e-02
4.260000000000000000e+02 1.810872812499999748e-02
4.270000000000000000e+02 1.844786406250000302e-02
4.280000000000000000e+02 1.881947265625001295e-02
4.290000000000000000e+02 1.922226718750000632e-02
4.300000000000000000e+02 1.965455234374999249e-02
4.310000000000000000e+02 2.011458906250000386e-02
4.320000000000000000e+02 2.060031796874999682e-02
4.330000000000000000e+02 2.110949765625001751e-02
4.340000000000000000e+02 2.163955703125000629e-02
4.350000000000000000e+02 2.218772187500000700e-02
4.360000000000000000e+02 2.275100546875001226e-02
4.370000000000000000e+02 2.332603359374999658e-02
4.380000000000000000e+02 2.390926328124999209e-02
4.390000000000000000e+02 2.449697890624998736e-02
4.400000000000000000e+02 2.508512109375000271e-02
4.410000000000000000e+02 2.566947734374999679e-02
4.420000000000000000e+02 2.624555624999998227e-02
4.430000000000000000e+02 2.680884765625000596e-02
4.440000000000000000e+02 2.735453046874999558e-02
4.450000000000000000e+02 2.787782421874999625e-02
4.460000000000000000e+02 2.837379140624999088e-02
4.470000000000000000e+02 2.883744921874999145e-02
4.480000000000000000e+02 2.926393671875000824e-02
4.490000000000000000e+02 2.964825000000001487e-02
4.500000000000000000e+02 2.998587578125000430e-02
4.510000000000000000e+02 3.027215781250000570e-02
4.520000000000000000e+02 3.050268437499999846e-02
4.530000000000000000e+02 3.067363515625000023e-02
4.540000000000000000e+02 3.078122187500000051e-02
4.550000000000000000e+02 3.082234999999999836e-02
4.560000000000000000e+02 3.079432656249998790e-02
4.570000000000000000e+02 3.069484218750000507e-02
4.580000000000000000e+02 3.052242656249998243e-02
4.590000000000000000e+02 3.027605078125001486e-02
4.600000000000000000e+02 2.995538515625001050e-02
4.610000000000000000e+02 2.956068749999999842e-02
4.620000000000000000e+02 2.909303203125001430e-02
4.630000000000000000e+02 2.855394296874999918e-02
4.640000000000000000e+02 2.794583593749999650e-02
4.650000000000000000e+02 2.727161562500001260e-02
4.660000000000000000e+02 2.653490937499999869e-02
4.670000000000000000e+02 2.574002812499998072e-02
4.680000000000000000e+02 2.489189765625000883e-02
4.690000000000000000e+02 2.399613593749999607e-02
4.700000000000000000e+02 2.305902578124999214e-02
4.710000000000000000e+02 2.208743671874999204e-02
4.720000000000000000e+02 2.108892343750000745e-02
4.730000000000000000e+02 2.007175156250001757e-02
4.740000000000000000e+02 1.904462265624999942e-02
4.750000000000000000e+02 1.801675859374998398e-02
4.760000000000000000e+02 1.699802109375000633e-02
4.770000000000000000e+02 1.599824140625001265e-02
4.780000000000000000e+02 1.502777578125000235e-02
4.790000000000000000e+02 1.409696015624999250e-02
4.800000000000000000e+02 1.321590312499999927e-02
4.810000000000000000e+02 1.239448593750000147e-02
4.820000000000000000e+02 1.164227890625000109e-02
4.830000000000000000e+02 1.096809531250000393e-02
4.840000000000000000e+02 1.038006796875000012e-02
4.850000000000000000e+02 9.885200781249998958e-03
4.860000000000000000e+02 9.489629687499995594e-03
4.870000000000000000e+02 9.198047656249997914e-03
4.880000000000000000e+02 9.013763281250000009e-03
4.890000000000000000e+02 8.938539062500002255e-03
4.900000000000000000e+02 8.972306250000002675e-03
4.910000000000000000e+02 9.113200000000001855e-03
4.920000000000000000e+02 9.357199218749999090e-03
4.930000000000000000e+02 9.698274062500004955e-03
4.940000000000000000e+02 1.012800203124999618e-02
4.950000000000000000e+02 1.063571335937499827e-02
4.960000000000000000e+02 1.120863796875000429e-02
4.970000000000000000e+02 1.183178000000000528e-02
4.980000000000000000e+02 1.248862468749999816e-02
4.990000000000000000e+02 1.316155960937499640e-02
5.000000000000000000e+02 1.383265125000000123e-02
5.010000000000000000e+02 1.448524765625000196e-02
5.020000000000000000e+02 1.510564078125000050e-02
5.030000000000000000e+02 1.568539710937499887e-02
5.040000000000000000e+02 1.622537890625000076e-02
5.050000000000000000e+02 1.673984492187499673e-02
5.060000000000000000e+02 1.726342164062500198e-02
5.070000000000000000e+02 1.785933585937499873e-02
5.080000000000000000e+02 1.863169914062499932e-02
5.090000000000000000e+02 1.974114117187500406e-02
5.100000000000000000e+02 2.142565899218750250e-02
5.110000000000000000e+02 2.402948513281250378e-02
