0.000000000000000000e+00 1.245425859375000289e-03
1.000000000000000000e+00 1.243149843749999806e-03
2.000000000000000000e+00 1.238601249999999850e-03
3.000000000000000000e+00 1.231803203124999958e-03
4.000000000000000000e+00 1.222786718749999633e-03
5.000000000000000000e+00 1.211593906250000132e-03
6.000000000000000000e+00 1.198263671874999622e-03
7.000000000000000000e+00 1.182864218749999936e-03
8.000000000000000000e+00 1.165461718750000287e-03
9.000000000000000000e+00 1.146129296874999915e-03
1.000000000000000000e+01 1.124945703125000088e-03
1.100000000000000000e+01 1.102009140625000725e-03
1.200000000000000000e+01 1.077418125000000060e-03
1.300000000000000000e+01 1.051275546874999882e-03
1.400000000000000000e+01 1.023698906249999926e-03
1.500000000000000000e+01 9.947929687499999091e-04
1.600000000000000000e+01 9.646905468750003980e-04
1.700000000000000000e+01 9.335103124999999695e-04
1.800000000000000000e+01 9.013864843749999677e-04
1.900000000000000000e+01 8.684513281249999460e-04
2.000000000000000000e+01 8.348329687499996855e-04
2.100000000000000000e+01 8.006754687499995776e-04
2.200000000000000000e+01 7.661112499999997438e-04
2.300000000000000000e+01 7.312769531250001452e-04
2.400000000000000000e+01 6.963149218749999092e-04
2.500000000000000000e+01 6.613507812499998077e-04
2.600000000000000000e+01 6.265274218750000899e-04
2.700000000000000000e+01 5.919699218750001891e-04
2.800000000000000000e+01 5.578063281250001445e-04
2.900000000000000000e+01 5.241628906249999652e-04
3.000000000000000000e+01 4.911556250000000600e-04
3.100000000000000000e+01 4.589027343749999574e-04
3.200000000000000000e+01 4.275103125000000301e-04
3.300000000000000000e+01 3.970823671875001767e-04
3.400000000000000000e+01 3.677154687500000367e-04
3.500000000000000000e+01 3.395013281250000179e-04
3.600000000000000000e+01 3.125213984375000190e-04
3.700000000000000000e+01 2.868518984375001456e-04
3.800000000000000000e+01 2.625603437500000970e-04
3.900000000000000000e+01 2.397082500000000203e-04
4.000000000000000000e+01 2.183471015625001652e-04
4.100000000000000000e+01 1.985207656249999392e-04
4.200000000000000000e+01 1.802657914062500051e-04
4.300000000000000000e+01 1.636091875000000081e-04
4.400000000000000000e+01 1.485716298437499475e-04
4.500000000000000000e+01 1.351631199921875118e-04
4.600000000000000000e+01 1.233878734374999823e-04
4.700000000000000000e+01 1.132417890625000409e-04
4.800000000000000000e+01 1.047123585937500135e-04
4.900000000000000000e+01 9.777976796874998080e-05
5.000000000000000000e+01 9.241853359374999066e-05
5.100000000000000000e+01 8.859438515624999157e-05
5.200000000000000000e+01 8.626817343750000635e-05
5.300000000000000000e+01 8.539341562500000669e-05
5.400000000000000000e+01 8.591914921874996129e-05
5.500000000000000000e+01 8.778870390624998635e-05
5.600000000000000000e+01 9.094067656250001393e-05
5.700000000000000000e+01 9.530922031250004640e-05
5.800000000000000000e+01 1.008246726562500183e-04
5.900000000000000000e+01 1.074145539062500349e-04
6.000000000000000000e+01 1.150032158593749675e-04
6.100000000000000000e+01 1.235128268749999952e-04
6.200000000000000000e+01 1.328644345992187890e-04
6.300000000000000000e+01 1.429762392187499873e-04
6.400000000000000000e+01 1.537679249218750312e-04
6.500000000000000000e+01 1.651572890624999879e-04
6.600000000000000000e+01 1.770636960937499243e-04
6.700000000000000000e+01 1.894061171874999745e-04
6.800000000000000000e+01 2.021059374999999441e-04
6.900000000000000000e+01 2.150855625000000070e-04
7.000000000000000000e+01 2.282699765624999935e-04
7.100000000000000000e+01 2.415861171874999797e-04
7.200000000000000000e+01 2.549652499999999320e-04
7.300000000000000000e+01 2.683407812500000181e-04
7.400000000000000000e+01 2.816497109374999238e-04
7.500000000000000000e+01 2.948326953125000936e-04
7.600000000000000000e+01 3.078366015624999256e-04
7.700000000000000000e+01 3.206116875000001231e-04
7.800000000000000000e+01 3.331112031249998688e-04
7.900000000000000000e+01 3.452959140625000813e-04
8.000000000000000000e+01 3.571295156250000290e-04
8.100000000000000000e+01 3.685818046875001053e-04
8.200000000000000000e+01 3.796268828125000101e-04
8.300000000000000000e+01 3.902445312500000315e-04
8.400000000000000000e+01 4.004196093749999531e-04
8.500000000000000000e+01 4.101420312499999879e-04
8.600000000000000000e+01 4.194068749999997994e-04
8.700000000000000000e+01 4.282124999999999799e-04
8.800000000000000000e+01 4.365646875000000885e-04
8.900000000000000000e+01 4.444706249999999742e-04
9.000000000000000000e+01 4.519447656249999984e-04
9.100000000000000000e+01 4.590047656250001917e-04
9.200000000000000000e+01 4.656685937499999324e-04
9.300000000000000000e+01 4.719645312499998928e-04
9.400000000000000000e+01 4.779205468750000966e-04
9.500000000000000000e+01 4.835633593750001411e-04
9.600000000000000000e+01 4.889282812499998708e-04
9.700000000000000000e+01 4.940537500000000875e-04
9.800000000000000000e+01 4.989724999999999326e-04
9.900000000000000000e+01 5.037255468750000435e-04
1.000000000000000000e+02 5.083539062499997565e-04
1.010000000000000000e+02 5.129004765625000189e-04
1.020000000000000000e+02 5.174018749999999885e-04
1.030000000000000000e+02 5.218961171875002554e-04
1.040000000000000000e+02 5.264370703125000051e-04
1.050000000000000000e+02 5.310559453124999397e-04
1.060000000000000000e+02 5.357874453125001163e-04
1.070000000000000000e+02 5.406771562499998506e-04
1.080000000000000000e+02 5.457578046874998062e-04
1.090000000000000000e+02 5.510643749999998920e-04
1.100000000000000000e+02 5.566246328124998047e-04
1.110000000000000000e+02 5.624675859375001053e-04
1.120000000000000000e+02 5.686223843750001089e-04
1.130000000000000000e+02 5.751019773437498301e-04
1.140000000000000000e+02 5.819339404687500503e-04
1.150000000000000000e+02 5.891328742968751555e-04
1.160000000000000000e+02 5.967058831249998866e-04
1.170000000000000000e+02 6.046601382812499771e-04
1.180000000000000000e+02 6.129987884375000902e-04
1.190000000000000000e+02 6.217203749999998877e-04
1.200000000000000000e+02 6.308205146874999031e-04
1.210000000000000000e+02 6.402841570312497359e-04
1.220000000000000000e+02 6.501089929687498036e-04
1.230000000000000000e+02 6.602592218749998810e-04
1.240000000000000000e+02 6.707293671875000319e-04
1.250000000000000000e+02 6.814817734374997585e-04
1.260000000000000000e+02 6.924847812499999606e-04
1.270000000000000000e+02 7.037113124999998205e-04
1.280000000000000000e+02 7.151139453124999044e-04
1.290000000000000000e+02 7.266571875000001372e-04
1.300000000000000000e+02 7.382933593750002450e-04
1.310000000000000000e+02 7.499734374999999023e-04
1.320000000000000000e+02 7.616449296874999589e-04
1.330000000000000000e+02 7.732513359375001215e-04
1.340000000000000000e+02 7.847473437500000629e-04
1.350000000000000000e+02 7.960655468750001346e-04
1.360000000000000000e+02 8.071453125000001587e-04
1.370000000000000000e+02 8.179375781250000470e-04
1.380000000000000000e+02 8.283721093750001218e-04
1.390000000000000000e+02 8.383820312500000213e-04
1.400000000000000000e+02 8.479150781249998256e-04
1.410000000000000000e+02 8.569035937500001261e-04
1.420000000000000000e+02 8.652913281250003896e-04
1.430000000000000000e+02 8.730103906250000299e-04
1.440000000000000000e+02 8.800105468750000094e-04
1.450000000000000000e+02 8.862298437499999777e-04
1.460000000000000000e+02 8.916208593749998506e-04
1.470000000000000000e+02 8.961201562499997338e-04
1.480000000000000000e+02 8.996885937499999545e-04
1.490000000000000000e+02 9.022771875000001668e-04
1.500000000000000000e+02 9.038355468749998973e-04
1.510000000000000000e+02 9.043393749999995750e-04
1.520000000000000000e+02 9.037476562499996468e-04
1.530000000000000000e+02 9.020343750000000367e-04
1.540000000000000000e+02 8.991628124999999057e-04
1.550000000000000000e+02 8.951266406250000911e-04
1.560000000000000000e+02 8.899100000000000499e-04
1.570000000000000000e+02 8.834984374999999088e-04
1.580000000000000000e+02 8.758896093749999256e-04
1.590000000000000000e+02 8.670855468749995732e-04
1.600000000000000000e+02 8.570964062500001195e-04
1.610000000000000000e+02 8.459368749999996882e-04
1.620000000000000000e+02 8.336214843750003886e-04
1.630000000000000000e+02 8.201814843750001921e-04
1.640000000000000000e+02 8.056474218750000419e-04
1.650000000000000000e+02 7.900558593749996668e-04
1.660000000000000000e+02 7.734524999999997305e-04
1.670000000000000000e+02 7.558841406250001041e-04
1.680000000000000000e+02 7.374128906250002969e-04
1.690000000000000000e+02 7.180950781250000419e-04
1.700000000000000000e+02 6.979948437500002731e-04
1.710000000000000000e+02 6.771890624999998831e-04
1.720000000000000000e+02 6.557555468750000905e-04
1.730000000000000000e+02 6.337732031249996949e-04
1.740000000000000000e+02 6.113320312500000048e-04
1.750000000000000000e+02 5.885203906250000483e-04
1.760000000000000000e+02 5.654364843750000688e-04
1.770000000000000000e+02 5.421800781250000296e-04
1.780000000000000000e+02 5.188487500000001779e-04
1.790000000000000000e+02 4.955583593750001372e-04
1.800000000000000000e+02 4.724086718750000876e-04
1.810000000000000000e+02 4.495153906250000603e-04
1.820000000000000000e+02 4.269960156250001706e-04
1.830000000000000000e+02 4.049597031249999924e-04
1.840000000000000000e+02 3.835282656250001902e-04
1.850000000000000000e+02 3.628180390625000283e-04
1.860000000000000000e+02 3.429499609374999270e-04
1.870000000000000000e+02 3.240430468750000710e-04
1.880000000000000000e+02 3.062152187499998660e-04
1.890000000000000000e+02 2.895867265624999854e-04
1.900000000000000000e+02 2.742793031249999756e-04
1.910000000000000000e+02 2.604076171874998807e-04
1.920000000000000000e+02 2.480872610937499985e-04
1.930000000000000000e+02 2.374355573359374712e-04
1.940000000000000000e+02 2.285623564843750034e-04
1.950000000000000000e+02 2.215802101562499898e-04
1.960000000000000000e+02 2.165954234375000247e-04
1.970000000000000000e+02 2.137128798281249771e-04
1.980000000000000000e+02 2.130335005468750580e-04
1.990000000000000000e+02 2.146555218750000667e-04
2.000000000000000000e+02 2.186721999999999017e-04
2.010000000000000000e+02 2.251729167968750077e-04
2.020000000000000000e+02 2.342453978125000412e-04
2.030000000000000000e+02 2.459685259765624892e-04
2.040000000000000000e+02 2.604218678906249193e-04
2.050000000000000000e+02 2.776719132812500014e-04
2.060000000000000000e+02 2.977884851562500831e-04
2.070000000000000000e+02 3.208309273437500516e-04
2.080000000000000000e+02 3.468539554687497949e-04
2.090000000000000000e+02 3.759117929687501108e-04
2.100000000000000000e+02 4.080436875000000409e-04
2.110000000000000000e+02 4.432875624999998662e-04
2.120000000000000000e+02 4.816801328124998855e-04
2.130000000000000000e+02 5.232420078125002557e-04
2.140000000000000000e+02 5.679929531249997346e-04
2.150000000000000000e+02 6.159502031249998759e-04
2.160000000000000000e+02 6.671104921875001216e-04
2.170000000000000000e+02 7.214816171875000541e-04
2.180000000000000000e+02 7.790496328124999663e-04
2.190000000000000000e+02 8.398049921875001128e-04
2.200000000000000000e+02 9.037190468749996351e-04
2.210000000000000000e+02 9.707641015624998834e-04
2.220000000000000000e+02 1.040905578125000085e-03
2.230000000000000000e+02 1.114095507812500442e-03
2.240000000000000000e+02 1.190280429687500365e-03
2.250000000000000000e+02 1.269404929687500396e-03
2.260000000000000000e+02 1.351387523437500710e-03
2.270000000000000000e+02 1.436153234374999785e-03
2.280000000000000000e+02 1.523623101562500588e-03
2.290000000000000000e+02 1.613694507812498151e-03
2.300000000000000000e+02 1.706265632812499879e-03
2.310000000000000000e+02 1.801222187500000011e-03
2.320000000000000000e+02 1.898440054687500125e-03
2.330000000000000000e+02 1.997791359374999874e-03
2.340000000000000000e+02 2.099121429687500658e-03
2.350000000000000000e+02 2.202295656250000469e-03
2.360000000000000000e+02 2.307135328124999916e-03
2.370000000000000000e+02 2.413485257812496981e-03
2.380000000000000000e+02 2.521155914062498619e-03
2.390000000000000000e+02 2.629960484375000809e-03
2.400000000000000000e+02 2.739692531250001190e-03
2.410000000000000000e+02 2.850152499999998763e-03
2.420000000000000000e+02 2.961122562499999330e-03
2.430000000000000000e+02 3.072362254687499312e-03
2.440000000000000000e+02 3.183644885156250177e-03
2.450000000000000000e+02 3.294735465624999953e-03
2.460000000000000000e+02 3.405369124218749106e-03
2.470000000000000000e+02 3.515296749218749760e-03
2.480000000000000000e+02 3.624252626562500783e-03
2.490000000000000000e+02 3.731957514843750687e-03
2.500000000000000000e+02 3.838145396093752253e-03
2.510000000000000000e+02 3.942547749218748912e-03
2.520000000000000000e+02 4.044866092187499214e-03
2.530000000000000000e+02 4.144833095312500625e-03
2.540000000000000000e+02 4.242149825000002088e-03
2.550000000000000000e+02 4.336573445312502835e-03
2.560000000000000000e+02 4.427754648437499767e-03
2.570000000000000000e+02 4.515475234375001742e-03
2.580000000000000000e+02 4.599460898437500271e-03
2.590000000000000000e+02 4.679444078125000878e-03
2.600000000000000000e+02 4.755148664062503611e-03
2.610000000000000000e+02 4.826325375000000903e-03
2.620000000000000000e+02 4.892829664062500750e-03
2.630000000000000000e+02 4.954343968750002901e-03
2.640000000000000000e+02 5.010678281250000900e-03
2.650000000000000000e+02 5.061667734375004113e-03
2.660000000000000000e+02 5.107152812499998057e-03
2.670000000000000000e+02 5.146961562499996479e-03
2.680000000000000000e+02 5.181006250000000889e-03
2.690000000000000000e+02 5.209080234374999056e-03
2.700000000000000000e+02 5.231191406249999405e-03
2.710000000000000000e+02 5.247308593750000562e-03
2.720000000000000000e+02 5.257325390624998686e-03
2.730000000000000000e+02 5.261259921875003319e-03
2.740000000000000000e+02 5.259150546874999041e-03
2.750000000000000000e+02 5.251091875000002407e-03
2.760000000000000000e+02 5.237143281250000379e-03
2.770000000000000000e+02 5.217421718750002956e-03
2.780000000000000000e+02 5.192077890624998901e-03
2.790000000000000000e+02 5.161285234375001009e-03
2.800000000000000000e+02 5.125290703125002026e-03
2.810000000000000000e+02 5.084353203124997514e-03
2.820000000000000000e+02 5.038713437499998254e-03
2.830000000000000000e+02 4.988726875000001892e-03
2.840000000000000000e+02 4.934727187500004102e-03
2.850000000000000000e+02 4.877079531250002632e-03
2.860000000000000000e+02 4.816211015625002957e-03
2.870000000000000000e+02 4.752570468750000852e-03
2.880000000000000000e+02 4.686617421874999037e-03
2.890000000000000000e+02 4.618860781250003732e-03
2.900000000000000000e+02 4.549834453124999324e-03
2.910000000000000000e+02 4.480089921875001283e-03
2.920000000000000000e+02 4.410205546874998786e-03
2.930000000000000000e+02 4.340802343750001062e-03
2.940000000000000000e+02 4.272520156249999188e-03
2.950000000000000000e+02 4.206008906250001053e-03
2.960000000000000000e+02 4.141929140625001150e-03
2.970000000000000000e+02 4.081005859375000377e-03
2.980000000000000000e+02 4.023929453125000069e-03
2.990000000000000000e+02 3.971423125000000769e-03
3.000000000000000000e+02 3.924258437500000550e-03
3.010000000000000000e+02 3.883161953125000357e-03
3.020000000000000000e+02 3.848913124999998880e-03
3.030000000000000000e+02 3.822280156250000734e-03
3.040000000000000000e+02 3.804036328124999616e-03
3.050000000000000000e+02 3.794975390624999272e-03
3.060000000000000000e+02 3.795868437499999755e-03
3.070000000000000000e+02 3.807495468749999903e-03
3.080000000000000000e+02 3.830630859375002382e-03
3.090000000000000000e+02 3.866033515624998917e-03
3.100000000000000000e+02 3.914467343750001153e-03
3.110000000000000000e+02 3.976658593749998923e-03
3.120000000000000000e+02 4.053339945312500574e-03
3.130000000000000000e+02 4.145190859374998232e-03
3.140000000000000000e+02 4.252916335937498987e-03
3.150000000000000000e+02 4.377124884375000781e-03
3.160000000000000000e+02 4.518448444609374920e-03
3.170000000000000000e+02 4.677448890625000681e-03
3.180000000000000000e+02 4.854673828124999452e-03
3.190000000000000000e+02 5.050595765624999768e-03
3.200000000000000000e+02 5.265646796875001444e-03
3.210000000000000000e+02 5.500224843749999294e-03
3.220000000000000000e+02 5.754616874999998397e-03
3.230000000000000000e+02 6.029173437499998553e-03
3.240000000000000000e+02 6.323972218749998771e-03
3.250000000000000000e+02 6.639215226562499191e-03
3.260000000000000000e+02 6.974958234375002765e-03
3.270000000000000000e+02 7.331161359375000346e-03
3.280000000000000000e+02 7.707721789062498344e-03
3.290000000000000000e+02 8.104462749999997648e-03
3.300000000000000000e+02 8.521057500000000021e-03
3.310000000000000000e+02 8.957278750000003884e-03
3.320000000000000000e+02 9.412521249999998216e-03
3.330000000000000000e+02 9.886310781250001040e-03
3.340000000000000000e+02 1.037803687499999454e-02
3.350000000000000000e+02 1.088696468749999861e-02
3.360000000000000000e+02 1.141223757812500142e-02
3.370000000000000000e+02 1.195301945312500329e-02
3.380000000000000000e+02 1.250828390625000064e-02
3.390000000000000000e+02 1.307680515625000116e-02
3.400000000000000000e+02 1.365760812499999637e-02
3.410000000000000000e+02 1.424939286718750024e-02
3.420000000000000000e+02 1.485073003906250272e-02
3.430000000000000000e+02 1.546019789062499407e-02
3.440000000000000000e+02 1.607635503523438189e-02
3.450000000000000000e+02 1.669767141406250030e-02
3.460000000000000000e+02 1.732249567968749404e-02
3.470000000000000000e+02 1.794907679687500132e-02
3.480000000000000000e+02 1.857585773437501336e-02
3.490000000000000000e+02 1.920089492187498914e-02
3.500000000000000000e+02 1.982255648437500004e-02
3.510000000000000000e+02 2.043883226562499822e-02
3.520000000000000000e+02 2.104805820312499742e-02
3.530000000000000000e+02 2.164831625000000065e-02
3.540000000000000000e+02 2.223763125000000063e-02
3.550000000000000000e+02 2.281431406250000044e-02
3.560000000000000000e+02 2.337648515625000145e-02
3.570000000000000000e+02 2.392235937499999007e-02
3.580000000000000000e+02 2.445018437500001349e-02
3.590000000000000000e+02 2.495820468749999910e-02
3.600000000000000000e+02 2.544475468750000482e-02
3.610000000000000000e+02 2.590828046874999943e-02
3.620000000000000000e+02 2.634720390625000172e-02
3.630000000000000000e+02 2.676017265625001834e-02
3.640000000000000000e+02 2.714570390624999538e-02
3.650000000000000000e+02 2.750262343750000185e-02
3.660000000000000000e+02 2.782981093749999080e-02
3.670000000000000000e+02 2.812618125000000344e-02
3.680000000000000000e+02 2.839081328124999290e-02
3.690000000000000000e+02 2.862290781250000776e-02
3.700000000000000000e+02 2.882180390624999866e-02
3.710000000000000000e+02 2.898698281249999925e-02
3.720000000000000000e+02 2.911802812499999712e-02
3.730000000000000000e+02 2.921478359375000514e-02
3.740000000000000000e+02 2.927707109374999561e-02
3.750000000000000000e+02 2.930495234375001673e-02
3.760000000000000000e+02 2.929863437500001069e-02
3.770000000000000000e+02 2.925850390625000380e-02
3.780000000000000000e+02 2.918502031250000406e-02
3.790000000000000000e+02 2.907883515624999637e-02
3.800000000000000000e+02 2.894080703124999807e-02
3.810000000000000000e+02 2.877184765625001236e-02
3.820000000000000000e+02 2.857305312499999750e-02
3.830000000000000000e+02 2.834568437500000621e-02
3.840000000000000000e+02 2.809116328124998743e-02
3.850000000000000000e+02 2.781089531250001412e-02
3.860000000000000000e+02 2.750663203124998832e-02
3.870000000000000000e+02 2.717997390625000870e-02
3.880000000000000000e+02 2.683289429687499630e-02
3.890000000000000000e+02 2.646725812499998998e-02
3.900000000000000000e+02 2.608510328124998001e-02
3.910000000000000000e+02 2.568856578124999526e-02
3.920000000000000000e+02 2.527985929687499508e-02
3.930000000000000000e+02 2.486103968750001669e-02
3.940000000000000000e+02 2.443463648437499414e-02
3.950000000000000000e+02 2.400278496875000653e-02
3.960000000000000000e+02 2.356800764062499595e-02
3.970000000000000000e+02 2.313256758593751003e-02
3.980000000000000000e+02 2.269889062265624882e-02
3.990000000000000000e+02 2.226940607234376840e-02
4.000000000000000000e+02 2.184657669453124451e-02
4.010000000000000000e+02 2.143270058593748500e-02
4.020000000000000000e+02 2.103013773437500955e-02
4.030000000000000000e+02 2.064129247656250332e-02
4.040000000000000000e+02 2.026833214843749495e-02
4.050000000000000000e+02 1.991357478906249229e-02
4.060000000000000000e+02 1.957911215624999826e-02
4.070000000000000000e+02 1.926694902343748655e-02
4.080000000000000000e+02 1.897907265625000534e-02
4.090000000000000000e+02 1.871723624765623747e-02
4.100000000000000000e+02 1.848309969482812495e-02
4.110000000000000000e+02 1.827822600468749503e-02
4.120000000000000000e+02 1.810394332812500021e-02
4.130000000000000000e+02 1.796133015625000010e-02
4.140000000000000000e+02 1.785153296875000364e-02
4.150000000000000000e+02 1.777530085937499907e-02
4.160000000000000000e+02 1.773333085937499679e-02
4.170000000000000000e+02 1.772618742187499069e-02
4.180000000000000000e+02 1.775412093750000295e-02
4.190000000000000000e+02 1.781734859374999730e-02
4.200000000000000000e+02 1.791586499999998916e-02
4.210000000000000000e+02 1.804964687500000206e-02
4.220000000000000000e+02 1.821825390625000582e-02
4.230000000000000000e+02 1.842147656249999710e-02
4.240000000000000000e+02 1.865870234375001380e-02
4.250000000000000000e+02 1.892917812499999783e-02
4.260000000000000000e+02 1.923217500000000760e-02
4.270000000000000000e+02 1.956665625000000505e-02
4.280000000000000000e+02 1.993151406249999563e-02
4.290000000000000000e+02 2.032531171875000611e-02
4.300000000000000000e+02 2.074654453125000797e-02
4.310000000000000000e+02 2.119340078124999638e-02
4.320000000000000000e+02 2.166404296875001564e-02
4.330000000000000000e+02 2.215616953124999525e-02
4.340000000000000000e+02 2.266725390625000044e-02
4.350000000000000000e+02 2.319469531249999245e-02
4.360000000000000000e+02 2.373564687500000908e-02
4.370000000000000000e+02 2.428676484374999583e-02
4.380000000000000000e+02 2.484470546874998839e-02
4.390000000000000000e+02 2.540585234375000029e-02
4.400000000000000000e+02 2.596632734374998766e-02
4.410000000000000000e+02 2.652208203125001190e-02
4.420000000000000000e+02 2.706879296875001548e-02
4.430000000000000000e+02 2.760226015625001292e-02
4.440000000000000000e+02 2.811783124999999578e-02
4.450000000000000000e+02 2.861088906250000216e-02
4.460000000000000000e+02 2.907668359375000303e-02
4.470000000000000000e+02 2.951050156249999945e-02
4.480000000000000000e+02 2.990757343750000130e-02
4.490000000000000000e+02 3.026336640624998145e-02
4.500000000000000000e+02 3.057311171874997971e-02
4.510000000000000000e+02 3.083258046875001282e-02
4.520000000000000000e+02 3.103741249999998272e-02
4.530000000000000000e+02 3.118384609374999852e-02
4.540000000000000000e+02 3.126821875000000001e-02
4.550000000000000000e+02 3.128746875000000538e-02
4.560000000000000000e+02 3.123887499999999581e-02
4.570000000000000000e+02 3.112028906249999366e-02
4.580000000000000000e+02 3.093003906249999421e-02
4.590000000000000000e+02 3.066704687499998208e-02
4.600000000000000000e+02 3.033100937500000580e-02
4.610000000000000000e+02 2.992190781249999196e-02
4.620000000000000000e+02 2.944072890625000147e-02
4.630000000000000000e+02 2.888880781249999682e-02
4.640000000000000000e+02 2.826825468749999751e-02
4.650000000000000000e+02 2.758175078125001817e-02
4.660000000000000000e+02 2.683267890624999041e-02
4.670000000000000000e+02 2.602510312499999034e-02
4.680000000000000000e+02 2.516362031250000963e-02
4.690000000000000000e+02 2.425357656250000382e-02
4.700000000000000000e+02 2.330102656249999349e-02
4.710000000000000000e+02 2.231259062500001028e-02
4.720000000000000000e+02 2.129557109375000354e-02
4.730000000000000000e+02 2.025796015624999752e-02
4.740000000000000000e+02 1.920824921874999050e-02
4.750000000000000000e+02 1.815551250000000533e-02
4.760000000000000000e+02 1.710922578124999746e-02
4.770000000000000000e+02 1.607916015625000458e-02
4.780000000000000000e+02 1.507529843749999890e-02
4.790000000000000000e+02 1.410782109375000211e-02
4.800000000000000000e+02 1.318661015624999870e-02
4.810000000000000000e+02 1.232143437499999897e-02
4.820000000000000000e+02 1.152169765625000487e-02
4.830000000000000000e+02 1.079615703124999979e-02
4.840000000000000000e+02 1.015306171875000364e-02
4.850000000000000000e+02 9.599578125000002640e-03
4.860000000000000000e+02 9.142046875000003903e-03
4.870000000000000000e+02 8.785671093750002658e-03
4.880000000000000000e+02 8.534249218750003182e-03
4.890000000000000000e+02 8.390234374999997954e-03
4.900000000000000000e+02 8.354385156250001415e-03
4.910000000000000000e+02 8.425850781249999075e-03
4.920000000000000000e+02 8.601652500000002768e-03
4.930000000000000000e+02 8.876847578124999472e-03
4.940000000000000000e+02 9.244378828125000142e-03
4.950000000000000000e+02 9.694898437500005378e-03
4.960000000000000000e+02 1.021690562500000322e-02
4.970000000000000000e+02 1.079686015624999745e-02
4.980000000000000000e+02 1.141962124999999773e-02
4.990000000000000000e+02 1.206876906249999652e-02
5.000000000000000000e+02 1.272759273437500116e-02
5.010000000000000000e+02 1.338037796874999574e-02
5.020000000000000000e+02 1.401387898437500036e-02
5.030000000000000000e+02 1.461980617187499769e-02
5.040000000000000000e+02 1.519845882812499542e-02
5.050000000000000000e+02 1.576295992187500342e-02
5.060000000000000000e+02 1.634625203124999426e-02
5.070000000000000000e+02 1.700958820312499856e-02
5.080000000000000000e+02 1.785474929687499296e-02
5.090000000000000000e+02 1.904104398437499873e-02
5.100000000000000000e+02 2.080740382812500469e-02
5.110000000000000000e+02 2.350313420312500484e-02
