0.000000000000000000e+00 1.728776978125000060e-03
1.000000000000000000e+00 1.723382242187500172e-03
2.000000000000000000e+00 1.712642789062500783e-03
3.000000000000000000e+00 1.696633728124999005e-03
4.000000000000000000e+00 1.675468789843750786e-03
5.000000000000000000e+00 1.649310092187500007e-03
6.000000000000000000e+00 1.618349559374999492e-03
7.000000000000000000e+00 1.582815062500000187e-03
8.000000000000000000e+00 1.542960917187499899e-03
9.000000000000000000e+00 1.499091353906249931e-03
1.000000000000000000e+01 1.451515257812499658e-03
1.100000000000000000e+01 1.400590955468749860e-03
1.200000000000000000e+01 1.346676905468750535e-03
1.300000000000000000e+01 1.290170239062499169e-03
1.400000000000000000e+01 1.231483096093749724e-03
1.500000000000000000e+01 1.171036762500000722e-03
1.600000000000000000e+01 1.109255026562499993e-03
1.700000000000000000e+01 1.046578895312499750e-03
1.800000000000000000e+01 9.834593343750004570e-04
1.900000000000000000e+01 9.203377578124998393e-04
2.000000000000000000e+01 8.576567093750002988e-04
2.100000000000000000e+01 7.958471359375003228e-04
2.200000000000000000e+01 7.353377343749999085e-04
2.300000000000000000e+01 6.765374703124999410e-04
2.400000000000000000e+01 6.198473828124999915e-04
2.500000000000000000e+01 5.656470546874999309e-04
2.600000000000000000e+01 5.142889765625000345e-04
2.700000000000000000e+01 4.661118984374997541e-04
2.800000000000000000e+01 4.214199765624998366e-04
2.900000000000000000e+01 3.804945000000000007e-04
3.000000000000000000e+01 3.435850710937500660e-04
3.100000000000000000e+01 3.109104882812500307e-04
3.200000000000000000e+01 2.826569843750001854e-04
3.300000000000000000e+01 2.589777421875000675e-04
3.400000000000000000e+01 2.399906015624999115e-04
3.500000000000000000e+01 2.257786796875000139e-04
3.600000000000000000e+01 2.163926304687499721e-04
3.700000000000000000e+01 2.118447101562500896e-04
3.800000000000000000e+01 2.121147445312499479e-04
3.900000000000000000e+01 2.171492171874999765e-04
4.000000000000000000e+01 2.268604226562500388e-04
4.100000000000000000e+01 2.411282250000000083e-04
4.200000000000000000e+01 2.598032031249999127e-04
4.300000000000000000e+01 2.827071718749999524e-04
4.400000000000000000e+01 3.096320546874999232e-04
4.500000000000000000e+01 3.403475781249997627e-04
4.600000000000000000e+01 3.745963515624999669e-04
4.700000000000000000e+01 4.121038124999999329e-04
4.800000000000000000e+01 4.525717499999999584e-04
4.900000000000000000e+01 4.956910859375002068e-04
5.000000000000000000e+01 5.411324296874999319e-04
5.100000000000000000e+01 5.885602734374998724e-04
5.200000000000000000e+01 6.376220937499998574e-04
5.300000000000000000e+01 6.879728906249999842e-04
5.400000000000000000e+01 7.392468906250004423e-04
5.500000000000000000e+01 7.910920468750002677e-04
5.600000000000000000e+01 8.431471250000001881e-04
5.700000000000000000e+01 8.950634687499999485e-04
5.800000000000000000e+01 9.464880781250000624e-04
5.900000000000000000e+01 9.970904374999999421e-04
6.000000000000000000e+01 1.046532999999999665e-03
6.100000000000000000e+01 1.094509921874999969e-03
6.200000000000000000e+01 1.140715546874999974e-03
6.300000000000000000e+01 1.184875156249999648e-03
6.400000000000000000e+01 1.226716015624999649e-03
6.500000000000000000e+01 1.265996171875000261e-03
6.600000000000000000e+01 1.302498515624999752e-03
6.700000000000000000e+01 1.336010234375000633e-03
6.800000000000000000e+01 1.366361406249999317e-03
6.900000000000000000e+01 1.393408515625000222e-03
7.000000000000000000e+01 1.417008750000000239e-03
7.100000000000000000e+01 1.437068671874999976e-03
7.200000000000000000e+01 1.453505546875000264e-03
7.300000000000000000e+01 1.466275859374999938e-03
7.400000000000000000e+01 1.475348984374999940e-03
7.500000000000000000e+01 1.480725546874999505e-03
7.600000000000000000e+01 1.482434062500000323e-03
7.700000000000000000e+01 1.480520156250000278e-03
7.800000000000000000e+01 1.475055703125000136e-03
7.900000000000000000e+01 1.466125312500001117e-03
8.000000000000000000e+01 1.453862890625000608e-03
8.100000000000000000e+01 1.438393593750000171e-03
8.200000000000000000e+01 1.419874374999999158e-03
8.300000000000000000e+01 1.398468882812500336e-03
8.400000000000000000e+01 1.374374867187499148e-03
8.500000000000000000e+01 1.347786835937500333e-03
8.600000000000000000e+01 1.318922093749999884e-03
8.700000000000000000e+01 1.287996257812500317e-03
8.800000000000000000e+01 1.255240265624999775e-03
8.900000000000000000e+01 1.220903593749999650e-03
9.000000000000000000e+01 1.185224789062499931e-03
9.100000000000000000e+01 1.148446445312500215e-03
9.200000000000000000e+01 1.110824749999999878e-03
9.300000000000000000e+01 1.072601726562499467e-03
9.400000000000000000e+01 1.034016890625000197e-03
9.500000000000000000e+01 9.953237968749995782e-04
9.600000000000000000e+01 9.567498374999999170e-04
9.700000000000000000e+01 9.185202710937496974e-04
9.800000000000000000e+01 8.808628953124995366e-04
9.900000000000000000e+01 8.439722570312495993e-04
1.000000000000000000e+02 8.080585226562502638e-04
1.010000000000000000e+02 7.733025773437499735e-04
1.020000000000000000e+02 7.398730375000001167e-04
1.030000000000000000e+02 7.079278981250001655e-04
1.040000000000000000e+02 6.776039233593745669e-04
1.050000000000000000e+02 6.490262175781248179e-04
1.060000000000000000e+02 6.223001984375001574e-04
1.070000000000000000e+02 5.975178015624998517e-04
1.080000000000000000e+02 5.747544732031249250e-04
1.090000000000000000e+02 5.540573435156250686e-04
1.100000000000000000e+02 5.354643041835936050e-04
1.110000000000000000e+02 5.189997159375002792e-04
1.120000000000000000e+02 5.046594429687500808e-04
1.130000000000000000e+02 4.924387179687499810e-04
1.140000000000000000e+02 4.822993507812501821e-04
1.150000000000000000e+02 4.741968343750001063e-04
1.160000000000000000e+02 4.680719562500001616e-04
1.170000000000000000e+02 4.638520414062496889e-04
1.180000000000000000e+02 4.614460062500000425e-04
1.190000000000000000e+02 4.607579382812500659e-04
1.200000000000000000e+02 4.616786906249999850e-04
1.210000000000000000e+02 4.640936132812499516e-04
1.220000000000000000e+02 4.678723976562498702e-04
1.230000000000000000e+02 4.728861708593749867e-04
1.240000000000000000e+02 4.789943468749999168e-04
1.250000000000000000e+02 4.860601706249997704e-04
1.260000000000000000e+02 4.939372882031250588e-04
1.270000000000000000e+02 5.024845936718750966e-04
1.280000000000000000e+02 5.115586710937498633e-04
1.290000000000000000e+02 5.210170952343749946e-04
1.300000000000000000e+02 5.307298708749999018e-04
1.310000000000000000e+02 5.405548719531252108e-04
1.320000000000000000e+02 5.503707492187501953e-04
1.330000000000000000e+02 5.600593442187500872e-04
1.340000000000000000e+02 5.695088452187499527e-04
1.350000000000000000e+02 5.786220751562501374e-04
1.360000000000000000e+02 5.873034039843748810e-04
1.370000000000000000e+02 5.954796419531252017e-04
1.380000000000000000e+02 6.030771211718748744e-04
1.390000000000000000e+02 6.100454229687500085e-04
1.400000000000000000e+02 6.163397364843750410e-04
1.410000000000000000e+02 6.219325311718747759e-04
1.420000000000000000e+02 6.268071906249998932e-04
1.430000000000000000e+02 6.309677504687500422e-04
1.440000000000000000e+02 6.344190504687498375e-04
1.450000000000000000e+02 6.371910465624997921e-04
1.460000000000000000e+02 6.393180756250000166e-04
1.470000000000000000e+02 6.408524257812501243e-04
1.480000000000000000e+02 6.418526999999999609e-04
1.490000000000000000e+02 6.423945765624999079e-04
1.500000000000000000e+02 6.425557351562498441e-04
1.510000000000000000e+02 6.424353031250000469e-04
1.520000000000000000e+02 6.421275890625000992e-04
1.530000000000000000e+02 6.417414515625002088e-04
1.540000000000000000e+02 6.413891375000000143e-04
1.550000000000000000e+02 6.411843023437500174e-04
1.560000000000000000e+02 6.412524203125001153e-04
1.570000000000000000e+02 6.417132656249999959e-04
1.580000000000000000e+02 6.426873085937499135e-04
1.590000000000000000e+02 6.442986945312499658e-04
1.600000000000000000e+02 6.466618265624998491e-04
1.610000000000000000e+02 6.498979484374999525e-04
1.620000000000000000e+02 6.541103031249997750e-04
1.630000000000000000e+02 6.594027171875001562e-04
1.640000000000000000e+02 6.658755242187502400e-04
1.650000000000000000e+02 6.736103257812500094e-04
1.660000000000000000e+02 6.826857656250001800e-04
1.670000000000000000e+02 6.931680742187503689e-04
1.680000000000000000e+02 7.051069029687499507e-04
1.690000000000000000e+02 7.185473846875002147e-04
1.700000000000000000e+02 7.335108557812501607e-04
1.710000000000000000e+02 7.500149533593747538e-04
1.720000000000000000e+02 7.680554593749999714e-04
1.730000000000000000e+02 7.876147523437500818e-04
1.740000000000000000e+02 8.086651062499999789e-04
1.750000000000000000e+02 8.311510039062501316e-04
1.760000000000000000e+02 8.550246757812497711e-04
1.770000000000000000e+02 8.802026187499998721e-04
1.780000000000000000e+02 9.065829843749999848e-04
1.790000000000000000e+02 9.340870468750001954e-04
1.800000000000000000e+02 9.625733203125003612e-04
1.810000000000000000e+02 9.919285312499999310e-04
1.820000000000000000e+02 1.021997218749999634e-03
1.830000000000000000e+02 1.052647531250000025e-03
1.840000000000000000e+02 1.083708804687500077e-03
1.850000000000000000e+02 1.115010453124999808e-03
1.860000000000000000e+02 1.146392812500000207e-03
1.870000000000000000e+02 1.177666648437499831e-03
1.880000000000000000e+02 1.208669992187500018e-03
1.890000000000000000e+02 1.239201937499999828e-03
1.900000000000000000e+02 1.269086515624999944e-03
1.910000000000000000e+02 1.298152843750000323e-03
1.920000000000000000e+02 1.326218320312499933e-03
1.930000000000000000e+02 1.353115468749999540e-03
1.940000000000000000e+02 1.378680546874999895e-03
1.950000000000000000e+02 1.402759921875000549e-03
1.960000000000000000e+02 1.425202203125000089e-03
1.970000000000000000e+02 1.445873210937500403e-03
1.980000000000000000e+02 1.464649679687499585e-03
1.990000000000000000e+02 1.481425945312499475e-03
2.000000000000000000e+02 1.496100007812500637e-03
2.010000000000000000e+02 1.508599195312500339e-03
2.020000000000000000e+02 1.518850359374999568e-03
2.030000000000000000e+02 1.526809210937499954e-03
2.040000000000000000e+02 1.532439789062499608e-03
2.050000000000000000e+02 1.535731468749999568e-03
2.060000000000000000e+02 1.536678992187500000e-03
2.070000000000000000e+02 1.535311098437499612e-03
2.080000000000000000e+02 1.531665729687500289e-03
2.090000000000000000e+02 1.525786809375000511e-03
2.100000000000000000e+02 1.517752683203124750e-03
2.110000000000000000e+02 1.507651485781250121e-03
2.120000000000000000e+02 1.495585665468749780e-03
2.130000000000000000e+02 1.481676603125000160e-03
2.140000000000000000e+02 1.466063166406250196e-03
2.150000000000000000e+02 1.448883123437499790e-03
2.160000000000000000e+02 1.430307109374999962e-03
2.170000000000000000e+02 1.410513835937500385e-03
2.180000000000000000e+02 1.389680679687499334e-03
2.190000000000000000e+02 1.368007742187500337e-03
2.200000000000000000e+02 1.345699437500000317e-03
2.210000000000000000e+02 1.322966359375000100e-03
2.220000000000000000e+02 1.300025992187499486e-03
2.230000000000000000e+02 1.277104562500000397e-03
2.240000000000000000e+02 1.254428578125000053e-03
2.250000000000000000e+02 1.232220499999999537e-03
2.260000000000000000e+02 1.210705156249999338e-03
2.270000000000000000e+02 1.190113632812500122e-03
2.280000000000000000e+02 1.170662789062499416e-03
2.290000000000000000e+02 1.152574062499999710e-03
2.300000000000000000e+02 1.136053515624999661e-03
2.310000000000000000e+02 1.121317890624999895e-03
2.320000000000000000e+02 1.108567187499999874e-03
2.330000000000000000e+02 1.097996640625000485e-03
2.340000000000000000e+02 1.089795234374999833e-03
2.350000000000000000e+02 1.084153515624999972e-03
2.360000000000000000e+02 1.081256640625000371e-03
2.370000000000000000e+02 1.081283687500000012e-03
2.380000000000000000e+02 1.084424210937499954e-03
2.390000000000000000e+02 1.090864289062499614e-03
2.400000000000000000e+02 1.100796226562500120e-03
2.410000000000000000e+02 1.114427683593750048e-03
2.420000000000000000e+02 1.131965773750000020e-03
2.430000000000000000e+02 1.153647467968749521e-03
2.440000000000000000e+02 1.179723018124999257e-03
2.450000000000000000e+02 1.210453515625000169e-03
2.460000000000000000e+02 1.246135335937499818e-03
2.470000000000000000e+02 1.287086054687499323e-03
2.480000000000000000e+02 1.333652281249999693e-03
2.490000000000000000e+02 1.386200601562500093e-03
2.500000000000000000e+02 1.445131687500000178e-03
2.510000000000000000e+02 1.510869124999999688e-03
2.520000000000000000e+02 1.583858409375000099e-03
2.530000000000000000e+02 1.664569197656249949e-03
2.540000000000000000e+02 1.753480721875000500e-03
2.550000000000000000e+02 1.851086154687500490e-03
2.560000000000000000e+02 1.957883225781249705e-03
2.570000000000000000e+02 2.074364047656250022e-03
2.580000000000000000e+02 2.201013210937500467e-03
2.590000000000000000e+02 2.338303789062500145e-03
2.600000000000000000e+02 2.486662179687499415e-03
2.610000000000000000e+02 2.646478601562499318e-03
2.620000000000000000e+02 2.818114640624997964e-03
2.630000000000000000e+02 3.001853531249999794e-03
2.640000000000000000e+02 3.197907835937502212e-03
2.650000000000000000e+02 3.406444000000000659e-03
2.660000000000000000e+02 3.627512398437501145e-03
2.670000000000000000e+02 3.861082632812498205e-03
2.680000000000000000e+02 4.107030781249998951e-03
2.690000000000000000e+02 4.365105546874999479e-03
2.700000000000000000e+02 4.634994367187500811e-03
2.710000000000000000e+02 4.916232242187498769e-03
2.720000000000000000e+02 5.208251421874998156e-03
2.730000000000000000e+02 5.510388015624999303e-03
2.740000000000000000e+02 5.821848281249999112e-03
2.750000000000000000e+02 6.141785750000000772e-03
2.760000000000000000e+02 6.469167762499998531e-03
2.770000000000000000e+02 6.802995404687497104e-03
2.780000000000000000e+02 7.142049408593751855e-03
2.790000000000000000e+02 7.485101460937500055e-03
2.800000000000000000e+02 7.830912804687497827e-03
2.810000000000000000e+02 8.178074687499998358e-03
2.820000000000000000e+02 8.525284843749996247e-03
2.830000000000000000e+02 8.871069765624999687e-03
2.840000000000000000e+02 9.214068203125000064e-03
2.850000000000000000e+02 9.552798984374999414e-03
2.860000000000000000e+02 9.885915703124996054e-03
2.870000000000000000e+02 1.021198195312499751e-02
2.880000000000000000e+02 1.052973507812500660e-02
2.890000000000000000e+02 1.083782593750000182e-02
2.900000000000000000e+02 1.113505070312499796e-02
2.910000000000000000e+02 1.142022484374999487e-02
2.920000000000000000e+02 1.169229156250000193e-02
2.930000000000000000e+02 1.195028593750000097e-02
2.940000000000000000e+02 1.219326913281250195e-02
2.950000000000000000e+02 1.242051179687499868e-02
2.960000000000000000e+02 1.263125507812500395e-02
2.970000000000000000e+02 1.282502476562500347e-02
2.980000000000000000e+02 1.300130671875000289e-02
2.990000000000000000e+02 1.315979093749999017e-02
3.000000000000000000e+02 1.330022726562500417e-02
3.010000000000000000e+02 1.342243796874999923e-02
3.020000000000000000e+02 1.352657343749999984e-02
3.030000000000000000e+02 1.361257476562499451e-02
3.040000000000000000e+02 1.368078960937500407e-02
3.050000000000000000e+02 1.373141890624999563e-02
3.060000000000000000e+02 1.376495523437500090e-02
3.070000000000000000e+02 1.378180859375000185e-02
3.080000000000000000e+02 1.378261914062500065e-02
3.090000000000000000e+02 1.376805648437500265e-02
3.100000000000000000e+02 1.373875828125001135e-02
3.110000000000000000e+02 1.369556226562499909e-02
3.120000000000000000e+02 1.363938226562500140e-02
3.130000000000000000e+02 1.357093156249999585e-02
3.140000000000000000e+02 1.349138750000000719e-02
3.150000000000000000e+02 1.340155625000000010e-02
3.160000000000000000e+02 1.330255859375000307e-02
3.170000000000000000e+02 1.319527265624999279e-02
3.180000000000000000e+02 1.308095781249999333e-02
3.190000000000000000e+02 1.296059140624999245e-02
3.200000000000000000e+02 1.283535546875000030e-02
3.210000000000000000e+02 1.270634218750000231e-02
3.220000000000000000e+02 1.257461874999999882e-02
3.230000000000000000e+02 1.244141953124999582e-02
3.240000000000000000e+02 1.230790546875000155e-02
3.250000000000000000e+02 1.217528984374999755e-02
3.260000000000000000e+02 1.204473046874999544e-02
3.270000000000000000e+02 1.191749718749999729e-02
3.280000000000000000e+02 1.179480226562499602e-02
3.290000000000000000e+02 1.167788648437500208e-02
3.300000000000000000e+02 1.156817489062500655e-02
3.310000000000000000e+02 1.146691365625000444e-02
3.320000000000000000e+02 1.137542892968749705e-02
3.330000000000000000e+02 1.129525656250000148e-02
3.340000000000000000e+02 1.122776945312499788e-02
3.350000000000000000e+02 1.117439039062499348e-02
3.360000000000000000e+02 1.113672070312500366e-02
3.370000000000000000e+02 1.111620425781249984e-02
3.380000000000000000e+02 1.111449273437500017e-02
3.390000000000000000e+02 1.113314845937500401e-02
3.400000000000000000e+02 1.117384335156250234e-02
3.410000000000000000e+02 1.123808523437499519e-02
3.420000000000000000e+02 1.132768945312499949e-02
3.430000000000000000e+02 1.144407890625000028e-02
3.440000000000000000e+02 1.158891609375000201e-02
3.450000000000000000e+02 1.176386843749999307e-02
3.460000000000000000e+02 1.197025757812499730e-02
3.470000000000000000e+02 1.220962046874999804e-02
3.480000000000000000e+02 1.248329835937500402e-02
3.490000000000000000e+02 1.279241953124999817e-02
3.500000000000000000e+02 1.313801796874999525e-02
3.510000000000000000e+02 1.352101640624999226e-02
3.520000000000000000e+02 1.394211171875000405e-02
3.530000000000000000e+02 1.440187890624999856e-02
3.540000000000000000e+02 1.490041257812500276e-02
3.550000000000000000e+02 1.543763609374999846e-02
3.560000000000000000e+02 1.601335554687500010e-02
3.570000000000000000e+02 1.662687039062499955e-02
3.580000000000000000e+02 1.727736562500000947e-02
3.590000000000000000e+02 1.796335357031250343e-02
3.600000000000000000e+02 1.868336100781250314e-02
3.610000000000000000e+02 1.943540601562499665e-02
3.620000000000000000e+02 2.021703968749999705e-02
3.630000000000000000e+02 2.102570796874999801e-02
3.640000000000000000e+02 2.185815468750000254e-02
3.650000000000000000e+02 2.271110390624999503e-02
3.660000000000000000e+02 2.358067187500000744e-02
3.670000000000000000e+02 2.446290156249999320e-02
3.680000000000000000e+02 2.535342265625000271e-02
3.690000000000000000e+02 2.624752890625002902e-02
3.700000000000000000e+02 2.714040624999998833e-02
3.710000000000000000e+02 2.802711015624997914e-02
3.720000000000000000e+02 2.890241953125000096e-02
3.730000000000000000e+02 2.976100781250000035e-02
3.740000000000000000e+02 3.059789921874999166e-02
3.750000000000000000e+02 3.140757890625001103e-02
3.760000000000000000e+02 3.218504609375001657e-02
3.770000000000000000e+02 3.292518203124997905e-02
3.780000000000000000e+02 3.362320312499999381e-02
3.790000000000000000e+02 3.427435937500001445e-02
3.800000000000000000e+02 3.487440390625000386e-02
3.810000000000000000e+02 3.541927421875001175e-02
3.820000000000000000e+02 3.590532031249998868e-02
3.830000000000000000e+02 3.632935781250001828e-02
3.840000000000000000e+02 3.668866328124999188e-02
3.850000000000000000e+02 3.698089765625001829e-02
3.860000000000000000e+02 3.720438984374999092e-02
3.870000000000000000e+02 3.735796953125003483e-02
3.880000000000000000e+02 3.744103593750000569e-02
3.890000000000000000e+02 3.745353671874998569e-02
3.900000000000000000e+02 3.739617578124997815e-02
3.910000000000000000e+02 3.727006562499998038e-02
3.920000000000000000e+02 3.707704531250004959e-02
3.930000000000000000e+02 3.681946875000001451e-02
3.940000000000000000e+02 3.650044374999996538e-02
3.950000000000000000e+02 3.612349140624999261e-02
3.960000000000000000e+02 3.569279140624998653e-02
3.970000000000000000e+02 3.521292500000000603e-02
3.980000000000000000e+02 3.468907499999999977e-02
3.990000000000000000e+02 3.412686249999999366e-02
4.000000000000000000e+02 3.353221796875002769e-02
4.010000000000000000e+02 3.291131250000001174e-02
4.020000000000000000e+02 3.227081250000000262e-02
4.030000000000000000e+02 3.161734140625002687e-02
4.040000000000000000e+02 3.095759921874999959e-02
4.050000000000000000e+02 3.029842734375000693e-02
4.060000000000000000e+02 2.964637734375001263e-02
4.070000000000000000e+02 2.900796015625001570e-02
4.080000000000000000e+02 2.838924140625002923e-02
4.090000000000000000e+02 2.779624296874998873e-02
4.100000000000000000e+02 2.723433749999998668e-02
4.110000000000000000e+02 2.670844062499999616e-02
4.120000000000000000e+02 2.622294609374998392e-02
4.130000000000000000e+02 2.578175390624999619e-02
4.140000000000000000e+02 2.538797109374999611e-02
4.150000000000000000e+02 2.504412421874999128e-02
4.160000000000000000e+02 2.475203671875000205e-02
4.170000000000000000e+02 2.451263984374999622e-02
4.180000000000000000e+02 2.432633671875001485e-02
4.190000000000000000e+02 2.419267499999998988e-02
4.200000000000000000e+02 2.411051953124999578e-02
4.210000000000000000e+02 2.407789374999999218e-02
4.220000000000000000e+02 2.409220468749998303e-02
4.230000000000000000e+02 2.415024453125000012e-02
4.240000000000000000e+02 2.424815312500000486e-02
4.250000000000000000e+02 2.438160781249998701e-02
4.260000000000000000e+02 2.454580156250000048e-02
4.270000000000000000e+02 2.473567187499997252e-02
4.280000000000000000e+02 2.494583437500001374e-02
4.290000000000000000e+02 2.517087109374999826e-02
4.300000000000000000e+02 2.540530078124999397e-02
4.310000000000000000e+02 2.564374609375000974e-02
4.320000000000000000e+02 2.588104765624999956e-02
4.330000000000000000e+02 2.611238984375001057e-02
4.340000000000000000e+02 2.633328281250001471e-02
4.350000000000000000e+02 2.653970781249999356e-02
4.360000000000000000e+02 2.672824609375000146e-02
4.370000000000000000e+02 2.689593203124999998e-02
4.380000000000000000e+02 2.704041406250001084e-02
4.390000000000000000e+02 2.715985312500000456e-02
4.400000000000000000e+02 2.725298984374998831e-02
4.410000000000000000e+02 2.731911328124998761e-02
4.420000000000000000e+02 2.735784375000000629e-02
4.430000000000000000e+02 2.736928359375000869e-02
4.440000000000000000e+02 2.735376328125000561e-02
4.450000000000000000e+02 2.731205156250002958e-02
4.460000000000000000e+02 2.724499765624998834e-02
4.470000000000000000e+02 2.715357890625000326e-02
4.480000000000000000e+02 2.703906406250001365e-02
4.490000000000000000e+02 2.690260234375000184e-02
4.500000000000000000e+02 2.674541562500000816e-02
4.510000000000000000e+02 2.656876953124999094e-02
4.520000000000000000e+02 2.637384375000001099e-02
4.530000000000000000e+02 2.616165624999998440e-02
4.540000000000000000e+02 2.593309453124999914e-02
4.550000000000000000e+02 2.568891953124998948e-02
4.560000000000000000e+02 2.542959218750000250e-02
4.570000000000000000e+02 2.515526249999999742e-02
4.580000000000000000e+02 2.486576562500000462e-02
4.590000000000000000e+02 2.456072968750001514e-02
4.600000000000000000e+02 2.423930703125001113e-02
4.610000000000000000e+02 2.390039687500001078e-02
4.620000000000000000e+02 2.354252265625000895e-02
4.630000000000000000e+02 2.316406171875000017e-02
4.640000000000000000e+02 2.276286171875000972e-02
4.650000000000000000e+02 2.233699687500000086e-02
4.660000000000000000e+02 2.188412187499999551e-02
4.670000000000000000e+02 2.140216328125000775e-02
4.680000000000000000e+02 2.088904765624999271e-02
4.690000000000000000e+02 2.034311953125000558e-02
4.700000000000000000e+02 1.976315703125000600e-02
4.710000000000000000e+02 1.914857578124998586e-02
4.720000000000000000e+02 1.849985078125000737e-02
4.730000000000000000e+02 1.781826562499999947e-02
4.740000000000000000e+02 1.710630000000001177e-02
4.750000000000000000e+02 1.636790078124999645e-02
4.760000000000000000e+02 1.560794765624999927e-02
4.770000000000000000e+02 1.483296718750000409e-02
4.780000000000000000e+02 1.405043359375000508e-02
4.790000000000000000e+02 1.326904843750000007e-02
4.800000000000000000e+02 1.249790781250000038e-02
4.810000000000000000e+02 1.174707812500000274e-02
4.820000000000000000e+02 1.102619843749999724e-02
4.830000000000000000e+02 1.034491406249999322e-02
4.840000000000000000e+02 9.712123437500001094e-03
4.850000000000000000e+02 9.135597656249997561e-03
4.860000000000000000e+02 8.621578906249998189e-03
4.870000000000000000e+02 8.174487500000000850e-03
4.880000000000000000e+02 7.796535156250001923e-03
4.890000000000000000e+02 7.487598437500000460e-03
4.900000000000000000e+02 7.244992187500002949e-03
4.910000000000000000e+02 7.063503906250001747e-03
4.920000000000000000e+02 6.935446093750000443e-03
4.930000000000000000e+02 6.850876953124998732e-03
4.940000000000000000e+02 6.798165156249998294e-03
4.950000000000000000e+02 6.764277265624998522e-03
4.960000000000000000e+02 6.735482499999998103e-03
4.970000000000000000e+02 6.698165234375002761e-03
4.980000000000000000e+02 6.639295312499998887e-03
4.990000000000000000e+02 6.547252421875003614e-03
5.000000000000000000e+02 6.412131093749997950e-03
5.010000000000000000e+02 6.226118984374995682e-03
5.020000000000000000e+02 5.983606562500000392e-03
5.030000000000000000e+02 5.681323687500000781e-03
5.040000000000000000e+02 5.318838469843749188e-03
5.050000000000000000e+02 4.900329171875000486e-03
5.060000000000000000e+02 4.438699601562495940e-03
5.070000000000000000e+02 3.964586562500000549e-03
5.080000000000000000e+02 3.543746796875001711e-03
5.090000000000000000e+02 3.308408437500000299e-03
5.100000000000000000e+02 3.511594140624999753e-03
5.110000000000000000e+02 4.617444859375000044e-03
