0.000000000000000000e+00 1.569063968749999805e-03
1.000000000000000000e+00 1.563813734374999882e-03
2.000000000000000000e+00 1.553341265624999176e-03
3.000000000000000000e+00 1.537737999999999865e-03
4.000000000000000000e+00 1.517113960937499766e-03
5.000000000000000000e+00 1.491623726562500132e-03
6.000000000000000000e+00 1.461459203125000132e-03
7.000000000000000000e+00 1.426846421875000923e-03
8.000000000000000000e+00 1.388030710937499575e-03
9.000000000000000000e+00 1.345313859375000306e-03
1.000000000000000000e+01 1.299012179687500769e-03
1.100000000000000000e+01 1.249456460937498807e-03
1.200000000000000000e+01 1.197021640624999599e-03
1.300000000000000000e+01 1.142091562500000598e-03
1.400000000000000000e+01 1.085069343749999957e-03
1.500000000000000000e+01 1.026372562499999492e-03
1.600000000000000000e+01 9.664263281249997660e-04
1.700000000000000000e+01 9.056643046874996578e-04
1.800000000000000000e+01 8.445371093750001813e-04
1.900000000000000000e+01 7.834760937499999148e-04
2.000000000000000000e+01 7.229183906250001394e-04
2.100000000000000000e+01 6.632961640624996562e-04
2.200000000000000000e+01 6.050374531250000878e-04
2.300000000000000000e+01 5.485499531249998870e-04
2.400000000000000000e+01 4.942311562500001669e-04
2.500000000000000000e+01 4.424548749999998674e-04
2.600000000000000000e+01 3.935814843750000684e-04
2.700000000000000000e+01 3.479443156249998107e-04
2.800000000000000000e+01 3.058518249999999522e-04
2.900000000000000000e+01 2.675860070312500896e-04
3.000000000000000000e+01 2.333985632812500706e-04
3.100000000000000000e+01 2.035103039062499187e-04
3.200000000000000000e+01 1.781111914062500105e-04
3.300000000000000000e+01 1.573568867187500643e-04
3.400000000000000000e+01 1.413694671874999979e-04
3.500000000000000000e+01 1.302369859374999817e-04
3.600000000000000000e+01 1.240116812500000043e-04
3.700000000000000000e+01 1.227127623437500033e-04
3.800000000000000000e+01 1.263234617968750351e-04
3.900000000000000000e+01 1.347931934375000353e-04
4.000000000000000000e+01 1.480389335937499638e-04
4.100000000000000000e+01 1.659457578125000596e-04
4.200000000000000000e+01 1.883673000000001235e-04
4.300000000000000000e+01 2.151278578125000575e-04
4.400000000000000000e+01 2.460233648437499371e-04
4.500000000000000000e+01 2.808235468749999608e-04
4.600000000000000000e+01 3.192761015625000657e-04
4.700000000000000000e+01 3.611050703125000369e-04
4.800000000000000000e+01 4.060130937499998325e-04
4.900000000000000000e+01 4.536890078124999545e-04
5.000000000000000000e+01 5.038042421874999299e-04
5.100000000000000000e+01 5.560203750000000797e-04
5.200000000000000000e+01 6.099827578124999419e-04
5.300000000000000000e+01 6.653406249999999382e-04
5.400000000000000000e+01 7.217256953124998433e-04
5.500000000000000000e+01 7.787768281249999019e-04
5.600000000000000000e+01 8.361239140625003089e-04
5.700000000000000000e+01 8.934141874999997198e-04
5.800000000000000000e+01 9.502863906249999588e-04
5.900000000000000000e+01 1.006392640624999496e-03
6.000000000000000000e+01 1.061390374999999749e-03
6.100000000000000000e+01 1.114963031250000049e-03
6.200000000000000000e+01 1.166791585937500481e-03
6.300000000000000000e+01 1.216575851562499673e-03
6.400000000000000000e+01 1.264045992187499577e-03
6.500000000000000000e+01 1.308937203124999711e-03
6.600000000000000000e+01 1.351010624999999165e-03
6.700000000000000000e+01 1.390051171874999479e-03
6.800000000000000000e+01 1.425859687500000096e-03
6.900000000000000000e+01 1.458274374999999658e-03
7.000000000000000000e+01 1.487141406249999770e-03
7.100000000000000000e+01 1.512345234375000102e-03
7.200000000000000000e+01 1.533789453124999574e-03
7.300000000000000000e+01 1.551406484375000144e-03
7.400000000000000000e+01 1.565149296874999898e-03
7.500000000000000000e+01 1.575004296874999701e-03
7.600000000000000000e+01 1.580979062499999685e-03
7.700000000000000000e+01 1.583100390625001574e-03
7.800000000000000000e+01 1.581421953124999887e-03
7.900000000000000000e+01 1.576030546874999244e-03
8.000000000000000000e+01 1.567022421875000158e-03
8.100000000000000000e+01 1.554503437499999818e-03
8.200000000000000000e+01 1.538644843749999809e-03
8.300000000000000000e+01 1.519576874999999669e-03
8.400000000000000000e+01 1.497493281249999766e-03
8.500000000000000000e+01 1.472570335937500125e-03
8.600000000000000000e+01 1.445021062500000293e-03
8.700000000000000000e+01 1.415062656250000656e-03
8.800000000000000000e+01 1.382912257812500111e-03
8.900000000000000000e+01 1.348811757812500142e-03
9.000000000000000000e+01 1.313006546874999955e-03
9.100000000000000000e+01 1.275722000000000834e-03
9.200000000000000000e+01 1.237227820312500250e-03
9.300000000000000000e+01 1.197764367187499190e-03
9.400000000000000000e+01 1.157583781250000029e-03
9.500000000000000000e+01 1.116929804687500022e-03
9.600000000000000000e+01 1.076045031250000067e-03
9.700000000000000000e+01 1.035170640625000067e-03
9.800000000000000000e+01 9.945289765624996513e-04
9.900000000000000000e+01 9.543467343749996272e-04
1.000000000000000000e+02 9.148385531249997532e-04
1.010000000000000000e+02 8.761962156249998275e-04
1.020000000000000000e+02 8.386118046874999673e-04
1.030000000000000000e+02 8.022646125000004952e-04
1.040000000000000000e+02 7.673057273437493839e-04
1.050000000000000000e+02 7.338833406249994050e-04
1.060000000000000000e+02 7.021310851562499343e-04
1.070000000000000000e+02 6.721609695312503021e-04
1.080000000000000000e+02 6.440644562500002016e-04
1.090000000000000000e+02 6.179268820312498831e-04
1.100000000000000000e+02 5.938103687187500394e-04
1.110000000000000000e+02 5.717600843750000840e-04
1.120000000000000000e+02 5.518055757812500911e-04
1.130000000000000000e+02 5.339565984374997857e-04
1.140000000000000000e+02 5.182145179687496200e-04
1.150000000000000000e+02 5.045548484375001006e-04
1.160000000000000000e+02 4.929491796874999185e-04
1.170000000000000000e+02 4.833429531249998183e-04
1.180000000000000000e+02 4.756794843749999726e-04
1.190000000000000000e+02 4.698809140624998922e-04
1.200000000000000000e+02 4.658647812500001009e-04
1.210000000000000000e+02 4.635319765624999104e-04
1.220000000000000000e+02 4.627789765625001431e-04
1.230000000000000000e+02 4.634936718750000146e-04
1.240000000000000000e+02 4.655553906249998864e-04
1.250000000000000000e+02 4.688398671875001144e-04
1.260000000000000000e+02 4.732146015625001844e-04
1.270000000000000000e+02 4.785514531250000523e-04
1.280000000000000000e+02 4.847159765624997944e-04
1.290000000000000000e+02 4.915766812500001757e-04
1.300000000000000000e+02 4.989972585937498678e-04
1.310000000000000000e+02 5.068524210937500572e-04
1.320000000000000000e+02 5.150151304687500221e-04
1.330000000000000000e+02 5.233678796874999869e-04
1.340000000000000000e+02 5.317900515624999049e-04
1.350000000000000000e+02 5.401826734374999377e-04
1.360000000000000000e+02 5.484378882812501309e-04
1.370000000000000000e+02 5.564712218750001490e-04
1.380000000000000000e+02 5.642005804687499427e-04
1.390000000000000000e+02 5.715562007812501066e-04
1.400000000000000000e+02 5.784818539062497929e-04
1.410000000000000000e+02 5.849242484374998600e-04
1.420000000000000000e+02 5.908532710156252140e-04
1.430000000000000000e+02 5.962371819531249884e-04
1.440000000000000000e+02 6.010738516406249204e-04
1.450000000000000000e+02 6.053599079687498573e-04
1.460000000000000000e+02 6.091006789843748069e-04
1.470000000000000000e+02 6.123313492187498677e-04
1.480000000000000000e+02 6.150762098437497893e-04
1.490000000000000000e+02 6.173843942109371241e-04
1.500000000000000000e+02 6.193081524218749809e-04
1.510000000000000000e+02 6.209138867187501392e-04
1.520000000000000000e+02 6.222757031250001052e-04
1.530000000000000000e+02 6.234694242187500566e-04
1.540000000000000000e+02 6.245841234374999900e-04
1.550000000000000000e+02 6.257090781250001848e-04
1.560000000000000000e+02 6.269398828125001544e-04
1.570000000000000000e+02 6.283784062499997523e-04
1.580000000000000000e+02 6.301233593750000389e-04
1.590000000000000000e+02 6.322739218750000932e-04
1.600000000000000000e+02 6.349352734374999561e-04
1.610000000000000000e+02 6.382019453125000689e-04
1.620000000000000000e+02 6.421710781249998249e-04
1.630000000000000000e+02 6.469380312500003141e-04
1.640000000000000000e+02 6.525802421874998078e-04
1.650000000000000000e+02 6.591861968749998914e-04
1.660000000000000000e+02 6.668208624999999575e-04
1.670000000000000000e+02 6.755545882812498621e-04
1.680000000000000000e+02 6.854312554687500133e-04
1.690000000000000000e+02 6.965020093749999018e-04
1.700000000000000000e+02 7.087909429687498999e-04
1.710000000000000000e+02 7.223290845312499084e-04
1.720000000000000000e+02 7.371183231249998869e-04
1.730000000000000000e+02 7.531504435156250073e-04
1.740000000000000000e+02 7.704103258593750919e-04
1.750000000000000000e+02 7.888729195312502206e-04
1.760000000000000000e+02 8.084884492187498738e-04
1.770000000000000000e+02 8.291980953125000376e-04
1.780000000000000000e+02 8.509391914062501084e-04
1.790000000000000000e+02 8.736215585937500208e-04
1.800000000000000000e+02 8.971586015625001220e-04
1.810000000000000000e+02 9.214433125000002492e-04
1.820000000000000000e+02 9.463537343749997598e-04
1.830000000000000000e+02 9.717780546874999360e-04
1.840000000000000000e+02 9.975741171875001419e-04
1.850000000000000000e+02 1.023600781250000183e-03
1.860000000000000000e+02 1.049716085937499321e-03
1.870000000000000000e+02 1.075761390624999959e-03
1.880000000000000000e+02 1.101594898437499755e-03
1.890000000000000000e+02 1.127044171875000132e-03
1.900000000000000000e+02 1.151959734374999973e-03
1.910000000000000000e+02 1.176179835937500714e-03
1.920000000000000000e+02 1.199557664062499401e-03
1.930000000000000000e+02 1.221936499999999809e-03
1.940000000000000000e+02 1.243173499999999931e-03
1.950000000000000000e+02 1.263126976562500402e-03
1.960000000000000000e+02 1.281668203125000023e-03
1.970000000000000000e+02 1.298669398437499916e-03
1.980000000000000000e+02 1.314028257812499502e-03
1.990000000000000000e+02 1.327640328125000201e-03
2.000000000000000000e+02 1.339419460937500087e-03
2.010000000000000000e+02 1.349285898437499508e-03
2.020000000000000000e+02 1.357189374999999984e-03
2.030000000000000000e+02 1.363080374999999823e-03
2.040000000000000000e+02 1.366931140625000408e-03
2.050000000000000000e+02 1.368725906250000497e-03
2.060000000000000000e+02 1.368470851562499655e-03
2.070000000000000000e+02 1.366187473437500402e-03
2.080000000000000000e+02 1.361907714843749390e-03
2.090000000000000000e+02 1.355698361718749153e-03
2.100000000000000000e+02 1.347614210781249242e-03
2.110000000000000000e+02 1.337751627031250360e-03
2.120000000000000000e+02 1.326217703124999391e-03
2.130000000000000000e+02 1.313127411718750326e-03
2.140000000000000000e+02 1.298613164062499808e-03
2.150000000000000000e+02 1.282830109374999503e-03
2.160000000000000000e+02 1.265945742187500134e-03
2.170000000000000000e+02 1.248121445312499805e-03
2.180000000000000000e+02 1.229565359374999983e-03
2.190000000000000000e+02 1.210465242187499634e-03
2.200000000000000000e+02 1.191033757812500014e-03
2.210000000000000000e+02 1.171491359374999576e-03
2.220000000000000000e+02 1.152061218749999682e-03
2.230000000000000000e+02 1.132972835937499879e-03
2.240000000000000000e+02 1.114462234374999968e-03
2.250000000000000000e+02 1.096761492187499874e-03
2.260000000000000000e+02 1.080108437499999749e-03
2.270000000000000000e+02 1.064739218749999978e-03
2.280000000000000000e+02 1.050886015624999566e-03
2.290000000000000000e+02 1.038780234374999875e-03
2.300000000000000000e+02 1.028644375000000019e-03
2.310000000000000000e+02 1.020695859374999830e-03
2.320000000000000000e+02 1.015153359374999570e-03
2.330000000000000000e+02 1.012221406249999784e-03
2.340000000000000000e+02 1.012100312499999988e-03
2.350000000000000000e+02 1.014993179687500397e-03
2.360000000000000000e+02 1.021087585937500075e-03
2.370000000000000000e+02 1.030577781249999124e-03
2.380000000000000000e+02 1.043645586718749702e-03
2.390000000000000000e+02 1.060488625781250008e-03
2.400000000000000000e+02 1.081302456249999934e-03
2.410000000000000000e+02 1.106284585937499822e-03
2.420000000000000000e+02 1.135654500000000218e-03
2.430000000000000000e+02 1.169630453125000474e-03
2.440000000000000000e+02 1.208451492968750816e-03
2.450000000000000000e+02 1.252381807031249447e-03
2.460000000000000000e+02 1.301694905468750050e-03
2.470000000000000000e+02 1.356696849999999323e-03
2.480000000000000000e+02 1.417711822656249213e-03
2.490000000000000000e+02 1.485090361718749462e-03
2.500000000000000000e+02 1.559205979687500318e-03
2.510000000000000000e+02 1.640461989843750110e-03
2.520000000000000000e+02 1.729271110156250331e-03
2.530000000000000000e+02 1.826080896874999939e-03
2.540000000000000000e+02 1.931342920312499991e-03
2.550000000000000000e+02 2.045502296875000101e-03
2.560000000000000000e+02 2.169035992187500275e-03
2.570000000000000000e+02 2.302405468750000177e-03
2.580000000000000000e+02 2.446048171875001790e-03
2.590000000000000000e+02 2.600383242187500471e-03
2.600000000000000000e+02 2.765811765624998694e-03
2.610000000000000000e+02 2.942669960937499031e-03
2.620000000000000000e+02 3.131261718750000689e-03
2.630000000000000000e+02 3.331821093750001253e-03
2.640000000000000000e+02 3.544497890625000151e-03
2.650000000000000000e+02 3.769380703124998889e-03
2.660000000000000000e+02 4.006451406249999202e-03
2.670000000000000000e+02 4.255585468749999850e-03
2.680000000000000000e+02 4.516575703125000167e-03
2.690000000000000000e+02 4.789067734374997595e-03
2.700000000000000000e+02 5.072660820312499021e-03
2.710000000000000000e+02 5.366761164062499104e-03
2.720000000000000000e+02 5.670683320312502364e-03
2.730000000000000000e+02 5.983618015625001736e-03
2.740000000000000000e+02 6.304638898437497571e-03
2.750000000000000000e+02 6.632778421874996506e-03
2.760000000000000000e+02 6.966852468749997092e-03
2.770000000000000000e+02 7.305671271507810718e-03
2.780000000000000000e+02 7.647924678125001853e-03
2.790000000000000000e+02 7.992282929687502188e-03
2.800000000000000000e+02 8.337242773437499727e-03
2.810000000000000000e+02 8.681395945312498155e-03
2.820000000000000000e+02 9.023212500000002412e-03
2.830000000000000000e+02 9.361230937500001140e-03
2.840000000000000000e+02 9.693847421874998704e-03
2.850000000000000000e+02 1.001969953125000576e-02
2.860000000000000000e+02 1.033732265624999654e-02
2.870000000000000000e+02 1.064514585937499820e-02
2.880000000000000000e+02 1.094202380468750103e-02
2.890000000000000000e+02 1.122666546875000435e-02
2.900000000000000000e+02 1.149782385156248969e-02
2.910000000000000000e+02 1.175451634375000026e-02
2.920000000000000000e+02 1.199585463281250056e-02
2.930000000000000000e+02 1.222092128906249880e-02
2.940000000000000000e+02 1.242906171875000389e-02
2.950000000000000000e+02 1.261966110937499594e-02
2.960000000000000000e+02 1.279237156250000174e-02
2.970000000000000000e+02 1.294688210937500021e-02
2.980000000000000000e+02 1.308298898437500191e-02
2.990000000000000000e+02 1.320075129687499696e-02
3.000000000000000000e+02 1.330026042187499973e-02
3.010000000000000000e+02 1.338172517187499744e-02
3.020000000000000000e+02 1.344555222656250784e-02
3.030000000000000000e+02 1.349216679687500510e-02
3.040000000000000000e+02 1.352220078906249401e-02
3.050000000000000000e+02 1.353630414062500543e-02
3.060000000000000000e+02 1.353528476562499902e-02
3.070000000000000000e+02 1.351984804687500485e-02
3.080000000000000000e+02 1.349101382812499354e-02
3.090000000000000000e+02 1.344972617187499900e-02
3.100000000000000000e+02 1.339698187500000005e-02
3.110000000000000000e+02 1.333375296874999248e-02
3.120000000000000000e+02 1.326117070312501055e-02
3.130000000000000000e+02 1.318026382812500195e-02
3.140000000000000000e+02 1.309214882812499876e-02
3.150000000000000000e+02 1.299791796874999288e-02
3.160000000000000000e+02 1.289864062499999735e-02
3.170000000000000000e+02 1.279541406249999971e-02
3.180000000000000000e+02 1.268916015624999873e-02
3.190000000000000000e+02 1.258114140624999946e-02
3.200000000000000000e+02 1.247220078125000492e-02
3.210000000000000000e+02 1.236342734375000391e-02
3.220000000000000000e+02 1.225572265624999373e-02
3.230000000000000000e+02 1.215009375000000377e-02
3.240000000000000000e+02 1.204751406250000045e-02
3.250000000000000000e+02 1.194874531249999483e-02
3.260000000000000000e+02 1.185487187499999553e-02
3.270000000000000000e+02 1.176671382812500243e-02
3.280000000000000000e+02 1.168520492187499586e-02
3.290000000000000000e+02 1.161124468749999937e-02
3.300000000000000000e+02 1.154580424999999966e-02
3.310000000000000000e+02 1.148968393749999657e-02
3.320000000000000000e+02 1.144392544531250104e-02
3.330000000000000000e+02 1.140955179687500390e-02
3.340000000000000000e+02 1.138746781249999791e-02
3.350000000000000000e+02 1.137873617187499728e-02
3.360000000000000000e+02 1.138446843750000499e-02
3.370000000000000000e+02 1.140571234375000083e-02
3.380000000000000000e+02 1.144363562500000028e-02
3.390000000000000000e+02 1.149938989062500652e-02
3.400000000000000000e+02 1.157420146875000506e-02
3.410000000000000000e+02 1.166926980234374647e-02
3.420000000000000000e+02 1.178586693749999505e-02
3.430000000000000000e+02 1.192522755468749911e-02
3.440000000000000000e+02 1.208861468749999717e-02
3.450000000000000000e+02 1.227726296874999228e-02
3.460000000000000000e+02 1.249240867187500006e-02
3.470000000000000000e+02 1.273526124999999759e-02
3.480000000000000000e+02 1.300686390625000431e-02
3.490000000000000000e+02 1.330828499999999782e-02
3.500000000000000000e+02 1.364046390625000237e-02
3.510000000000000000e+02 1.400421179687500600e-02
3.520000000000000000e+02 1.440026335937500367e-02
3.530000000000000000e+02 1.482909812499999536e-02
3.540000000000000000e+02 1.529098437499999859e-02
3.550000000000000000e+02 1.578606726562500895e-02
3.560000000000000000e+02 1.631436539062500191e-02
3.570000000000000000e+02 1.687538085937500404e-02
3.580000000000000000e+02 1.746852526562500327e-02
3.590000000000000000e+02 1.809297508593749396e-02
3.600000000000000000e+02 1.874738562499999109e-02
3.610000000000000000e+02 1.943047703125000414e-02
3.620000000000000000e+02 2.014029156250000258e-02
3.630000000000000000e+02 2.087468828125000481e-02
3.640000000000000000e+02 2.163131093750001246e-02
3.650000000000000000e+02 2.240730937500000006e-02
3.660000000000000000e+02 2.319965624999999546e-02
3.670000000000000000e+02 2.400494375000000041e-02
3.680000000000000000e+02 2.481945625000000349e-02
3.690000000000000000e+02 2.563931718749998603e-02
3.700000000000000000e+02 2.646045859374999976e-02
3.710000000000000000e+02 2.727852187500000997e-02
3.720000000000000000e+02 2.808887187499999397e-02
3.730000000000000000e+02 2.888707421875000292e-02
3.740000000000000000e+02 2.966840234375000412e-02
3.750000000000000000e+02 3.042817812500000357e-02
3.760000000000000000e+02 3.116168906250000800e-02
3.770000000000000000e+02 3.186440234374998681e-02
3.780000000000000000e+02 3.253172578125001352e-02
3.790000000000000000e+02 3.315932109374998549e-02
3.800000000000000000e+02 3.374326015625001701e-02
3.810000000000000000e+02 3.427933749999997892e-02
3.820000000000000000e+02 3.476419921874998598e-02
3.830000000000000000e+02 3.519446484375002987e-02
3.840000000000000000e+02 3.556729765624997569e-02
3.850000000000000000e+02 3.588023984375000863e-02
3.860000000000000000e+02 3.613121171875000037e-02
3.870000000000000000e+02 3.631873984375002390e-02
3.880000000000000000e+02 3.644171015625000815e-02
3.890000000000000000e+02 3.649969765625000334e-02
3.900000000000000000e+02 3.649271562500001204e-02
3.910000000000000000e+02 3.642123124999998435e-02
3.920000000000000000e+02 3.628652500000000003e-02
3.930000000000000000e+02 3.609024687499998857e-02
3.940000000000000000e+02 3.583465312499999750e-02
3.950000000000000000e+02 3.552256406250001164e-02
3.960000000000000000e+02 3.515735468750001008e-02
3.970000000000000000e+02 3.474275781250001083e-02
3.980000000000000000e+02 3.428332968750003040e-02
3.990000000000000000e+02 3.378380156250001404e-02
4.000000000000000000e+02 3.324927578125000394e-02
4.010000000000000000e+02 3.268532734374999388e-02
4.020000000000000000e+02 3.209785468750001036e-02
4.030000000000000000e+02 3.149281093749999039e-02
4.040000000000000000e+02 3.087643515625000668e-02
4.050000000000000000e+02 3.025484453124999487e-02
4.060000000000000000e+02 2.963425234375000397e-02
4.070000000000000000e+02 2.902079218749998787e-02
4.080000000000000000e+02 2.842034218750001673e-02
4.090000000000000000e+02 2.783847890625000196e-02
4.100000000000000000e+02 2.728060468750000134e-02
4.110000000000000000e+02 2.675150234375000061e-02
4.120000000000000000e+02 2.625575390624999492e-02
4.130000000000000000e+02 2.579731718749999139e-02
4.140000000000000000e+02 2.537958828124999705e-02
4.150000000000000000e+02 2.500539218750001680e-02
4.160000000000000000e+02 2.467692734375000890e-02
4.170000000000000000e+02 2.439581328124999435e-02
4.180000000000000000e+02 2.416306328124999056e-02
4.190000000000000000e+02 2.397881718750001154e-02
4.200000000000000000e+02 2.384278203125000592e-02
4.210000000000000000e+02 2.375375546874999855e-02
4.220000000000000000e+02 2.371021875000000820e-02
4.230000000000000000e+02 2.370970937500002304e-02
4.240000000000000000e+02 2.374947031249998244e-02
4.250000000000000000e+02 2.382616249999999075e-02
4.260000000000000000e+02 2.393602890625000021e-02
4.270000000000000000e+02 2.407495390624998094e-02
4.280000000000000000e+02 2.423859999999999557e-02
4.290000000000000000e+02 2.442240468750001350e-02
4.300000000000000000e+02 2.462175468750001442e-02
4.310000000000000000e+02 2.483214843749999637e-02
4.320000000000000000e+02 2.504911015625001236e-02
4.330000000000000000e+02 2.526841796875001558e-02
4.340000000000000000e+02 2.548614218750000493e-02
4.350000000000000000e+02 2.569869374999999082e-02
4.360000000000000000e+02 2.590270078125000638e-02
4.370000000000000000e+02 2.609546640624998970e-02
4.380000000000000000e+02 2.627459609375000504e-02
4.390000000000000000e+02 2.643809609374999509e-02
4.400000000000000000e+02 2.658446640625001384e-02
4.410000000000000000e+02 2.671244374999998811e-02
4.420000000000000000e+02 2.682120625000002784e-02
4.430000000000000000e+02 2.691017656249999196e-02
4.440000000000000000e+02 2.697891484375001050e-02
4.450000000000000000e+02 2.702736562499999037e-02
4.460000000000000000e+02 2.705533749999999155e-02
4.470000000000000000e+02 2.706294296875000685e-02
4.480000000000000000e+02 2.705026953124999023e-02
4.490000000000000000e+02 2.701733671874998952e-02
4.500000000000000000e+02 2.696430078125000920e-02
4.510000000000000000e+02 2.689114296874998630e-02
4.520000000000000000e+02 2.679797812500000695e-02
4.530000000000000000e+02 2.668459374999997830e-02
4.540000000000000000e+02 2.655088828124999023e-02
4.550000000000000000e+02 2.639658046874998956e-02
4.560000000000000000e+02 2.622110859374999700e-02
4.570000000000000000e+02 2.602384218749998965e-02
4.580000000000000000e+02 2.580384062500000117e-02
4.590000000000000000e+02 2.556004140624999060e-02
4.600000000000000000e+02 2.529117265625001332e-02
4.610000000000000000e+02 2.499559453124999484e-02
4.620000000000000000e+02 2.467166015625001443e-02
4.630000000000000000e+02 2.431755078125001288e-02
4.640000000000000000e+02 2.393123124999999712e-02
4.650000000000000000e+02 2.351072500000000315e-02
4.660000000000000000e+02 2.305403046875000722e-02
4.670000000000000000e+02 2.255940000000000029e-02
4.680000000000000000e+02 2.202519140625000885e-02
4.690000000000000000e+02 2.145023359374999966e-02
4.700000000000000000e+02 2.083395312499999874e-02
4.710000000000000000e+02 2.017633203125000774e-02
4.720000000000000000e+02 1.947836328124999405e-02
4.730000000000000000e+02 1.874202499999999896e-02
4.740000000000000000e+02 1.797041718750001099e-02
4.750000000000000000e+02 1.716791171874999453e-02
4.760000000000000000e+02 1.634002500000000455e-02
4.770000000000000000e+02 1.549391562500000361e-02
4.780000000000000000e+02 1.463763203125000197e-02
4.790000000000000000e+02 1.378036562499999548e-02
4.800000000000000000e+02 1.293208749999999983e-02
4.810000000000000000e+02 1.210335546875000202e-02
4.820000000000000000e+02 1.130471874999999619e-02
4.830000000000000000e+02 1.054659218749998996e-02
4.840000000000000000e+02 9.838803125000005270e-03
4.850000000000000000e+02 9.189986718750001171e-03
4.860000000000000000e+02 8.607435156249999136e-03
4.870000000000000000e+02 8.096566406249998404e-03
4.880000000000000000e+02 7.660765625000002209e-03
4.890000000000000000e+02 7.300961718749999531e-03
4.900000000000000000e+02 7.015617968750002126e-03
4.910000000000000000e+02 6.800592968750001494e-03
4.920000000000000000e+02 6.649172656249996254e-03
4.930000000000000000e+02 6.552252343749999548e-03
4.940000000000000000e+02 6.498656250000001827e-03
4.950000000000000000e+02 6.475486171874997657e-03
4.960000000000000000e+02 6.468783593750001074e-03
4.970000000000000000e+02 6.463848203125002398e-03
4.980000000000000000e+02 6.446219062499998660e-03
4.990000000000000000e+02 6.401910078124999764e-03
5.000000000000000000e+02 6.318079062500004187e-03
5.010000000000000000e+02 6.183307976562499135e-03
5.020000000000000000e+02 5.988090211718749903e-03
5.030000000000000000e+02 5.725208015624996816e-03
5.040000000000000000e+02 5.390534703124998106e-03
5.050000000000000000e+02 4.985716796874998559e-03
5.060000000000000000e+02 4.522833906249999932e-03
5.070000000000000000e+02 4.034159296874999245e-03
5.080000000000000000e+02 3.590172031249999531e-03
5.090000000000000000e+02 3.330904062500000384e-03
5.100000000000000000e+02 3.519078828125000134e-03
5.110000000000000000e+02 4.627031789843750499e-03
