0.000000000000000000e+00 1.319302968749999768e-03
1.000000000000000000e+00 1.314644296875000290e-03
2.000000000000000000e+00 1.305351249999999819e-03
3.000000000000000000e+00 1.291508281249999874e-03
4.000000000000000000e+00 1.273207343749999760e-03
5.000000000000000000e+00 1.250593437500001218e-03
6.000000000000000000e+00 1.223824843750000299e-03
7.000000000000000000e+00 1.193111328125000216e-03
8.000000000000000000e+00 1.158680156249999524e-03
9.000000000000000000e+00 1.120785156249999928e-03
1.000000000000000000e+01 1.079708906249999493e-03
1.100000000000000000e+01 1.035753749999999756e-03
1.200000000000000000e+01 9.892499999999996782e-04
1.300000000000000000e+01 9.405457031249994009e-04
1.400000000000000000e+01 8.899947656249996685e-04
1.500000000000000000e+01 8.379713281249997906e-04
1.600000000000000000e+01 7.848632031249999034e-04
1.700000000000000000e+01 7.310563281249999375e-04
1.800000000000000000e+01 6.769500781249996896e-04
1.900000000000000000e+01 6.229416406249996740e-04
2.000000000000000000e+01 5.694228124999999897e-04
2.100000000000000000e+01 5.167912499999997118e-04
2.200000000000000000e+01 4.654257031250001145e-04
2.300000000000000000e+01 4.157001562500000475e-04
2.400000000000000000e+01 3.679759375000000890e-04
2.500000000000000000e+01 3.225991406249998912e-04
2.600000000000000000e+01 2.798969375000001213e-04
2.700000000000000000e+01 2.401771718749999649e-04
2.800000000000000000e+01 2.037256640624999268e-04
2.900000000000000000e+01 1.708040781249999993e-04
3.000000000000000000e+01 1.416472343749999928e-04
3.100000000000000000e+01 1.164639609374999951e-04
3.200000000000000000e+01 9.543415625000000726e-05
3.300000000000000000e+01 7.870772656249997378e-05
3.400000000000000000e+01 6.640412421874998799e-05
3.500000000000000000e+01 5.861179531249998499e-05
3.600000000000000000e+01 5.538792421874998324e-05
3.700000000000000000e+01 5.675764843750001669e-05
3.800000000000000000e+01 6.271432265624999442e-05
3.900000000000000000e+01 7.322164296875000153e-05
4.000000000000000000e+01 8.821084976562498326e-05
4.100000000000000000e+01 1.075844859375000152e-04
4.200000000000000000e+01 1.312155148437499992e-04
4.300000000000000000e+01 1.589495468749999821e-04
4.400000000000000000e+01 1.906060390624999905e-04
4.500000000000000000e+01 2.259793203124999255e-04
4.600000000000000000e+01 2.648402265625000624e-04
4.700000000000000000e+01 3.069390312500000343e-04
4.800000000000000000e+01 3.520079773437500312e-04
4.900000000000000000e+01 3.997563406250001289e-04
5.000000000000000000e+01 4.498850195312496846e-04
5.100000000000000000e+01 5.020801523437500458e-04
5.200000000000000000e+01 5.560129523437502353e-04
5.300000000000000000e+01 6.113534914062495945e-04
5.400000000000000000e+01 6.677582638281252120e-04
5.500000000000000000e+01 7.248874539531249958e-04
5.600000000000000000e+01 7.823972077343749462e-04
5.700000000000000000e+01 8.399395390624998748e-04
5.800000000000000000e+01 8.971757601562498508e-04
5.900000000000000000e+01 9.537815539062496515e-04
6.000000000000000000e+01 1.009416965625000058e-03
6.100000000000000000e+01 1.063773523437501088e-03
6.200000000000000000e+01 1.116541304687500031e-03
6.300000000000000000e+01 1.167430515624999629e-03
6.400000000000000000e+01 1.216174312499999390e-03
6.500000000000000000e+01 1.262500156250000085e-03
6.600000000000000000e+01 1.306169359374999631e-03
6.700000000000000000e+01 1.346971085937499930e-03
6.800000000000000000e+01 1.384698929687499906e-03
6.900000000000000000e+01 1.419179539062499079e-03
7.000000000000000000e+01 1.450248429687500543e-03
7.100000000000000000e+01 1.477777414062498912e-03
7.200000000000000000e+01 1.501665937500000275e-03
7.300000000000000000e+01 1.521820625000000872e-03
7.400000000000000000e+01 1.538179609375000742e-03
7.500000000000000000e+01 1.550717265624999060e-03
7.600000000000000000e+01 1.559413593749999849e-03
7.700000000000000000e+01 1.564283359374999891e-03
7.800000000000000000e+01 1.565364218750000180e-03
7.900000000000000000e+01 1.562704531250000200e-03
8.000000000000000000e+01 1.556396718749999877e-03
8.100000000000000000e+01 1.546524062500000260e-03
8.200000000000000000e+01 1.533220624999999306e-03
8.300000000000000000e+01 1.516616328125000406e-03
8.400000000000000000e+01 1.496870937499999261e-03
8.500000000000000000e+01 1.474150390625000471e-03
8.600000000000000000e+01 1.448650078124999853e-03
8.700000000000000000e+01 1.420564031250000012e-03
8.800000000000000000e+01 1.390095148437499751e-03
8.900000000000000000e+01 1.357473382812500982e-03
9.000000000000000000e+01 1.322929125000000834e-03
9.100000000000000000e+01 1.286692062499999404e-03
9.200000000000000000e+01 1.248998218749999964e-03
9.300000000000000000e+01 1.210100320312499592e-03
9.400000000000000000e+01 1.170236500000000233e-03
9.500000000000000000e+01 1.129647468750000086e-03
9.600000000000000000e+01 1.088583640625000702e-03
9.700000000000000000e+01 1.047275671875000152e-03
9.800000000000000000e+01 1.005965257812500022e-03
9.900000000000000000e+01 9.648768437500001346e-04
1.000000000000000000e+02 9.242329218749994980e-04
1.010000000000000000e+02 8.842387031249999280e-04
1.020000000000000000e+02 8.450993906250001001e-04
1.030000000000000000e+02 8.070031171875004109e-04
1.040000000000000000e+02 7.701303984375004958e-04
1.050000000000000000e+02 7.346368906249999562e-04
1.060000000000000000e+02 7.006759531249999277e-04
1.070000000000000000e+02 6.683851562500000990e-04
1.080000000000000000e+02 6.378813953125000470e-04
1.090000000000000000e+02 6.092682673437502684e-04
1.100000000000000000e+02 5.826328578125000972e-04
1.110000000000000000e+02 5.580468443749998005e-04
1.120000000000000000e+02 5.355639351562500395e-04
1.130000000000000000e+02 5.152264734374999546e-04
1.140000000000000000e+02 4.970510742187501593e-04
1.150000000000000000e+02 4.810484062499999821e-04
1.160000000000000000e+02 4.672039609375000014e-04
1.170000000000000000e+02 4.554965703124999208e-04
1.180000000000000000e+02 4.458880156249999619e-04
1.190000000000000000e+02 4.383221562500000217e-04
1.200000000000000000e+02 4.327354296874999463e-04
1.210000000000000000e+02 4.290492421874999586e-04
1.220000000000000000e+02 4.271719921874999725e-04
1.230000000000000000e+02 4.270093906249998526e-04
1.240000000000000000e+02 4.284458828125000318e-04
1.250000000000000000e+02 4.313709609374999669e-04
1.260000000000000000e+02 4.356558593749999429e-04
1.270000000000000000e+02 4.411758984375000457e-04
1.280000000000000000e+02 4.477923828124999862e-04
1.290000000000000000e+02 4.553738281249999085e-04
1.300000000000000000e+02 4.637734687499998681e-04
1.310000000000000000e+02 4.728577890624999940e-04
1.320000000000000000e+02 4.824862968749999673e-04
1.330000000000000000e+02 4.925196718750000447e-04
1.340000000000000000e+02 5.028240546874999939e-04
1.350000000000000000e+02 5.132704062500000270e-04
1.360000000000000000e+02 5.237230781249999859e-04
1.370000000000000000e+02 5.340720781250003031e-04
1.380000000000000000e+02 5.442025859374998321e-04
1.390000000000000000e+02 5.540070546874999950e-04
1.400000000000000000e+02 5.633887968749998589e-04
1.410000000000000000e+02 5.722625937500002606e-04
1.420000000000000000e+02 5.805505156249999351e-04
1.430000000000000000e+02 5.881856328124999587e-04
1.440000000000000000e+02 5.951031093749996554e-04
1.450000000000000000e+02 6.012717343749999490e-04
1.460000000000000000e+02 6.066483125000000486e-04
1.470000000000000000e+02 6.112170468749999206e-04
1.480000000000000000e+02 6.149590937500001592e-04
1.490000000000000000e+02 6.178804921875001880e-04
1.500000000000000000e+02 6.199916562500000549e-04
1.510000000000000000e+02 6.213177187500001919e-04
1.520000000000000000e+02 6.218864062499999913e-04
1.530000000000000000e+02 6.217414062500000935e-04
1.540000000000000000e+02 6.209449218750000667e-04
1.550000000000000000e+02 6.195452343749999766e-04
1.560000000000000000e+02 6.176184374999997779e-04
1.570000000000000000e+02 6.152347656250001240e-04
1.580000000000000000e+02 6.124880468750000919e-04
1.590000000000000000e+02 6.094521093749999613e-04
1.600000000000000000e+02 6.062328125000000659e-04
1.610000000000000000e+02 6.029157812499998971e-04
1.620000000000000000e+02 5.996035937500003229e-04
1.630000000000000000e+02 5.963944531250000691e-04
1.640000000000000000e+02 5.933896875000001193e-04
1.650000000000000000e+02 5.906872656250001900e-04
1.660000000000000000e+02 5.883804687499998628e-04
1.670000000000000000e+02 5.865677343749999082e-04
1.680000000000000000e+02 5.853389062500000909e-04
1.690000000000000000e+02 5.847760156250000592e-04
1.700000000000000000e+02 5.849580468749997642e-04
1.710000000000000000e+02 5.859618828124997210e-04
1.720000000000000000e+02 5.878478906250001390e-04
1.730000000000000000e+02 5.906736093750001139e-04
1.740000000000000000e+02 5.944862734375002625e-04
1.750000000000000000e+02 5.993255624999999738e-04
1.760000000000000000e+02 6.052182890625000967e-04
1.770000000000000000e+02 6.121816796875001292e-04
1.780000000000000000e+02 6.202228984374998783e-04
1.790000000000000000e+02 6.293378984375001730e-04
1.800000000000000000e+02 6.395156726562501500e-04
1.810000000000000000e+02 6.507236195312501642e-04
1.820000000000000000e+02 6.629302242187502803e-04
1.830000000000000000e+02 6.760878830468751172e-04
1.840000000000000000e+02 6.901406664843750703e-04
1.850000000000000000e+02 7.050205945312499646e-04
1.860000000000000000e+02 7.206634015624996913e-04
1.870000000000000000e+02 7.369692937500002062e-04
1.880000000000000000e+02 7.538574085937503350e-04
1.890000000000000000e+02 7.712332578124998306e-04
1.900000000000000000e+02 7.889819375000002794e-04
1.910000000000000000e+02 8.070149453124998229e-04
1.920000000000000000e+02 8.252099140625003115e-04
1.930000000000000000e+02 8.434515312499998819e-04
1.940000000000000000e+02 8.616346328125001116e-04
1.950000000000000000e+02 8.796379453125002150e-04
1.960000000000000000e+02 8.973540000000001637e-04
1.970000000000000000e+02 9.146622734374999699e-04
1.980000000000000000e+02 9.314628125000000945e-04
1.990000000000000000e+02 9.476499218750002260e-04
2.000000000000000000e+02 9.631233046875003556e-04
2.010000000000000000e+02 9.777983203125000401e-04
2.020000000000000000e+02 9.915853828125001379e-04
2.030000000000000000e+02 1.004416234375000256e-03
2.040000000000000000e+02 1.016221132812499808e-03
2.050000000000000000e+02 1.026950396875000310e-03
2.060000000000000000e+02 1.036551341406249764e-03
2.070000000000000000e+02 1.045001774218750354e-03
2.080000000000000000e+02 1.052284291406250160e-03
2.090000000000000000e+02 1.058394178906250102e-03
2.100000000000000000e+02 1.063344542187500330e-03
2.110000000000000000e+02 1.067144219531250071e-03
2.120000000000000000e+02 1.069853312499999352e-03
2.130000000000000000e+02 1.071512789062499960e-03
2.140000000000000000e+02 1.072197140624999486e-03
2.150000000000000000e+02 1.071988085937499802e-03
2.160000000000000000e+02 1.070992249999999863e-03
2.170000000000000000e+02 1.069313781249999710e-03
2.180000000000000000e+02 1.067088093749999841e-03
2.190000000000000000e+02 1.064462492187499918e-03
2.200000000000000000e+02 1.061593750000000037e-03
2.210000000000000000e+02 1.058646328124999937e-03
2.220000000000000000e+02 1.055807890624999718e-03
2.230000000000000000e+02 1.053273671875000050e-03
2.240000000000000000e+02 1.051247656249999817e-03
2.250000000000000000e+02 1.049940703124999921e-03
2.260000000000000000e+02 1.049583750000000239e-03
2.270000000000000000e+02 1.050394609374999530e-03
2.280000000000000000e+02 1.052617343749999651e-03
2.290000000000000000e+02 1.056489374999999668e-03
2.300000000000000000e+02 1.062252265624999718e-03
2.310000000000000000e+02 1.070153359375000364e-03
2.320000000000000000e+02 1.080441249999999995e-03
2.330000000000000000e+02 1.093365468750000409e-03
2.340000000000000000e+02 1.109166562499999675e-03
2.350000000000000000e+02 1.128103421875000303e-03
2.360000000000000000e+02 1.150415757812499285e-03
2.370000000000000000e+02 1.176350906249999792e-03
2.380000000000000000e+02 1.206159803124999281e-03
2.390000000000000000e+02 1.240084267265624800e-03
2.400000000000000000e+02 1.278374813281249293e-03
2.410000000000000000e+02 1.321276297656250476e-03
2.420000000000000000e+02 1.369039031250000480e-03
2.430000000000000000e+02 1.421918421874999658e-03
2.440000000000000000e+02 1.480161976562499940e-03
2.450000000000000000e+02 1.544048712500000094e-03
2.460000000000000000e+02 1.613829105781249863e-03
2.470000000000000000e+02 1.689790468750000229e-03
2.480000000000000000e+02 1.772207925781250307e-03
2.490000000000000000e+02 1.861367007812500269e-03
2.500000000000000000e+02 1.957561664062500324e-03
2.510000000000000000e+02 2.061095249999999202e-03
2.520000000000000000e+02 2.172259320312500651e-03
2.530000000000000000e+02 2.291370046875000881e-03
2.540000000000000000e+02 2.418717187500000684e-03
2.550000000000000000e+02 2.554601484374999839e-03
2.560000000000000000e+02 2.699299843750000913e-03
2.570000000000000000e+02 2.853088515625000748e-03
2.580000000000000000e+02 3.016211328124998939e-03
2.590000000000000000e+02 3.188886484375000763e-03
2.600000000000000000e+02 3.371298671874998782e-03
2.610000000000000000e+02 3.563596328125000733e-03
2.620000000000000000e+02 3.765862109375001706e-03
2.630000000000000000e+02 3.978139296875000605e-03
2.640000000000000000e+02 4.200383671875000322e-03
2.650000000000000000e+02 4.432503203124999423e-03
2.660000000000000000e+02 4.674312265625001073e-03
2.670000000000000000e+02 4.925529531249998524e-03
2.680000000000000000e+02 5.185795000000000855e-03
2.690000000000000000e+02 5.454661250000001141e-03
2.700000000000000000e+02 5.731580156250000793e-03
2.710000000000000000e+02 6.015822500000001134e-03
2.720000000000000000e+02 6.306708593750001701e-03
2.730000000000000000e+02 6.603295617187501104e-03
2.740000000000000000e+02 6.904687851562499833e-03
2.750000000000000000e+02 7.209770843749999450e-03
2.760000000000000000e+02 7.517445453125003868e-03
2.770000000000000000e+02 7.826504203125000947e-03
2.780000000000000000e+02 8.135588045312499433e-03
2.790000000000000000e+02 8.443384455468747746e-03
2.800000000000000000e+02 8.748476757812494869e-03
2.810000000000000000e+02 9.049463226562496840e-03
2.820000000000000000e+02 9.344917499999997462e-03
2.830000000000000000e+02 9.633308593749997234e-03
2.840000000000000000e+02 9.913286093750002873e-03
2.850000000000000000e+02 1.018346359374999906e-02
2.860000000000000000e+02 1.044247906249999927e-02
2.870000000000000000e+02 1.068910120312499719e-02
2.880000000000000000e+02 1.092203650781249646e-02
2.890000000000000000e+02 1.114031072656250163e-02
2.900000000000000000e+02 1.134290406249999911e-02
2.910000000000000000e+02 1.152899682109375171e-02
2.920000000000000000e+02 1.169787497351563316e-02
2.930000000000000000e+02 1.184897790624999878e-02
2.940000000000000000e+02 1.198193803125000359e-02
2.950000000000000000e+02 1.209646654843749350e-02
2.960000000000000000e+02 1.219260252343750198e-02
2.970000000000000000e+02 1.227035545312499080e-02
2.980000000000000000e+02 1.233008754687499667e-02
2.990000000000000000e+02 1.237214060156249795e-02
3.000000000000000000e+02 1.239717329687499425e-02
3.010000000000000000e+02 1.240590955468749527e-02
3.020000000000000000e+02 1.239931988281250085e-02
3.030000000000000000e+02 1.237836752656248929e-02
3.040000000000000000e+02 1.234417549218749799e-02
3.050000000000000000e+02 1.229813558671874647e-02
3.060000000000000000e+02 1.224142956250000303e-02
3.070000000000000000e+02 1.217562307031250408e-02
3.080000000000000000e+02 1.210214907031250189e-02
3.090000000000000000e+02 1.202248816406250448e-02
3.100000000000000000e+02 1.193828414062500336e-02
3.110000000000000000e+02 1.185099976562500185e-02
3.120000000000000000e+02 1.176227929687500597e-02
3.130000000000000000e+02 1.167364039062499664e-02
3.140000000000000000e+02 1.158650992187500346e-02
3.150000000000000000e+02 1.150240132812499483e-02
3.160000000000000000e+02 1.142265093749999898e-02
3.170000000000000000e+02 1.134860046875000271e-02
3.180000000000000000e+02 1.128147187499999558e-02
3.190000000000000000e+02 1.122225312499999794e-02
3.200000000000000000e+02 1.117213203124999693e-02
3.210000000000000000e+02 1.113197265624999571e-02
3.220000000000000000e+02 1.110259531250000140e-02
3.230000000000000000e+02 1.108472265625000223e-02
3.240000000000000000e+02 1.107889296874999679e-02
3.250000000000000000e+02 1.108569296874999978e-02
3.260000000000000000e+02 1.110545078125000501e-02
3.270000000000000000e+02 1.113849453125000111e-02
3.280000000000000000e+02 1.118504406249999465e-02
3.290000000000000000e+02 1.124525882812500190e-02
3.300000000000000000e+02 1.131920054687499816e-02
3.310000000000000000e+02 1.140688076562500208e-02
3.320000000000000000e+02 1.150820538984375328e-02
3.330000000000000000e+02 1.162317218750000616e-02
3.340000000000000000e+02 1.175159039062500209e-02
3.350000000000000000e+02 1.189338203125000180e-02
3.360000000000000000e+02 1.204829960937499507e-02
3.370000000000000000e+02 1.221626640624999711e-02
3.380000000000000000e+02 1.239720242187500321e-02
3.390000000000000000e+02 1.259086093750000183e-02
3.400000000000000000e+02 1.279720250000000031e-02
3.410000000000000000e+02 1.301612257812500249e-02
3.420000000000000000e+02 1.324761640625000091e-02
3.430000000000000000e+02 1.349165062500000054e-02
3.440000000000000000e+02 1.374833382031249475e-02
3.450000000000000000e+02 1.401758480468750373e-02
3.460000000000000000e+02 1.429967550000000275e-02
3.470000000000000000e+02 1.459462534375000932e-02
3.480000000000000000e+02 1.490268371875000039e-02
3.490000000000000000e+02 1.522403280312500246e-02
3.500000000000000000e+02 1.555882037710937596e-02
3.510000000000000000e+02 1.590733332812499512e-02
3.520000000000000000e+02 1.626970081562499962e-02
3.530000000000000000e+02 1.664624560156250516e-02
3.540000000000000000e+02 1.703701343749999819e-02
3.550000000000000000e+02 1.744207621093749050e-02
3.560000000000000000e+02 1.786165882812500161e-02
3.570000000000000000e+02 1.829563601562499836e-02
3.580000000000000000e+02 1.874392710937500262e-02
3.590000000000000000e+02 1.920632390624999603e-02
3.600000000000000000e+02 1.968247343750000392e-02
3.610000000000000000e+02 2.017210546874999635e-02
3.620000000000000000e+02 2.067444921875000174e-02
3.630000000000000000e+02 2.118887500000000979e-02
3.640000000000000000e+02 2.171438593749999701e-02
3.650000000000000000e+02 2.224987890625000284e-02
3.660000000000000000e+02 2.279423828124999690e-02
3.670000000000000000e+02 2.334596640624998776e-02
3.680000000000000000e+02 2.390330078124999064e-02
3.690000000000000000e+02 2.446457187499999700e-02
3.700000000000000000e+02 2.502781796875000464e-02
3.710000000000000000e+02 2.559080546874999487e-02
3.720000000000000000e+02 2.615127890624998480e-02
3.730000000000000000e+02 2.670683515624999727e-02
3.740000000000000000e+02 2.725491640625000642e-02
3.750000000000000000e+02 2.779290703125000123e-02
3.760000000000000000e+02 2.831815312499999515e-02
3.770000000000000000e+02 2.882776718749999190e-02
3.780000000000000000e+02 2.931917265624999283e-02
3.790000000000000000e+02 2.978950859374999288e-02
3.800000000000000000e+02 3.023617890625001151e-02
3.810000000000000000e+02 3.065631093749999342e-02
3.820000000000000000e+02 3.104742499999997574e-02
3.830000000000000000e+02 3.140714375000002584e-02
3.840000000000000000e+02 3.173290937499999298e-02
3.850000000000000000e+02 3.202270234375000774e-02
3.860000000000000000e+02 3.227449296874999179e-02
3.870000000000000000e+02 3.248651484375000842e-02
3.880000000000000000e+02 3.265712187500000724e-02
3.890000000000000000e+02 3.278532343749999967e-02
3.900000000000000000e+02 3.287004218750000373e-02
3.910000000000000000e+02 3.291071015625002261e-02
3.920000000000000000e+02 3.290711875000001257e-02
3.930000000000000000e+02 3.285939531250001849e-02
3.940000000000000000e+02 3.276812265624998166e-02
3.950000000000000000e+02 3.263409218749999813e-02
3.960000000000000000e+02 3.245868046874998691e-02
3.970000000000000000e+02 3.224352265625000241e-02
3.980000000000000000e+02 3.199075390625001625e-02
3.990000000000000000e+02 3.170281640625001451e-02
4.000000000000000000e+02 3.138252109374999044e-02
4.010000000000000000e+02 3.103297968749998970e-02
4.020000000000000000e+02 3.065751250000001496e-02
4.030000000000000000e+02 3.025989765625001007e-02
4.040000000000000000e+02 2.984396640625000541e-02
4.050000000000000000e+02 2.941372187500000679e-02
4.060000000000000000e+02 2.897327812500000155e-02
4.070000000000000000e+02 2.852676249999999344e-02
4.080000000000000000e+02 2.807844921874998179e-02
4.090000000000000000e+02 2.763228671874999251e-02
4.100000000000000000e+02 2.719233281249999745e-02
4.110000000000000000e+02 2.676252109374999133e-02
4.120000000000000000e+02 2.634632265624999373e-02
4.130000000000000000e+02 2.594719921875000834e-02
4.140000000000000000e+02 2.556824765624999760e-02
4.150000000000000000e+02 2.521237187500000379e-02
4.160000000000000000e+02 2.488200234374998709e-02
4.170000000000000000e+02 2.457937500000000747e-02
4.180000000000000000e+02 2.430611875000000116e-02
4.190000000000000000e+02 2.406390781250000027e-02
4.200000000000000000e+02 2.385370390624998865e-02
4.210000000000000000e+02 2.367610937499997972e-02
4.220000000000000000e+02 2.353154062499999283e-02
4.230000000000000000e+02 2.341986874999999607e-02
4.240000000000000000e+02 2.334066953124998636e-02
4.250000000000000000e+02 2.329317734375000240e-02
4.260000000000000000e+02 2.327631718749999939e-02
4.270000000000000000e+02 2.328863437499999883e-02
4.280000000000000000e+02 2.332864531250000706e-02
4.290000000000000000e+02 2.339446406249997765e-02
4.300000000000000000e+02 2.348410703124999277e-02
4.310000000000000000e+02 2.359552734375000571e-02
4.320000000000000000e+02 2.372651015625001913e-02
4.330000000000000000e+02 2.387502187499999928e-02
4.340000000000000000e+02 2.403886562500000268e-02
4.350000000000000000e+02 2.421582031250000058e-02
4.360000000000000000e+02 2.440399453125000062e-02
4.370000000000000000e+02 2.460131796874999444e-02
4.380000000000000000e+02 2.480594374999999657e-02
4.390000000000000000e+02 2.501589218750000301e-02
4.400000000000000000e+02 2.522944687499999866e-02
4.410000000000000000e+02 2.544486406250000277e-02
4.420000000000000000e+02 2.566040937500000535e-02
4.430000000000000000e+02 2.587423671875000580e-02
4.440000000000000000e+02 2.608467499999998426e-02
4.450000000000000000e+02 2.628974374999999350e-02
4.460000000000000000e+02 2.648764453124999654e-02
4.470000000000000000e+02 2.667627812499998377e-02
4.480000000000000000e+02 2.685350859374999871e-02
4.490000000000000000e+02 2.701711015624999601e-02
4.500000000000000000e+02 2.716482890624997634e-02
4.510000000000000000e+02 2.729416171875000824e-02
4.520000000000000000e+02 2.740264921874997761e-02
4.530000000000000000e+02 2.748754218750001574e-02
4.540000000000000000e+02 2.754653671874999696e-02
4.550000000000000000e+02 2.757681562499999378e-02
4.560000000000000000e+02 2.757579843749998622e-02
4.570000000000000000e+02 2.754077656249998701e-02
4.580000000000000000e+02 2.746910859374999611e-02
4.590000000000000000e+02 2.735827890625000883e-02
4.600000000000000000e+02 2.720565000000001524e-02
4.610000000000000000e+02 2.700871953125000280e-02
4.620000000000000000e+02 2.676520937499999100e-02
4.630000000000000000e+02 2.647296953125001864e-02
4.640000000000000000e+02 2.612995468749998787e-02
4.650000000000000000e+02 2.573451015624999769e-02
4.660000000000000000e+02 2.528529921874999101e-02
4.670000000000000000e+02 2.478140546875000350e-02
4.680000000000000000e+02 2.422234218749999210e-02
4.690000000000000000e+02 2.360836171874999140e-02
4.700000000000000000e+02 2.294016015624998975e-02
4.710000000000000000e+02 2.221938125000000666e-02
4.720000000000000000e+02 2.144814921874999003e-02
4.730000000000000000e+02 2.062996953125001073e-02
4.740000000000000000e+02 1.976887968750000099e-02
4.750000000000000000e+02 1.887023671874999212e-02
4.760000000000000000e+02 1.794036328124998941e-02
4.770000000000000000e+02 1.698681484374999634e-02
4.780000000000000000e+02 1.601792812500000066e-02
4.790000000000000000e+02 1.504321484374999789e-02
4.800000000000000000e+02 1.407274609375000138e-02
4.810000000000000000e+02 1.311730937499999694e-02
4.820000000000000000e+02 1.218779062500000530e-02
4.830000000000000000e+02 1.129501406249999555e-02
4.840000000000000000e+02 1.044937812500000215e-02
4.850000000000000000e+02 9.660462499999994401e-03
4.860000000000000000e+02 8.936677343750004665e-03
4.870000000000000000e+02 8.284908593750001105e-03
4.880000000000000000e+02 7.710233593750001786e-03
4.890000000000000000e+02 7.215939843750003233e-03
4.900000000000000000e+02 6.802937500000000824e-03
4.910000000000000000e+02 6.469952343749999120e-03
4.920000000000000000e+02 6.213482812499997177e-03
4.930000000000000000e+02 6.027762656250001266e-03
4.940000000000000000e+02 5.904883671874998873e-03
4.950000000000000000e+02 5.834971718749997448e-03
4.960000000000000000e+02 5.806378671875001875e-03
4.970000000000000000e+02 5.805918101562500787e-03
4.980000000000000000e+02 5.819135812500002627e-03
4.990000000000000000e+02 5.830702851562503779e-03
5.000000000000000000e+02 5.824512625000000110e-03
5.010000000000000000e+02 5.784360695312500827e-03
5.020000000000000000e+02 5.694053396093749081e-03
5.030000000000000000e+02 5.538784421874999066e-03
5.040000000000000000e+02 5.306496328124996747e-03
5.050000000000000000e+02 4.991468046874998447e-03
5.060000000000000000e+02 4.600398515625002231e-03
5.070000000000000000e+02 4.163141484375002324e-03
5.080000000000000000e+02 3.751325468749999986e-03
5.090000000000000000e+02 3.508823906249999413e-03
5.100000000000000000e+02 3.700781015625000635e-03
5.110000000000000000e+02 4.790544782500000438e-03
