0.000000000000000000e+00 1.609936532812499595e-03
1.000000000000000000e+00 1.604683941406249374e-03
2.000000000000000000e+00 1.594230988281249237e-03
3.000000000000000000e+00 1.578642316406249618e-03
4.000000000000000000e+00 1.558044770312499083e-03
5.000000000000000000e+00 1.532590928906249787e-03
6.000000000000000000e+00 1.502463178125000099e-03
7.000000000000000000e+00 1.467900118749999264e-03
8.000000000000000000e+00 1.429151753124999896e-03
9.000000000000000000e+00 1.386506210937500563e-03
1.000000000000000000e+01 1.340285564062499704e-03
1.100000000000000000e+01 1.290835356250000362e-03
1.200000000000000000e+01 1.238512794531250027e-03
1.300000000000000000e+01 1.183707424218750611e-03
1.400000000000000000e+01 1.126831805468749871e-03
1.500000000000000000e+01 1.068291257031250092e-03
1.600000000000000000e+01 1.008523561718749958e-03
1.700000000000000000e+01 9.479599507812500178e-04
1.800000000000000000e+01 8.870396164062499924e-04
1.900000000000000000e+01 8.262024437500002346e-04
2.000000000000000000e+01 7.658884382812498849e-04
2.100000000000000000e+01 7.065248062499999634e-04
2.200000000000000000e+01 6.485345429687495869e-04
2.300000000000000000e+01 5.923304554687498086e-04
2.400000000000000000e+01 5.382998085937497953e-04
2.500000000000000000e+01 4.868212789062501119e-04
2.600000000000000000e+01 4.382475601562498967e-04
2.700000000000000000e+01 3.929113218749999263e-04
2.800000000000000000e+01 3.511171500000001794e-04
2.900000000000000000e+01 3.131414046874999983e-04
3.000000000000000000e+01 2.792326101562501496e-04
3.100000000000000000e+01 2.496068617187501026e-04
3.200000000000000000e+01 2.244488429687498468e-04
3.300000000000000000e+01 2.039094703125000202e-04
3.400000000000000000e+01 1.881052218749999154e-04
3.500000000000000000e+01 1.771182242187499924e-04
3.600000000000000000e+01 1.709964507812500561e-04
3.700000000000000000e+01 1.697512656250000718e-04
3.800000000000000000e+01 1.733614250000000052e-04
3.900000000000000000e+01 1.817711007812500225e-04
4.000000000000000000e+01 1.948917796874999895e-04
4.100000000000000000e+01 2.126021085937499270e-04
4.200000000000000000e+01 2.347507515624999382e-04
4.300000000000000000e+01 2.611565546874999974e-04
4.400000000000000000e+01 2.916114140625001585e-04
4.500000000000000000e+01 3.258808515625000570e-04
4.600000000000000000e+01 3.637076484374999357e-04
4.700000000000000000e+01 4.048122734375000182e-04
4.800000000000000000e+01 4.488940937499998171e-04
4.900000000000000000e+01 4.956408749999999643e-04
5.000000000000000000e+01 5.447187109375000846e-04
5.100000000000000000e+01 5.957879687499998897e-04
5.200000000000000000e+01 6.484997421874999068e-04
5.300000000000000000e+01 7.024947968750004613e-04
5.400000000000000000e+01 7.574040312500000252e-04
5.500000000000000000e+01 8.128769999999997187e-04
5.600000000000000000e+01 8.685341718749999256e-04
5.700000000000000000e+01 9.240316718750001511e-04
5.800000000000000000e+01 9.790075468749999833e-04
5.900000000000000000e+01 1.033124226562499946e-03
6.000000000000000000e+01 1.086039453124999993e-03
6.100000000000000000e+01 1.137433601562499877e-03
6.200000000000000000e+01 1.187002812499999942e-03
6.300000000000000000e+01 1.234453984374999204e-03
6.400000000000000000e+01 1.279516015625000716e-03
6.500000000000000000e+01 1.321934218749999754e-03
6.600000000000000000e+01 1.361487031249999750e-03
6.700000000000000000e+01 1.397953515625000335e-03
6.800000000000000000e+01 1.431149062499999366e-03
6.900000000000000000e+01 1.460924921874999461e-03
7.000000000000000000e+01 1.487134921875000364e-03
7.100000000000000000e+01 1.509670234374999942e-03
7.200000000000000000e+01 1.528443203125000099e-03
7.300000000000000000e+01 1.543399062500000170e-03
7.400000000000000000e+01 1.554510703125000113e-03
7.500000000000000000e+01 1.561759140625000814e-03
7.600000000000000000e+01 1.565166406249999349e-03
7.700000000000000000e+01 1.564771093750000125e-03
7.800000000000000000e+01 1.560647265625000587e-03
7.900000000000000000e+01 1.552884921874999984e-03
8.000000000000000000e+01 1.541582187500000877e-03
8.100000000000000000e+01 1.526872578124999994e-03
8.200000000000000000e+01 1.508916484374999431e-03
8.300000000000000000e+01 1.487865859374999872e-03
8.400000000000000000e+01 1.463916015624999560e-03
8.500000000000000000e+01 1.437258867187498962e-03
8.600000000000000000e+01 1.408117921874999911e-03
8.700000000000000000e+01 1.376700539062500383e-03
8.800000000000000000e+01 1.343249843749999475e-03
8.900000000000000000e+01 1.308000281249999987e-03
9.000000000000000000e+01 1.271200859374999872e-03
9.100000000000000000e+01 1.233095007812500020e-03
9.200000000000000000e+01 1.193944296875000879e-03
9.300000000000000000e+01 1.153992984375000084e-03
9.400000000000000000e+01 1.113491687499999728e-03
9.500000000000000000e+01 1.072690429687500266e-03
9.600000000000000000e+01 1.031833414062499794e-03
9.700000000000000000e+01 9.911477265624999995e-04
9.800000000000000000e+01 9.508720312499996169e-04
9.900000000000000000e+01 9.112204210937500590e-04
1.000000000000000000e+02 8.723990617187500586e-04
1.010000000000000000e+02 8.346028546874999622e-04
1.020000000000000000e+02 7.980167460937495237e-04
1.030000000000000000e+02 7.628081500000001786e-04
1.040000000000000000e+02 7.291325148437503801e-04
1.050000000000000000e+02 6.971222609375001206e-04
1.060000000000000000e+02 6.669000031250003685e-04
1.070000000000000000e+02 6.385685749999999274e-04
1.080000000000000000e+02 6.122194775000002614e-04
1.090000000000000000e+02 5.879172811718749291e-04
1.100000000000000000e+02 5.657194571093747751e-04
1.110000000000000000e+02 5.456552664062495244e-04
1.120000000000000000e+02 5.277471070312499254e-04
1.130000000000000000e+02 5.119887453125001979e-04
1.140000000000000000e+02 4.983697460937501749e-04
1.150000000000000000e+02 4.868618335937497450e-04
1.160000000000000000e+02 4.774095492187498341e-04
1.170000000000000000e+02 4.699579437500003083e-04
1.180000000000000000e+02 4.644324015624998604e-04
1.190000000000000000e+02 4.607506039062496655e-04
1.200000000000000000e+02 4.588075179687500175e-04
1.210000000000000000e+02 4.585036351562502108e-04
1.220000000000000000e+02 4.597209187499999572e-04
1.230000000000000000e+02 4.623350507812499437e-04
1.240000000000000000e+02 4.662164960937499928e-04
1.250000000000000000e+02 4.712326093749998729e-04
1.260000000000000000e+02 4.772459867187499490e-04
1.270000000000000000e+02 4.841189437500000936e-04
1.280000000000000000e+02 4.917101914062499196e-04
1.290000000000000000e+02 4.998797140625000496e-04
1.300000000000000000e+02 5.084934210937500912e-04
1.310000000000000000e+02 5.174179375000000991e-04
1.320000000000000000e+02 5.265259570312498397e-04
1.330000000000000000e+02 5.356926468750001190e-04
1.340000000000000000e+02 5.448049078125000557e-04
1.350000000000000000e+02 5.537582757812500563e-04
1.360000000000000000e+02 5.624504062500001490e-04
1.370000000000000000e+02 5.707976835937501317e-04
1.380000000000000000e+02 5.787234632812501226e-04
1.390000000000000000e+02 5.861581686718748962e-04
1.400000000000000000e+02 5.930515481249999622e-04
1.410000000000000000e+02 5.993579311484373414e-04
1.420000000000000000e+02 6.050568813281248211e-04
1.430000000000000000e+02 6.101246829687502135e-04
1.440000000000000000e+02 6.145582226562500659e-04
1.450000000000000000e+02 6.183714250781249810e-04
1.460000000000000000e+02 6.215846273437500855e-04
1.470000000000000000e+02 6.242260584375000339e-04
1.480000000000000000e+02 6.263507458593747150e-04
1.490000000000000000e+02 6.280035424218746937e-04
1.500000000000000000e+02 6.292560953125001010e-04
1.510000000000000000e+02 6.301843992187499592e-04
1.520000000000000000e+02 6.308673117187497872e-04
1.530000000000000000e+02 6.313954968749997849e-04
1.540000000000000000e+02 6.318708242187497624e-04
1.550000000000000000e+02 6.323950656250000146e-04
1.560000000000000000e+02 6.330666328125000462e-04
1.570000000000000000e+02 6.340007499999998370e-04
1.580000000000000000e+02 6.353083203124998413e-04
1.590000000000000000e+02 6.370952109374999547e-04
1.600000000000000000e+02 6.394689140625000852e-04
1.610000000000000000e+02 6.425384140625000056e-04
1.620000000000000000e+02 6.464069296875000299e-04
1.630000000000000000e+02 6.511676132812500243e-04
1.640000000000000000e+02 6.569092554687500042e-04
1.650000000000000000e+02 6.637183593750000180e-04
1.660000000000000000e+02 6.716674960937502048e-04
1.670000000000000000e+02 6.808243679687499923e-04
1.680000000000000000e+02 6.912371499999998706e-04
1.690000000000000000e+02 7.029540414062500570e-04
1.700000000000000000e+02 7.160013468750001499e-04
1.710000000000000000e+02 7.304017325781249955e-04
1.720000000000000000e+02 7.461575646874998901e-04
1.730000000000000000e+02 7.632598039843746995e-04
1.740000000000000000e+02 7.816797800781250015e-04
1.750000000000000000e+02 8.013856945312498392e-04
1.760000000000000000e+02 8.223326617187500529e-04
1.770000000000000000e+02 8.444528296875000034e-04
1.780000000000000000e+02 8.676646781250000337e-04
1.790000000000000000e+02 8.918819265625001951e-04
1.800000000000000000e+02 9.170012031250001890e-04
1.810000000000000000e+02 9.429063359375000142e-04
1.820000000000000000e+02 9.694819375000002758e-04
1.830000000000000000e+02 9.965802578125000297e-04
1.840000000000000000e+02 1.024068570312500290e-03
1.850000000000000000e+02 1.051799054687499934e-03
1.860000000000000000e+02 1.079601406249999914e-03
1.870000000000000000e+02 1.107333242187500148e-03
1.880000000000000000e+02 1.134819249999999887e-03
1.890000000000000000e+02 1.161895687499999883e-03
1.900000000000000000e+02 1.188401656250000259e-03
1.910000000000000000e+02 1.214172703124999971e-03
1.920000000000000000e+02 1.239037421874999685e-03
1.930000000000000000e+02 1.262852140624999564e-03
1.940000000000000000e+02 1.285455234375000545e-03
1.950000000000000000e+02 1.306712031249999571e-03
1.960000000000000000e+02 1.326476765624999641e-03
1.970000000000000000e+02 1.344637718750000361e-03
1.980000000000000000e+02 1.361063273437499886e-03
1.990000000000000000e+02 1.375668984375000162e-03
2.000000000000000000e+02 1.388358085937499648e-03
2.010000000000000000e+02 1.399052632812499038e-03
2.020000000000000000e+02 1.407697859375000053e-03
2.030000000000000000e+02 1.414248648437500420e-03
2.040000000000000000e+02 1.418676359375000686e-03
2.050000000000000000e+02 1.420968976562499804e-03
2.060000000000000000e+02 1.421129804687499719e-03
2.070000000000000000e+02 1.419181872656250041e-03
2.080000000000000000e+02 1.415164834375000520e-03
2.090000000000000000e+02 1.409136603125000099e-03
2.100000000000000000e+02 1.401160418906250002e-03
2.110000000000000000e+02 1.391333740703125594e-03
2.120000000000000000e+02 1.379763326562500128e-03
2.130000000000000000e+02 1.366553382031249686e-03
2.140000000000000000e+02 1.351852010156250148e-03
2.150000000000000000e+02 1.335805024999999488e-03
2.160000000000000000e+02 1.318581734374999924e-03
2.170000000000000000e+02 1.300355124999999935e-03
2.180000000000000000e+02 1.281298000000000159e-03
2.190000000000000000e+02 1.261623335937500819e-03
2.200000000000000000e+02 1.241524312500000195e-03
2.210000000000000000e+02 1.221224031249999904e-03
2.220000000000000000e+02 1.200935406249999983e-03
2.230000000000000000e+02 1.180888187500000281e-03
2.240000000000000000e+02 1.161303757812499416e-03
2.250000000000000000e+02 1.142406789062499909e-03
2.260000000000000000e+02 1.124428156249999934e-03
2.270000000000000000e+02 1.107599062499999660e-03
2.280000000000000000e+02 1.092134453124999575e-03
2.290000000000000000e+02 1.078255234374999845e-03
2.300000000000000000e+02 1.066182890625000336e-03
2.310000000000000000e+02 1.056120859375000217e-03
2.320000000000000000e+02 1.048271562499999846e-03
2.330000000000000000e+02 1.042834687500000150e-03
2.340000000000000000e+02 1.040000390624999920e-03
2.350000000000000000e+02 1.039953046875000120e-03
2.360000000000000000e+02 1.042888210937499950e-03
2.370000000000000000e+02 1.048978328124999934e-03
2.380000000000000000e+02 1.058413992187499930e-03
2.390000000000000000e+02 1.071375414843749692e-03
2.400000000000000000e+02 1.088056140625000149e-03
2.410000000000000000e+02 1.108655361093749576e-03
2.420000000000000000e+02 1.133383778906250439e-03
2.430000000000000000e+02 1.162471666406250485e-03
2.440000000000000000e+02 1.196157553124999788e-03
2.450000000000000000e+02 1.234707292187500359e-03
2.460000000000000000e+02 1.278406869531250331e-03
2.470000000000000000e+02 1.327560133593750410e-03
2.480000000000000000e+02 1.382512463281250189e-03
2.490000000000000000e+02 1.443622269531249407e-03
2.500000000000000000e+02 1.511274709375000098e-03
2.510000000000000000e+02 1.585884602890624872e-03
2.520000000000000000e+02 1.667877657031249621e-03
2.530000000000000000e+02 1.757715442968750194e-03
2.540000000000000000e+02 1.855865799218749937e-03
2.550000000000000000e+02 1.962807197656250315e-03
2.560000000000000000e+02 2.079010142187499681e-03
2.570000000000000000e+02 2.204952375000000277e-03
2.580000000000000000e+02 2.341098914062499526e-03
2.590000000000000000e+02 2.487881015625000806e-03
2.600000000000000000e+02 2.645715367187500763e-03
2.610000000000000000e+02 2.814957554687499801e-03
2.620000000000000000e+02 2.995930062499999481e-03
2.630000000000000000e+02 3.188881523437500122e-03
2.640000000000000000e+02 3.393982929687500844e-03
2.650000000000000000e+02 3.611346218749998237e-03
2.660000000000000000e+02 3.840979898437500619e-03
2.670000000000000000e+02 4.082788507812499038e-03
2.680000000000000000e+02 4.336602164062499862e-03
2.690000000000000000e+02 4.602095953124997821e-03
2.700000000000000000e+02 4.878878054687500743e-03
2.710000000000000000e+02 5.166427179687498733e-03
2.720000000000000000e+02 5.464099296875001184e-03
2.730000000000000000e+02 5.771108109374997394e-03
2.740000000000000000e+02 6.086651132812502529e-03
2.750000000000000000e+02 6.409728407031251539e-03
2.760000000000000000e+02 6.739302433593752015e-03
2.770000000000000000e+02 7.074187748906250392e-03
2.780000000000000000e+02 7.413201390625003169e-03
2.790000000000000000e+02 7.754951226562501777e-03
2.800000000000000000e+02 8.098206898437498164e-03
2.810000000000000000e+02 8.441477890624998412e-03
2.820000000000000000e+02 8.783343281250001466e-03
2.830000000000000000e+02 9.122391875000005271e-03
2.840000000000000000e+02 9.457171796875003811e-03
2.850000000000000000e+02 9.786196796875000492e-03
2.860000000000000000e+02 1.010815054687499819e-02
2.870000000000000000e+02 1.042160109374999817e-02
2.880000000000000000e+02 1.072526624999999706e-02
2.890000000000000000e+02 1.101792142187500018e-02
2.900000000000000000e+02 1.129840192187500127e-02
2.910000000000000000e+02 1.156563245312500904e-02
2.920000000000000000e+02 1.181865421875000037e-02
2.930000000000000000e+02 1.205656006250000606e-02
2.940000000000000000e+02 1.227865864062499535e-02
2.950000000000000000e+02 1.248430011718749955e-02
2.960000000000000000e+02 1.267290598437499985e-02
2.970000000000000000e+02 1.284425992968750430e-02
2.980000000000000000e+02 1.299788653125000248e-02
2.990000000000000000e+02 1.313380096093749901e-02
3.000000000000000000e+02 1.325183917187500345e-02
3.010000000000000000e+02 1.335219210937499748e-02
3.020000000000000000e+02 1.343501335937499763e-02
3.030000000000000000e+02 1.350068726562499502e-02
3.040000000000000000e+02 1.354952929687500141e-02
3.050000000000000000e+02 1.358204718750000844e-02
3.060000000000000000e+02 1.359887664062500549e-02
3.070000000000000000e+02 1.360065453124999386e-02
3.080000000000000000e+02 1.358813960937500440e-02
3.090000000000000000e+02 1.356210484374999713e-02
3.100000000000000000e+02 1.352342164062500345e-02
3.110000000000000000e+02 1.347294023437500300e-02
3.120000000000000000e+02 1.341154851562500160e-02
3.130000000000000000e+02 1.334034578124999003e-02
3.140000000000000000e+02 1.326020937500000177e-02
3.150000000000000000e+02 1.317216406250000353e-02
3.160000000000000000e+02 1.307721093750000008e-02
3.170000000000000000e+02 1.297627890624999600e-02
3.180000000000000000e+02 1.287055234374999933e-02
3.190000000000000000e+02 1.276099609375000443e-02
3.200000000000000000e+02 1.264853124999999225e-02
3.210000000000000000e+02 1.253431484374999648e-02
3.220000000000000000e+02 1.241932656249999760e-02
3.230000000000000000e+02 1.230447812500000578e-02
3.240000000000000000e+02 1.219089375000000260e-02
3.250000000000000000e+02 1.207956718749999582e-02
3.260000000000000000e+02 1.197146874999999860e-02
3.270000000000000000e+02 1.186765992187500084e-02
3.280000000000000000e+02 1.176924664062500153e-02
3.290000000000000000e+02 1.167720304687500099e-02
3.300000000000000000e+02 1.159266142968749976e-02
3.310000000000000000e+02 1.151672047656250586e-02
3.320000000000000000e+02 1.145055100000000152e-02
3.330000000000000000e+02 1.139523999999999745e-02
3.340000000000000000e+02 1.135208359374999774e-02
3.350000000000000000e+02 1.132226406249999678e-02
3.360000000000000000e+02 1.130715515625000181e-02
3.370000000000000000e+02 1.130796101562500135e-02
3.380000000000000000e+02 1.132606908593749608e-02
3.390000000000000000e+02 1.136290702343750562e-02
3.400000000000000000e+02 1.141990283671875418e-02
3.410000000000000000e+02 1.149839255468749349e-02
3.420000000000000000e+02 1.159991954687500382e-02
3.430000000000000000e+02 1.172595125000000169e-02
3.440000000000000000e+02 1.187782289062500399e-02
3.450000000000000000e+02 1.205703453125000525e-02
3.460000000000000000e+02 1.226499148437499784e-02
3.470000000000000000e+02 1.250291984375000338e-02
3.480000000000000000e+02 1.277216546874999741e-02
3.490000000000000000e+02 1.307377351562500310e-02
3.500000000000000000e+02 1.340880882812500036e-02
3.510000000000000000e+02 1.377817328124999671e-02
3.520000000000000000e+02 1.418263750000000288e-02
3.530000000000000000e+02 1.462260359375000367e-02
3.540000000000000000e+02 1.509844640625000213e-02
3.550000000000000000e+02 1.561025054687500274e-02
3.560000000000000000e+02 1.615787976562499395e-02
3.570000000000000000e+02 1.674077742187500550e-02
3.580000000000000000e+02 1.735821853124999356e-02
3.590000000000000000e+02 1.800926845078125449e-02
3.600000000000000000e+02 1.869244290624999527e-02
3.610000000000000000e+02 1.940611562500000817e-02
3.620000000000000000e+02 2.014816921874999084e-02
3.630000000000000000e+02 2.091622335937498925e-02
3.640000000000000000e+02 2.170758906249999412e-02
3.650000000000000000e+02 2.251914921874999947e-02
3.660000000000000000e+02 2.334756640624999560e-02
3.670000000000000000e+02 2.418910390625001253e-02
3.680000000000000000e+02 2.503972421875001395e-02
3.690000000000000000e+02 2.589523984374999394e-02
3.700000000000000000e+02 2.675123281250000457e-02
3.710000000000000000e+02 2.760285078125001082e-02
3.720000000000000000e+02 2.844544921875000534e-02
3.730000000000000000e+02 2.927409921875000556e-02
3.740000000000000000e+02 3.008378671875001562e-02
3.750000000000000000e+02 3.086960390624999759e-02
3.760000000000000000e+02 3.162653515625001716e-02
3.770000000000000000e+02 3.234977031249999802e-02
3.780000000000000000e+02 3.303468046875000091e-02
3.790000000000000000e+02 3.367676015624999908e-02
3.800000000000000000e+02 3.427170234375000180e-02
3.810000000000000000e+02 3.481555781250000869e-02
3.820000000000000000e+02 3.530467812500000246e-02
3.830000000000000000e+02 3.573576562499998499e-02
3.840000000000000000e+02 3.610598281249999958e-02
3.850000000000000000e+02 3.641300234374997974e-02
3.860000000000000000e+02 3.665477734374999325e-02
3.870000000000000000e+02 3.683006406249997311e-02
3.880000000000000000e+02 3.693791328125002604e-02
3.890000000000000000e+02 3.697807031249998599e-02
3.900000000000000000e+02 3.695076406250000917e-02
3.910000000000000000e+02 3.685689140625000165e-02
3.920000000000000000e+02 3.669780859375001286e-02
3.930000000000000000e+02 3.647569687500001184e-02
3.940000000000000000e+02 3.619291796875001577e-02
3.950000000000000000e+02 3.585285937500001102e-02
3.960000000000000000e+02 3.545906796874999378e-02
3.970000000000000000e+02 3.501589687499999382e-02
3.980000000000000000e+02 3.452793359375001120e-02
3.990000000000000000e+02 3.400040156249996975e-02
4.000000000000000000e+02 3.343887109374997502e-02
4.010000000000000000e+02 3.284917265625001553e-02
4.020000000000000000e+02 3.223742500000003480e-02
4.030000000000000000e+02 3.161008515625000903e-02
4.040000000000000000e+02 3.097347187499996379e-02
4.050000000000000000e+02 3.033409687499999050e-02
4.060000000000000000e+02 2.969828593750001300e-02
4.070000000000000000e+02 2.907246562500001574e-02
4.080000000000000000e+02 2.846255000000000659e-02
4.090000000000000000e+02 2.787427968749999971e-02
4.100000000000000000e+02 2.731311015624999713e-02
4.110000000000000000e+02 2.678383906250000890e-02
4.120000000000000000e+02 2.629108828124999617e-02
4.130000000000000000e+02 2.583857890624999612e-02
4.140000000000000000e+02 2.542974843750000352e-02
4.150000000000000000e+02 2.506722265624999890e-02
4.160000000000000000e+02 2.475304375000000889e-02
4.170000000000000000e+02 2.448857578125000420e-02
4.180000000000000000e+02 2.427438046874999186e-02
4.190000000000000000e+02 2.411054218750000380e-02
4.200000000000000000e+02 2.399613593750000301e-02
4.210000000000000000e+02 2.392975624999998940e-02
4.220000000000000000e+02 2.390931796874998586e-02
4.230000000000000000e+02 2.393212343750000803e-02
4.240000000000000000e+02 2.399478906249998683e-02
4.250000000000000000e+02 2.409356171874999647e-02
4.260000000000000000e+02 2.422422578125001114e-02
4.270000000000000000e+02 2.438211953124999609e-02
4.280000000000000000e+02 2.456254453125001486e-02
4.290000000000000000e+02 2.476054062499999028e-02
4.300000000000000000e+02 2.497109296874999024e-02
4.310000000000000000e+02 2.518930468750000054e-02
4.320000000000000000e+02 2.541031015625000097e-02
4.330000000000000000e+02 2.562977734374998970e-02
4.340000000000000000e+02 2.584345624999999369e-02
4.350000000000000000e+02 2.604759218750000299e-02
4.360000000000000000e+02 2.623883515625001148e-02
4.370000000000000000e+02 2.641429687499998250e-02
4.380000000000000000e+02 2.657163593749998706e-02
4.390000000000000000e+02 2.670900078124999188e-02
4.400000000000000000e+02 2.682497187500000602e-02
4.410000000000000000e+02 2.691859609374998644e-02
4.420000000000000000e+02 2.698923593750001543e-02
4.430000000000000000e+02 2.703662656249998866e-02
4.440000000000000000e+02 2.706072031249999107e-02
4.450000000000000000e+02 2.706190390624999692e-02
4.460000000000000000e+02 2.704039921875000391e-02
4.470000000000000000e+02 2.699683203125000444e-02
4.480000000000000000e+02 2.693171015624999665e-02
4.490000000000000000e+02 2.684570234375000669e-02
4.500000000000000000e+02 2.673942734375001073e-02
4.510000000000000000e+02 2.661354765625000701e-02
4.520000000000000000e+02 2.646862578124999435e-02
4.530000000000000000e+02 2.630513125000000230e-02
4.540000000000000000e+02 2.612337500000002505e-02
4.550000000000000000e+02 2.592352812499999770e-02
4.560000000000000000e+02 2.570556250000000792e-02
4.570000000000000000e+02 2.546930390624999735e-02
4.580000000000000000e+02 2.521417890624998506e-02
4.590000000000000000e+02 2.493937812500001891e-02
4.600000000000000000e+02 2.464385781249999602e-02
4.610000000000000000e+02 2.432633046875000427e-02
4.620000000000000000e+02 2.398508359375000135e-02
4.630000000000000000e+02 2.361851171875000918e-02
4.640000000000000000e+02 2.322462734375000185e-02
4.650000000000000000e+02 2.280126718749999823e-02
4.660000000000000000e+02 2.234646093749999632e-02
4.670000000000000000e+02 2.185815078124999852e-02
4.680000000000000000e+02 2.133466093749999265e-02
4.690000000000000000e+02 2.077453749999999891e-02
4.700000000000000000e+02 2.017696171875000069e-02
4.710000000000000000e+02 1.954158984374999158e-02
4.720000000000000000e+02 1.886918359375001214e-02
4.730000000000000000e+02 1.816149375000000038e-02
4.740000000000000000e+02 1.742125937500000124e-02
4.750000000000000000e+02 1.665257890625000334e-02
4.760000000000000000e+02 1.586098359375000960e-02
4.770000000000000000e+02 1.505307656249999827e-02
4.780000000000000000e+02 1.423674218750000178e-02
4.790000000000000000e+02 1.342083750000000464e-02
4.800000000000000000e+02 1.261508281249999232e-02
4.810000000000000000e+02 1.182960546875000581e-02
4.820000000000000000e+02 1.107456484374999377e-02
4.830000000000000000e+02 1.035993828124999808e-02
4.840000000000000000e+02 9.695018749999997562e-03
4.850000000000000000e+02 9.087955468749998877e-03
4.860000000000000000e+02 8.545480468749998282e-03
4.870000000000000000e+02 8.072383593750001238e-03
4.880000000000000000e+02 7.671368749999998328e-03
4.890000000000000000e+02 7.342721093750001655e-03
4.900000000000000000e+02 7.084215624999999281e-03
4.910000000000000000e+02 6.891032812499999632e-03
4.920000000000000000e+02 6.755804687500002043e-03
4.930000000000000000e+02 6.668965312500003961e-03
4.940000000000000000e+02 6.618916796875001611e-03
4.950000000000000000e+02 6.592592031250003003e-03
4.960000000000000000e+02 6.576087343749999377e-03
4.970000000000000000e+02 6.555192812500002658e-03
4.980000000000000000e+02 6.516137265625000265e-03
4.990000000000000000e+02 6.446099843749997227e-03
5.000000000000000000e+02 6.333838203125000815e-03
5.010000000000000000e+02 6.169853593749999136e-03
5.020000000000000000e+02 5.946798624999998471e-03
5.030000000000000000e+02 5.659627826874997700e-03
5.040000000000000000e+02 5.306428523437502730e-03
5.050000000000000000e+02 4.890490203125003738e-03
5.060000000000000000e+02 4.424775859374998829e-03
5.070000000000000000e+02 3.941275625000000699e-03
5.080000000000000000e+02 3.508638984375002639e-03
5.090000000000000000e+02 3.263590000000000674e-03
5.100000000000000000e+02 3.464561250000000418e-03
5.110000000000000000e+02 4.580265671875000111e-03
