0.000000000000000000e+00 1.787634400781249952e-03
1.000000000000000000e+00 1.782154367968748990e-03
2.000000000000000000e+00 1.771237842968750300e-03
3.000000000000000000e+00 1.754967262500000107e-03
4.000000000000000000e+00 1.733460283593749865e-03
5.000000000000000000e+00 1.706883538281250053e-03
6.000000000000000000e+00 1.675429225781250881e-03
7.000000000000000000e+00 1.639329896953123670e-03
8.000000000000000000e+00 1.598859597343750419e-03
9.000000000000000000e+00 1.554307407578124243e-03
1.000000000000000000e+01 1.506009546874999706e-03
1.100000000000000000e+01 1.454315301484375086e-03
1.200000000000000000e+01 1.399607532031249546e-03
1.300000000000000000e+01 1.342278902359375073e-03
1.400000000000000000e+01 1.282742323593750013e-03
1.500000000000000000e+01 1.221421048750000659e-03
1.600000000000000000e+01 1.158757289921875195e-03
1.700000000000000000e+01 1.095192063281250072e-03
1.800000000000000000e+01 1.031163356250000074e-03
1.900000000000000000e+01 9.671330420312498032e-04
2.000000000000000000e+01 9.035237153125000309e-04
2.100000000000000000e+01 8.407710814062500449e-04
2.200000000000000000e+01 7.792987562500002224e-04
2.300000000000000000e+01 7.195115773437502169e-04
2.400000000000000000e+01 6.617979804687496937e-04
2.500000000000000000e+01 6.065224687500000425e-04
2.600000000000000000e+01 5.540399562499998508e-04
2.700000000000000000e+01 5.046617796875002169e-04
2.800000000000000000e+01 4.586855671875000005e-04
2.900000000000000000e+01 4.163738835937500805e-04
3.000000000000000000e+01 3.779614640624999705e-04
3.100000000000000000e+01 3.436472984375000118e-04
3.200000000000000000e+01 3.136005710937499061e-04
3.300000000000000000e+01 2.879537937499998361e-04
3.400000000000000000e+01 2.668075101562499083e-04
3.500000000000000000e+01 2.502241535937499775e-04
3.600000000000000000e+01 2.382339179687499716e-04
3.700000000000000000e+01 2.308333750000000234e-04
3.800000000000000000e+01 2.279832250000000385e-04
3.900000000000000000e+01 2.296120046874999777e-04
4.000000000000000000e+01 2.356173109375000086e-04
4.100000000000000000e+01 2.458649984375000383e-04
4.200000000000000000e+01 2.601940671874998631e-04
4.300000000000000000e+01 2.784139718750000526e-04
4.400000000000000000e+01 3.003099367187499983e-04
4.500000000000000000e+01 3.256447906249999185e-04
4.600000000000000000e+01 3.541584960937499351e-04
4.700000000000000000e+01 3.855741796874997073e-04
4.800000000000000000e+01 4.196009453125000522e-04
4.900000000000000000e+01 4.559283050781250644e-04
5.000000000000000000e+01 4.942394401562503646e-04
5.100000000000000000e+01 5.342085062499998122e-04
5.200000000000000000e+01 5.754997828124997590e-04
5.300000000000000000e+01 6.177873406249998443e-04
5.400000000000000000e+01 6.607229140625001497e-04
5.500000000000000000e+01 7.039811093749999502e-04
5.600000000000000000e+01 7.472336953125002096e-04
5.700000000000000000e+01 7.901556484375001597e-04
5.800000000000000000e+01 8.324358593749995152e-04
5.900000000000000000e+01 8.737708437500000484e-04
6.000000000000000000e+01 9.138855546874998393e-04
6.100000000000000000e+01 9.524992656249997407e-04
6.200000000000000000e+01 9.893554218750003505e-04
6.300000000000000000e+01 1.024231882812499548e-03
6.400000000000000000e+01 1.056909406250000193e-03
6.500000000000000000e+01 1.087196953124999841e-03
6.600000000000000000e+01 1.114930562500000442e-03
6.700000000000000000e+01 1.139960851562499961e-03
6.800000000000000000e+01 1.162172320312499993e-03
6.900000000000000000e+01 1.181474296874999910e-03
7.000000000000000000e+01 1.197798015624999693e-03
7.100000000000000000e+01 1.211104320312500005e-03
7.200000000000000000e+01 1.221356679687499473e-03
7.300000000000000000e+01 1.228587023437499723e-03
7.400000000000000000e+01 1.232823429687499419e-03
7.500000000000000000e+01 1.234111531250000780e-03
7.600000000000000000e+01 1.232536031250000422e-03
7.700000000000000000e+01 1.228202898437499814e-03
7.800000000000000000e+01 1.221225773437499638e-03
7.900000000000000000e+01 1.211757476562500121e-03
8.000000000000000000e+01 1.199938281250000722e-03
8.100000000000000000e+01 1.185960664062500310e-03
8.200000000000000000e+01 1.169997085937500049e-03
8.300000000000000000e+01 1.152263242187499381e-03
8.400000000000000000e+01 1.132954859375000451e-03
8.500000000000000000e+01 1.112301835937500212e-03
8.600000000000000000e+01 1.090528203125000657e-03
8.700000000000000000e+01 1.067857695312499815e-03
8.800000000000000000e+01 1.044528593749999984e-03
8.900000000000000000e+01 1.020765335937500124e-03
9.000000000000000000e+01 9.968028515624995263e-04
9.100000000000000000e+01 9.728617109374998375e-04
9.200000000000000000e+01 9.491714921875000219e-04
9.300000000000000000e+01 9.259272656250005108e-04
9.400000000000000000e+01 9.033450078124998384e-04
9.500000000000000000e+01 8.816086953125000470e-04
9.600000000000000000e+01 8.608942343750000540e-04
9.700000000000000000e+01 8.413693828125000298e-04
9.800000000000000000e+01 8.231743046874999241e-04
9.900000000000000000e+01 8.064479999999998655e-04
1.000000000000000000e+02 7.912981796875001887e-04
1.010000000000000000e+02 7.778198125000000207e-04
1.020000000000000000e+02 7.660883750000004001e-04
1.030000000000000000e+02 7.561541796875002148e-04
1.040000000000000000e+02 7.480633828125002154e-04
1.050000000000000000e+02 7.418230390624998326e-04
1.060000000000000000e+02 7.374338203125000140e-04
1.070000000000000000e+02 7.348628593749995195e-04
1.080000000000000000e+02 7.340794218750002148e-04
1.090000000000000000e+02 7.350142656250002737e-04
1.100000000000000000e+02 7.375915234375001643e-04
1.110000000000000000e+02 7.417125390625003154e-04
1.120000000000000000e+02 7.472675234375000764e-04
1.130000000000000000e+02 7.541299375000001326e-04
1.140000000000000000e+02 7.621653046875000344e-04
1.150000000000000000e+02 7.712232031250002440e-04
1.160000000000000000e+02 7.811424296875000683e-04
1.170000000000000000e+02 7.917560937499996390e-04
1.180000000000000000e+02 8.028948515625001624e-04
1.190000000000000000e+02 8.143815468749998013e-04
1.200000000000000000e+02 8.260394374999999699e-04
1.210000000000000000e+02 8.376820546875001546e-04
1.220000000000000000e+02 8.491373515624999488e-04
1.230000000000000000e+02 8.602325781250000749e-04
1.240000000000000000e+02 8.707990625000000843e-04
1.250000000000000000e+02 8.806698906249999046e-04
1.260000000000000000e+02 8.897075078125001642e-04
1.270000000000000000e+02 8.977601796874999564e-04
1.280000000000000000e+02 9.047104531250000628e-04
1.290000000000000000e+02 9.104373671874999669e-04
1.300000000000000000e+02 9.148473046875001558e-04
1.310000000000000000e+02 9.178571328124999346e-04
1.320000000000000000e+02 9.194174453124997213e-04
1.330000000000000000e+02 9.194668750000002666e-04
1.340000000000000000e+02 9.179961328124998463e-04
1.350000000000000000e+02 9.149897031250002304e-04
1.360000000000000000e+02 9.104805703125001034e-04
1.370000000000000000e+02 9.044839296875000325e-04
1.380000000000000000e+02 8.970780468749998049e-04
1.390000000000000000e+02 8.883336093749997272e-04
1.400000000000000000e+02 8.783571718750003091e-04
1.410000000000000000e+02 8.672509843749997725e-04
1.420000000000000000e+02 8.551705546875001821e-04
1.430000000000000000e+02 8.422611718750003078e-04
1.440000000000000000e+02 8.286899531250000069e-04
1.450000000000000000e+02 8.146445546874999267e-04
1.460000000000000000e+02 8.003272625000002350e-04
1.470000000000000000e+02 7.859372507812500486e-04
1.480000000000000000e+02 7.716995953124999646e-04
1.490000000000000000e+02 7.578455210937500106e-04
1.500000000000000000e+02 7.446029332031250426e-04
1.510000000000000000e+02 7.322086094531250451e-04
1.520000000000000000e+02 7.208958510156247661e-04
1.530000000000000000e+02 7.109009085937501374e-04
1.540000000000000000e+02 7.024609148437500374e-04
1.550000000000000000e+02 6.957953242187499667e-04
1.560000000000000000e+02 6.911306937499996994e-04
1.570000000000000000e+02 6.886717828125000097e-04
1.580000000000000000e+02 6.886132390625000765e-04
1.590000000000000000e+02 6.911381656250002552e-04
1.600000000000000000e+02 6.964177273437499637e-04
1.610000000000000000e+02 7.045922914062501289e-04
1.620000000000000000e+02 7.157972593750002149e-04
1.630000000000000000e+02 7.301355515625002372e-04
1.640000000000000000e+02 7.476972374999997766e-04
1.650000000000000000e+02 7.685385390624998583e-04
1.660000000000000000e+02 7.927036554687498775e-04
1.670000000000000000e+02 8.201980023437505833e-04
1.680000000000000000e+02 8.510093867187501319e-04
1.690000000000000000e+02 8.851029710937497082e-04
1.700000000000000000e+02 9.224113421874997323e-04
1.710000000000000000e+02 9.628394812499999761e-04
1.720000000000000000e+02 1.006274947656249840e-03
1.730000000000000000e+02 1.052577178125000497e-03
1.740000000000000000e+02 1.101578638281249878e-03
1.750000000000000000e+02 1.153088214062499527e-03
1.760000000000000000e+02 1.206904787500000069e-03
1.770000000000000000e+02 1.262788567968750088e-03
1.780000000000000000e+02 1.320497601562499804e-03
1.790000000000000000e+02 1.379761140624999674e-03
1.800000000000000000e+02 1.440300343750000080e-03
1.810000000000000000e+02 1.501828023437500178e-03
1.820000000000000000e+02 1.564028796875000307e-03
1.830000000000000000e+02 1.626600421874999525e-03
1.840000000000000000e+02 1.689226828125000267e-03
1.850000000000000000e+02 1.751581273437500174e-03
1.860000000000000000e+02 1.813348539062499716e-03
1.870000000000000000e+02 1.874204976562500978e-03
1.880000000000000000e+02 1.933850781249999784e-03
1.890000000000000000e+02 1.991965523437499129e-03
1.900000000000000000e+02 2.048266554687499900e-03
1.910000000000000000e+02 2.102462304687499443e-03
1.920000000000000000e+02 2.154272609375000157e-03
1.930000000000000000e+02 2.203468773437499469e-03
1.940000000000000000e+02 2.249804351562500245e-03
1.950000000000000000e+02 2.293067656249999416e-03
1.960000000000000000e+02 2.333068906250001032e-03
1.970000000000000000e+02 2.369636171874999961e-03
1.980000000000000000e+02 2.402632187499999499e-03
1.990000000000000000e+02 2.431926929687499780e-03
2.000000000000000000e+02 2.457432367187500737e-03
2.010000000000000000e+02 2.479077203124999997e-03
2.020000000000000000e+02 2.496820984374998904e-03
2.030000000000000000e+02 2.510635585937499251e-03
2.040000000000000000e+02 2.520525617187499914e-03
2.050000000000000000e+02 2.526526765625000757e-03
2.060000000000000000e+02 2.528675828124998890e-03
2.070000000000000000e+02 2.527057054687499842e-03
2.080000000000000000e+02 2.521753625000000814e-03
2.090000000000000000e+02 2.512881179687501652e-03
2.100000000000000000e+02 2.500557179687499729e-03
2.110000000000000000e+02 2.484938343749998856e-03
2.120000000000000000e+02 2.466178140625001087e-03
2.130000000000000000e+02 2.444442937500000169e-03
2.140000000000000000e+02 2.419926478906250789e-03
2.150000000000000000e+02 2.392815007031250107e-03
2.160000000000000000e+02 2.363319227343749739e-03
2.170000000000000000e+02 2.331655955468749444e-03
2.180000000000000000e+02 2.298042745312500659e-03
2.190000000000000000e+02 2.262708687499999632e-03
2.200000000000000000e+02 2.225876432812499712e-03
2.210000000000000000e+02 2.187787455468750454e-03
2.220000000000000000e+02 2.148679186718749530e-03
2.230000000000000000e+02 2.108789739843749868e-03
2.240000000000000000e+02 2.068353771875000753e-03
2.250000000000000000e+02 2.027599107031250337e-03
2.260000000000000000e+02 1.986781162500000832e-03
2.270000000000000000e+02 1.946101869531250165e-03
2.280000000000000000e+02 1.905802629687499902e-03
2.290000000000000000e+02 1.866100117187499815e-03
2.300000000000000000e+02 1.827202179687499898e-03
2.310000000000000000e+02 1.789316257812500078e-03
2.320000000000000000e+02 1.752649804687500448e-03
2.330000000000000000e+02 1.717379195312499895e-03
2.340000000000000000e+02 1.683707187500000767e-03
2.350000000000000000e+02 1.651806226562500335e-03
2.360000000000000000e+02 1.621859242187499456e-03
2.370000000000000000e+02 1.594048679687500546e-03
2.380000000000000000e+02 1.568546843750000079e-03
2.390000000000000000e+02 1.545537531249999543e-03
2.400000000000000000e+02 1.525205054687500152e-03
2.410000000000000000e+02 1.507744453124999426e-03
2.420000000000000000e+02 1.493360843749999773e-03
2.430000000000000000e+02 1.482273789062499682e-03
2.440000000000000000e+02 1.474717764062500073e-03
2.450000000000000000e+02 1.470946478906250262e-03
2.460000000000000000e+02 1.471237171953125372e-03
2.470000000000000000e+02 1.475890358593749847e-03
2.480000000000000000e+02 1.485230984375000059e-03
2.490000000000000000e+02 1.499604429687499641e-03
2.500000000000000000e+02 1.519398429687499920e-03
2.510000000000000000e+02 1.545006757812500929e-03
2.520000000000000000e+02 1.576870921875000130e-03
2.530000000000000000e+02 1.615433421875000098e-03
2.540000000000000000e+02 1.661191484375000409e-03
2.550000000000000000e+02 1.714629851562500052e-03
2.560000000000000000e+02 1.776275164062500250e-03
2.570000000000000000e+02 1.846649312500000389e-03
2.580000000000000000e+02 1.926297843749999981e-03
2.590000000000000000e+02 2.015757709374999679e-03
2.600000000000000000e+02 2.115569849218749011e-03
2.610000000000000000e+02 2.226269918749999594e-03
2.620000000000000000e+02 2.348369679687500183e-03
2.630000000000000000e+02 2.482366804687500834e-03
2.640000000000000000e+02 2.628725614921875731e-03
2.650000000000000000e+02 2.787881992187499994e-03
2.660000000000000000e+02 2.960205304687500965e-03
2.670000000000000000e+02 3.146032632812499012e-03
2.680000000000000000e+02 3.345633750000001974e-03
2.690000000000000000e+02 3.559193281250000711e-03
2.700000000000000000e+02 3.786850781250000481e-03
2.710000000000000000e+02 4.028602187500000820e-03
2.720000000000000000e+02 4.284422656249999191e-03
2.730000000000000000e+02 4.554135703125000018e-03
2.740000000000000000e+02 4.837457242187497355e-03
2.750000000000000000e+02 5.133997679687497644e-03
2.760000000000000000e+02 5.443251554687500438e-03
2.770000000000000000e+02 5.764611492187503641e-03
2.780000000000000000e+02 6.097276007812499343e-03
2.790000000000000000e+02 6.440382789062498205e-03
2.800000000000000000e+02 6.792908837031253616e-03
2.810000000000000000e+02 7.153683111718748926e-03
2.820000000000000000e+02 7.521521242187499852e-03
2.830000000000000000e+02 7.894976382812496710e-03
2.840000000000000000e+02 8.272573804687502474e-03
2.850000000000000000e+02 8.652720781249999618e-03
2.860000000000000000e+02 9.033698437499997763e-03
2.870000000000000000e+02 9.413816953124997527e-03
2.880000000000000000e+02 9.791213671874996610e-03
2.890000000000000000e+02 1.016407054687499222e-02
2.900000000000000000e+02 1.053044445312500098e-02
2.910000000000000000e+02 1.088848289062500398e-02
2.920000000000000000e+02 1.123632648437499805e-02
2.930000000000000000e+02 1.157209812499999414e-02
2.940000000000000000e+02 1.189400210937500285e-02
2.950000000000000000e+02 1.220032851562499916e-02
2.960000000000000000e+02 1.248948578125000201e-02
2.970000000000000000e+02 1.275998023437500441e-02
2.980000000000000000e+02 1.301040015625000087e-02
2.990000000000000000e+02 1.323959140625000259e-02
3.000000000000000000e+02 1.344646484374999694e-02
3.010000000000000000e+02 1.363013460937500219e-02
3.020000000000000000e+02 1.378993468749999292e-02
3.030000000000000000e+02 1.392536843749999677e-02
3.040000000000000000e+02 1.403610976562501104e-02
3.050000000000000000e+02 1.412211820312499026e-02
3.060000000000000000e+02 1.418340710937500242e-02
3.070000000000000000e+02 1.422025406250000158e-02
3.080000000000000000e+02 1.423322767968750180e-02
3.090000000000000000e+02 1.422295238046874556e-02
3.100000000000000000e+02 1.419016483593750141e-02
3.110000000000000000e+02 1.413598992968749350e-02
3.120000000000000000e+02 1.406146999999999779e-02
3.130000000000000000e+02 1.396776801562500149e-02
3.140000000000000000e+02 1.385642500000000034e-02
3.150000000000000000e+02 1.372878792968749984e-02
3.160000000000000000e+02 1.358644392187499661e-02
3.170000000000000000e+02 1.343101669531251117e-02
3.180000000000000000e+02 1.326413710937499567e-02
3.190000000000000000e+02 1.308754296874999577e-02
3.200000000000000000e+02 1.290305031249999734e-02
3.210000000000000000e+02 1.271238859375000731e-02
3.220000000000000000e+02 1.251730578124999292e-02
3.230000000000000000e+02 1.231965304687500373e-02
3.240000000000000000e+02 1.212132171875001177e-02
3.250000000000000000e+02 1.192394335937499959e-02
3.260000000000000000e+02 1.172952671874999929e-02
3.270000000000000000e+02 1.153986601562499541e-02
3.280000000000000000e+02 1.135678953125000661e-02
3.290000000000000000e+02 1.118218453124999838e-02
3.300000000000000000e+02 1.101787781250000708e-02
3.310000000000000000e+02 1.086583620312499797e-02
3.320000000000000000e+02 1.072794950390625404e-02
3.330000000000000000e+02 1.060617050781249848e-02
3.340000000000000000e+02 1.050251434999999699e-02
3.350000000000000000e+02 1.041887630468749798e-02
3.360000000000000000e+02 1.035743039062500016e-02
3.370000000000000000e+02 1.032008164062499928e-02
3.380000000000000000e+02 1.030900117187499680e-02
3.390000000000000000e+02 1.032618695312499668e-02
3.400000000000000000e+02 1.037371718750000095e-02
3.410000000000000000e+02 1.045362890624999819e-02
3.420000000000000000e+02 1.056795078125000696e-02
3.430000000000000000e+02 1.071865156249999888e-02
3.440000000000000000e+02 1.090751093750000171e-02
3.450000000000000000e+02 1.113632656249999991e-02
3.460000000000000000e+02 1.140675312499999858e-02
3.470000000000000000e+02 1.172017734374999551e-02
3.480000000000000000e+02 1.207781250000000348e-02
3.490000000000000000e+02 1.248074140624999551e-02
3.500000000000000000e+02 1.292959843750000025e-02
3.510000000000000000e+02 1.342484140625000051e-02
3.520000000000000000e+02 1.396666328124999620e-02
3.530000000000000000e+02 1.455470781249999443e-02
3.540000000000000000e+02 1.518826718749999999e-02
3.550000000000000000e+02 1.586650703125000103e-02
3.560000000000000000e+02 1.658775390624999888e-02
3.570000000000000000e+02 1.735026093750000400e-02
3.580000000000000000e+02 1.815159210937499976e-02
3.590000000000000000e+02 1.898902250000000791e-02
3.600000000000000000e+02 1.985927789062499546e-02
3.610000000000000000e+02 2.075874932031250217e-02
3.620000000000000000e+02 2.168335002343748513e-02
3.630000000000000000e+02 2.262854937499998026e-02
3.640000000000000000e+02 2.358953640625000361e-02
3.650000000000000000e+02 2.456120390625000580e-02
3.660000000000000000e+02 2.553808515625000108e-02
3.670000000000000000e+02 2.651436874999999610e-02
3.680000000000000000e+02 2.748429531250000390e-02
3.690000000000000000e+02 2.844182109374999989e-02
3.700000000000000000e+02 2.938096875000001731e-02
3.710000000000000000e+02 3.029559296875001390e-02
3.720000000000000000e+02 3.117980781250000166e-02
3.730000000000000000e+02 3.202769531249997914e-02
3.740000000000000000e+02 3.283365000000000589e-02
3.750000000000000000e+02 3.359236562500001605e-02
3.760000000000000000e+02 3.429877968749997508e-02
3.770000000000000000e+02 3.494831171874997894e-02
3.780000000000000000e+02 3.553682890625001201e-02
3.790000000000000000e+02 3.606070781249999524e-02
3.800000000000000000e+02 3.651677812500001702e-02
3.810000000000000000e+02 3.690276875000000900e-02
3.820000000000000000e+02 3.721667968749999000e-02
3.830000000000000000e+02 3.745747421874996708e-02
3.840000000000000000e+02 3.762454609374998871e-02
3.850000000000000000e+02 3.771824531249998863e-02
3.860000000000000000e+02 3.773935156249998146e-02
3.870000000000000000e+02 3.768936484374998258e-02
3.880000000000000000e+02 3.757056640624999860e-02
3.890000000000000000e+02 3.738571250000000123e-02
3.900000000000000000e+02 3.713833828125000930e-02
3.910000000000000000e+02 3.683231171875003818e-02
3.920000000000000000e+02 3.647234453124997139e-02
3.930000000000000000e+02 3.606359843749996213e-02
3.940000000000000000e+02 3.561156484375000569e-02
3.950000000000000000e+02 3.512235781250001160e-02
3.960000000000000000e+02 3.460231484374999555e-02
3.970000000000000000e+02 3.405827031250000664e-02
3.980000000000000000e+02 3.349716328124998505e-02
3.990000000000000000e+02 3.292612187499999871e-02
4.000000000000000000e+02 3.235241328124998511e-02
4.010000000000000000e+02 3.178328593750000958e-02
4.020000000000000000e+02 3.122584296875000748e-02
4.030000000000000000e+02 3.068709531249999220e-02
4.040000000000000000e+02 3.017376640625001397e-02
4.050000000000000000e+02 2.969214374999999337e-02
4.060000000000000000e+02 2.924818046875002006e-02
4.070000000000000000e+02 2.884716562500000761e-02
4.080000000000000000e+02 2.849407109375000358e-02
4.090000000000000000e+02 2.819282812499998569e-02
4.100000000000000000e+02 2.794683593749999750e-02
4.110000000000000000e+02 2.775880390625000069e-02
4.120000000000000000e+02 2.763032421875000200e-02
4.130000000000000000e+02 2.756240703125000663e-02
4.140000000000000000e+02 2.755486953124997723e-02
4.150000000000000000e+02 2.760693984375000784e-02
4.160000000000000000e+02 2.771650390624999516e-02
4.170000000000000000e+02 2.788087343750000890e-02
4.180000000000000000e+02 2.809626718750000279e-02
4.190000000000000000e+02 2.835797734375000712e-02
4.200000000000000000e+02 2.866058671875000921e-02
4.210000000000000000e+02 2.899781484375000065e-02
4.220000000000000000e+02 2.936286328124999498e-02
4.230000000000000000e+02 2.974803203125001363e-02
4.240000000000000000e+02 3.014547968749999030e-02
4.250000000000000000e+02 3.054680234375000900e-02
4.260000000000000000e+02 3.094348593749998017e-02
4.270000000000000000e+02 3.132699609374998972e-02
4.280000000000000000e+02 3.168889687500001107e-02
4.290000000000000000e+02 3.202093125000000928e-02
4.300000000000000000e+02 3.231546171875001455e-02
4.310000000000000000e+02 3.256532812500000790e-02
4.320000000000000000e+02 3.276425000000001558e-02
4.330000000000000000e+02 3.290663203125000769e-02
4.340000000000000000e+02 3.298808046874999317e-02
4.350000000000000000e+02 3.300507265624999520e-02
4.360000000000000000e+02 3.295532968749999292e-02
4.370000000000000000e+02 3.283762031250000990e-02
4.380000000000000000e+02 3.265186718750000272e-02
4.390000000000000000e+02 3.239913046875000230e-02
4.400000000000000000e+02 3.208131093749999607e-02
4.410000000000000000e+02 3.170142734374999105e-02
4.420000000000000000e+02 3.126335312499999020e-02
4.430000000000000000e+02 3.077156328125000423e-02
4.440000000000000000e+02 3.023123828125000301e-02
4.450000000000000000e+02 2.964807734374998865e-02
4.460000000000000000e+02 2.902824062499998956e-02
4.470000000000000000e+02 2.837808906249999000e-02
4.480000000000000000e+02 2.770414140624998661e-02
4.490000000000000000e+02 2.701306406250000500e-02
4.500000000000000000e+02 2.631139062499998973e-02
4.510000000000000000e+02 2.560528515625001486e-02
4.520000000000000000e+02 2.490098515625000647e-02
4.530000000000000000e+02 2.420396406250000312e-02
4.540000000000000000e+02 2.351921796875001622e-02
4.550000000000000000e+02 2.285129296874998522e-02
4.560000000000000000e+02 2.220390781249999626e-02
4.570000000000000000e+02 2.158003515624999646e-02
4.580000000000000000e+02 2.098182031250001370e-02
4.590000000000000000e+02 2.041055234375001304e-02
4.600000000000000000e+02 1.986665312500001182e-02
4.610000000000000000e+02 1.934967578124999546e-02
4.620000000000000000e+02 1.885814531249998399e-02
4.630000000000000000e+02 1.839002578124999607e-02
4.640000000000000000e+02 1.794234140624997864e-02
4.650000000000000000e+02 1.751156093750000364e-02
4.660000000000000000e+02 1.709360234374999316e-02
4.670000000000000000e+02 1.668423437500000592e-02
4.680000000000000000e+02 1.627892109375000257e-02
4.690000000000000000e+02 1.587349609374999471e-02
4.700000000000000000e+02 1.546396875000000115e-02
4.710000000000000000e+02 1.504700624999999979e-02
4.720000000000000000e+02 1.462016093750000134e-02
4.730000000000000000e+02 1.418199921875000144e-02
4.740000000000000000e+02 1.373210234375000019e-02
4.750000000000000000e+02 1.327138828125000100e-02
4.760000000000000000e+02 1.280195546875000263e-02
4.770000000000000000e+02 1.232712109374999553e-02
4.780000000000000000e+02 1.185127968750000413e-02
4.790000000000000000e+02 1.137982734374999756e-02
4.800000000000000000e+02 1.091862343750000033e-02
4.810000000000000000e+02 1.047399765624999757e-02
4.820000000000000000e+02 1.005235859374999964e-02
4.830000000000000000e+02 9.659630468749997798e-03
4.840000000000000000e+02 9.301282187500002629e-03
4.850000000000000000e+02 8.981477343750000550e-03
4.860000000000000000e+02 8.703109374999998607e-03
4.870000000000000000e+02 8.467347265624997760e-03
4.880000000000000000e+02 8.273422656249996079e-03
4.890000000000000000e+02 8.118576171875000955e-03
4.900000000000000000e+02 7.998001562500000813e-03
4.910000000000000000e+02 7.905055859374999355e-03
4.920000000000000000e+02 7.831436640624998141e-03
4.930000000000000000e+02 7.767786484375000661e-03
4.940000000000000000e+02 7.704237968749998687e-03
4.950000000000000000e+02 7.631213906249999929e-03
4.960000000000000000e+02 7.540197812500004128e-03
4.970000000000000000e+02 7.424614765624999550e-03
4.980000000000000000e+02 7.280370390625003248e-03
4.990000000000000000e+02 7.106421718749997805e-03
5.000000000000000000e+02 6.904579531249999819e-03
5.010000000000000000e+02 6.678956250000001385e-03
5.020000000000000000e+02 6.434807343750001407e-03
5.030000000000000000e+02 6.176908906249994370e-03
5.040000000000000000e+02 5.907622109375001637e-03
5.050000000000000000e+02 5.625836171875000721e-03
5.060000000000000000e+02 5.328271796874999890e-03
5.070000000000000000e+02 5.015523515624998457e-03
5.080000000000000000e+02 4.707936328124999632e-03
5.090000000000000000e+02 4.478289140625001108e-03
5.100000000000000000e+02 4.513200937500001439e-03
5.110000000000000000e+02 5.221109960937503867e-03
