0.000000000000000000e+00 1.390424935937499941e-03
1.000000000000000000e+00 1.385530673437499393e-03
2.000000000000000000e+00 1.375794404687500803e-03
3.000000000000000000e+00 1.361275911718749657e-03
4.000000000000000000e+00 1.342108366406249151e-03
5.000000000000000000e+00 1.318447710937500211e-03
6.000000000000000000e+00 1.290479785937499301e-03
7.000000000000000000e+00 1.258436382812500596e-03
8.000000000000000000e+00 1.222572700000000567e-03
9.000000000000000000e+00 1.183186767968750358e-03
1.000000000000000000e+01 1.140591250781249543e-03
1.100000000000000000e+01 1.095130140625000074e-03
1.200000000000000000e+01 1.047165810156249453e-03
1.300000000000000000e+01 9.970876679687502072e-04
1.400000000000000000e+01 9.452910179687496568e-04
1.500000000000000000e+01 8.921746335937499753e-04
1.600000000000000000e+01 8.381813851562503349e-04
1.700000000000000000e+01 7.837194023437501090e-04
1.800000000000000000e+01 7.292153242187496840e-04
1.900000000000000000e+01 6.750969523437500052e-04
2.000000000000000000e+01 6.217714156250002573e-04
2.100000000000000000e+01 5.696597914062499161e-04
2.200000000000000000e+01 5.191480179687501693e-04
2.300000000000000000e+01 4.706217937500001953e-04
2.400000000000000000e+01 4.244390546875000591e-04
2.500000000000000000e+01 3.809424543749999727e-04
2.600000000000000000e+01 3.404483442968750037e-04
2.700000000000000000e+01 3.032487758593750042e-04
2.800000000000000000e+01 2.696051213281248655e-04
2.900000000000000000e+01 2.397525874999999879e-04
3.000000000000000000e+01 2.138917290624999488e-04
3.100000000000000000e+01 1.921935709375000034e-04
3.200000000000000000e+01 1.747927545312500102e-04
3.300000000000000000e+01 1.617926914062500006e-04
3.400000000000000000e+01 1.532603250000000360e-04
3.500000000000000000e+01 1.492298359374999569e-04
3.600000000000000000e+01 1.496992031250000737e-04
3.700000000000000000e+01 1.546344140624999824e-04
3.800000000000000000e+01 1.639662031249999831e-04
3.900000000000000000e+01 1.775959609375000461e-04
4.000000000000000000e+01 1.953919843749999969e-04
4.100000000000000000e+01 2.171938750000000737e-04
4.200000000000000000e+01 2.428143515624998927e-04
4.300000000000000000e+01 2.720387187500001094e-04
4.400000000000000000e+01 3.046289218750000954e-04
4.500000000000000000e+01 3.403256406250000882e-04
4.600000000000000000e+01 3.788505624999999408e-04
4.700000000000000000e+01 4.199070781249998672e-04
4.800000000000000000e+01 4.631852023437500092e-04
4.900000000000000000e+01 5.083625554687500395e-04
5.000000000000000000e+01 5.551109226562501650e-04
5.100000000000000000e+01 6.030890171874998080e-04
5.200000000000000000e+01 6.519566593906251945e-04
5.300000000000000000e+01 7.013738421875001126e-04
5.400000000000000000e+01 7.509989820312503806e-04
5.500000000000000000e+01 8.004975390625000990e-04
5.600000000000000000e+01 8.495393828124992146e-04
5.700000000000000000e+01 8.978043046875000413e-04
5.800000000000000000e+01 9.449854218750002857e-04
5.900000000000000000e+01 9.907869531250001593e-04
6.000000000000000000e+01 1.034931406250000005e-03
6.100000000000000000e+01 1.077168359374999470e-03
6.200000000000000000e+01 1.117242812500000718e-03
6.300000000000000000e+01 1.154947656250000006e-03
6.400000000000000000e+01 1.190079375000000156e-03
6.500000000000000000e+01 1.222470234374999683e-03
6.600000000000000000e+01 1.251978515625000324e-03
6.700000000000000000e+01 1.278471796875000005e-03
6.800000000000000000e+01 1.301861328125000338e-03
6.900000000000000000e+01 1.322089609375000363e-03
7.000000000000000000e+01 1.339101328125000137e-03
7.100000000000000000e+01 1.352886453125000388e-03
7.200000000000000000e+01 1.363453851562498832e-03
7.300000000000000000e+01 1.370843671874999491e-03
7.400000000000000000e+01 1.375127187499998894e-03
7.500000000000000000e+01 1.376371781249999520e-03
7.600000000000000000e+01 1.374706742187499888e-03
7.700000000000000000e+01 1.370253023437499650e-03
7.800000000000000000e+01 1.363161749999999709e-03
7.900000000000000000e+01 1.353605789062498630e-03
8.000000000000000000e+01 1.341769226562499915e-03
8.100000000000000000e+01 1.327852624999999913e-03
8.200000000000000000e+01 1.312067718749999933e-03
8.300000000000000000e+01 1.294639195312499670e-03
8.400000000000000000e+01 1.275802734374999756e-03
8.500000000000000000e+01 1.255795890625000270e-03
8.600000000000000000e+01 1.234855179687500753e-03
8.700000000000000000e+01 1.213225648437499943e-03
8.800000000000000000e+01 1.191158804687500548e-03
8.900000000000000000e+01 1.168889257812500294e-03
9.000000000000000000e+01 1.146647031250000188e-03
9.100000000000000000e+01 1.124658984374999650e-03
9.200000000000000000e+01 1.103148593749999880e-03
9.300000000000000000e+01 1.082328750000000495e-03
9.400000000000000000e+01 1.062388203125000374e-03
9.500000000000000000e+01 1.043501640624999944e-03
9.600000000000000000e+01 1.025831187499999519e-03
9.700000000000000000e+01 1.009534999999999773e-03
9.800000000000000000e+01 9.947284374999993978e-04
9.900000000000000000e+01 9.815242187499997797e-04
1.000000000000000000e+02 9.700062500000002303e-04
1.010000000000000000e+02 9.602414843750002029e-04
1.020000000000000000e+02 9.522737500000003725e-04
1.030000000000000000e+02 9.461210156250004968e-04
1.040000000000000000e+02 9.417927343750001536e-04
1.050000000000000000e+02 9.392621875000000710e-04
1.060000000000000000e+02 9.384845312500003254e-04
1.070000000000000000e+02 9.393992968749996769e-04
1.080000000000000000e+02 9.419245312499998453e-04
1.090000000000000000e+02 9.459574999999997196e-04
1.100000000000000000e+02 9.513786718749994405e-04
1.110000000000000000e+02 9.580573437499998249e-04
1.120000000000000000e+02 9.658396875000000922e-04
1.130000000000000000e+02 9.745710937499994396e-04
1.140000000000000000e+02 9.840702343749999602e-04
1.150000000000000000e+02 9.941554687500002256e-04
1.160000000000000000e+02 1.004647500000000609e-03
1.170000000000000000e+02 1.015341796874999914e-03
1.180000000000000000e+02 1.026048046874999649e-03
1.190000000000000000e+02 1.036568906250000038e-03
1.200000000000000000e+02 1.046707968750000160e-03
1.210000000000000000e+02 1.056267812499999846e-03
1.220000000000000000e+02 1.065075312499999581e-03
1.230000000000000000e+02 1.072941406249999568e-03
1.240000000000000000e+02 1.079710546875000581e-03
1.250000000000000000e+02 1.085219843749999670e-03
1.260000000000000000e+02 1.089335468750000273e-03
1.270000000000000000e+02 1.091934531250000288e-03
1.280000000000000000e+02 1.092904609374999907e-03
1.290000000000000000e+02 1.092161640624999576e-03
1.300000000000000000e+02 1.089642109374999767e-03
1.310000000000000000e+02 1.085302187500000346e-03
1.320000000000000000e+02 1.079117578125000226e-03
1.330000000000000000e+02 1.071088984375000120e-03
1.340000000000000000e+02 1.061235546874999495e-03
1.350000000000000000e+02 1.049612812500000120e-03
1.360000000000000000e+02 1.036291171875000508e-03
1.370000000000000000e+02 1.021365156250000341e-03
1.380000000000000000e+02 1.004948781249999671e-03
1.390000000000000000e+02 9.871901562499999037e-04
1.400000000000000000e+02 9.682505859374999435e-04
1.410000000000000000e+02 9.483088437500003434e-04
1.420000000000000000e+02 9.275603750000000359e-04
1.430000000000000000e+02 9.062298671874996926e-04
1.440000000000000000e+02 8.845510468750001059e-04
1.450000000000000000e+02 8.627671718749998706e-04
1.460000000000000000e+02 8.411381328124998853e-04
1.470000000000000000e+02 8.199246671874999958e-04
1.480000000000000000e+02 7.994070390624998966e-04
1.490000000000000000e+02 7.798537304687498889e-04
1.500000000000000000e+02 7.615507776562498859e-04
1.510000000000000000e+02 7.447707041406249982e-04
1.520000000000000000e+02 7.297914609374998992e-04
1.530000000000000000e+02 7.168729953124998618e-04
1.540000000000000000e+02 7.062770046874996838e-04
1.550000000000000000e+02 6.982551968750000827e-04
1.560000000000000000e+02 6.930296804687498778e-04
1.570000000000000000e+02 6.908252031250000560e-04
1.580000000000000000e+02 6.918372359375000568e-04
1.590000000000000000e+02 6.962391390624999860e-04
1.600000000000000000e+02 7.041910265625000911e-04
1.610000000000000000e+02 7.158192414062499419e-04
1.620000000000000000e+02 7.312299148437497072e-04
1.630000000000000000e+02 7.505026484374999890e-04
1.640000000000000000e+02 7.736780804687502355e-04
1.650000000000000000e+02 8.007901546875002309e-04
1.660000000000000000e+02 8.318138570312500445e-04
1.670000000000000000e+02 8.667284515624998353e-04
1.680000000000000000e+02 9.054498437500000003e-04
1.690000000000000000e+02 9.478834906249998873e-04
1.700000000000000000e+02 9.939055796875000473e-04
1.710000000000000000e+02 1.043357800781249869e-03
1.720000000000000000e+02 1.096051257812500094e-03
1.730000000000000000e+02 1.151788591406250088e-03
1.740000000000000000e+02 1.210322153906250161e-03
1.750000000000000000e+02 1.271402943750000059e-03
1.760000000000000000e+02 1.334749287499999593e-03
1.770000000000000000e+02 1.400053906250000018e-03
1.780000000000000000e+02 1.467013315624999528e-03
1.790000000000000000e+02 1.535287232031250313e-03
1.800000000000000000e+02 1.604547346875000082e-03
1.810000000000000000e+02 1.674423782031249841e-03
1.820000000000000000e+02 1.744567343749999855e-03
1.830000000000000000e+02 1.814614032812499663e-03
1.840000000000000000e+02 1.884200539062499654e-03
1.850000000000000000e+02 1.952970796875000284e-03
1.860000000000000000e+02 2.020559062499999864e-03
1.870000000000000000e+02 2.086621335937499915e-03
1.880000000000000000e+02 2.150827765624999718e-03
1.890000000000000000e+02 2.212843234374999805e-03
1.900000000000000000e+02 2.272369257812501160e-03
1.910000000000000000e+02 2.329120023437499833e-03
1.920000000000000000e+02 2.382813828125000116e-03
1.930000000000000000e+02 2.433225156250000149e-03
1.940000000000000000e+02 2.480123656249999965e-03
1.950000000000000000e+02 2.523319710937499405e-03
1.960000000000000000e+02 2.562652749999999938e-03
1.970000000000000000e+02 2.597981898437499819e-03
1.980000000000000000e+02 2.629206109374999760e-03
1.990000000000000000e+02 2.656243500000001010e-03
2.000000000000000000e+02 2.679048281249999698e-03
2.010000000000000000e+02 2.697595109374999623e-03
2.020000000000000000e+02 2.711902789062499777e-03
2.030000000000000000e+02 2.721999437500000323e-03
2.040000000000000000e+02 2.727943593750000589e-03
2.050000000000000000e+02 2.729831921874999786e-03
2.060000000000000000e+02 2.727755210937501083e-03
2.070000000000000000e+02 2.721840437499999880e-03
2.080000000000000000e+02 2.712252085937499370e-03
2.090000000000000000e+02 2.699137359374999701e-03
2.100000000000000000e+02 2.682669531249999659e-03
2.110000000000000000e+02 2.663050554687499197e-03
2.120000000000000000e+02 2.640469299218750360e-03
2.130000000000000000e+02 2.615148781250000321e-03
2.140000000000000000e+02 2.587296066406250504e-03
2.150000000000000000e+02 2.557138485000000697e-03
2.160000000000000000e+02 2.524897696953124892e-03
2.170000000000000000e+02 2.490814024921874942e-03
2.180000000000000000e+02 2.455126424296875595e-03
2.190000000000000000e+02 2.418058970312499459e-03
2.200000000000000000e+02 2.379845168749999008e-03
2.210000000000000000e+02 2.340726542968749827e-03
2.220000000000000000e+02 2.300926022656251020e-03
2.230000000000000000e+02 2.260677951562499368e-03
2.240000000000000000e+02 2.220205429687499826e-03
2.250000000000000000e+02 2.179720218749999893e-03
2.260000000000000000e+02 2.139442218750000398e-03
2.270000000000000000e+02 2.099575695312500077e-03
2.280000000000000000e+02 2.060321851562500577e-03
2.290000000000000000e+02 2.021863523437499553e-03
2.300000000000000000e+02 1.984393664062499962e-03
2.310000000000000000e+02 1.948077015624999873e-03
2.320000000000000000e+02 1.913089812500001069e-03
2.330000000000000000e+02 1.879587523437500213e-03
2.340000000000000000e+02 1.847725249999999800e-03
2.350000000000000000e+02 1.817659351562499713e-03
2.360000000000000000e+02 1.789529656249999427e-03
2.370000000000000000e+02 1.763482695312499227e-03
2.380000000000000000e+02 1.739664624999999378e-03
2.390000000000000000e+02 1.718227023437499243e-03
2.400000000000000000e+02 1.699314859375000144e-03
2.410000000000000000e+02 1.683100695312500375e-03
2.420000000000000000e+02 1.669748882812499948e-03
2.430000000000000000e+02 1.659446507812500568e-03
2.440000000000000000e+02 1.652388280781249674e-03
2.450000000000000000e+02 1.648794431249999987e-03
2.460000000000000000e+02 1.648905700781250075e-03
2.470000000000000000e+02 1.652966609375000400e-03
2.480000000000000000e+02 1.661263714843749578e-03
2.490000000000000000e+02 1.674099331250000159e-03
2.500000000000000000e+02 1.691786940625000226e-03
2.510000000000000000e+02 1.714685890625000262e-03
2.520000000000000000e+02 1.743159382812500000e-03
2.530000000000000000e+02 1.777607570312500192e-03
2.540000000000000000e+02 1.818434578125000195e-03
2.550000000000000000e+02 1.866091968750000418e-03
2.560000000000000000e+02 1.921020773437500089e-03
2.570000000000000000e+02 1.983689351562499450e-03
2.580000000000000000e+02 2.054587716406250375e-03
2.590000000000000000e+02 2.134208262499999887e-03
2.600000000000000000e+02 2.223053765624999605e-03
2.610000000000000000e+02 2.321616609374999984e-03
2.620000000000000000e+02 2.430401804687499796e-03
2.630000000000000000e+02 2.549903710937501209e-03
2.640000000000000000e+02 2.680604804687498118e-03
2.650000000000000000e+02 2.822949195312500492e-03
2.660000000000000000e+02 2.977386484374999580e-03
2.670000000000000000e+02 3.144300617187499505e-03
2.680000000000000000e+02 3.324050429687499825e-03
2.690000000000000000e+02 3.516934296875000917e-03
2.700000000000000000e+02 3.723187578124999460e-03
2.710000000000000000e+02 3.942975312500001175e-03
2.720000000000000000e+02 4.176376796875000755e-03
2.730000000000000000e+02 4.423393984375001940e-03
2.740000000000000000e+02 4.683885625000001884e-03
2.750000000000000000e+02 4.957623828124999542e-03
2.760000000000000000e+02 5.244300781250000806e-03
2.770000000000000000e+02 5.543406765624999018e-03
2.780000000000000000e+02 5.854325898437498510e-03
2.790000000000000000e+02 6.176307109374997578e-03
2.800000000000000000e+02 6.508469085937497803e-03
2.810000000000000000e+02 6.849824351562502217e-03
2.820000000000000000e+02 7.199097947656251870e-03
2.830000000000000000e+02 7.555030987499998345e-03
2.840000000000000000e+02 7.916134679687500744e-03
2.850000000000000000e+02 8.280955617187500326e-03
2.860000000000000000e+02 8.647722421875003729e-03
2.870000000000000000e+02 9.014746874999996634e-03
2.880000000000000000e+02 9.380114140625001387e-03
2.890000000000000000e+02 9.741983281249996449e-03
2.900000000000000000e+02 1.009837820312500453e-02
2.910000000000000000e+02 1.044749437499999795e-02
2.920000000000000000e+02 1.078726085937499815e-02
2.930000000000000000e+02 1.111585976562499793e-02
2.940000000000000000e+02 1.143146054687500628e-02
2.950000000000000000e+02 1.173229703125000349e-02
2.960000000000000000e+02 1.201677296875000231e-02
2.970000000000000000e+02 1.228330109374998862e-02
2.980000000000000000e+02 1.253058101562499679e-02
2.990000000000000000e+02 1.275744750000000136e-02
3.000000000000000000e+02 1.296285703124999689e-02
3.010000000000000000e+02 1.314606898437499331e-02
3.020000000000000000e+02 1.330628359375000437e-02
3.030000000000000000e+02 1.344324453125000061e-02
3.040000000000000000e+02 1.355671953125000412e-02
3.050000000000000000e+02 1.364666382812499551e-02
3.060000000000000000e+02 1.371332710937499949e-02
3.070000000000000000e+02 1.375713273437500009e-02
3.080000000000000000e+02 1.377858421875000072e-02
3.090000000000000000e+02 1.377842640624999532e-02
3.100000000000000000e+02 1.375759569531250122e-02
3.110000000000000000e+02 1.371722301562499670e-02
3.120000000000000000e+02 1.365827359921875130e-02
3.130000000000000000e+02 1.358218544531250745e-02
3.140000000000000000e+02 1.349025216406249741e-02
3.150000000000000000e+02 1.338387234374999180e-02
3.160000000000000000e+02 1.326458171874998933e-02
3.170000000000000000e+02 1.313386069531249402e-02
3.180000000000000000e+02 1.299325634375000579e-02
3.190000000000000000e+02 1.284436511718750097e-02
3.200000000000000000e+02 1.268870919531249822e-02
3.210000000000000000e+02 1.252784375000000512e-02
3.220000000000000000e+02 1.236341499999999913e-02
3.230000000000000000e+02 1.219683874999999765e-02
3.240000000000000000e+02 1.202989648437500017e-02
3.250000000000000000e+02 1.186393179687500118e-02
3.260000000000000000e+02 1.170067679687500362e-02
3.270000000000000000e+02 1.154164539062500078e-02
3.280000000000000000e+02 1.138848414062499682e-02
3.290000000000000000e+02 1.124277804687500749e-02
3.300000000000000000e+02 1.110622890624999443e-02
3.310000000000000000e+02 1.098061765624999686e-02
3.320000000000000000e+02 1.086758089062500252e-02
3.330000000000000000e+02 1.076903953906249538e-02
3.340000000000000000e+02 1.068684630312499544e-02
3.350000000000000000e+02 1.062291761718749984e-02
3.360000000000000000e+02 1.057926414062499570e-02
3.370000000000000000e+02 1.055800453125000163e-02
3.380000000000000000e+02 1.056110984375000297e-02
3.390000000000000000e+02 1.059070062499999597e-02
3.400000000000000000e+02 1.064903445312500446e-02
3.410000000000000000e+02 1.073817632812501012e-02
3.420000000000000000e+02 1.086029765624999845e-02
3.430000000000000000e+02 1.101737734375000423e-02
3.440000000000000000e+02 1.121147968749999779e-02
3.450000000000000000e+02 1.144449687500000319e-02
3.460000000000000000e+02 1.171809296874999802e-02
3.470000000000000000e+02 1.203381953125000174e-02
3.480000000000000000e+02 1.239302968749999949e-02
3.490000000000000000e+02 1.279674375000000239e-02
3.500000000000000000e+02 1.324570234374999531e-02
3.510000000000000000e+02 1.374043906250000703e-02
3.520000000000000000e+02 1.428084453125000319e-02
3.530000000000000000e+02 1.486678984375000220e-02
3.540000000000000000e+02 1.549741406250000619e-02
3.550000000000000000e+02 1.617159218750000363e-02
3.560000000000000000e+02 1.688768593750000421e-02
3.570000000000000000e+02 1.764363437499999465e-02
3.580000000000000000e+02 1.843691015624999291e-02
3.590000000000000000e+02 1.926440898437500188e-02
3.600000000000000000e+02 2.012294726562501024e-02
3.610000000000000000e+02 2.100836335937500757e-02
3.620000000000000000e+02 2.191660106249998172e-02
3.630000000000000000e+02 2.284281882812499997e-02
3.640000000000000000e+02 2.378206992187499591e-02
3.650000000000000000e+02 2.472907867187499470e-02
3.660000000000000000e+02 2.567835234375000567e-02
3.670000000000000000e+02 2.662407031250000819e-02
3.680000000000000000e+02 2.756041406250000353e-02
3.690000000000000000e+02 2.848144531250000264e-02
3.700000000000000000e+02 2.938130468749999835e-02
3.710000000000000000e+02 3.025403515625000109e-02
3.720000000000000000e+02 3.109411640625001083e-02
3.730000000000000000e+02 3.189585390625000044e-02
3.740000000000000000e+02 3.265413828124999474e-02
3.750000000000000000e+02 3.336403515625001315e-02
3.760000000000000000e+02 3.402103671875000845e-02
3.770000000000000000e+02 3.462124218749998428e-02
3.780000000000000000e+02 3.516108046874999449e-02
3.790000000000000000e+02 3.563757031250001928e-02
3.800000000000000000e+02 3.604853593750000779e-02
3.810000000000000000e+02 3.639220781249997982e-02
3.820000000000000000e+02 3.666761171875002057e-02
3.830000000000000000e+02 3.687428828125000058e-02
3.840000000000000000e+02 3.701259296875000077e-02
3.850000000000000000e+02 3.708354453124999839e-02
3.860000000000000000e+02 3.708857656249999607e-02
3.870000000000000000e+02 3.703015859374998026e-02
3.880000000000000000e+02 3.691096640625002312e-02
3.890000000000000000e+02 3.673444218749998685e-02
3.900000000000000000e+02 3.650446171874999202e-02
3.910000000000000000e+02 3.622559453124998829e-02
3.920000000000000000e+02 3.590280859375000883e-02
3.930000000000000000e+02 3.554135078124998764e-02
3.940000000000000000e+02 3.514702578125000060e-02
3.950000000000000000e+02 3.472585859375001277e-02
3.960000000000000000e+02 3.428434843749996602e-02
3.970000000000000000e+02 3.382901406249998189e-02
3.980000000000000000e+02 3.336637031249997665e-02
3.990000000000000000e+02 3.290332109375001396e-02
4.000000000000000000e+02 3.244646015624999547e-02
4.010000000000000000e+02 3.200246328125000428e-02
4.020000000000000000e+02 3.157767812499999438e-02
4.030000000000000000e+02 3.117830468749999834e-02
4.040000000000000000e+02 3.081005312499998997e-02
4.050000000000000000e+02 3.047824296875000991e-02
4.060000000000000000e+02 3.018780703124998924e-02
4.070000000000000000e+02 2.994290859374998046e-02
4.080000000000000000e+02 2.974722812499997621e-02
4.090000000000000000e+02 2.960364140624999196e-02
4.100000000000000000e+02 2.951421484374999737e-02
4.110000000000000000e+02 2.948042421874999888e-02
4.120000000000000000e+02 2.950258515625000036e-02
4.130000000000000000e+02 2.958039218749999519e-02
4.140000000000000000e+02 2.971246796875000318e-02
4.150000000000000000e+02 2.989664609375000323e-02
4.160000000000000000e+02 3.012969062500000378e-02
4.170000000000000000e+02 3.040760624999999662e-02
4.180000000000000000e+02 3.072546718749998712e-02
4.190000000000000000e+02 3.107754375000001262e-02
4.200000000000000000e+02 3.145737031250001731e-02
4.210000000000000000e+02 3.185765156250001257e-02
4.220000000000000000e+02 3.227074140624999754e-02
4.230000000000000000e+02 3.268837265624999905e-02
4.240000000000000000e+02 3.310191875000000755e-02
4.250000000000000000e+02 3.350255078124998731e-02
4.260000000000000000e+02 3.388147890625000519e-02
4.270000000000000000e+02 3.422985156250002436e-02
4.280000000000000000e+02 3.453928281249999538e-02
4.290000000000000000e+02 3.480180078124999604e-02
4.300000000000000000e+02 3.500992578124998561e-02
4.310000000000000000e+02 3.515701796875000257e-02
4.320000000000000000e+02 3.523732968750001304e-02
4.330000000000000000e+02 3.524634140624998552e-02
4.340000000000000000e+02 3.518033906250002396e-02
4.350000000000000000e+02 3.503700234375000527e-02
4.360000000000000000e+02 3.481531562499998872e-02
4.370000000000000000e+02 3.451524921874999513e-02
4.380000000000000000e+02 3.413831406250000117e-02
4.390000000000000000e+02 3.368676718749998716e-02
4.400000000000000000e+02 3.316435078124999741e-02
4.410000000000000000e+02 3.257550000000000029e-02
4.420000000000000000e+02 3.192579531249998409e-02
4.430000000000000000e+02 3.122127656249999716e-02
4.440000000000000000e+02 3.046895156249999903e-02
4.450000000000000000e+02 2.967608359374999602e-02
4.460000000000000000e+02 2.885044453125000866e-02
4.470000000000000000e+02 2.800006328125001151e-02
4.480000000000000000e+02 2.713291718749999068e-02
4.490000000000000000e+02 2.625715546875000139e-02
4.500000000000000000e+02 2.538048828124999517e-02
4.510000000000000000e+02 2.451053203124999372e-02
4.520000000000000000e+02 2.365441250000001328e-02
4.530000000000000000e+02 2.281851484375000544e-02
4.540000000000000000e+02 2.200889843750000394e-02
4.550000000000000000e+02 2.123053906250000830e-02
4.560000000000000000e+02 2.048776171874999372e-02
4.570000000000000000e+02 1.978376640625000016e-02
4.580000000000000000e+02 1.912106875000000455e-02
4.590000000000000000e+02 1.850097890625001032e-02
4.600000000000000000e+02 1.792377343749999158e-02
4.610000000000000000e+02 1.738877500000000215e-02
4.620000000000000000e+02 1.689427343750000282e-02
4.630000000000000000e+02 1.643753671874999961e-02
4.640000000000000000e+02 1.601518906250000429e-02
4.650000000000000000e+02 1.562285937499999743e-02
4.660000000000000000e+02 1.525586328125000564e-02
4.670000000000000000e+02 1.490894687500000232e-02
4.680000000000000000e+02 1.457687656249999873e-02
4.690000000000000000e+02 1.425442890625000340e-02
4.700000000000000000e+02 1.393661796875000219e-02
4.710000000000000000e+02 1.361915000000000694e-02
4.720000000000000000e+02 1.329839140624999687e-02
4.730000000000000000e+02 1.297183515625000005e-02
4.740000000000000000e+02 1.263771796875000353e-02
4.750000000000000000e+02 1.229572968750000141e-02
4.760000000000000000e+02 1.194648593750000098e-02
4.770000000000000000e+02 1.159202265624999749e-02
4.780000000000000000e+02 1.123499453125000047e-02
4.790000000000000000e+02 1.087936875000000171e-02
4.800000000000000000e+02 1.052943828125000279e-02
4.810000000000000000e+02 1.019015546874999824e-02
4.820000000000000000e+02 9.866375000000005349e-03
4.830000000000000000e+02 9.562907812500000271e-03
4.840000000000000000e+02 9.283928437499996619e-03
4.850000000000000000e+02 9.032876992187499274e-03
4.860000000000000000e+02 8.811932648437496157e-03
4.870000000000000000e+02 8.622093679687498069e-03
4.880000000000000000e+02 8.462525562500001694e-03
4.890000000000000000e+02 8.331085117187497779e-03
4.900000000000000000e+02 8.223681406250000700e-03
4.910000000000000000e+02 8.134955312500002575e-03
4.920000000000000000e+02 8.058330937499996738e-03
4.930000000000000000e+02 7.986575937499998737e-03
4.940000000000000000e+02 7.912325781249996554e-03
4.950000000000000000e+02 7.828895468750001266e-03
4.960000000000000000e+02 7.730838046874998100e-03
4.970000000000000000e+02 7.614998125000002963e-03
4.980000000000000000e+02 7.480520624999998855e-03
4.990000000000000000e+02 7.329330468749998238e-03
5.000000000000000000e+02 7.165574062500000042e-03
5.010000000000000000e+02 6.994683593750002093e-03
5.020000000000000000e+02 6.821571484375001278e-03
5.030000000000000000e+02 6.648464843750001921e-03
5.040000000000000000e+02 6.472349218750004726e-03
5.050000000000000000e+02 6.283433593749999414e-03
5.060000000000000000e+02 6.065705312500000931e-03
5.070000000000000000e+02 5.802950937499999802e-03
5.080000000000000000e+02 5.495130859375002563e-03
5.090000000000000000e+02 5.192711820312500247e-03
5.100000000000000000e+02 5.062353328124999732e-03
5.110000000000000000e+02 5.503275999999998787e-03
