0.000000000000000000e+00 1.919335257031249894e-03
1.000000000000000000e+00 1.913552925781250493e-03
2.000000000000000000e+00 1.902036446093749575e-03
3.000000000000000000e+00 1.884854234374999703e-03
4.000000000000000000e+00 1.862148332812499016e-03
5.000000000000000000e+00 1.834062906250000409e-03
6.000000000000000000e+00 1.800806539843749412e-03
7.000000000000000000e+00 1.762605541406250115e-03
8.000000000000000000e+00 1.719740409375000462e-03
9.000000000000000000e+00 1.672512307031250381e-03
1.000000000000000000e+01 1.621250324218750666e-03
1.100000000000000000e+01 1.566316065625000115e-03
1.200000000000000000e+01 1.508099149218749494e-03
1.300000000000000000e+01 1.446988484374999275e-03
1.400000000000000000e+01 1.383412392968749868e-03
1.500000000000000000e+01 1.317819097656250295e-03
1.600000000000000000e+01 1.250640276562500243e-03
1.700000000000000000e+01 1.182342696093749770e-03
1.800000000000000000e+01 1.113382789062499585e-03
1.900000000000000000e+01 1.044219368749999812e-03
2.000000000000000000e+01 9.753110312499998482e-04
2.100000000000000000e+01 9.071101953124997147e-04
2.200000000000000000e+01 8.400569140624998933e-04
2.300000000000000000e+01 7.745821015624995177e-04
2.400000000000000000e+01 7.110959609375001661e-04
2.500000000000000000e+01 6.499919453125003067e-04
2.600000000000000000e+01 5.916449999999999097e-04
2.700000000000000000e+01 5.364061171874998438e-04
2.800000000000000000e+01 4.845933124999998493e-04
2.900000000000000000e+01 4.365009664062500941e-04
3.000000000000000000e+01 3.923936960937501818e-04
3.100000000000000000e+01 3.525029773437500730e-04
3.200000000000000000e+01 3.170273437500000348e-04
3.300000000000000000e+01 2.861323960937500071e-04
3.400000000000000000e+01 2.599477890625001369e-04
3.500000000000000000e+01 2.385687140624999489e-04
3.600000000000000000e+01 2.220553203125000220e-04
3.700000000000000000e+01 2.104315195312500704e-04
3.800000000000000000e+01 2.036866051562500495e-04
3.900000000000000000e+01 2.017772758593749645e-04
4.000000000000000000e+01 2.046248755468750840e-04
4.100000000000000000e+01 2.121190582031251060e-04
4.200000000000000000e+01 2.241197188281250890e-04
4.300000000000000000e+01 2.404558150781250440e-04
4.400000000000000000e+01 2.609299178906249661e-04
4.500000000000000000e+01 2.853179531250001413e-04
4.600000000000000000e+01 3.133736195312500686e-04
4.700000000000000000e+01 3.448271773437500609e-04
4.800000000000000000e+01 3.793912343750000665e-04
4.900000000000000000e+01 4.167626609374999801e-04
5.000000000000000000e+01 4.566210624999998496e-04
5.100000000000000000e+01 4.986371796875001391e-04
5.200000000000000000e+01 5.424727968749998037e-04
5.300000000000000000e+01 5.877823515624998330e-04
5.400000000000000000e+01 6.342137031250002881e-04
5.500000000000000000e+01 6.814195781250000777e-04
5.600000000000000000e+01 7.290501640624997724e-04
5.700000000000000000e+01 7.767572890624999463e-04
5.800000000000000000e+01 8.242067734375002055e-04
5.900000000000000000e+01 8.710633984375002695e-04
6.000000000000000000e+01 9.170091171875000349e-04
6.100000000000000000e+01 9.617379296875003215e-04
6.200000000000000000e+01 1.004961687500000467e-03
6.300000000000000000e+01 1.046392796875000386e-03
6.400000000000000000e+01 1.085784632812499895e-03
6.500000000000000000e+01 1.122901570312499851e-03
6.600000000000000000e+01 1.157521742187499723e-03
6.700000000000000000e+01 1.189445101562500292e-03
6.800000000000000000e+01 1.218516195312500548e-03
6.900000000000000000e+01 1.244584898437500363e-03
7.000000000000000000e+01 1.267516562500000136e-03
7.100000000000000000e+01 1.287226562500000393e-03
7.200000000000000000e+01 1.303634921875000078e-03
7.300000000000000000e+01 1.316703906249999971e-03
7.400000000000000000e+01 1.326403593749999991e-03
7.500000000000000000e+01 1.332737109375000664e-03
7.600000000000000000e+01 1.335736015624999252e-03
7.700000000000000000e+01 1.335442734374999449e-03
7.800000000000000000e+01 1.331934765625000794e-03
7.900000000000000000e+01 1.325310624999999137e-03
8.000000000000000000e+01 1.315670234375000214e-03
8.100000000000000000e+01 1.303151593749999910e-03
8.200000000000000000e+01 1.287909117187500214e-03
8.300000000000000000e+01 1.270117078125000036e-03
8.400000000000000000e+01 1.249936234374999762e-03
8.500000000000000000e+01 1.227576257812499618e-03
8.600000000000000000e+01 1.203233890624999915e-03
8.700000000000000000e+01 1.177133164062500259e-03
8.800000000000000000e+01 1.149478726562500053e-03
8.900000000000000000e+01 1.120514289062499603e-03
9.000000000000000000e+01 1.090461156249999952e-03
9.100000000000000000e+01 1.059551367187500179e-03
9.200000000000000000e+01 1.028021695312500774e-03
9.300000000000000000e+01 9.960999609375000008e-04
9.400000000000000000e+01 9.640138515624998780e-04
9.500000000000000000e+01 9.319892929687503174e-04
9.600000000000000000e+01 9.002344890624995643e-04
9.700000000000000000e+01 8.689605937500001227e-04
9.800000000000000000e+01 8.383626210937497212e-04
9.900000000000000000e+01 8.086271507812500293e-04
1.000000000000000000e+02 7.799291015625004408e-04
1.010000000000000000e+02 7.524249421875002378e-04
1.020000000000000000e+02 7.262588445312497540e-04
1.030000000000000000e+02 7.015675414062496392e-04
1.040000000000000000e+02 6.784611656249999291e-04
1.050000000000000000e+02 6.570347687499995554e-04
1.060000000000000000e+02 6.373736117187499793e-04
1.070000000000000000e+02 6.195374594531251507e-04
1.080000000000000000e+02 6.035724093750007230e-04
1.090000000000000000e+02 5.895067111875001162e-04
1.100000000000000000e+02 5.773542265625007230e-04
1.110000000000000000e+02 5.671113921875000578e-04
1.120000000000000000e+02 5.587507953124997784e-04
1.130000000000000000e+02 5.522387265624998688e-04
1.140000000000000000e+02 5.475209828124998025e-04
1.150000000000000000e+02 5.445344195312499646e-04
1.160000000000000000e+02 5.431942125000003337e-04
1.170000000000000000e+02 5.434110523437499316e-04
1.180000000000000000e+02 5.450826406249999981e-04
1.190000000000000000e+02 5.480910867187499189e-04
1.200000000000000000e+02 5.523230187499998884e-04
1.210000000000000000e+02 5.576466842968749900e-04
1.220000000000000000e+02 5.639260726562500157e-04
1.230000000000000000e+02 5.710310062500000309e-04
1.240000000000000000e+02 5.788104322656249020e-04
1.250000000000000000e+02 5.871299846093751881e-04
1.260000000000000000e+02 5.958472609374999493e-04
1.270000000000000000e+02 6.048243430468748776e-04
1.280000000000000000e+02 6.139205292968752132e-04
1.290000000000000000e+02 6.230099546875000590e-04
1.300000000000000000e+02 6.319648546874999688e-04
1.310000000000000000e+02 6.406702500000000617e-04
1.320000000000000000e+02 6.490158820312498696e-04
1.330000000000000000e+02 6.569054851562498637e-04
1.340000000000000000e+02 6.642486562499998583e-04
1.350000000000000000e+02 6.709642187499999071e-04
1.360000000000000000e+02 6.769994968749999805e-04
1.370000000000000000e+02 6.822926195312499021e-04
1.380000000000000000e+02 6.868204320312501715e-04
1.390000000000000000e+02 6.905463492187502699e-04
1.400000000000000000e+02 6.934719695312500714e-04
1.410000000000000000e+02 6.956003351562502950e-04
1.420000000000000000e+02 6.969526640625003325e-04
1.430000000000000000e+02 6.975683718750000590e-04
1.440000000000000000e+02 6.974897718749999273e-04
1.450000000000000000e+02 6.967841671874998354e-04
1.460000000000000000e+02 6.955281974218750166e-04
1.470000000000000000e+02 6.938072530468750729e-04
1.480000000000000000e+02 6.917217059375001470e-04
1.490000000000000000e+02 6.893781138906249434e-04
1.500000000000000000e+02 6.868974598671871972e-04
1.510000000000000000e+02 6.844045151562501254e-04
1.520000000000000000e+02 6.820355560937496056e-04
1.530000000000000000e+02 6.799254128906252878e-04
1.540000000000000000e+02 6.782164472656249674e-04
1.550000000000000000e+02 6.770506004687499224e-04
1.560000000000000000e+02 6.765801507812502008e-04
1.570000000000000000e+02 6.769330468750000889e-04
1.580000000000000000e+02 6.782582562500002197e-04
1.590000000000000000e+02 6.806987734375001152e-04
1.600000000000000000e+02 6.843780570312502998e-04
1.610000000000000000e+02 6.894240359375001593e-04
1.620000000000000000e+02 6.959439265624999850e-04
1.630000000000000000e+02 7.040541437499999323e-04
1.640000000000000000e+02 7.138401960937499442e-04
1.650000000000000000e+02 7.253929289062502556e-04
1.660000000000000000e+02 7.387621562499999302e-04
1.670000000000000000e+02 7.540258703124999833e-04
1.680000000000000000e+02 7.711994382812500243e-04
1.690000000000000000e+02 7.903150820312500498e-04
1.700000000000000000e+02 8.113774789062497880e-04
1.710000000000000000e+02 8.343731257812499061e-04
1.720000000000000000e+02 8.592690726562500101e-04
1.730000000000000000e+02 8.860190601562500327e-04
1.740000000000000000e+02 9.145648671875000659e-04
1.750000000000000000e+02 9.448107812500002685e-04
1.760000000000000000e+02 9.766661249999998833e-04
1.770000000000000000e+02 1.010012070312500199e-03
1.780000000000000000e+02 1.044723296875000066e-03
1.790000000000000000e+02 1.080635992187500057e-03
1.800000000000000000e+02 1.117609523437500035e-03
1.810000000000000000e+02 1.155458898437500010e-03
1.820000000000000000e+02 1.194002742187499824e-03
1.830000000000000000e+02 1.233047507812499869e-03
1.840000000000000000e+02 1.272385617187499467e-03
1.850000000000000000e+02 1.311812695312500592e-03
1.860000000000000000e+02 1.351110312500000037e-03
1.870000000000000000e+02 1.390060632812499921e-03
1.880000000000000000e+02 1.428451632812500821e-03
1.890000000000000000e+02 1.466054898437500449e-03
1.900000000000000000e+02 1.502659593749999627e-03
1.910000000000000000e+02 1.538053015625001022e-03
1.920000000000000000e+02 1.572028921874999569e-03
1.930000000000000000e+02 1.604382421875000112e-03
1.940000000000000000e+02 1.634933828124999437e-03
1.950000000000000000e+02 1.663503984375000119e-03
1.960000000000000000e+02 1.689926320312500063e-03
1.970000000000000000e+02 1.714045429687500186e-03
1.980000000000000000e+02 1.735741890624999161e-03
1.990000000000000000e+02 1.754875031250000559e-03
2.000000000000000000e+02 1.771357117187499818e-03
2.010000000000000000e+02 1.785101804687499452e-03
2.020000000000000000e+02 1.796034835937499949e-03
2.030000000000000000e+02 1.804121453124999871e-03
2.040000000000000000e+02 1.809328593749999709e-03
2.050000000000000000e+02 1.811644875000000248e-03
2.060000000000000000e+02 1.811091031249999466e-03
2.070000000000000000e+02 1.807689609374999807e-03
2.080000000000000000e+02 1.801499960937500170e-03
2.090000000000000000e+02 1.792582976562500166e-03
2.100000000000000000e+02 1.781027690625000028e-03
2.110000000000000000e+02 1.766941099999999338e-03
2.120000000000000000e+02 1.750443518749999951e-03
2.130000000000000000e+02 1.731679864843750074e-03
2.140000000000000000e+02 1.710798175937499731e-03
2.150000000000000000e+02 1.687962076718750376e-03
2.160000000000000000e+02 1.663367452734374960e-03
2.170000000000000000e+02 1.637203099218749805e-03
2.180000000000000000e+02 1.609670402343750658e-03
2.190000000000000000e+02 1.580988903906249514e-03
2.200000000000000000e+02 1.551383562500000934e-03
2.210000000000000000e+02 1.521085323437500235e-03
2.220000000000000000e+02 1.490323664062500513e-03
2.230000000000000000e+02 1.459353851562500458e-03
2.240000000000000000e+02 1.428397617187500412e-03
2.250000000000000000e+02 1.397716929687500180e-03
2.260000000000000000e+02 1.367544484374999363e-03
2.270000000000000000e+02 1.338111218750000220e-03
2.280000000000000000e+02 1.309663968749999680e-03
2.290000000000000000e+02 1.282423242187499639e-03
2.300000000000000000e+02 1.256609984375000244e-03
2.310000000000000000e+02 1.232449898437499572e-03
2.320000000000000000e+02 1.210146523437499776e-03
2.330000000000000000e+02 1.189898062500000181e-03
2.340000000000000000e+02 1.171898359374999588e-03
2.350000000000000000e+02 1.156335835937500082e-03
2.360000000000000000e+02 1.143399445312500654e-03
2.370000000000000000e+02 1.133270124999999958e-03
2.380000000000000000e+02 1.126123406250000144e-03
2.390000000000000000e+02 1.122153085937499604e-03
2.400000000000000000e+02 1.121539710937499799e-03
2.410000000000000000e+02 1.124490210937499797e-03
2.420000000000000000e+02 1.131213196093750449e-03
2.430000000000000000e+02 1.141933028203124655e-03
2.440000000000000000e+02 1.156899603906249739e-03
2.450000000000000000e+02 1.176375813281249974e-03
2.460000000000000000e+02 1.200661164062500133e-03
2.470000000000000000e+02 1.230080703124999996e-03
2.480000000000000000e+02 1.264981796875000106e-03
2.490000000000000000e+02 1.305742578125000056e-03
2.500000000000000000e+02 1.352783203125000090e-03
2.510000000000000000e+02 1.406547343749999564e-03
2.520000000000000000e+02 1.467500468750000025e-03
2.530000000000000000e+02 1.536141523437500357e-03
2.540000000000000000e+02 1.612997070312500308e-03
2.550000000000000000e+02 1.698590695312499456e-03
2.560000000000000000e+02 1.793482760156249250e-03
2.570000000000000000e+02 1.898217102343750014e-03
2.580000000000000000e+02 2.013340326093750274e-03
2.590000000000000000e+02 2.139393554687499342e-03
2.600000000000000000e+02 2.276883234375000255e-03
2.610000000000000000e+02 2.426297679687500729e-03
2.620000000000000000e+02 2.588074039062500300e-03
2.630000000000000000e+02 2.762597031250000734e-03
2.640000000000000000e+02 2.950204015625000099e-03
2.650000000000000000e+02 3.151151265625000333e-03
2.660000000000000000e+02 3.365610531250000804e-03
2.670000000000000000e+02 3.593662726562499039e-03
2.680000000000000000e+02 3.835311546875000248e-03
2.690000000000000000e+02 4.090447250000000395e-03
2.700000000000000000e+02 4.358839875000001043e-03
2.710000000000000000e+02 4.640147960937497824e-03
2.720000000000000000e+02 4.933935015624999962e-03
2.730000000000000000e+02 5.239630164062500026e-03
2.740000000000000000e+02 5.556544273437497537e-03
2.750000000000000000e+02 5.883932968750000062e-03
2.760000000000000000e+02 6.220817212500000248e-03
2.770000000000000000e+02 6.566226902789061917e-03
2.780000000000000000e+02 6.919012834374999206e-03
2.790000000000000000e+02 7.277974820312500641e-03
2.800000000000000000e+02 7.641865523437496761e-03
2.810000000000000000e+02 8.009231929687500931e-03
2.820000000000000000e+02 8.378701718750001040e-03
2.830000000000000000e+02 8.748742031249999440e-03
2.840000000000000000e+02 9.117899921874998703e-03
2.850000000000000000e+02 9.484533593749998673e-03
2.860000000000000000e+02 9.847160781250001091e-03
2.870000000000000000e+02 1.020415773437499674e-02
2.880000000000000000e+02 1.055395195312500145e-02
2.890000000000000000e+02 1.089504187499999548e-02
2.900000000000000000e+02 1.122594445312499918e-02
2.910000000000000000e+02 1.154520062499999992e-02
2.920000000000000000e+02 1.185143531250000201e-02
2.930000000000000000e+02 1.214333921874999681e-02
2.940000000000000000e+02 1.241965656250000258e-02
2.950000000000000000e+02 1.267936375000000386e-02
2.960000000000000000e+02 1.292143046875000520e-02
2.970000000000000000e+02 1.314486179687500075e-02
2.980000000000000000e+02 1.334897031249999977e-02
2.990000000000000000e+02 1.353305624999999977e-02
3.000000000000000000e+02 1.369663429687500295e-02
3.010000000000000000e+02 1.383928398437499728e-02
3.020000000000000000e+02 1.396078492187500381e-02
3.030000000000000000e+02 1.406094351562500559e-02
3.040000000000000000e+02 1.413992226562500211e-02
3.050000000000000000e+02 1.419767749999999683e-02
3.060000000000000000e+02 1.423468679687500509e-02
3.070000000000000000e+02 1.425121109375000750e-02
3.080000000000000000e+02 1.424786485156250004e-02
3.090000000000000000e+02 1.422533237500000006e-02
3.100000000000000000e+02 1.418427515625000045e-02
3.110000000000000000e+02 1.412561585937499586e-02
3.120000000000000000e+02 1.405027750000000311e-02
3.130000000000000000e+02 1.395933078124999595e-02
3.140000000000000000e+02 1.385389679687499230e-02
3.150000000000000000e+02 1.373516828124999797e-02
3.160000000000000000e+02 1.360443437500000012e-02
3.170000000000000000e+02 1.346291562500000552e-02
3.180000000000000000e+02 1.331202656249999734e-02
3.190000000000000000e+02 1.315320468750000305e-02
3.200000000000000000e+02 1.298782656249999716e-02
3.210000000000000000e+02 1.281744843749999842e-02
3.220000000000000000e+02 1.264338828124999918e-02
3.230000000000000000e+02 1.246733046875000278e-02
3.240000000000000000e+02 1.229070703125000399e-02
3.250000000000000000e+02 1.211515781250000617e-02
3.260000000000000000e+02 1.194212734375000272e-02
3.270000000000000000e+02 1.177335062500000328e-02
3.280000000000000000e+02 1.161025867187499665e-02
3.290000000000000000e+02 1.145461023437500080e-02
3.300000000000000000e+02 1.130802692968750113e-02
3.310000000000000000e+02 1.117214201562499905e-02
3.320000000000000000e+02 1.104860464843750514e-02
3.330000000000000000e+02 1.093913781249999592e-02
3.340000000000000000e+02 1.084549226562499073e-02
3.350000000000000000e+02 1.076937429687499850e-02
3.360000000000000000e+02 1.071262036718750171e-02
3.370000000000000000e+02 1.067688006171874787e-02
3.380000000000000000e+02 1.066403153124999628e-02
3.390000000000000000e+02 1.067583710937499743e-02
3.400000000000000000e+02 1.071412812500000152e-02
3.410000000000000000e+02 1.078055421874999677e-02
3.420000000000000000e+02 1.087700023437499983e-02
3.430000000000000000e+02 1.100514820312499531e-02
3.440000000000000000e+02 1.116665937499999872e-02
3.450000000000000000e+02 1.136302890625000110e-02
3.460000000000000000e+02 1.159586562499999654e-02
3.470000000000000000e+02 1.186656484375000174e-02
3.480000000000000000e+02 1.217624062500000277e-02
3.490000000000000000e+02 1.252617031249999950e-02
3.500000000000000000e+02 1.291710937499999240e-02
3.510000000000000000e+02 1.334975546875000023e-02
3.520000000000000000e+02 1.382452343749999979e-02
3.530000000000000000e+02 1.434168515624999370e-02
3.540000000000000000e+02 1.490108749999999316e-02
3.550000000000000000e+02 1.550229429687500528e-02
3.560000000000000000e+02 1.614458054687500921e-02
3.570000000000000000e+02 1.682682062499999548e-02
3.580000000000000000e+02 1.754760101562500077e-02
3.590000000000000000e+02 1.830505332812499067e-02
3.600000000000000000e+02 1.909698001562500427e-02
3.610000000000000000e+02 1.992086390624999911e-02
3.620000000000000000e+02 2.077364656250000469e-02
3.630000000000000000e+02 2.165197921874998516e-02
3.640000000000000000e+02 2.255208046875000275e-02
3.650000000000000000e+02 2.346994374999999619e-02
3.660000000000000000e+02 2.440106093749999649e-02
3.670000000000000000e+02 2.534077343749999503e-02
3.680000000000000000e+02 2.628399921875000309e-02
3.690000000000000000e+02 2.722570390625000600e-02
3.700000000000000000e+02 2.816017734375001261e-02
3.710000000000000000e+02 2.908221640624997911e-02
3.720000000000000000e+02 2.998592421874998748e-02
3.730000000000000000e+02 3.086591718750000130e-02
3.740000000000000000e+02 3.171637031249999183e-02
3.750000000000000000e+02 3.253196406250000172e-02
3.760000000000000000e+02 3.330731093750000094e-02
3.770000000000000000e+02 3.403724765624999149e-02
3.780000000000000000e+02 3.471687656249999171e-02
3.790000000000000000e+02 3.534167890624999309e-02
3.800000000000000000e+02 3.590754531250000409e-02
3.810000000000000000e+02 3.641064453124998740e-02
3.820000000000000000e+02 3.684761640624999168e-02
3.830000000000000000e+02 3.721584374999999112e-02
3.840000000000000000e+02 3.751315390624999913e-02
3.850000000000000000e+02 3.773777343750001761e-02
3.860000000000000000e+02 3.788866562500000507e-02
3.870000000000000000e+02 3.796546015625001241e-02
3.880000000000000000e+02 3.796840546875002165e-02
3.890000000000000000e+02 3.789835390625001521e-02
3.900000000000000000e+02 3.775680468749997160e-02
3.910000000000000000e+02 3.754583203125000379e-02
3.920000000000000000e+02 3.726822421874997210e-02
3.930000000000000000e+02 3.692742656250001115e-02
3.940000000000000000e+02 3.652734609375003078e-02
3.950000000000000000e+02 3.607249687500003327e-02
3.960000000000000000e+02 3.556793593749999621e-02
3.970000000000000000e+02 3.501939218749999805e-02
3.980000000000000000e+02 3.443261718750000033e-02
3.990000000000000000e+02 3.381425703125001681e-02
4.000000000000000000e+02 3.317095234375002505e-02
4.010000000000000000e+02 3.250972421875001489e-02
4.020000000000000000e+02 3.183756328125000867e-02
4.030000000000000000e+02 3.116176328124998368e-02
4.040000000000000000e+02 3.048953203124999886e-02
4.050000000000000000e+02 2.982790468750000368e-02
4.060000000000000000e+02 2.918371171874999809e-02
4.070000000000000000e+02 2.856357187499999895e-02
4.080000000000000000e+02 2.797367265625000377e-02
4.090000000000000000e+02 2.741979999999999418e-02
4.100000000000000000e+02 2.690713203125000633e-02
4.110000000000000000e+02 2.644037109374999112e-02
4.120000000000000000e+02 2.602346093749998215e-02
4.130000000000000000e+02 2.565971171875001608e-02
4.140000000000000000e+02 2.535155781250000503e-02
4.150000000000000000e+02 2.510086953124999673e-02
4.160000000000000000e+02 2.490853281250000537e-02
4.170000000000000000e+02 2.477463750000000187e-02
4.180000000000000000e+02 2.469841015625001343e-02
4.190000000000000000e+02 2.467843515625001150e-02
4.200000000000000000e+02 2.471217187500000106e-02
4.210000000000000000e+02 2.479648359375000860e-02
4.220000000000000000e+02 2.492746328125000285e-02
4.230000000000000000e+02 2.510060859374998662e-02
4.240000000000000000e+02 2.531047890624999949e-02
4.250000000000000000e+02 2.555164453124999721e-02
4.260000000000000000e+02 2.581774218749999586e-02
4.270000000000000000e+02 2.610252968749999375e-02
4.280000000000000000e+02 2.639937890625001365e-02
4.290000000000000000e+02 2.670158671875001374e-02
4.300000000000000000e+02 2.700271093749999352e-02
4.310000000000000000e+02 2.729652031249998889e-02
4.320000000000000000e+02 2.757694843750000888e-02
4.330000000000000000e+02 2.783855390624999024e-02
4.340000000000000000e+02 2.807642656250000993e-02
4.350000000000000000e+02 2.828618281249999783e-02
4.360000000000000000e+02 2.846446406249999658e-02
4.370000000000000000e+02 2.860817734375000615e-02
4.380000000000000000e+02 2.871520703124999171e-02
4.390000000000000000e+02 2.878431328124999786e-02
4.400000000000000000e+02 2.881467812499999628e-02
4.410000000000000000e+02 2.880628203125000855e-02
4.420000000000000000e+02 2.875964843750000374e-02
4.430000000000000000e+02 2.867590624999998353e-02
4.440000000000000000e+02 2.855650625000001261e-02
4.450000000000000000e+02 2.840332812500000886e-02
4.460000000000000000e+02 2.821838671875000551e-02
4.470000000000000000e+02 2.800420546875000138e-02
4.480000000000000000e+02 2.776330937500000318e-02
4.490000000000000000e+02 2.749819531249999421e-02
4.500000000000000000e+02 2.721164140625000755e-02
4.510000000000000000e+02 2.690619375000000493e-02
4.520000000000000000e+02 2.658440156250000547e-02
4.530000000000000000e+02 2.624861484375000040e-02
4.540000000000000000e+02 2.590094921875000719e-02
4.550000000000000000e+02 2.554325625000001057e-02
4.560000000000000000e+02 2.517704140624998227e-02
4.570000000000000000e+02 2.480325078125000457e-02
4.580000000000000000e+02 2.442271484375000551e-02
4.590000000000000000e+02 2.403554531249998266e-02
4.600000000000000000e+02 2.364138359375000595e-02
4.610000000000000000e+02 2.323941249999999722e-02
4.620000000000000000e+02 2.282847890625001180e-02
4.630000000000000000e+02 2.240679374999999390e-02
4.640000000000000000e+02 2.197229687499999834e-02
4.650000000000000000e+02 2.152257656249999609e-02
4.660000000000000000e+02 2.105495703124999132e-02
4.670000000000000000e+02 2.056683984375002119e-02
4.680000000000000000e+02 2.005559375000000311e-02
4.690000000000000000e+02 1.951883671875000170e-02
4.700000000000000000e+02 1.895487265624999640e-02
4.710000000000000000e+02 1.836230859375000829e-02
4.720000000000000000e+02 1.774094921875000314e-02
4.730000000000000000e+02 1.709149843749999814e-02
4.740000000000000000e+02 1.641589062499999516e-02
4.750000000000000000e+02 1.571744531249999813e-02
4.760000000000000000e+02 1.500072343750000377e-02
4.770000000000000000e+02 1.427169609374999773e-02
4.780000000000000000e+02 1.353757109375000427e-02
4.790000000000000000e+02 1.280640390624999785e-02
4.800000000000000000e+02 1.208716484375000309e-02
4.810000000000000000e+02 1.138923124999999779e-02
4.820000000000000000e+02 1.072204687499999677e-02
4.830000000000000000e+02 1.009473984374999363e-02
4.840000000000000000e+02 9.515803125000001431e-03
4.850000000000000000e+02 8.992378124999998723e-03
4.860000000000000000e+02 8.530214843750001663e-03
4.870000000000000000e+02 8.133117187500000372e-03
4.880000000000000000e+02 7.802618750000000353e-03
4.890000000000000000e+02 7.537778124999998386e-03
4.900000000000000000e+02 7.335128046874999329e-03
4.910000000000000000e+02 7.188573750000000658e-03
4.920000000000000000e+02 7.089753906250000244e-03
4.930000000000000000e+02 7.027930859374997320e-03
4.940000000000000000e+02 6.991007656250000993e-03
4.950000000000000000e+02 6.965627265625001438e-03
4.960000000000000000e+02 6.938283828125001683e-03
4.970000000000000000e+02 6.895841484375000822e-03
4.980000000000000000e+02 6.826416093750001766e-03
4.990000000000000000e+02 6.720017265624999431e-03
5.000000000000000000e+02 6.569034999999998244e-03
5.010000000000000000e+02 6.368317187499999976e-03
5.020000000000000000e+02 6.115237812499997767e-03
5.030000000000000000e+02 5.809444921874999494e-03
5.040000000000000000e+02 5.452869890624998175e-03
5.050000000000000000e+02 5.050878232812500146e-03
5.060000000000000000e+02 4.615690312500003722e-03
5.070000000000000000e+02 4.174537282031248048e-03
5.080000000000000000e+02 3.786538492187499841e-03
5.090000000000000000e+02 3.574020882812500421e-03
5.100000000000000000e+02 3.778025120312500373e-03
5.110000000000000000e+02 4.852275820312497261e-03
