0.000000000000000000e+00 1.051282794531250425e-03
1.000000000000000000e+00 1.047145159374999503e-03
2.000000000000000000e+00 1.038903379687499849e-03
3.000000000000000000e+00 1.026636009374999733e-03
4.000000000000000000e+00 1.010450903906249523e-03
5.000000000000000000e+00 9.904919445312498991e-04
6.000000000000000000e+00 9.669475664062500376e-04
7.000000000000000000e+00 9.400176523437500046e-04
8.000000000000000000e+00 9.099552367187503394e-04
9.000000000000000000e+00 8.770199210937499245e-04
1.000000000000000000e+01 8.415138140624998150e-04
1.100000000000000000e+01 8.037474000000004084e-04
1.200000000000000000e+01 7.640606304687501231e-04
1.300000000000000000e+01 7.228063374999999435e-04
1.400000000000000000e+01 6.803543390625003918e-04
1.500000000000000000e+01 6.370723062500004315e-04
1.600000000000000000e+01 5.933462648437493828e-04
1.700000000000000000e+01 5.495576859375000478e-04
1.800000000000000000e+01 5.060956125000001804e-04
1.900000000000000000e+01 4.633366273437500380e-04
2.000000000000000000e+01 4.216515648437497814e-04
2.100000000000000000e+01 3.814054257812499638e-04
2.200000000000000000e+01 3.429454953125000440e-04
2.300000000000000000e+01 3.066040078125001930e-04
2.400000000000000000e+01 2.726939007812499509e-04
2.500000000000000000e+01 2.415052085937500874e-04
2.600000000000000000e+01 2.133062679687499665e-04
2.700000000000000000e+01 1.883375328125000490e-04
2.800000000000000000e+01 1.668116171875000809e-04
2.900000000000000000e+01 1.489119601562499966e-04
3.000000000000000000e+01 1.347928742187499691e-04
3.100000000000000000e+01 1.245753774218750359e-04
3.200000000000000000e+01 1.183482985078124753e-04
3.300000000000000000e+01 1.161681859374999513e-04
3.400000000000000000e+01 1.180592078125000124e-04
3.500000000000000000e+01 1.240122960937500277e-04
3.600000000000000000e+01 1.339871953125000494e-04
3.700000000000000000e+01 1.479097343749999891e-04
3.800000000000000000e+01 1.656780624999999621e-04
3.900000000000000000e+01 1.871588593749999672e-04
4.000000000000000000e+01 2.121930234375000209e-04
4.100000000000000000e+01 2.405921171874999414e-04
4.200000000000000000e+01 2.721468046874999215e-04
4.300000000000000000e+01 3.066226093750000514e-04
4.400000000000000000e+01 3.437649062500000487e-04
4.500000000000000000e+01 3.833033046874999880e-04
4.600000000000000000e+01 4.249491874999996709e-04
4.700000000000000000e+01 4.684029531249999647e-04
4.800000000000000000e+01 5.133513570312498320e-04
4.900000000000000000e+01 5.594787335937496291e-04
5.000000000000000000e+01 6.064630468750002029e-04
5.100000000000000000e+01 6.539762359375003459e-04
5.200000000000000000e+01 7.016912672656251595e-04
5.300000000000000000e+01 7.492883832812502433e-04
5.400000000000000000e+01 7.964540250000002675e-04
5.500000000000000000e+01 8.428774656249997258e-04
5.600000000000000000e+01 8.882664843749999307e-04
5.700000000000000000e+01 9.323311250000001528e-04
5.800000000000000000e+01 9.748065468749995402e-04
5.900000000000000000e+01 1.015444640624999775e-03
6.000000000000000000e+01 1.054015460937499701e-03
6.100000000000000000e+01 1.090312187500000300e-03
6.200000000000000000e+01 1.124143749999999796e-03
6.300000000000000000e+01 1.155351953124999272e-03
6.400000000000000000e+01 1.183797890625000937e-03
6.500000000000000000e+01 1.209378671874999749e-03
6.600000000000000000e+01 1.232006953125000049e-03
6.700000000000000000e+01 1.251629296874999823e-03
6.800000000000000000e+01 1.268218906250000383e-03
6.900000000000000000e+01 1.281769765625000775e-03
7.000000000000000000e+01 1.292313984375000144e-03
7.100000000000000000e+01 1.299909843750000340e-03
7.200000000000000000e+01 1.304634867187500456e-03
7.300000000000000000e+01 1.306590304687500325e-03
7.400000000000000000e+01 1.305911609374999123e-03
7.500000000000000000e+01 1.302739390625000902e-03
7.600000000000000000e+01 1.297251273437500206e-03
7.700000000000000000e+01 1.289644070312500343e-03
7.800000000000000000e+01 1.280107882812499915e-03
7.900000000000000000e+01 1.268873726562500057e-03
8.000000000000000000e+01 1.256174085937500047e-03
8.100000000000000000e+01 1.242256078124999484e-03
8.200000000000000000e+01 1.227365734374999190e-03
8.300000000000000000e+01 1.211757796875000603e-03
8.400000000000000000e+01 1.195694242187499839e-03
8.500000000000000000e+01 1.179424125000000465e-03
8.600000000000000000e+01 1.163209835937498811e-03
8.700000000000000000e+01 1.147298312499999990e-03
8.800000000000000000e+01 1.131929140624999544e-03
8.900000000000000000e+01 1.117339296875000023e-03
9.000000000000000000e+01 1.103735937500000376e-03
9.100000000000000000e+01 1.091342968750000494e-03
9.200000000000000000e+01 1.080329062499999849e-03
9.300000000000000000e+01 1.070865078124999363e-03
9.400000000000000000e+01 1.063108281250000394e-03
9.500000000000000000e+01 1.057181640625000666e-03
9.600000000000000000e+01 1.053183124999999137e-03
9.700000000000000000e+01 1.051203984375000035e-03
9.800000000000000000e+01 1.051286015625000009e-03
9.900000000000000000e+01 1.053467343749999808e-03
1.000000000000000000e+02 1.057746718749999872e-03
1.010000000000000000e+02 1.064107734375000164e-03
1.020000000000000000e+02 1.072490937500000102e-03
1.030000000000000000e+02 1.082831953124999526e-03
1.040000000000000000e+02 1.095032656249999995e-03
1.050000000000000000e+02 1.108969296875000291e-03
1.060000000000000000e+02 1.124497265624999770e-03
1.070000000000000000e+02 1.141445000000000046e-03
1.080000000000000000e+02 1.159640234374999202e-03
1.090000000000000000e+02 1.178874296875000172e-03
1.100000000000000000e+02 1.198923749999999781e-03
1.110000000000000000e+02 1.219567421875000172e-03
1.120000000000000000e+02 1.240560468749999246e-03
1.130000000000000000e+02 1.261642734375000149e-03
1.140000000000000000e+02 1.282562968749999602e-03
1.150000000000000000e+02 1.303072734374999568e-03
1.160000000000000000e+02 1.322886328125000158e-03
1.170000000000000000e+02 1.341767499999999957e-03
1.180000000000000000e+02 1.359445781249999947e-03
1.190000000000000000e+02 1.375692499999999494e-03
1.200000000000000000e+02 1.390252500000000195e-03
1.210000000000000000e+02 1.402917421875000048e-03
1.220000000000000000e+02 1.413481953125000001e-03
1.230000000000000000e+02 1.421744687499999814e-03
1.240000000000000000e+02 1.427547031250000131e-03
1.250000000000000000e+02 1.430739531250000036e-03
1.260000000000000000e+02 1.431209062499999660e-03
1.270000000000000000e+02 1.428850234375000699e-03
1.280000000000000000e+02 1.423610859374999397e-03
1.290000000000000000e+02 1.415432656250000844e-03
1.300000000000000000e+02 1.404323359375000317e-03
1.310000000000000000e+02 1.390301796874999401e-03
1.320000000000000000e+02 1.373422031249999561e-03
1.330000000000000000e+02 1.353765781249999635e-03
1.340000000000000000e+02 1.331464999999999559e-03
1.350000000000000000e+02 1.306639062499999815e-03
1.360000000000000000e+02 1.279485312499999529e-03
1.370000000000000000e+02 1.250199921874999747e-03
1.380000000000000000e+02 1.219022812499999950e-03
1.390000000000000000e+02 1.186200624999999773e-03
1.400000000000000000e+02 1.152026484374999750e-03
1.410000000000000000e+02 1.116794453124999708e-03
1.420000000000000000e+02 1.080832343750000356e-03
1.430000000000000000e+02 1.044475781250000027e-03
1.440000000000000000e+02 1.008081015625000290e-03
1.450000000000000000e+02 9.720057031250000246e-04
1.460000000000000000e+02 9.366210703124998576e-04
1.470000000000000000e+02 9.023092968750002878e-04
1.480000000000000000e+02 8.694419843750001179e-04
1.490000000000000000e+02 8.383949296874999542e-04
1.500000000000000000e+02 8.095325937500006232e-04
1.510000000000000000e+02 7.832177124999999780e-04
1.520000000000000000e+02 7.597976848437501670e-04
1.530000000000000000e+02 7.396073119531248801e-04
1.540000000000000000e+02 7.229584257812499918e-04
1.550000000000000000e+02 7.101439414062499320e-04
1.560000000000000000e+02 7.014273015624998163e-04
1.570000000000000000e+02 6.970624062500000318e-04
1.580000000000000000e+02 6.972526406250002980e-04
1.590000000000000000e+02 7.021849375000000599e-04
1.600000000000000000e+02 7.120053593749999573e-04
1.610000000000000000e+02 7.268329453125000001e-04
1.620000000000000000e+02 7.467400234374998481e-04
1.630000000000000000e+02 7.717747265624996453e-04
1.640000000000000000e+02 8.019387734375001131e-04
1.650000000000000000e+02 8.371994609374998168e-04
1.660000000000000000e+02 8.774980468750005107e-04
1.670000000000000000e+02 9.227142500000002365e-04
1.680000000000000000e+02 9.727113671875000419e-04
1.690000000000000000e+02 1.027314765624999472e-03
1.700000000000000000e+02 1.086308546874999734e-03
1.710000000000000000e+02 1.149445601562499491e-03
1.720000000000000000e+02 1.216457375000000235e-03
1.730000000000000000e+02 1.287038101562499844e-03
1.740000000000000000e+02 1.360856585937500040e-03
1.750000000000000000e+02 1.437558406250000241e-03
1.760000000000000000e+02 1.516767234374999471e-03
1.770000000000000000e+02 1.598097624999999817e-03
1.780000000000000000e+02 1.681138140625000350e-03
1.790000000000000000e+02 1.765463804687499895e-03
1.800000000000000000e+02 1.850650867187499451e-03
1.810000000000000000e+02 1.936261601562500002e-03
1.820000000000000000e+02 2.021865304687499917e-03
1.830000000000000000e+02 2.107016695312500035e-03
1.840000000000000000e+02 2.191283773437500276e-03
1.850000000000000000e+02 2.274257851562499783e-03
1.860000000000000000e+02 2.355510874999999869e-03
1.870000000000000000e+02 2.434647914062500022e-03
1.880000000000000000e+02 2.511292117187500627e-03
1.890000000000000000e+02 2.585090429687499948e-03
1.900000000000000000e+02 2.655692390624999656e-03
1.910000000000000000e+02 2.722795257812500157e-03
1.920000000000000000e+02 2.786110843749999618e-03
1.930000000000000000e+02 2.845394835937500432e-03
1.940000000000000000e+02 2.900416640625000375e-03
1.950000000000000000e+02 2.950995671875001475e-03
1.960000000000000000e+02 2.996974609374998717e-03
1.970000000000000000e+02 3.038234570312501118e-03
1.980000000000000000e+02 3.074682281250000308e-03
1.990000000000000000e+02 3.106273773437500784e-03
2.000000000000000000e+02 3.132980414062500919e-03
2.010000000000000000e+02 3.154825106249999241e-03
2.020000000000000000e+02 3.171842394531250355e-03
2.030000000000000000e+02 3.184099137499999364e-03
2.040000000000000000e+02 3.191693261718749758e-03
2.050000000000000000e+02 3.194743197187498423e-03
2.060000000000000000e+02 3.193391244531250568e-03
2.070000000000000000e+02 3.187790924218749516e-03
2.080000000000000000e+02 3.178114985156250526e-03
2.090000000000000000e+02 3.164550371093749828e-03
2.100000000000000000e+02 3.147297351562499887e-03
2.110000000000000000e+02 3.126546531249999299e-03
2.120000000000000000e+02 3.102521085937499749e-03
2.130000000000000000e+02 3.075430039062500287e-03
2.140000000000000000e+02 3.045488281249999259e-03
2.150000000000000000e+02 3.012911382812500077e-03
2.160000000000000000e+02 2.977918343750001525e-03
2.170000000000000000e+02 2.940729585937500341e-03
2.180000000000000000e+02 2.901550265624999562e-03
2.190000000000000000e+02 2.860601210937499615e-03
2.200000000000000000e+02 2.818097437499999212e-03
2.210000000000000000e+02 2.774234499999999291e-03
2.220000000000000000e+02 2.729235078125001254e-03
2.230000000000000000e+02 2.683307734375001575e-03
2.240000000000000000e+02 2.636657109375000092e-03
2.250000000000000000e+02 2.589488437500001104e-03
2.260000000000000000e+02 2.542008437499999884e-03
2.270000000000000000e+02 2.494427578124999711e-03
2.280000000000000000e+02 2.446947500000000702e-03
2.290000000000000000e+02 2.399788046875001198e-03
2.300000000000000000e+02 2.353145234375000373e-03
2.310000000000000000e+02 2.307238984374999999e-03
2.320000000000000000e+02 2.262277265625000765e-03
2.330000000000000000e+02 2.218473124999999387e-03
2.340000000000000000e+02 2.176037265624999884e-03
2.350000000000000000e+02 2.135187421874999540e-03
2.360000000000000000e+02 2.096132734375000164e-03
2.370000000000000000e+02 2.059075390625000283e-03
2.380000000000000000e+02 2.024234585937500965e-03
2.390000000000000000e+02 1.991810218750000860e-03
2.400000000000000000e+02 1.962006726562499914e-03
2.410000000000000000e+02 1.935009792968750029e-03
2.420000000000000000e+02 1.911018976250000332e-03
2.430000000000000000e+02 1.890209204687499705e-03
2.440000000000000000e+02 1.872755975781250325e-03
2.450000000000000000e+02 1.858826722656250000e-03
2.460000000000000000e+02 1.848574401562500013e-03
2.470000000000000000e+02 1.842143472656249939e-03
2.480000000000000000e+02 1.839678922656250420e-03
2.490000000000000000e+02 1.841322871874999552e-03
2.500000000000000000e+02 1.847195507031249712e-03
2.510000000000000000e+02 1.857439926562500562e-03
2.520000000000000000e+02 1.872192288281249737e-03
2.530000000000000000e+02 1.891605035937499483e-03
2.540000000000000000e+02 1.915842914820312017e-03
2.550000000000000000e+02 1.945094490624999471e-03
2.560000000000000000e+02 1.979582482812501047e-03
2.570000000000000000e+02 2.019553402343750217e-03
2.580000000000000000e+02 2.065312160156249511e-03
2.590000000000000000e+02 2.117195221093750180e-03
2.600000000000000000e+02 2.175608625000001722e-03
2.610000000000000000e+02 2.241015999999998887e-03
2.620000000000000000e+02 2.313925484375000709e-03
2.630000000000000000e+02 2.394914179687502014e-03
2.640000000000000000e+02 2.484619515625001007e-03
2.650000000000000000e+02 2.583735476562500164e-03
2.660000000000000000e+02 2.692996140624999944e-03
2.670000000000000000e+02 2.813165343749997500e-03
2.680000000000000000e+02 2.945043242187500576e-03
2.690000000000000000e+02 3.089426203124999611e-03
2.700000000000000000e+02 3.247104991406248985e-03
2.710000000000000000e+02 3.418848570312499422e-03
2.720000000000000000e+02 3.605338593749999286e-03
2.730000000000000000e+02 3.807233046875000988e-03
2.740000000000000000e+02 4.025020468749999566e-03
2.750000000000000000e+02 4.259118046875000514e-03
2.760000000000000000e+02 4.509809296874998583e-03
2.770000000000000000e+02 4.777156796874998564e-03
2.780000000000000000e+02 5.061069062499999605e-03
2.790000000000000000e+02 5.361158335937503058e-03
2.800000000000000000e+02 5.677025898437500218e-03
2.810000000000000000e+02 6.007844546874998443e-03
2.820000000000000000e+02 6.352607843750003591e-03
2.830000000000000000e+02 6.710174719531248992e-03
2.840000000000000000e+02 7.079017185156246186e-03
2.850000000000000000e+02 7.457571312500002950e-03
2.860000000000000000e+02 7.843917296875002609e-03
2.870000000000000000e+02 8.236063937499996102e-03
2.880000000000000000e+02 8.631821484375003239e-03
2.890000000000000000e+02 9.028894531250001437e-03
2.900000000000000000e+02 9.424883828124997615e-03
2.910000000000000000e+02 9.817341640625002960e-03
2.920000000000000000e+02 1.020378125000000365e-02
2.930000000000000000e+02 1.058175562500000139e-02
2.940000000000000000e+02 1.094884234374999404e-02
2.950000000000000000e+02 1.130280453124999848e-02
2.960000000000000000e+02 1.164139296875000423e-02
2.970000000000000000e+02 1.196257109374999905e-02
2.980000000000000000e+02 1.226450843749999145e-02
2.990000000000000000e+02 1.254561242187500480e-02
3.000000000000000000e+02 1.280434640625000356e-02
3.010000000000000000e+02 1.303964624999999662e-02
3.020000000000000000e+02 1.325058523437499733e-02
3.030000000000000000e+02 1.343648609375000524e-02
3.040000000000000000e+02 1.359694914062500176e-02
3.050000000000000000e+02 1.373176093749999341e-02
3.060000000000000000e+02 1.384117968750000170e-02
3.070000000000000000e+02 1.392537656249999943e-02
3.080000000000000000e+02 1.398497968750000466e-02
3.090000000000000000e+02 1.402071109374999035e-02
3.100000000000000000e+02 1.403349851562500639e-02
3.110000000000000000e+02 1.402430804687500483e-02
3.120000000000000000e+02 1.399442835937500518e-02
3.130000000000000000e+02 1.394514132812499710e-02
3.140000000000000000e+02 1.387777601562500095e-02
3.150000000000000000e+02 1.379378585937499763e-02
3.160000000000000000e+02 1.369468854687498453e-02
3.170000000000000000e+02 1.358199789843750685e-02
3.180000000000000000e+02 1.345715369687499642e-02
3.190000000000000000e+02 1.332171705468750134e-02
3.200000000000000000e+02 1.317728153124999441e-02
3.210000000000000000e+02 1.302527153906249749e-02
3.220000000000000000e+02 1.286726923351562586e-02
3.230000000000000000e+02 1.270476081250000201e-02
3.240000000000000000e+02 1.253928114843750122e-02
3.250000000000000000e+02 1.237244984374999413e-02
3.260000000000000000e+02 1.220573398437500325e-02
3.270000000000000000e+02 1.204075406249999376e-02
3.280000000000000000e+02 1.187921031250000620e-02
3.290000000000000000e+02 1.172283914062499655e-02
3.300000000000000000e+02 1.157341007812500745e-02
3.310000000000000000e+02 1.143282764062499707e-02
3.320000000000000000e+02 1.130305144531250187e-02
3.330000000000000000e+02 1.118607019531250510e-02
3.340000000000000000e+02 1.108417375000000753e-02
3.350000000000000000e+02 1.099959021093750190e-02
3.360000000000000000e+02 1.093457033593750113e-02
3.370000000000000000e+02 1.089164460000000174e-02
3.380000000000000000e+02 1.087324971093750134e-02
3.390000000000000000e+02 1.088194679687500346e-02
3.400000000000000000e+02 1.092028632812499893e-02
3.410000000000000000e+02 1.099082179687499786e-02
3.420000000000000000e+02 1.109605359375000037e-02
3.430000000000000000e+02 1.123845390624999760e-02
3.440000000000000000e+02 1.142033828124999761e-02
3.450000000000000000e+02 1.164383281249999763e-02
3.460000000000000000e+02 1.191103203124999760e-02
3.470000000000000000e+02 1.222356171875000133e-02
3.480000000000000000e+02 1.258282812499999896e-02
3.490000000000000000e+02 1.298994374999999819e-02
3.500000000000000000e+02 1.344563281249999687e-02
3.510000000000000000e+02 1.395017187500000554e-02
3.520000000000000000e+02 1.450355000000000394e-02
3.530000000000000000e+02 1.510507265624999249e-02
3.540000000000000000e+02 1.575368281250000627e-02
3.550000000000000000e+02 1.644793281249999975e-02
3.560000000000000000e+02 1.718553749999999700e-02
3.570000000000000000e+02 1.796406015625000990e-02
3.580000000000000000e+02 1.878041562500000830e-02
3.590000000000000000e+02 1.963095625000000136e-02
3.600000000000000000e+02 2.051170695312500361e-02
3.610000000000000000e+02 2.141820484375000014e-02
3.620000000000000000e+02 2.234553896875000542e-02
3.630000000000000000e+02 2.328848124999999616e-02
3.640000000000000000e+02 2.424156992187501483e-02
3.650000000000000000e+02 2.519911601562499145e-02
3.660000000000000000e+02 2.615501015624999842e-02
3.670000000000000000e+02 2.710340078124999844e-02
3.680000000000000000e+02 2.803813593749998612e-02
3.690000000000000000e+02 2.895301015624999683e-02
3.700000000000000000e+02 2.984226250000000455e-02
3.710000000000000000e+02 3.069989140625001278e-02
3.720000000000000000e+02 3.152043437500000322e-02
3.730000000000000000e+02 3.229859453124998836e-02
3.740000000000000000e+02 3.302949609374997847e-02
3.750000000000000000e+02 3.370865546874999424e-02
3.760000000000000000e+02 3.433213046875000646e-02
3.770000000000000000e+02 3.489647890625002108e-02
3.780000000000000000e+02 3.539902499999998675e-02
3.790000000000000000e+02 3.583743749999999256e-02
3.800000000000000000e+02 3.621028046875002931e-02
3.810000000000000000e+02 3.651680390624999217e-02
3.820000000000000000e+02 3.675670546874998390e-02
3.830000000000000000e+02 3.693058515625000093e-02
3.840000000000000000e+02 3.703960468750001206e-02
3.850000000000000000e+02 3.708543281249998547e-02
3.860000000000000000e+02 3.707064140625001419e-02
3.870000000000000000e+02 3.699818671874998549e-02
3.880000000000000000e+02 3.687152578124998359e-02
3.890000000000000000e+02 3.669473359375000077e-02
3.900000000000000000e+02 3.647235625000002507e-02
3.910000000000000000e+02 3.620920312499998489e-02
3.920000000000000000e+02 3.591089921875000035e-02
3.930000000000000000e+02 3.558284609375000906e-02
3.940000000000000000e+02 3.523111718750000093e-02
3.950000000000000000e+02 3.486178671875000273e-02
3.960000000000000000e+02 3.448121874999999364e-02
3.970000000000000000e+02 3.409578984375002952e-02
3.980000000000000000e+02 3.371186250000000190e-02
3.990000000000000000e+02 3.333589609374999069e-02
4.000000000000000000e+02 3.297399062499999783e-02
4.010000000000000000e+02 3.263221015625000776e-02
4.020000000000000000e+02 3.231620703125000216e-02
4.030000000000000000e+02 3.203146562499999128e-02
4.040000000000000000e+02 3.178278359374999557e-02
4.050000000000000000e+02 3.157478906250001105e-02
4.060000000000000000e+02 3.141132656250000821e-02
4.070000000000000000e+02 3.129564609375000417e-02
4.080000000000000000e+02 3.123045625000000006e-02
4.090000000000000000e+02 3.121758984375000087e-02
4.100000000000000000e+02 3.125823828124998233e-02
4.110000000000000000e+02 3.135272109374999394e-02
4.120000000000000000e+02 3.150048125000001059e-02
4.130000000000000000e+02 3.170021562500000001e-02
4.140000000000000000e+02 3.194951875000001662e-02
4.150000000000000000e+02 3.224538828125000922e-02
4.160000000000000000e+02 3.258373203124999978e-02
4.170000000000000000e+02 3.295969843749999711e-02
4.180000000000000000e+02 3.336758828124999215e-02
4.190000000000000000e+02 3.380091562500000396e-02
4.200000000000000000e+02 3.425260546875001644e-02
4.210000000000000000e+02 3.471474218749999452e-02
4.220000000000000000e+02 3.517905390625002821e-02
4.230000000000000000e+02 3.563692421874998378e-02
4.240000000000000000e+02 3.607905078124998277e-02
4.250000000000000000e+02 3.649655078125001173e-02
4.260000000000000000e+02 3.687995078124997606e-02
4.270000000000000000e+02 3.722049531250001125e-02
4.280000000000000000e+02 3.750940390624998844e-02
4.290000000000000000e+02 3.773889062500000030e-02
4.300000000000000000e+02 3.790106484374997087e-02
4.310000000000000000e+02 3.798994531249998141e-02
4.320000000000000000e+02 3.799974140624998858e-02
4.330000000000000000e+02 3.792585156249997369e-02
4.340000000000000000e+02 3.776554218750001468e-02
4.350000000000000000e+02 3.751678125000002667e-02
4.360000000000000000e+02 3.717895234374999497e-02
4.370000000000000000e+02 3.675288437500000283e-02
4.380000000000000000e+02 3.624074374999999154e-02
4.390000000000000000e+02 3.564577968750001769e-02
4.400000000000000000e+02 3.497262578125000243e-02
4.410000000000000000e+02 3.422681171875001371e-02
4.420000000000000000e+02 3.341490078124997876e-02
4.430000000000000000e+02 3.254439843749997591e-02
4.440000000000000000e+02 3.162332890624999782e-02
4.450000000000000000e+02 3.066045859374999516e-02
4.460000000000000000e+02 2.966486718749999918e-02
4.470000000000000000e+02 2.864586874999998714e-02
4.480000000000000000e+02 2.761297187499999264e-02
4.490000000000000000e+02 2.657546015624999772e-02
4.500000000000000000e+02 2.554251562499998754e-02
4.510000000000000000e+02 2.452293359375000426e-02
4.520000000000000000e+02 2.352497265625001777e-02
4.530000000000000000e+02 2.255633124999999531e-02
4.540000000000000000e+02 2.162397343749999229e-02
4.550000000000000000e+02 2.073400703124998051e-02
4.560000000000000000e+02 1.989159687500001439e-02
4.570000000000000000e+02 1.910086562500001167e-02
4.580000000000000000e+02 1.836503515625001123e-02
4.590000000000000000e+02 1.768594687500001095e-02
4.600000000000000000e+02 1.706437968750000242e-02
4.610000000000000000e+02 1.649993125000000227e-02
4.620000000000000000e+02 1.599104921874999752e-02
4.630000000000000000e+02 1.553502031249999991e-02
4.640000000000000000e+02 1.512818281250000174e-02
4.650000000000000000e+02 1.476567109375000013e-02
4.660000000000000000e+02 1.444241406250000234e-02
4.670000000000000000e+02 1.415234296875000908e-02
4.680000000000000000e+02 1.388914062499999567e-02
4.690000000000000000e+02 1.364641484374999082e-02
4.700000000000000000e+02 1.341789453125000024e-02
4.710000000000000000e+02 1.319771718750000281e-02
4.720000000000000000e+02 1.298044062500000248e-02
4.730000000000000000e+02 1.276150703125000091e-02
4.740000000000000000e+02 1.253723671874999376e-02
4.750000000000000000e+02 1.230493281250000411e-02
4.760000000000000000e+02 1.206296093750000055e-02
4.770000000000000000e+02 1.181083281250000679e-02
4.780000000000000000e+02 1.154922656250000589e-02
4.790000000000000000e+02 1.127965312499999706e-02
4.800000000000000000e+02 1.100471484374999746e-02
4.810000000000000000e+02 1.072754765625000273e-02
4.820000000000000000e+02 1.045202265625000404e-02
4.830000000000000000e+02 1.018212031250000441e-02
4.840000000000000000e+02 9.921972656249999911e-03
4.850000000000000000e+02 9.675451406250000497e-03
4.860000000000000000e+02 9.445922187499998859e-03
4.870000000000000000e+02 9.236091640624997587e-03
4.880000000000000000e+02 9.047487390624997516e-03
4.890000000000000000e+02 8.880791093749998075e-03
4.900000000000000000e+02 8.735214218750000578e-03
4.910000000000000000e+02 8.608957656250002671e-03
4.920000000000000000e+02 8.499265078124998429e-03
4.930000000000000000e+02 8.402499843750001196e-03
4.940000000000000000e+02 8.314994765624998327e-03
4.950000000000000000e+02 8.233155703125003347e-03
4.960000000000000000e+02 8.154244843750000152e-03
4.970000000000000000e+02 8.076593437499998002e-03
4.980000000000000000e+02 8.000010156249999158e-03
4.990000000000000000e+02 7.925453906249999361e-03
5.000000000000000000e+02 7.854721875000003281e-03
5.010000000000000000e+02 7.788818750000002511e-03
5.020000000000000000e+02 7.726643750000000525e-03
5.030000000000000000e+02 7.662299218750001639e-03
5.040000000000000000e+02 7.583192968750003711e-03
5.050000000000000000e+02 7.468289843749999039e-03
5.060000000000000000e+02 7.289447656249998901e-03
5.070000000000000000e+02 7.018280390625001100e-03
5.080000000000000000e+02 6.643787578124998351e-03
5.090000000000000000e+02 6.209524921874998334e-03
5.100000000000000000e+02 5.884372578124999822e-03
5.110000000000000000e+02 6.088938710937501914e-03
